1.402654
0.078259
0.061509
0.061352
0.059585
0.050798
0.051249
0.051018
0.050883
0.050910
0.051441
0.052011
0.051450
0.051558
0.051667
0.052397
0.051944
0.052268
0.053527
0.052894
0.053477
0.039570
0.039797
0.040017
0.040042
0.040193
0.039510
0.040031
0.039364
0.039671
0.054532
0.038998
0.039675
0.039116
0.039630
0.039266
0.039290
0.040406
0.039022
0.039246
0.057709
0.039359
0.039898
0.038873
0.039566
0.039351
0.039838
0.039154
0.039699
0.039027
0.056969
0.039140
0.039573
0.038869
0.037970
0.036151
0.036719
0.036090
0.037576
0.036371
0.055092
0.036054
0.037607
0.036089
0.037949
0.036859
0.038163
0.038023
0.037251
0.038298
0.062195
0.039336
0.038614
0.037520
0.037472
0.037285
0.039536
0.039684
0.038669
0.039251
0.063866
0.038531
0.040068
0.038979
0.038384
0.038263
0.039382
0.038429
0.040318
0.038576
0.064410
0.039445
0.040205
0.038795
0.038194
0.038218
0.039074
0.038414
0.039545
0.040750
0.038556
0.036991
0.036426
0.037118
0.036609
0.037969
0.036433
0.038089
0.036489
0.036407
0.035783
0.036001
0.035309
0.036194
0.035404
0.036130
0.049120
0.035710
0.036134
0.034925
0.036119
0.035087
0.036340
0.035097
0.036587
0.034978
0.036606
0.035448
0.036947
0.037348
0.038798
0.039528
0.038246
0.038765
0.038521
0.038295
0.038273
0.039630
0.040034
0.039237
0.036155
0.034907
0.036326
0.034864
0.048179
0.035449
0.031806
0.036338
0.036412
0.035394
0.036082
0.035265
0.036179
0.036583
0.035146
0.035542
0.034759
0.035248
0.035122
0.035645
0.034922
0.035529
0.034854
0.035526
0.035076
0.035656
0.034985
0.037802
0.037592
0.037679
0.037158
0.037705
0.037522
0.037263
0.037228
0.037802
0.037056
0.038154
0.036924
0.037028
0.037489
0.037360
0.036991
0.038256
0.037835
0.036960
0.037936
0.036777
0.034817
0.037846
0.037828
0.037697
0.040169
0.041278
0.035735
0.040323
0.052296
0.047695
0.016634
0.030694
0.034344
0.017501
0.016920
0.017029
0.017468
0.017124
0.017318
0.017341
0.017697
0.017749
0.018130
0.018426
0.015982
0.016145
0.016050
0.016227
0.016131
0.016197
0.016077
0.016097
0.015814
0.015941
0.015833
0.015934
0.015818
0.015913
0.015822
0.015819
0.015789
0.015787
0.015826
0.016153
0.015851
0.015811
0.019572
0.016224
0.016512
0.016346
0.016279
0.016067
0.016075
0.016848
0.016193
0.015861
0.015990
0.016011
0.016309
0.015911
0.015870
0.015975
0.015831
0.015830
0.016226
0.015980
0.015798
0.015965
0.016662
0.016264
0.015910
0.016403
0.017564
0.016211
0.017019
0.016119
0.016223
0.016242
0.016447
0.016125
0.015902
0.015821
0.016824
0.016609
0.016024
0.016049
0.015935
0.015834
0.016064
0.015862
0.015980
0.015881
0.016092
0.016291
0.016232
0.015993
0.016631
0.030744
0.039371
0.038265
0.038896
0.041728
0.038642
0.037841
0.037860
0.039411
0.033345
0.030226
0.034342
0.016903
0.016813
0.016959
0.017109
0.018194
0.032355
0.038663
0.038349
0.037730
0.037635
0.039216
0.047921
0.048762
0.079672
0.051987
0.052315
0.050600
0.047910
0.035457
0.035251
0.034545
0.035226
0.034781
0.035374
0.034849
0.037162
0.036894
0.037292
0.037455
0.037818
0.035607
0.036104
0.035845
0.035869
0.034709
0.035535
0.034520
0.035530
0.035358
0.035419
0.034658
0.035549
0.034736
0.035444
0.035418
0.036003
0.035090
0.035824
0.036891
0.047570
0.046280
0.029897
0.034011
0.016665
0.016702
0.016902
0.016910
0.017135
0.017169
0.017717
0.017661
0.017804
0.018461
0.018894
0.016354
0.015906
0.016858
0.016028
0.016171
0.016353
0.016239
0.015936
0.016483
0.015977
0.016387
0.016410
0.016334
0.016089
0.016030
0.016261
0.016183
0.016179
0.015983
0.015987
0.016018
0.016410
0.016035
0.015954
0.016999
0.016659
0.022720
0.021322
0.021742
0.016780
0.016915
0.016109
0.021523
0.015932
0.016382
0.015976
0.016446
0.016011
0.016131
0.015882
0.016121
0.015865
0.015999
0.015848
0.015964
0.015943
0.015987
0.016070
0.015987
0.016168
0.016240
0.016383
0.016062
0.016081
0.016024
0.016112
0.016020
0.016336
0.016433
0.016277
0.016394
0.016430
0.016118
0.015975
0.016013
0.015932
0.016422
0.016378
0.016429
0.016395
0.016338
0.015927
0.016380
0.016041
0.016284
0.016135
0.018765
0.016420
0.016165
0.015938
0.016034
0.016093
0.016591
0.016028
0.016135
0.016157
0.016007
0.016175
0.016160
0.016269
0.016100
0.017603
0.016325
0.016114
0.016020
0.015899
0.015983
0.016047
0.016028
0.021598
0.015962
0.015839
0.015890
0.015898
0.015858
0.015845
0.016037
0.015880
0.016032
0.015902
0.016037
0.015852
0.016042
0.015861
0.016044
0.015883
0.016031
0.015865
0.015919
0.015891
0.015905
0.015844
0.015845
0.015900
0.015903
0.015887
0.015891
0.015909
0.015881
0.015888
0.015902
0.016039
0.015849
0.015982
0.015897
0.015954
0.015920
0.015975
0.015845
0.016009
0.015888
0.015870
0.015886
0.015816
0.015906
0.015885
0.015914
0.015873
0.015910
0.015923
0.015892
0.015864
0.016088
0.015915
0.016172
0.015892
0.016054
0.015894
0.016095
0.015924
0.015877
0.015901
0.015867
0.015921
0.016034
0.015842
0.015887
0.016033
0.015898
0.016091
0.015894
0.015870
0.015969
0.015869
0.015844
0.015970
0.016011
0.015869
0.016117
0.015970
0.016015
0.015988
0.015934
0.015911
0.016024
0.015859
0.030788
0.040030
0.043654
0.050754
0.048764
0.048195
0.048106
0.035823
0.038853
0.036047
0.036412
0.035426
0.037647
0.038270
0.037760
0.036271
0.036331
0.036023
0.036254
0.036132
0.037260
0.036133
0.036238
0.035740
0.035777
0.035716
0.035615
0.035491
0.035627
0.035377
0.035767
0.035119
0.035418
0.035043
0.035717
0.035648
0.035869
0.033095
0.037155
0.035457
0.035985
0.035592
0.037348
0.035578
0.037149
0.036068
0.037271
0.035321
0.035817
0.034992
0.035971
0.035251
0.037775
0.035722
0.037753
0.036028
0.036142
0.035672
0.037625
0.035650
0.035563
0.035759
0.036383
0.035587
0.037876
0.035356
0.041705
0.048270
0.038122
0.040573
0.041052
0.038215
0.038680
0.039077
0.039437
0.051969
0.041047
0.046654
0.038241
0.041275
0.038666
0.037909
0.037150
0.032622
0.037310
0.035785
0.036820
0.035873
0.035761
0.035297
0.036128
0.035419
0.035922
0.036095
0.035715
0.035874
0.036724
0.035610
0.036242
0.035198
0.035426
0.035472
0.036076
0.035621
0.035285
0.036186
0.036073
0.037020
0.038942
0.038971
0.039439
0.036907
0.036793
0.035539
0.037333
0.036356
0.037268
0.036022
0.036537
0.036010
0.037187
0.035860
0.038771
0.051585
0.051210
0.037809
0.038865
0.038336
0.037602
0.038543
0.037929
0.037518
0.037273
0.037978
0.037212
0.038772
0.043383
0.037841
0.037707
0.037477
0.037425
0.040048
0.047995
0.038400
0.037549
0.033448
0.016380
0.016418
0.016418
0.016502
0.016537
0.016694
0.016784
0.017115
0.017312
0.017742
0.017715
0.018237
0.018295
0.016008
0.016354
0.015864
0.015775
0.015936
0.015818
0.015908
0.015965
0.015879
0.015966
0.015865
0.015951
0.015837
0.015960
0.015886
0.015946
0.015854
0.015782
0.016321
0.015830
0.016268
0.015824
0.015885
0.015795
0.015831
0.015812
0.016011
0.015798
0.016066
0.015807
0.016028
0.015828
0.016034
0.015802
0.016037
0.015818
0.016045
0.015837
0.015921
0.015795
0.015908
0.015790
0.015874
0.015855
0.016017
0.015783
0.015886
0.015800
0.015868
0.015969
0.015850
0.015956
0.015850
0.015999
0.015851
0.016029
0.015909
0.015810
0.015844
0.015823
0.015847
0.015824
0.015864
0.015813
0.015879
0.015822
0.015873
0.015775
0.015862
0.015811
0.016074
0.015855
0.015988
0.015796
0.016031
0.015895
0.016038
0.015851
0.016024
0.015789
0.015883
0.015768
0.015887
0.015821
0.015872
0.015794
0.015976
0.015817
0.015877
0.015846
0.015856
0.018292
0.018298
0.018353
0.018315
0.018279
0.018308
0.018212
0.018270
0.018198
0.018407
0.018231
0.018467
0.018236
0.018309
0.018219
0.018378
0.018347
0.031366
0.036686
0.040434
0.045101
0.050192
0.052702
0.052027
0.039337
0.050231
0.051893
0.049715
0.051599
0.035722
0.035569
0.036268
0.038781
0.037767
0.038460
0.034779
0.035475
0.034534
0.035801
0.034858
0.035778
0.034444
0.035741
0.064652
0.036292
0.036151
0.035594
0.035999
0.035011
0.036026
0.035949
0.036029
0.035253
0.036033
0.035822
0.035785
0.035270
0.035844
0.035761
0.035929
0.034968
0.035802
0.035835
0.035828
0.035239
0.036156
0.035829
0.035861
0.035023
0.035906
0.035924
0.036193
0.035164
0.035970
0.036074
0.036883
0.035702
0.036016
0.036747
0.036925
0.036748
0.037937
0.036195
0.036088
0.035804
0.036403
0.035791
0.036037
0.035840
0.036240
0.036102
0.036011
0.035459
0.037941
0.037683
0.040266
0.045679
0.038222
0.037298
0.046540
0.033906
0.016536
0.016479
0.016599
0.016661
0.017009
0.016989
0.017473
0.017566
0.017915
0.018009
0.018234
0.015919
0.015848
0.015785
0.015853
0.015945
0.015859
0.015965
0.015947
0.015996
0.015908
0.015982
0.015933
0.016021
0.015912
0.015892
0.015923
0.015868
0.015935
0.015860
0.015907
0.015835
0.015933
0.015851
0.016012
0.015830
0.016075
0.015813
0.016067
0.015820
0.016066
0.015815
0.015898
0.015878
0.015955
0.015805
0.015920
0.015820
0.015907
0.015998
0.015868
0.015977
0.015886
0.016008
0.015988
0.015815
0.015905
0.015856
0.015920
0.015813
0.015891
0.015880
0.016083
0.015785
0.016068
0.015822
0.016048
0.015840
0.016027
0.015854
0.015940
0.015969
0.015918
0.015845
0.015937
0.015801
0.015926
0.015880
0.015965
0.016001
0.015902
0.015990
0.015914
0.015989
0.016071
0.015898
0.015928
0.015860
0.015952
0.015862
0.015925
0.015877
0.015927
0.015964
0.016881
0.030658
0.038429
0.037793
0.038110
0.040797
0.046532
0.038637
0.037993
0.039064
0.038846
0.039336
0.039290
0.039836
0.040013
0.052315
0.036433
0.036574
0.035858
0.037159
0.036412
0.041890
0.039593
0.038719
0.039967
0.050441
0.048907
0.039213
0.038972
0.037977
0.038279
0.039336
0.042966
0.039379
0.038942
0.050345
0.051566
0.039528
0.040117
0.041682
0.040638
0.035807
0.036119
0.035378
0.036581
0.036204
0.035941
0.034977
0.035838
0.035035
0.035879
0.034873
0.035891
0.035190
0.035826
0.035008
0.035717
0.034554
0.035561
0.034796
0.035645
0.034708
0.035710
0.034659
0.035740
0.034972
0.035776
0.035147
0.036002
0.034784
0.035839
0.034959
0.035725
0.034745
0.035683
0.034810
0.035715
0.034985
0.037490
0.037771
0.036949
0.036322
0.037751
0.037465
0.038010
0.037250
0.035752
0.036336
0.040172
0.046593
0.035564
0.034793
0.037611
0.037570
0.038560
0.038385
0.038611
0.038066
0.039669
0.050291
0.050521
0.050420
0.050318
0.051312
0.051324
0.050883
0.049470
0.040676
0.049129
0.048200
0.040179
0.047536
0.049471
0.039151
0.040631
0.039271
0.040110
0.039073
0.041463
0.048161
0.048349
0.048173
0.050172
0.048296
0.037308
0.038609
0.037552
0.038797
0.038260
0.037999
0.035734
0.035889
0.035254
0.035973
0.036033
0.035918
0.035760
0.035707
0.035084
0.035937
0.035450
0.035895
0.035158
0.035578
0.035141
0.035998
0.034910
0.035660
0.034950
0.035531
0.034662
0.035568
0.034958
0.036005
0.035088
0.036511
0.035250
0.035747
0.034866
0.035700
0.035228
0.035846
0.035762
0.036058
0.035619
0.035936
0.035730
0.037781
0.037658
0.037286
0.040021
0.034987
0.037067
0.035293
0.035850
0.035004
0.035507
0.047782
0.033743
0.016546
0.016658
0.016680
0.016858
0.016976
0.017323
0.017354
0.018532
0.018150
0.017969
0.018217
0.015897
0.015743
0.015864
0.015892
0.015815
0.015961
0.015847
0.015922
0.015818
0.015800
0.015847
0.015789
0.015826
0.015754
0.015875
0.015747
0.015819
0.015790
0.015996
0.015752
0.015983
0.015731
0.015952
0.015771
0.015985
0.015781
0.015846
0.015732
0.015833
0.015796
0.015833
0.015747
0.015873
0.015768
0.015824
0.016026
0.015819
0.016051
0.015851
0.015929
0.015911
0.015964
0.015865
0.015743
0.015844
0.015740
0.015813
0.015828
0.015836
0.015749
0.015887
0.015800
0.016011
0.015779
0.015970
0.015781
0.015982
0.015784
0.015861
0.015795
0.015869
0.015769
0.015846
0.015753
0.015860
0.015832
0.015849
0.015924
0.015833
0.015931
0.015879
0.015907
0.015783
0.015887
0.017941
0.015795
0.015886
0.015814
0.015852
0.015764
0.017310
0.016130
0.016865
0.030625
0.036013
0.035709
0.035150
0.037047
0.037483
0.038602
0.039322
0.050480
0.050792
0.049205
0.047189
0.047516
0.046973
0.042785
0.038529
0.037169
0.037505
0.038013
0.038338
0.037496
0.039461
0.042782
0.035571
0.035768
0.035948
0.034967
0.035989
0.035094
0.036005
0.035050
0.035764
0.034709
0.035820
0.034841
0.035843
0.034834
0.035790
0.035422
0.036645
0.035543
0.036448
0.036027
0.037198
0.037101
0.069963
0.039432
0.039134
0.038515
0.038850
0.038496
0.038585
0.038467
0.039444
0.038617
0.068758
0.038105
0.038580
0.037023
0.037942
0.037137
0.041070
0.046713
0.038189
0.037049
0.037612
0.037624
0.037855
0.037127
0.038595
0.037034
0.037973
0.037363
0.038153
0.037207
0.038095
0.037620
0.037837
0.037107
0.038253
0.038662
0.046734
0.047369
0.050883
0.050389
0.050484
0.050087
0.035299
0.036572
0.038082
0.037585
0.037456
0.036547
0.035843
0.036102
0.035077
0.035753
0.035145
0.035963
0.035119
0.035775
0.034741
0.035574
0.034860
0.035774
0.034983
0.035705
0.034829
0.035965
0.035038
0.035855
0.035087
0.035909
0.035161
0.035614
0.035033
0.035619
0.035434
0.036127
0.036109
0.036335
0.035215
0.039050
0.037739
0.038924
0.037921
0.039969
0.037865
0.038841
0.037541
0.040361
0.046931
0.046968
0.049807
0.037541
0.038931
0.048337
0.035000
0.039229
0.044444
0.039493
0.046134
0.035915
0.038024
0.039942
0.047794
0.037604
0.035177
0.034915
0.035978
0.035224
0.036021
0.035886
0.036280
0.036024
0.036431
0.035434
0.036694
0.035355
0.036804
0.035433
0.037435
0.035674
0.036876
0.035662
0.036574
0.035129
0.036610
0.035121
0.036766
0.035253
0.036171
0.035351
0.035722
0.034816
0.036129
0.035302
0.038069
0.037383
0.038490
0.038113
0.039519
0.038660
0.039115
0.038054
0.038914
0.037851
0.038670
0.038413
0.039199
0.037553
0.038892
0.037636
0.038687
0.038099
0.037062
0.036187
0.036898
0.035263
0.036569
0.035732
0.036424
0.035923
0.040817
0.044141
0.039031
0.050556
0.047981
0.036510
0.037782
0.037113
0.037941
0.037139
0.038125
0.037629
0.038007
0.038277
0.038361
0.037722
0.038436
0.037728
0.038186
0.038666
0.050456
0.036371
0.035906
0.034898
0.036628
0.035673
0.036504
0.035777
0.036193
0.035239
0.036025
0.035362
0.036618
0.035157
0.035749
0.035064
0.035595
0.032328
0.015992
0.015886
0.015984
0.015995
0.016205
0.016046
0.016320
0.016128
0.016449
0.016320
0.016590
0.016529
0.016723
0.016789
0.016987
0.017093
0.017276
0.017498
0.017675
0.018040
0.018222
0.018659
0.016005
0.015851
0.015927
0.015842
0.015945
0.015829
0.015881
0.015876
0.015869
0.015794
0.016050
0.015799
0.016032
0.015802
0.016040
0.015809
0.016049
0.015862
0.016059
0.015851
0.015883
0.015797
0.015889
0.015868
0.015897
0.015829
0.015925
0.015785
0.015913
0.015962
0.015893
0.016014
0.015918
0.015973
0.015877
0.016004
0.015864
0.015965
0.015913
0.015842
0.015896
0.015838
0.015925
0.015853
0.015901
0.015846
0.015900
0.015864
0.016064
0.015832
0.016078
0.015843
0.016057
0.015856
0.016045
0.015845
0.016073
0.015814
0.016057
0.015867
0.015910
0.015823
0.015944
0.015834
0.015875
0.015854
0.015906
0.015985
0.015929
0.015993
0.015884
0.015983
0.015878
0.015974
0.015912
0.016035
0.015872
0.015803
0.015903
0.015823
0.015883
0.015856
0.015906
0.015856
0.015904
0.015851
0.015904
0.015790
0.016065
0.015821
0.016051
0.015826
0.016069
0.015878
0.015864
0.015829
0.015930
0.015836
0.015911
0.015870
0.015892
0.015861
0.015926
0.015887
0.015905
0.016067
0.015908
0.016112
0.015904
0.015965
0.016016
0.015841
0.015900
0.015977
0.015915
0.015853
0.016013
0.015863
0.016202
0.015960
0.016072
0.015852
0.016241
0.015888
0.016098
0.015961
0.015930
0.015902
0.016054
0.015898
0.015923
0.015967
0.015935
0.015867
0.016044
0.016043
0.015862
0.016137
0.015922
0.015975
0.016047
0.016028
0.015918
0.015989
0.015936
0.015815
0.016744
0.016687
0.030309
0.035978
0.035617
0.034750
0.035771
0.035403
0.036167
0.035203
0.036126
0.034942
0.036970
0.035090
0.036035
0.035272
0.036176
0.034675
0.035763
0.034790
0.035907
0.035394
0.036250
0.035691
0.036386
0.035095
0.037223
0.035089
0.036765
0.035324
0.037770
0.035201
0.037319
0.035466
0.037406
0.035475
0.037333
0.035312
0.037286
0.035122
0.037154
0.035330
0.037261
0.035361
0.037424
0.035287
0.037364
0.035324
0.037599
0.035465
0.037444
0.035567
0.037354
0.035582
0.036448
0.036255
0.036557
0.035286
0.036448
0.035082
0.036719
0.035138
0.037344
0.035360
0.037426
0.035299
0.037167
0.035296
0.037507
0.035711
0.036768
0.035777
0.036979
0.035516
0.036688
0.035608
0.036561
0.035625
0.036097
0.035682
0.037146
0.035715
0.036426
0.035648
0.037202
0.035939
0.037622
0.035676
0.035964
0.035250
0.036531
0.035145
0.036296
0.035197
0.036748
0.035157
0.040995
0.048366
0.049167
0.038883
0.039225
0.045177
0.035238
0.035918
0.035175
0.036035
0.035047
0.036003
0.034815
0.035538
0.035065
0.035809
0.034875
0.035777
0.034710
0.035526
0.034962
0.035889
0.034962
0.035931
0.034657
0.035468
0.034866
0.035613
0.034864
0.035864
0.034725
0.035674
0.035093
0.035804
0.034945
0.035923
0.034878
0.035564
0.035245
0.035722
0.035037
0.036099
0.034916
0.035481
0.034881
0.035445
0.034701
0.036589
0.037056
0.039857
0.046550
0.036898
0.037579
0.037044
0.037913
0.037291
0.038102
0.037542
0.037859
0.037178
0.037737
0.038453
0.041665
0.039768
0.050826
0.038843
0.047027
0.040295
0.038216
0.038292
0.046209
0.050146
0.037989
0.041720
0.046365
0.050194
0.049408
0.038729
0.041982
0.039974
0.042443
0.039667
0.050183
0.050465
0.040914
0.051274
0.040771
0.050011
0.040793
0.044501
0.072915
0.040479
0.039589
0.039254
0.038086
0.038977
0.035424
0.036737
0.035912
0.036749
0.072101
0.036507
0.037785
0.036047
0.036903
0.035283
0.036916
0.037099
0.037646
0.037455
0.039247
0.051403
0.038606
0.050356
0.035379
0.035806
0.034899
0.035879
0.035123
0.033775
0.016181
0.016101
0.029932
0.034480
0.016864
0.016685
0.016928
0.016887
0.017231
0.017151
0.017438
0.017617
0.017868
0.018294
0.018411
0.016087
0.015841
0.015861
0.015866
0.015906
0.015835
0.015827
0.015903
0.015854
0.015872
0.015827
0.015844
0.015832
0.015907
0.015841
0.016016
0.015864
0.016014
0.015874
0.015947
0.015814
0.016048
0.015836
0.015899
0.015795
0.015915
0.015872
0.015868
0.015852
0.015849
0.015864
0.015895
0.015931
0.015826
0.015987
0.015814
0.015958
0.015916
0.015832
0.015887
0.015871
0.015859
0.015814
0.015849
0.015989
0.015826
0.015805
0.015831
0.015870
0.016064
0.015847
0.016083
0.015864
0.030924
0.035962
0.035947
0.034962
0.035369
0.034536
0.035846
0.034902
0.036832
0.037339
0.038736
0.038485
0.041276
0.037465
0.038393
0.038052
0.041400
0.050247
0.051077
0.035097
0.035908
0.035103
0.036258
0.034842
0.035836
0.034962
0.036236
0.035458
0.036144
0.035203
0.036041
0.035121
0.035808
0.035260
0.035624
0.034622
0.035594
0.034651
0.035547
0.035033
0.035854
0.034968
0.035835
0.034900
0.035867
0.035140
0.036072
0.037176
0.040767
0.051088
0.034320
0.031033
0.034694
0.017091
0.017043
0.017145
0.018412
0.017364
0.017667
0.018149
0.018347
0.018410
0.018634
0.018936
0.016396
0.016539
0.016391
0.016534
0.016393
0.016466
0.016408
0.016359
0.016385
0.016380
0.016552
0.016356
0.016567
0.016393
0.016573
0.016350
0.016406
0.016398
0.016379
0.016355
0.016354
0.016358
0.016343
0.016519
0.016395
0.016527
0.016364
0.016527
0.016350
0.016389
0.016393
0.016369
0.016384
0.016389
0.016598
0.016383
0.016554
0.016350
0.016534
0.016381
0.016407
0.016467
0.016378
0.016359
0.016408
0.016351
0.016413
0.016507
0.016402
0.016465
0.016505
0.016363
0.016376
0.016403
0.016400
0.016362
0.016541
0.016356
0.016538
0.016354
0.016562
0.016354
0.016374
0.016369
0.016365
0.016351
0.016345
0.016357
0.016349
0.016503
0.016394
0.016628
0.016352
0.016521
0.016437
0.016342
0.016398
0.016348
0.016350
0.016341
0.016352
0.016367
0.016517
0.016371
0.016511
0.016407
0.016499
0.016358
0.016361
0.016362
0.016346
0.016335
0.016341
0.016328
0.016331
0.016479
0.016354
0.016536
0.016346
0.016481
0.016377
0.016346
0.016346
0.016338
0.016390
0.016351
0.016454
0.016352
0.016569
0.016390
0.016558
0.016332
0.016447
0.016331
0.016399
0.016381
0.016396
0.016519
0.016387
0.016502
0.016401
0.016517
0.016383
0.016540
0.016391
0.016348
0.016372
0.016374
0.016381
0.016363
0.016756
0.016344
0.016499
0.016345
0.016524
0.016354
0.016415
0.031448
0.039599
0.040670
0.047546
0.037758
0.037353
0.037158
0.037334
0.037992
0.037508
0.037973
0.037290
0.038209
0.038456
0.047290
0.035811
0.039321
0.037107
0.037833
0.036837
0.038133
0.037655
0.038172
0.037633
0.038392
0.037507
0.032588
0.016159
0.015962
0.016922
0.030017
0.037995
0.040417
0.040792
0.016132
0.030185
0.036680
0.035831
0.033254
0.016420
0.016143
0.017206
0.030340
0.035837
0.036452
0.036386
0.036566
0.036432
0.036244
0.035631
0.036035
0.035278
0.036046
0.035753
0.036363
0.034975
0.035885
0.034975
0.035924
0.035281
0.035825
0.034662
0.035642
0.034852
0.035886
0.035123
0.035877
0.034854
0.035800
0.034865
0.035768
0.035063
0.035976
0.034752
0.035678
0.034837
0.035740
0.035069
0.035923
0.035126
0.035952
0.034874
0.035732
0.035112
0.035693
0.035069
0.035986
0.035198
0.036191
0.035399
0.036084
0.035911
0.035899
0.036435
0.036772
0.036704
0.036108
0.035297
0.036211
0.035433
0.036240
0.035515
0.036107
0.035946
0.036074
0.034959
0.035936
0.034983
0.036012
0.035084
0.036011
0.034815
0.035866
0.035002
0.035995
0.035595
0.036091
0.036073
0.036098
0.036867
0.039613
0.038570
0.040953
0.042597
0.039839
0.046506
0.039089
0.049800
0.038677
0.049519
0.048667
0.036418
0.035235
0.037586
0.035310
0.037140
0.035827
0.036946
0.035372
0.036134
0.034986
0.036543
0.035470
0.036235
0.034859
0.035711
0.034886
0.036127
0.035016
0.036431
0.035148
0.035791
0.035935
0.036713
0.035436
0.036440
0.035204
0.035705
0.035620
0.036139
0.036493
0.039069
0.035255
0.038401
0.035236
0.036441
0.035231
0.035935
0.034914
0.035660
0.034646
0.035527
0.034522
0.035788
0.034965
0.035562
0.034925
0.035706
0.034740
0.036239
0.034883
0.035560
0.034753
0.035827
0.034645
0.039530
0.039197
0.040021
0.035397
0.038324
0.038376
0.073642
0.036827
0.041113
0.040461
0.051128
0.048318
0.051742
0.040158
0.043065
0.051019
0.077043
0.041003
0.052270
0.038913
0.039053
0.039232
0.042644
0.051547
0.040706
0.040447
0.079289
0.036459
0.040866
0.046909
0.035802
0.036601
0.035420
0.036292
0.035473
0.035933
0.075530
0.042290
0.051311
0.051298
0.051245
0.039166
0.039809
0.047740
0.036148
0.041184
0.080298
0.041833
0.044724
0.041569
0.049842
0.041296
0.048204
0.048434
0.046380
0.038498
0.080422
0.039524
0.038585
0.038736
0.038384
0.039129
0.041799
0.046304
0.039197
0.050567
0.084383
0.038736
0.042108
0.048612
0.050133
0.038755
0.039740
0.039725
0.041675
0.039003
0.081152
0.039470
0.042426
0.039213
0.038607
0.037818
0.037371
0.036993
0.037361
0.037397
0.037589
0.036915
0.037127
0.062280
0.038143
0.038913
0.063036
0.062675
0.064800
0.061550
0.078566
0.060529
0.060026
0.038284
0.038509
0.038870
0.050687
0.050614
0.051594
0.035709
0.072826
0.036890
0.036553
0.035487
0.035669
0.035102
0.035019
0.034978
0.036323
0.036868
0.038145
0.039626
0.048495
0.038376
0.047581
0.036705
0.038078
0.039279
0.050153
0.050407
0.088144
0.038965
0.039769
0.038782
0.038485
0.037986
0.039523
0.049663
0.048698
0.049892
0.079361
0.047361
0.050431
0.049887
0.047933
0.035843
0.038003
0.038079
0.038911
0.061409
0.062475
0.071746
0.071884
0.062178
0.063304
0.071073
0.036123
0.041205
0.043413
0.038141
0.081245
0.051909
0.049302
0.048730
0.041059
0.050484
0.048762
0.054188
0.041137
0.051237
0.077880
0.036787
0.041177
0.039443
0.038466
0.038288
0.061521
0.069818
0.060362
0.037123
0.037861
0.039636
0.040021
0.034920
0.036130
0.034691
0.034775
0.036750
0.037251
0.037652
0.039199
0.048492
0.043360
0.038123
0.038401
0.037980
0.038902
0.037884
0.038156
0.038093
0.077639
0.051020
0.041892
0.039550
0.051282
0.050915
0.048489
0.048656
0.035758
0.035726
0.075372
0.035702
0.038524
0.038307
0.035922
0.035588
0.036078
0.035722
0.035580
0.036929
0.074789
0.037976
0.039336
0.038444
0.038178
0.037719
0.037655
0.038332
0.037741
0.037805
0.075966
0.038895
0.037103
0.037030
0.037341
0.039110
0.037921
0.037334
0.037395
0.037130
0.038179
0.047979
0.038395
0.034896
0.034799
0.036233
0.036913
0.036036
0.036896
0.035601
0.073133
0.036060
0.035772
0.036228
0.035523
0.035931
0.035240
0.038323
0.036888
0.035313
0.035299
0.038746
0.048667
0.049600
0.037823
0.038677
0.037920
0.040056
0.048170
0.037327
0.037176
0.037148
0.037239
0.040213
0.039589
0.045035
0.038583
0.037095
0.035233
0.034925
0.042077
0.046994
0.037698
0.035122
0.038903
0.038601
0.038673
0.039095
0.037747
0.038223
0.037755
0.039754
0.048696
0.035466
0.035854
0.036041
0.036916
0.048918
0.041556
0.051680
0.048991
0.049343
0.049220
0.049838
0.052077
0.041188
0.042716
0.040701
0.040053
0.039534
0.043950
0.054260
0.046480
0.040374
0.041217
0.042436
0.055356
0.038355
0.041349
0.041415
0.040867
0.042206
0.055572
0.054822
0.054415
0.042298
0.049224
0.040629
0.039961
0.041389
0.040876
0.040500
0.041992
0.043528
0.048970
0.040761
0.040154
0.041595
0.054240
0.040758
0.041086
0.041228
0.043251
0.056696
0.041083
0.040016
0.038753
0.038399
0.037642
0.037971
0.037432
0.037698
0.037517
0.037619
0.037434
0.038972
0.037491
0.037289
0.037313
0.034970
0.017938
0.017264
0.017507
0.018478
0.018080
0.018230
0.019505
0.031422
0.035821
0.037430
0.035993
0.037639
0.036217
0.037305
0.036139
0.037950
0.036361
0.038261
0.037680
0.042717
0.046593
0.040565
0.040641
0.055855
0.041826
0.054767
0.041614
0.047320
0.056950
0.050992
0.051337
0.038615
0.043194
0.054955
0.018780
0.018928
0.019175
0.019547
0.017176
0.016900
0.017280
0.017025
0.017083
0.016989
0.016989
0.016528
0.015868
0.015909
0.015922
0.015864
0.015879
0.016937
0.015881
0.015941
0.015902
0.016297
0.015915
0.016080
0.015873
0.016076
0.015994
0.016271
0.016114
0.016031
0.015861
0.015909
0.015788
0.015902
0.015817
0.015901
0.015759
0.015855
0.015771
0.016020
0.015899
