0.628935
0.062819
0.061994
0.063703
0.063463
0.053635
0.062882
0.060477
0.061098
0.060540
0.061113
0.059742
0.060478
0.063377
0.062901
0.050120
0.054827
0.050047
0.051234
0.050633
0.050931
0.041405
0.041580
0.037988
0.043795
0.037638
0.053856
0.054452
0.042034
0.053795
0.054490
0.040405
0.052062
0.039986
0.037567
0.037316
0.041219
0.037273
0.043303
0.042202
0.057603
0.053740
0.042279
0.043774
0.054712
0.055116
0.054668
0.053609
0.042912
0.041201
0.062050
0.040509
0.048106
0.052013
0.054928
0.041278
0.052769
0.051576
0.039790
0.052570
0.058802
0.039896
0.051763
0.051490
0.051235
0.048247
0.045664
0.039961
0.037614
0.038503
0.064500
0.053332
0.045998
0.041673
0.052505
0.049486
0.041035
0.052563
0.040627
0.043173
0.063568
0.037107
0.041024
0.051540
0.054147
0.041270
0.040176
0.039454
0.040623
0.039598
0.075452
0.040844
0.039941
0.040387
0.040042
0.039971
0.040633
0.042605
0.047044
0.041335
0.067320
0.041858
0.041649
0.051029
0.039300
0.052376
0.053180
0.037433
0.040320
0.054087
0.079709
0.053380
0.056197
0.041302
0.039329
0.039866
0.040649
0.039265
0.039098
0.041947
0.069554
0.040488
0.040587
0.042300
0.053286
0.054578
0.052836
0.037709
0.037855
0.037568
0.037055
0.037588
0.037628
0.036420
0.037087
0.037385
0.037202
0.037366
0.037662
0.036599
0.037449
0.038155
0.037519
0.037654
0.037119
0.037474
0.037510
0.038205
0.037155
0.037556
0.037505
0.037790
0.039590
0.040365
0.041566
0.053578
0.040879
0.041091
0.039832
0.039556
0.039490
0.036934
0.038286
0.036585
0.038861
0.046402
0.052173
0.050511
0.050874
0.050594
0.050715
0.050664
0.050526
0.051087
0.051151
0.050946
0.037365
0.038924
0.042762
0.037817
0.067447
0.037266
0.038018
0.037218
0.038116
0.037520
0.037976
0.037335
0.037651
0.036411
0.042786
0.039212
0.039771
0.039016
0.039225
0.038917
0.039758
0.038746
0.040753
0.040112
0.073527
0.037286
0.051993
0.037259
0.037777
0.036594
0.041359
0.048184
0.050250
0.050023
0.074916
0.041503
0.051892
0.050196
0.050131
0.051854
0.053274
0.054524
0.052893
0.051880
0.086630
0.051829
0.053085
0.054337
0.053474
0.052057
0.052026
0.040689
0.051672
0.052711
0.088361
0.036901
0.050942
0.049356
0.049394
0.053544
0.049729
0.050295
0.052745
0.052788
0.089658
0.046642
0.050484
0.052588
0.049702
0.048203
0.050507
0.050303
0.051582
0.051557
0.087698
0.052752
0.051905
0.053234
0.053043
0.051428
0.053041
0.052941
0.053209
0.052180
0.092342
0.044780
0.042624
0.052864
0.040066
0.052231
0.059682
0.058502
0.058870
0.058336
0.058534
0.058379
0.058198
0.056941
0.056247
0.052480
0.053376
0.055889
0.056334
0.051088
0.053960
0.054569
0.054356
0.054493
0.050586
0.053170
0.055034
0.041483
0.054636
0.052052
0.042485
0.053299
0.052732
0.053108
0.056927
0.045147
0.053030
0.055646
0.055530
0.053133
0.052890
0.053439
0.042476
0.057278
0.053296
0.054808
0.053058
0.051334
0.052793
0.041206
0.055916
0.054536
0.042819
0.039390
0.054016
0.042403
0.053907
0.056912
0.056827
0.056064
0.056830
0.056619
0.056224
0.056387
0.054705
0.055601
0.056784
0.057798
0.054633
0.054910
0.053807
0.052478
0.057327
0.055797
0.057208
0.057877
0.058477
0.058075
0.051915
0.042181
0.052205
0.048786
0.049751
0.051640
0.049798
0.038951
0.049611
0.052238
0.051226
0.049848
0.049833
0.049760
0.058637
0.057097
0.055209
0.050345
0.049826
0.048944
0.049323
0.054506
0.056119
0.050102
0.050769
0.051244
0.038146
0.045865
0.053863
0.042507
0.041299
0.044598
0.043084
0.043667
0.038692
0.044043
0.038856
0.044781
0.039979
0.041504
0.040235
0.040622
0.042225
0.039848
0.039788
0.040344
0.036193
0.040888
0.038876
0.048066
0.044858
0.055850
0.039419
0.043560
0.045371
0.041692
0.040075
0.040589
0.045149
0.046488
0.041301
0.040348
0.048452
0.049639
0.042447
0.057045
0.057786
0.044058
0.041012
0.040205
0.040138
0.050207
0.040713
0.040205
0.041481
0.039943
0.043239
0.042953
0.042966
0.043746
0.043412
0.055682
0.043005
0.043035
0.042930
0.041983
0.052976
0.041388
0.040880
0.040843
0.041750
0.041874
0.042617
0.038805
0.042623
0.041994
0.038806
0.043569
0.043728
0.040790
0.040768
0.050976
0.043525
0.044317
0.044792
0.057204
0.045000
0.056107
0.044218
0.043247
0.041503
0.054782
0.051975
0.046364
0.047444
0.060234
0.040095
0.039439
0.040300
0.039164
0.040094
0.040496
0.039963
0.043459
0.050246
0.056720
0.051693
0.040363
0.043614
0.042025
0.042797
0.044443
0.044059
0.044248
0.051990
0.056337
0.060840
0.052817
0.042459
0.042547
0.057346
0.057956
0.055970
0.039403
0.043149
0.053265
0.040278
0.038823
0.037929
0.040694
0.038627
0.039474
0.039447
0.042559
0.050470
0.043656
0.043295
0.056250
0.053606
0.053031
0.052336
0.049358
0.038849
0.042752
0.052453
0.038555
0.051598
0.038485
0.053266
0.038522
0.040535
0.040723
0.043785
0.041054
0.041050
0.042528
0.040728
0.040999
0.041268
0.040845
0.041825
0.039236
0.043059
0.042943
0.054765
0.044034
0.052155
0.055309
0.052692
0.059562
0.041297
0.050584
0.046434
0.042184
0.043267
0.039444
0.041276
0.044476
0.043299
0.052085
0.039117
0.053863
0.041092
0.041412
0.041272
0.039084
0.037897
0.037270
0.037294
0.036991
0.038103
0.037293
0.040920
0.039418
0.042978
0.041931
0.040135
0.041333
0.038562
0.040689
0.037412
0.042254
0.037364
0.038311
0.037194
0.039433
0.038608
0.041448
0.055685
0.057800
0.056317
0.046102
0.049088
0.054188
0.048087
0.041381
0.055474
0.040519
0.039191
0.043820
0.047984
0.038629
0.037993
0.037858
0.041280
0.050976
0.050976
0.050781
0.041391
0.050715
0.050627
0.050996
0.050904
0.051428
0.050987
0.053207
0.053602
0.039210
0.051079
0.053469
0.045302
0.055191
0.053786
0.053774
0.055208
0.053834
0.055531
0.055020
0.054628
0.057472
0.056148
0.057967
0.040622
0.049117
0.057628
0.057030
0.054276
0.057815
0.054149
0.054302
0.053559
0.057786
0.052818
0.077776
0.048269
0.023822
0.043359
0.040050
0.059237
0.056646
0.056594
0.057433
0.049724
0.052973
0.053073
0.053242
0.050495
0.049083
0.050506
0.049865
0.049696
0.049957
0.049842
0.050233
0.049828
0.050298
0.049617
0.040591
0.052872
0.040106
0.056521
0.055446
0.057720
0.057045
0.059212
0.055458
0.080861
0.037776
0.017328
0.017605
0.017576
0.022988
0.023603
0.022132
0.018288
0.025136
0.022400
0.024476
0.042383
0.035797
0.017792
0.023632
0.024479
0.022975
0.016875
0.016959
0.017836
0.017762
0.017182
0.017456
0.018031
0.017767
0.031136
0.048973
0.023620
0.024741
0.025271
0.043467
0.051474
0.056937
0.055990
0.057935
0.058359
0.055979
0.058477
0.040750
0.052005
0.054030
0.051699
0.050656
0.050357
0.050424
0.050272
0.053156
0.051810
0.052132
0.039834
0.043153
0.052678
0.050809
0.051816
0.052138
0.098824
0.044831
0.050397
0.044166
0.041916
0.041374
0.041253
0.041686
0.041555
0.042413
0.041115
0.041279
0.041783
0.038498
0.033775
0.039043
0.039227
0.039106
0.049937
0.039099
0.049278
0.048311
0.039085
0.047692
0.036631
0.039648
0.039523
0.041976
0.039065
0.039171
0.039072
0.039364
0.034792
0.017771
0.017509
0.031477
0.038650
0.036421
0.040311
0.045662
0.042684
0.040320
0.042894
0.043547
0.043364
0.043365
0.042823
0.039962
0.041734
0.041944
0.041756
0.042095
0.041470
0.043654
0.042380
0.043034
0.042633
0.038663
0.044423
0.042070
0.049108
0.055549
0.045242
0.042048
0.042902
0.043469
0.040427
0.041807
0.040724
0.042816
0.042541
0.043784
0.043797
0.043393
0.043564
0.039229
0.056242
0.043732
0.042826
0.043678
0.043560
0.039256
0.043927
0.043448
0.046952
0.044518
0.041654
0.040097
0.039618
0.038560
0.038940
0.038617
0.039470
0.039184
0.039326
0.040338
0.052758
0.042452
0.045607
0.041821
0.039851
0.040569
0.041980
0.041267
0.040986
0.042108
0.042310
0.042869
0.042565
0.042266
0.042016
0.052876
0.040934
0.040630
0.040823
0.040969
0.040716
0.052896
0.041991
0.041239
0.041758
0.040736
0.041904
0.044956
0.041773
0.041677
0.037300
0.019099
0.037564
0.045101
0.053994
0.037064
0.051214
0.042652
0.056205
0.059360
0.046942
0.040277
0.036906
0.039172
0.039590
0.048732
0.051625
0.039449
0.039658
0.039213
0.039715
0.039974
0.041673
0.042790
0.048760
0.043028
0.049174
0.053913
0.041097
0.050952
0.038893
0.040282
0.038997
0.036347
0.039847
0.040636
0.045308
0.043936
0.040779
0.039585
0.040293
0.037942
0.036806
0.039756
0.040042
0.051732
0.052530
0.049347
0.044019
0.052691
0.054852
0.038492
0.036330
0.035993
0.040154
0.038695
0.038187
0.052255
0.039862
0.044873
0.051844
0.049989
0.051698
0.038373
0.038488
0.038318
0.038941
0.042919
0.039340
0.039490
0.039141
0.050273
0.040974
0.038720
0.038971
0.038875
0.039644
0.038899
0.039001
0.039673
0.041240
0.040717
0.049897
0.036349
0.037322
0.036399
0.038083
0.036276
0.037563
0.036406
0.036702
0.036211
0.037713
0.038542
0.037913
0.037588
0.040233
0.040594
0.046182
0.048679
0.049157
0.054751
0.040760
0.041204
0.038533
0.038370
0.039206
0.038290
0.037793
0.038075
0.037792
0.038635
0.038105
0.038935
0.037974
0.040267
0.039457
0.039742
0.039153
0.040376
0.039193
0.040136
0.039400
0.041949
0.041766
0.041730
0.039997
0.044334
0.041645
0.040797
0.041002
0.040481
0.042111
0.040445
0.041030
0.036045
0.037251
0.035670
0.041193
0.040883
0.037694
0.037504
0.035956
0.042424
0.082563
0.038713
0.046089
0.052419
0.045857
0.040982
0.041027
0.051714
0.049763
0.040442
0.099470
0.047384
0.060281
0.059635
0.041286
0.041492
0.044960
0.044824
0.046131
0.045841
0.076972
0.036819
0.037220
0.036618
0.037507
0.037421
0.038429
0.038294
0.037461
0.037676
0.078469
0.037364
0.037173
0.036891
0.037133
0.041839
0.047991
0.053142
0.049391
0.040842
0.097424
0.039862
0.044272
0.041717
0.043734
0.053329
0.040911
0.048618
0.052585
0.037545
0.076951
0.037508
0.041909
0.041351
0.040963
0.042228
0.041724
0.040966
0.041114
0.040726
0.041241
0.037196
0.032789
0.034540
0.031892
0.038711
0.054110
0.053201
0.055516
0.043038
0.084370
0.043263
0.044742
0.042776
0.041662
0.044361
0.047050
0.054177
0.045888
0.059386
0.081920
0.036373
0.036796
0.036854
0.037259
0.037074
0.037341
0.037494
0.037411
0.037051
0.075097
0.036544
0.037277
0.037042
0.037213
0.036804
0.038279
0.037050
0.037051
0.036645
0.076475
0.036936
0.036969
0.036903
0.038730
0.037962
0.037027
0.037253
0.038028
0.051527
0.084662
0.053930
0.041485
0.036824
0.041276
0.041001
0.042215
0.058754
0.041213
0.044231
0.096922
0.043653
0.045160
0.043441
0.042608
0.055509
0.056458
0.044317
0.054597
0.043878
0.086991
0.043597
0.041942
0.052938
0.052693
0.051313
0.051661
0.053752
0.040302
0.040570
0.045303
0.041921
0.042106
0.037936
0.039983
0.040591
0.036019
0.036884
0.039108
0.050689
0.053487
0.051380
0.040465
0.040778
0.040359
0.054981
0.053898
0.053247
0.039654
0.039767
0.039588
0.039949
0.039634
0.039636
0.041123
0.053316
0.053219
0.041903
0.043842
0.053696
0.093495
0.044960
0.044152
0.044641
0.042181
0.042508
0.042578
0.044091
0.042956
0.043136
0.075878
0.042306
0.040452
0.040174
0.038423
0.038006
0.040891
0.040822
0.041024
0.039376
0.039399
0.038117
0.036195
0.035856
0.036001
0.039656
0.044584
0.040359
0.039444
0.042077
0.082169
0.043640
0.043550
0.058469
0.043464
0.044358
0.041892
0.046368
0.044973
0.040756
0.086233
0.048596
0.042307
0.041842
0.036954
0.037630
0.041184
0.040689
0.041298
0.037014
0.076415
0.041793
0.036374
0.038967
0.039048
0.038649
0.037764
0.042221
0.037141
0.037196
0.079672
0.039178
0.049731
0.039925
0.041611
0.037235
0.042015
0.042067
0.039294
0.039990
0.080285
0.040501
0.040808
0.044466
0.043181
0.043994
0.046190
0.051894
0.041513
0.041341
0.075588
0.037486
0.041387
0.052911
0.052984
0.041844
0.036287
0.037715
0.037662
0.038542
0.079124
0.038413
0.040602
0.040519
0.039922
0.040208
0.041475
0.040396
0.040745
0.040590
0.040495
0.043851
0.054119
0.053460
0.039319
0.038222
0.053586
0.040792
0.039949
0.050833
0.089600
0.044631
0.043677
0.051594
0.038973
0.047277
0.041127
0.046434
0.049887
0.046309
0.045816
0.046446
0.055551
0.053971
0.049353
0.052152
0.051343
0.042830
0.049995
0.048022
0.042462
0.039231
0.042134
0.060240
0.044107
0.039217
0.037209
0.034035
0.042227
0.050365
0.075279
0.042078
0.043784
0.048558
0.044296
0.044109
0.040064
0.049398
0.050973
0.050279
0.049711
0.048672
0.049812
0.050466
0.050951
0.055484
0.056025
0.057860
0.059247
0.052543
0.053567
0.052537
0.052316
0.048113
0.047686
0.052867
0.053175
0.052923
0.053492
0.053060
0.040161
0.052364
0.052018
0.059149
0.059077
0.058251
0.042895
0.042723
0.055657
0.052013
0.057506
0.057971
0.046158
0.057928
0.053520
0.053131
0.057704
0.043745
0.059387
0.055168
0.055972
0.049444
0.044290
0.042807
0.054284
0.047078
0.055040
0.056087
0.056986
0.045587
0.040785
0.038986
0.050333
0.041780
0.040105
0.040065
0.057728
0.051368
0.055645
0.049877
0.055666
0.055996
0.058751
0.044944
0.061784
0.059742
0.052126
0.054007
0.041054
0.051077
0.040917
0.055280
0.050083
0.039122
0.039335
0.050427
0.036399
0.052546
0.040377
0.049886
0.052665
0.048829
0.049929
0.053205
0.045376
0.053270
0.043476
0.052267
0.050021
0.041097
0.049883
0.050754
0.050505
0.049494
0.052847
0.049970
0.044322
0.049620
0.049566
0.049522
0.053133
0.051306
0.042866
0.053771
0.042354
0.042152
0.039317
0.039825
0.052061
0.052635
0.039399
0.052726
0.052892
0.053132
0.053632
0.055018
0.055838
0.054239
0.044335
0.045931
0.092269
0.055072
0.054398
0.054870
0.054906
0.044466
0.052500
0.054798
0.054352
0.051745
0.049811
0.042255
0.050439
0.050791
0.050864
0.052657
0.052016
0.053560
0.051346
0.053309
0.098117
0.053800
0.053914
0.037502
0.038297
0.037058
0.037523
0.037379
0.053708
0.053843
0.103270
0.052626
0.049665
0.049419
0.047796
0.052099
0.053604
0.055365
0.052673
0.046597
0.096235
0.051705
0.041740
0.054090
0.053545
0.043711
0.050273
0.051977
0.053244
0.042532
0.042530
0.043364
0.044638
0.052898
0.055124
0.043601
0.043443
0.043477
0.054304
0.055639
0.082448
0.041710
0.037551
0.052565
0.040279
0.036991
0.037266
0.042051
0.051734
0.052004
0.081819
0.044352
0.040592
0.040051
0.041095
0.041371
0.040828
0.042369
0.043350
0.041536
0.080661
0.053670
0.040470
0.039476
0.041436
0.040635
0.042358
0.050588
0.053185
0.055129
0.052569
0.039064
0.036916
0.036695
0.045198
0.047048
0.042194
0.041443
0.041707
0.042057
0.052281
0.051985
0.054822
0.038832
0.038003
0.039212
0.039379
0.040357
0.054918
0.046058
0.086138
0.052593
0.050161
0.047665
0.040798
0.043324
0.051093
0.053545
0.052056
0.042129
0.041415
0.042146
0.041842
0.041713
0.049379
0.053317
0.048363
0.040195
0.040580
0.039209
0.040346
0.040073
0.036700
0.037293
0.037555
0.037204
0.052155
0.052980
0.052346
0.037453
0.050260
0.041950
0.040919
0.038606
0.040369
0.049245
0.038563
0.039084
0.039500
0.047655
0.051400
0.041608
0.039659
0.041761
0.048534
0.048318
0.053242
0.050429
0.054358
0.052982
0.044010
0.043624
0.043758
0.043143
0.044459
0.045771
0.049260
0.052885
0.050563
0.067144
0.052632
0.051237
0.041645
0.041775
0.050953
0.052831
0.042664
0.041888
0.052415
0.044757
0.050289
0.052006
0.041121
0.039977
0.051176
0.041799
0.041325
0.041759
0.043842
0.054077
0.050903
0.039998
0.036731
0.036679
0.037358
0.036904
0.038936
0.040611
0.040452
0.052188
0.037821
0.041470
0.053678
0.051347
0.051873
0.051697
0.040264
0.040703
0.039450
0.051312
0.051930
0.048462
0.051080
0.052873
0.048665
0.050487
0.051675
0.041238
0.042786
0.052014
0.039221
0.043250
0.042766
0.042542
0.041152
0.041451
0.040599
0.039492
0.041049
0.039114
0.040038
0.039712
0.040168
0.040909
0.052207
0.052691
0.040417
0.042625
0.049620
0.039124
0.052004
0.052262
0.052547
0.052353
0.037766
0.053133
0.053035
0.039923
0.040643
0.037402
0.040539
0.036739
0.037711
0.036862
0.038731
0.039670
0.048841
0.038854
0.038648
0.043992
0.082922
0.041501
0.051806
0.053692
0.041770
0.037375
0.037122
0.041515
0.057822
0.045841
0.097614
0.040101
0.040082
0.039587
0.040133
0.040035
0.041451
0.041510
0.041055
0.040720
0.086376
0.049506
0.046970
0.043306
0.040815
0.042226
0.037210
0.052341
0.041305
0.051038
0.085279
0.037079
0.040140
0.041769
0.043913
0.046856
0.050035
0.053113
0.052882
0.047455
0.101558
0.053103
0.051560
0.049577
0.053023
0.052263
0.049659
0.043736
0.041827
0.046611
0.088202
0.048206
0.058825
0.043170
0.059338
0.050389
0.058102
0.057404
0.039953
0.039524
0.083155
0.054149
0.042964
0.054019
0.050702
0.053621
0.040816
0.053601
0.041864
0.053857
0.086651
0.047071
0.046076
0.056499
0.045153
0.044047
0.055273
0.045475
0.045817
0.045737
0.088579
0.044643
0.061226
0.053301
0.053675
0.052722
0.052616
0.046355
0.056154
0.059760
0.095900
0.044112
0.043994
0.044518
0.053868
0.054830
0.057348
0.056523
0.045876
0.055919
0.097071
0.052676
0.043385
0.057302
0.043058
0.059500
0.057639
0.080658
0.058866
0.054420
0.098343
0.057903
0.060242
0.059265
0.058055
0.058708
0.080031
0.060018
0.057317
0.056293
0.088520
0.045666
0.054850
0.046843
0.046652
0.046012
0.048171
0.054661
0.054636
0.055013
0.094946
0.057471
0.055711
0.056092
0.057606
0.054919
0.055212
0.046640
0.058355
0.057856
0.095194
0.043046
0.054279
0.057562
0.055929
0.055296
0.058896
0.052798
0.060771
0.050933
0.099308
0.053504
0.054924
0.053475
0.053051
0.060781
0.060052
0.056894
0.058215
0.047008
0.099882
0.044786
0.044600
0.047839
0.055477
0.059611
0.046511
0.046229
0.057005
0.047553
0.098070
0.051065
0.060930
0.055814
0.046017
0.047010
0.046203
0.046931
0.051082
0.047197
0.088306
0.049287
0.046890
0.044285
0.042607
0.042759
0.042301
0.057200
0.060217
0.043812
0.087636
0.041495
0.041310
0.041129
0.043391
0.044632
0.044100
0.046063
0.054773
0.041740
0.098017
0.041448
0.041305
0.041131
0.042347
0.057812
0.045918
0.051450
0.055940
0.052742
0.041849
0.042602
0.043537
0.056835
0.053867
0.043276
0.041513
0.040433
0.040287
0.040549
0.039884
0.040331
0.036719
0.042747
0.043605
0.051630
0.051967
0.038062
0.039824
0.040103
0.081789
0.040060
0.041755
0.040565
0.040563
0.052214
0.052077
0.051923
0.036800
0.052060
0.051031
0.050333
0.038679
0.037598
0.037523
0.050975
0.041159
0.041497
0.040849
0.046669
0.096118
0.040681
0.038780
0.038150
0.038082
0.038523
0.038599
0.036786
0.037307
0.036116
0.076899
0.037473
0.042312
0.037439
0.038704
0.040272
0.040131
0.042814
0.053296
0.055667
0.053268
0.052142
0.052346
0.052963
0.041361
0.050967
0.051980
0.053007
0.040343
0.042195
0.042093
0.042251
0.042258
0.043591
0.045082
0.042744
0.042182
0.040437
0.053652
0.039644
0.053071
0.044282
0.040157
0.042779
0.048884
0.052033
0.052670
0.051109
0.051375
0.042480
0.053116
0.044610
0.042359
0.051208
0.041852
0.042210
0.054454
0.041971
0.050056
0.050001
0.052670
0.042715
0.042397
0.042233
0.040987
0.044813
0.043423
0.052857
0.052465
0.045632
0.050593
0.048620
0.042108
0.040256
0.039363
0.042925
0.043197
0.041000
0.040691
0.042300
0.040830
0.051706
0.040228
0.039984
0.039773
0.044155
0.039122
0.037808
0.039322
0.039013
0.092403
0.038042
0.038273
0.037795
0.041270
0.041973
0.040679
0.041115
0.056534
0.055728
0.096457
0.044130
0.044786
0.055363
0.065214
0.042166
0.039838
0.050045
0.052088
0.044904
0.039970
0.039593
0.038604
0.040636
0.039294
0.042264
0.056752
0.051598
0.038580
0.039460
0.082757
0.041900
0.039994
0.039514
0.056038
0.042087
0.055063
0.055563
0.041357
0.040076
0.084469
0.047246
0.043506
0.041159
0.041139
0.054974
0.048980
0.041367
0.056638
0.043912
0.085184
0.042863
0.045360
0.038954
0.043517
0.044992
0.056302
0.039461
0.039817
0.042023
0.087834
0.042212
0.041922
0.041324
0.041332
0.040935
0.040720
0.053968
0.040948
0.041025
0.090405
0.042174
0.041819
0.041578
0.043132
0.040881
0.037360
0.037422
0.037226
0.040863
0.051700
0.053982
0.053839
0.054427
0.052304
0.054134
0.038875
0.039276
0.037653
0.040170
0.038805
