0.747751
0.049610
0.049280
0.049377
0.049466
0.049726
0.049924
0.060880
0.053595
0.060632
0.062595
0.053311
0.047622
0.060534
0.061454
0.050947
0.051371
0.049805
0.048486
0.031338
0.022000
0.026214
0.026885
0.027102
0.022737
0.019763
0.043192
0.040293
0.049142
0.053251
0.061470
0.042187
0.053073
0.051799
0.052393
0.051727
0.054064
0.052271
0.051861
0.037582
0.052486
0.047574
0.047319
0.052922
0.051707
0.040411
0.039828
0.044647
0.022733
0.022375
0.023082
0.041891
0.039444
0.040113
0.052285
0.054359
0.043107
0.054438
0.053624
0.042197
0.068478
0.039703
0.042779
0.050320
0.035943
0.017208
0.017369
0.017388
0.017413
0.019871
0.018612
0.031808
0.035302
0.017278
0.017337
0.024075
0.022683
0.025941
0.020917
0.020056
0.021087
0.034113
0.036042
0.017530
0.017400
0.019364
0.018624
0.026395
0.021675
0.027550
0.019653
0.034796
0.038620
0.018846
0.018803
0.018423
0.018632
0.019685
0.020289
0.027192
0.020995
0.038241
0.039999
0.018460
0.018028
0.019059
0.018419
0.018004
0.018518
0.018486
0.018862
0.019879
0.018877
0.019616
0.020288
0.031375
0.035108
0.017739
0.018152
0.018026
0.017582
0.017519
0.020493
0.021846
0.018034
0.018081
0.019557
0.019827
0.020752
0.016746
0.032450
0.040539
0.040286
0.039368
0.042212
0.038682
0.044228
0.050792
0.050642
0.050043
0.043301
0.049508
0.053216
0.055204
0.051055
0.048965
0.026028
0.026811
0.024846
0.025064
0.018266
0.021261
0.020432
0.019792
0.023476
0.019767
0.020061
0.027546
0.025084
0.024331
0.024661
0.019043
0.019219
0.018161
0.018537
0.017747
0.018794
0.019491
0.017388
0.022338
0.017296
0.022937
0.018679
0.022833
0.018355
0.023013
0.022940
0.023264
0.022583
0.023486
0.023762
0.023192
0.022771
0.017217
0.023098
0.022410
0.022065
0.018595
0.017623
0.023380
0.017100
0.016885
0.016980
0.017789
0.016864
0.017000
0.016766
0.016698
0.016818
0.016803
0.017441
0.031824
0.040658
0.045728
0.034173
0.016791
0.017080
0.016758
0.016643
0.017304
0.016572
0.016931
0.016576
0.016743
0.016969
0.017062
0.017186
0.016968
0.017422
0.017175
0.017360
0.031060
0.034801
0.017143
0.018546
0.017935
0.019083
0.018704
0.017410
0.017913
0.017861
0.031777
0.034966
0.017372
0.017114
0.017569
0.017294
0.018367
0.021721
0.019128
0.018505
0.034305
0.039449
0.041826
0.041920
0.042451
0.043976
0.039815
0.039821
0.039351
0.040920
0.034787
0.016899
0.017648
0.016962
0.016344
0.017519
0.016555
0.016900
0.016945
0.017713
0.017791
0.018087
0.017435
0.031237
0.034324
0.017845
0.016955
0.032064
0.036721
0.032444
0.046953
0.036159
0.018364
0.018470
0.031657
0.042233
0.039479
0.034927
0.036025
0.018207
0.032070
0.037129
0.032217
0.053222
0.034036
0.030800
0.040432
0.052596
0.034791
0.026568
0.036185
0.052798
0.032218
0.035478
0.023474
0.024198
0.042253
0.036194
0.017653
0.018962
0.033784
0.036838
0.018077
0.018234
0.032901
0.036278
0.017356
0.017247
0.018220
0.018219
0.032147
0.034777
0.017943
0.018531
0.033235
0.041521
0.037555
0.038519
0.035027
0.018075
0.030958
0.049659
0.041526
0.055327
0.036979
0.017848
0.019850
0.019330
0.018456
0.018803
0.019364
0.018521
0.016949
0.016759
0.017691
0.016992
0.016676
0.016816
0.016608
0.016622
0.031872
0.036736
0.038940
0.039729
0.018897
0.018421
0.018505
0.018727
0.016534
0.016613
0.016538
0.016658
0.017167
0.016671
0.016987
0.016608
0.016622
0.016847
0.016596
0.016756
0.016674
0.017418
0.016641
0.016597
0.017626
0.018691
0.018911
0.017756
0.017639
0.017898
0.017796
0.016920
0.016557
0.016799
0.016618
0.016626
0.017216
0.018842
0.016943
0.016726
0.017882
0.017011
0.016825
0.016949
0.016903
0.017097
0.016883
0.017701
0.017683
0.017536
0.016830
0.016605
0.016772
0.016622
0.017010
0.017331
0.017043
0.017089
0.017045
0.016939
0.016681
0.016862
0.016520
0.016699
0.016851
0.016895
0.016647
0.016626
0.016737
0.016800
0.016959
0.016624
0.016799
0.017008
0.016854
0.032197
0.036710
0.017307
0.017728
0.017676
0.017421
0.017446
0.017466
0.017855
0.017849
0.018273
0.018329
0.018606
0.018921
0.016901
0.017202
0.017127
0.016600
0.016653
0.016740
0.016630
0.017087
0.016976
0.016595
0.016993
0.016859
0.016961
0.016752
0.016968
0.017062
0.016788
0.016721
0.027265
0.017692
0.018538
0.017224
0.016790
0.017063
0.017171
0.016987
0.017454
0.016779
0.016762
0.016642
0.016864
0.016602
0.016623
0.016610
0.016762
0.016755
0.016589
0.016745
0.019251
0.016701
0.016918
0.016622
0.023218
0.019121
0.017234
0.017686
0.017013
0.017077
0.016874
0.016725
0.016767
0.016855
0.017347
0.031651
0.040556
0.043995
0.039415
0.048657
0.034715
0.017267
0.017212
0.017281
0.017758
0.017991
0.018462
0.019371
0.018428
0.018371
0.018708
0.018893
0.018891
0.016380
0.016771
0.016505
0.018734
0.017410
0.016465
0.019847
0.016655
0.018950
0.021302
0.016912
0.019066
0.017723
0.030671
0.038303
0.017120
0.017040
0.017259
0.017171
0.017583
0.017552
0.018817
0.032852
0.039072
0.039345
0.049234
0.034826
0.031538
0.035348
0.017077
0.017185
0.017164
0.017414
0.017691
0.035482
0.040224
0.040533
0.044690
0.017076
0.031448
0.041838
0.038160
0.036542
0.036443
0.033485
0.017032
0.017219
0.033377
0.038005
0.048082
0.050121
0.048184
0.040117
0.039205
0.038629
0.038990
0.038248
0.037780
0.049375
0.048702
0.050811
0.036455
0.036242
0.035409
0.036478
0.037104
0.051218
0.048456
0.048612
0.037287
0.050452
0.035323
0.036515
0.037344
0.037326
0.035650
0.040614
0.047706
0.050809
0.046283
0.040870
0.048283
0.041538
0.048131
0.050447
0.034515
0.017489
0.017416
0.032155
0.036880
0.018532
0.018329
0.018264
0.018302
0.018386
0.018575
0.017960
0.017898
0.018033
0.018334
0.021349
0.025761
0.017842
0.017120
0.016368
0.016839
0.016381
0.016464
0.016364
0.016450
0.020921
0.017072
0.016409
0.016507
0.016495
0.016601
0.017452
0.017205
0.016786
0.016440
0.016345
0.016429
0.017208
0.016434
0.016848
0.017462
0.016568
0.017506
0.017155
0.016791
0.016378
0.017708
0.017138
0.016507
0.016450
0.018230
0.016903
0.016428
0.016759
0.017164
0.017423
0.017069
0.016815
0.016701
0.018723
0.016873
0.016481
0.016562
0.016351
0.016425
0.016921
0.016544
0.016504
0.016371
0.016723
0.016414
0.016511
0.016391
0.016379
0.016368
0.016411
0.017646
0.016574
0.019311
0.016739
0.016564
0.016429
0.017156
0.016778
0.016552
0.032591
0.039654
0.046826
0.039513
0.035664
0.030664
0.036149
0.017606
0.018151
0.017730
0.017489
0.018706
0.033416
0.050041
0.049573
0.038973
0.035868
0.017091
0.017079
0.017899
0.017045
0.017553
0.019314
0.017924
0.018040
0.018133
0.018711
0.018771
0.018590
0.016372
0.031138
0.041937
0.038330
0.041837
0.045778
0.050579
0.059693
0.034552
0.017421
0.017462
0.017148
0.017709
0.017420
0.017670
0.018042
0.018410
0.018243
0.018707
0.018686
0.018740
0.016600
0.017284
0.016444
0.016529
0.016477
0.016562
0.016419
0.016609
0.017248
0.016624
0.016432
0.016528
0.017131
0.016808
0.016804
0.017065
0.017043
0.016630
0.016577
0.016453
0.018332
0.017292
0.016619
0.016760
0.016844
0.016691
0.016453
0.016474
0.016545
0.016874
0.016591
0.016481
0.016543
0.016475
0.016420
0.016590
0.016392
0.016573
0.017807
0.017156
0.016794
0.016568
0.017834
0.016670
0.016990
0.016498
0.018945
0.016773
0.016488
0.016573
0.016854
0.016937
0.016601
0.016363
0.016753
0.016763
0.016432
0.016904
0.017236
0.016868
0.016538
0.016843
0.016508
0.016419
0.016444
0.016534
0.016957
0.016755
0.016407
0.016450
0.016454
0.016434
0.016573
0.016474
0.016608
0.016643
0.016682
0.017765
0.016938
0.017255
0.016908
0.016720
0.016416
0.017353
0.016960
0.016585
0.017288
0.016510
0.016585
0.016454
0.016598
0.018014
0.016639
0.016476
0.030654
0.034507
0.017285
0.017114
0.017166
0.017139
0.017303
0.017919
0.018026
0.018043
0.018018
0.018377
0.018446
0.019915
0.016889
0.016542
0.016808
0.017299
0.016665
0.017527
0.016474
0.017777
0.016852
0.023194
0.031132
0.034539
0.017052
0.017191
0.017071
0.017984
0.033127
0.038580
0.041062
0.039008
0.041086
0.038341
0.039464
0.038761
0.038121
0.039022
0.038013
0.040371
0.034646
0.016471
0.016663
0.016401
0.016248
0.016424
0.016389
0.016672
0.017300
0.017061
0.016789
0.016849
0.016902
0.017271
0.017264
0.017203
0.017522
0.017505
0.017740
0.018966
0.025283
0.018531
0.018868
0.016538
0.016707
0.016513
0.016455
0.017212
0.030978
0.040013
0.035633
0.031452
0.037621
0.033871
0.017093
0.017214
0.017106
0.017575
0.017457
0.017480
0.032062
0.041628
0.038376
0.039372
0.039119
0.039704
0.038760
0.038826
0.038173
0.038411
0.037720
0.033277
0.016773
0.016385
0.016495
0.016450
0.016494
0.016509
0.016615
0.017305
0.016887
0.017050
0.017385
0.017541
0.017684
0.018236
0.018352
0.018182
0.017855
0.018062
0.018254
0.018547
0.018785
0.016726
0.016928
0.016513
0.016500
0.016523
0.017444
0.018232
0.016998
0.016664
0.016660
0.016571
0.016498
0.016649
0.016443
0.016643
0.017620
0.016640
0.016535
0.016468
0.017336
0.016877
0.016570
0.016467
0.016543
0.016455
0.016382
0.018064
0.016584
0.016671
0.016423
0.016609
0.016458
0.016432
0.023047
0.022233
0.016518
0.023111
0.022595
0.017481
0.016502
0.016498
0.031535
0.040412
0.044391
0.042245
0.048611
0.017819
0.017923
0.017515
0.017292
0.017408
0.017475
0.017768
0.017779
0.018061
0.018836
0.018742
0.018810
0.016441
0.017313
0.016474
0.016492
0.016720
0.018570
0.016970
0.016510
0.016574
0.016630
0.017453
0.016728
0.016878
0.016854
0.016685
0.016490
0.017517
0.016691
0.016676
0.016495
0.016546
0.016430
0.016513
0.016604
0.017310
0.018787
0.016807
0.016744
0.017323
0.017382
0.017031
0.017300
0.016641
0.016452
0.016514
0.016699
0.017199
0.017312
0.017030
0.017935
0.016756
0.016563
0.016500
0.016404
0.017035
0.016661
0.016669
0.016485
0.016507
0.017229
0.016583
0.016507
0.016569
0.017403
0.016498
0.017288
0.016941
0.016547
0.016513
0.016453
0.030843
0.034619
0.017105
0.017465
0.017287
0.017945
0.033339
0.034865
0.017137
0.017418
0.017232
0.017110
0.017334
0.017811
0.017754
0.032443
0.049941
0.034562
0.017778
0.031556
0.035125
0.018141
0.017100
0.017761
0.017342
0.032056
0.049938
0.050299
0.035683
0.017347
0.018022
0.017089
0.017133
0.017246
0.017467
0.018290
0.018283
0.018115
0.018394
0.018688
0.018864
0.016384
0.016521
0.017226
0.016853
0.016603
0.016498
0.016618
0.017287
0.017038
0.017733
0.017188
0.016591
0.018406
0.018745
0.022651
0.022115
0.016897
0.016238
0.017151
0.016594
0.016629
0.017680
0.016405
0.016615
0.017120
0.017154
0.016531
0.017245
0.017377
0.017241
0.016593
0.016466
0.016856
0.016470
0.016448
0.016616
0.016417
0.016589
0.030985
0.035938
0.017274
0.017628
0.018641
0.018027
0.018216
0.017523
0.017636
0.018308
0.019481
0.019457
0.018998
0.019146
0.032173
0.037220
0.036994
0.033189
0.017566
0.016750
0.017023
0.017131
0.017297
0.017464
0.017932
0.017844
0.017519
0.018483
0.018703
0.018443
0.018399
0.018815
0.018990
0.018228
0.016847
0.016530
0.016823
0.016729
0.016678
0.016626
0.016606
0.017130
0.017068
0.016947
0.016649
0.017929
0.031655
0.040312
0.050814
0.050522
0.052592
0.052319
0.044929
0.049796
0.049351
0.049319
0.041499
0.051902
0.037319
0.043169
0.049621
0.049783
0.049343
0.048819
0.052386
0.049059
0.066256
0.048723
0.017166
0.017034
0.017109
0.023430
0.018915
0.017807
0.017685
0.018939
0.019582
0.018440
0.023193
0.018912
0.022198
0.016833
0.016698
0.017794
0.016676
0.016475
0.016437
0.016659
0.017455
0.016809
0.017540
0.016554
0.017332
0.016488
0.017371
0.016768
0.031298
0.037881
0.039300
0.038171
0.050398
0.039375
0.040674
0.051773
0.052267
0.051104
0.051104
0.051396
0.048523
0.051533
0.038376
0.037845
0.038640
0.039258
0.050438
0.050469
0.038354
0.041770
0.041573
0.040662
0.048568
0.048553
0.048213
0.039920
0.041877
0.040785
0.035268
0.017580
0.017668
0.032645
0.039387
0.049052
0.039976
0.038122
0.033571
0.016808
0.016631
0.016580
0.016873
0.017042
0.017079
0.031745
0.035166
0.017913
0.017793
0.017600
0.017498
0.017377
0.018090
0.018710
0.017947
0.019156
0.018178
0.018456
0.018603
0.016687
0.016892
0.016583
0.017070
0.023127
0.022522
0.022519
0.016960
0.030760
0.042966
0.017143
0.031778
0.038860
0.017118
0.017031
0.017193
0.017136
0.018065
0.032427
0.041397
0.039535
0.038594
0.039274
0.039282
0.044879
0.040699
0.039733
0.051188
0.048242
0.036686
0.038888
0.037420
0.039475
0.038819
0.039219
0.038664
0.034756
0.017275
0.016896
0.016750
0.018210
0.016894
0.016995
0.016991
0.017159
0.016954
0.018427
0.017491
0.031593
0.047525
0.045338
0.041767
0.034011
0.016382
0.016656
0.016608
0.016657
0.016469
0.016527
0.016617
0.016801
0.016842
0.016932
0.017176
0.019112
0.017671
0.018223
0.017942
0.018587
0.018025
0.018184
0.034116
0.035871
0.031755
0.036860
0.062312
0.039232
0.040514
0.039128
0.040417
0.035883
0.017351
0.017063
0.016688
0.016716
0.016977
0.016797
0.016850
0.016961
0.018448
0.017509
0.017862
0.019031
0.017835
0.018079
0.020216
0.018726
0.018526
0.020907
0.017018
0.016638
0.016591
0.016464
0.016516
0.016458
0.016434
0.017200
0.016536
0.016706
0.016457
0.016417
0.016453
0.016428
0.016573
0.017214
0.016554
0.016419
0.016840
0.016499
0.017175
0.017575
0.017642
0.017541
0.016577
0.017343
0.017237
0.017142
0.032897
0.036425
0.032576
0.051993
0.035808
0.017115
0.017093
0.017500
0.017542
0.018983
0.017759
0.018020
0.018143
0.018433
0.032556
0.039710
0.039509
0.038446
0.039502
0.037154
0.040989
0.047799
0.051138
0.039489
0.033862
0.016519
0.016476
0.018094
0.017530
0.032770
0.041854
0.038766
0.039438
0.050984
0.040205
0.018089
0.017575
0.017790
0.017708
0.018086
0.018869
0.020228
0.035440
0.040577
0.048805
0.040055
0.046812
0.034887
0.017216
0.016939
0.016763
0.016829
0.017155
0.017220
0.017297
0.017334
0.017450
0.017497
0.017650
0.018358
0.021879
0.033866
0.035730
0.017324
0.016976
0.017136
0.017202
0.017328
0.017958
0.017686
0.017945
0.018088
0.018302
0.018505
0.018754
0.016623
0.016452
0.016619
0.017285
0.017406
0.018033
0.017344
0.030760
0.036633
0.017137
0.017121
0.017165
0.017117
0.017376
0.017898
0.018019
0.018131
0.018760
0.018443
0.019188
0.033353
0.036715
0.038382
0.039629
0.051913
0.050876
0.036374
0.016557
0.016470
0.016605
0.017353
0.016629
0.017296
0.016807
0.016725
0.016796
0.016869
0.017831
0.017463
0.017323
0.017397
0.017529
0.018744
0.017953
0.032150
0.036235
0.017179
0.017244
0.017839
0.017762
0.017871
0.018828
0.032224
0.037478
0.017299
0.017298
0.017668
0.017533
0.017703
0.017462
0.033029
0.037112
0.038215
0.037246
0.035550
0.037140
0.035959
0.036488
0.035363
0.036524
0.032544
0.018024
0.017488
0.030448
0.034485
0.016993
0.016951
0.016999
0.017077
0.017494
0.017408
0.017576
0.025086
0.025221
0.018956
0.019087
0.018837
0.016465
0.016579
0.016585
0.017330
0.016912
0.016703
0.016598
0.018266
0.016872
0.022725
0.016929
0.016755
0.016422
0.016629
0.016438
0.018454
0.018601
0.016621
0.016898
0.016535
0.016450
0.016625
0.017615
0.016957
0.016906
0.016677
0.016408
0.016661
0.016414
0.016434
0.017871
0.017467
0.016608
0.017191
0.016576
0.017174
0.017259
0.016561
0.017200
0.017178
0.018122
0.017024
0.016677
0.018256
0.018042
0.017044
0.016647
0.016461
0.016637
0.017756
0.017020
0.017233
0.017278
0.031967
0.035691
0.031980
0.038734
0.039854
0.039704
0.040722
0.041282
0.052048
0.039628
0.040305
0.042104
0.058285
0.057597
0.059136
0.058966
0.059925
0.058539
0.022474
0.016948
0.016654
0.033176
0.036468
0.017700
0.017453
0.017349
0.017568
0.018213
0.032490
0.040537
0.048520
0.052084
0.048783
0.040850
0.052066
0.051940
0.053433
0.038344
0.038670
0.038038
0.045143
0.017706
0.017505
0.017406
0.017592
0.017490
0.017544
0.019767
0.018026
0.018327
0.018682
0.032613
0.040407
0.037421
0.037033
0.037743
0.037618
0.036782
0.037668
0.036251
0.034451
0.016821
0.016990
0.017925
0.017137
0.016955
0.017051
0.017709
0.017585
0.017767
0.017711
0.018792
0.018883
0.032679
0.041417
0.040090
0.034784
0.017090
0.016754
0.016966
0.016783
0.016982
0.016885
0.017798
0.017840
0.017444
0.031958
0.034323
0.030895
0.038395
0.039928
0.050915
0.038765
0.049576
0.039148
0.039318
0.053362
0.036725
0.036756
0.051060
0.047414
0.036054
0.036934
0.035819
0.036416
0.035773
0.049000
0.047464
0.048324
0.048742
0.048468
0.039650
0.039842
0.048463
0.037095
0.038825
0.038370
0.038800
0.040381
0.047465
0.041923
0.038929
0.038191
0.043270
0.047941
0.038671
0.042545
0.038779
0.039017
0.037812
0.037889
0.037235
0.038870
0.038155
0.048446
0.041136
0.046658
0.048281
0.040237
0.048134
0.049521
0.051213
0.043086
0.038389
0.039246
0.040039
0.041003
0.041148
0.042386
0.047128
0.038511
0.051324
0.049579
0.040043
0.040371
0.040248
0.041424
0.049471
0.042063
0.040715
0.040492
0.041046
0.041697
0.041906
0.038203
0.037886
0.037470
0.042038
0.044559
0.038564
0.039695
0.048607
0.034460
0.017027
0.016966
0.018586
0.017727
0.017831
0.017679
0.018041
0.018414
0.018957
0.034539
0.038997
0.049898
0.038931
0.039715
0.038144
0.040243
0.038754
0.038674
0.038122
0.038660
0.038769
0.038959
0.039498
0.041387
0.045279
0.033589
0.016593
0.016983
0.017577
0.017129
0.016883
0.019180
0.017324
0.033860
0.038930
0.047625
0.046827
0.038723
0.039881
0.038937
0.040245
0.051447
0.036815
0.036294
0.034997
0.039115
0.037991
0.032815
0.016336
0.030348
0.035530
0.017145
0.017385
0.032240
0.039282
0.039243
0.037875
0.043799
0.037944
0.037876
0.040946
0.037999
0.047760
0.045745
0.039828
0.041105
0.048740
0.038175
0.038813
0.040005
0.039335
0.039560
0.038759
0.039214
0.039409
0.044415
0.042047
0.051378
0.049629
0.053405
0.042044
0.051566
0.039481
0.042487
0.049042
0.040622
0.040081
0.040667
0.035671
0.043181
0.051586
0.044451
0.050921
0.048581
0.056104
0.049793
0.036422
0.037915
0.043228
0.016314
0.016711
0.016261
0.016203
0.029788
0.041733
0.039112
0.038742
0.038503
0.042715
0.038808
0.038633
0.038861
0.036678
0.036814
0.036100
0.038714
0.037893
0.038462
0.050073
0.041236
0.065069
0.045296
0.024160
0.024436
0.017825
0.024460
0.017304
0.023514
0.018074
0.024512
0.024305
0.044940
0.047021
0.018271
0.016974
0.017031
0.017119
0.018537
0.017727
0.017714
0.018623
0.031977
0.044741
0.039076
0.038319
0.050228
0.037620
0.046181
0.034980
0.017143
0.016959
0.017431
0.017778
0.017238
0.017462
0.017841
0.031568
0.034312
0.016984
0.016965
0.017354
0.017322
0.017283
0.017380
0.018515
0.031584
0.034583
0.017552
0.017071
0.017534
0.017423
0.017286
0.031374
0.035071
0.017021
0.016903
0.016960
0.017087
0.017356
0.017944
0.017889
0.017772
0.017984
0.018374
0.018459
0.019462
0.017333
0.030658
0.035022
0.018660
0.017051
0.017008
0.017715
0.018426
0.017641
0.017562
0.018555
0.031909
0.035023
0.018271
0.017063
0.017001
0.017111
0.017361
0.018166
0.018344
0.019593
0.032092
0.034515
0.017091
0.016876
0.017050
0.017234
0.017713
0.017630
0.018384
0.019458
0.032703
0.034846
0.031663
0.040554
0.042370
0.032749
0.042702
0.038197
0.040152
0.033975
0.030903
0.036320
0.017102
0.016946
0.017180
0.017132
0.017275
0.017395
0.017612
0.031826
0.034629
0.017867
0.017265
0.016991
0.017125
0.017402
0.017467
0.017773
0.017782
0.018653
0.032134
0.035295
0.017310
0.017146
0.017015
0.017169
0.017694
0.017467
0.017757
0.018520
0.018086
0.018158
0.018922
0.018875
0.031319
0.036316
0.036324
0.037402
0.035528
0.035865
0.035672
0.038064
0.037880
0.036145
0.036041
0.035198
0.040635
0.035506
0.039883
0.032711
0.031644
0.035676
0.031668
0.036417
0.040022
0.037012
0.035616
0.035848
0.035713
0.035657
0.039121
0.035585
0.036714
0.039956
0.035750
0.040201
0.038124
0.038175
0.038362
0.038496
0.038280
0.038790
0.038401
0.038437
0.037925
0.039064
0.039656
0.038625
0.039119
0.036460
0.038913
0.037733
0.038198
0.037537
0.039787
0.036612
0.036962
0.036012
0.039241
0.038128
0.040660
0.038354
0.041549
0.038829
0.040140
0.039067
0.057105
0.039933
0.039439
0.038678
0.038859
0.037699
0.040715
0.049277
0.034294
0.017143
0.017229
0.017018
0.017704
0.032925
0.037745
0.036442
0.035370
0.038089
0.038456
0.038830
0.039056
0.037907
0.033143
0.016386
0.017468
0.016670
0.018840
0.017628
0.017181
0.017913
0.017720
0.016995
0.018097
0.017154
0.018183
0.018076
0.017818
0.017776
0.018053
0.018423
0.018502
0.016563
0.017110
0.016677
0.017733
0.016773
0.016596
0.016417
0.016603
0.017086
0.016712
0.016427
0.016580
0.016591
0.017224
0.017323
0.017228
0.016854
0.016623
0.016445
0.016585
0.016545
0.030910
0.038691
0.047272
0.037649
0.037008
0.037520
0.039005
0.037063
0.031756
0.038568
0.038135
0.036876
0.035119
0.017841
0.017360
0.018313
0.017493
0.017674
0.017853
0.018080
0.019291
0.019805
0.016599
0.017259
0.016496
0.017395
0.016495
0.016560
0.017365
0.017729
0.018034
0.017377
0.017422
0.032656
0.035312
0.017043
0.017105
0.017055
0.017903
0.017229
0.017698
0.018007
0.017840
0.018133
0.033024
0.034329
0.018232
0.018063
0.017757
0.017987
0.017522
0.018136
0.017960
0.017909
0.019209
0.018471
0.018874
0.018878
0.022020
0.017370
0.017244
0.017303
0.017960
0.017411
0.016691
0.019127
0.016915
0.016744
0.016604
0.016645
0.033669
0.020927
0.035476
0.017386
0.017186
0.017167
0.017164
0.032238
0.038587
0.040590
0.040095
0.039024
0.041696
0.038581
0.038248
0.033534
0.017460
0.016704
0.016431
0.016378
0.016558
0.016302
0.016494
0.016391
0.016511
0.017534
0.030457
0.038834
0.044746
0.038122
0.038293
0.038657
0.041409
0.046127
0.039655
0.035621
0.036854
0.036270
0.039638
0.038176
0.048452
0.048683
0.048166
0.047821
0.040939
0.038568
0.038634
0.032869
0.016597
0.016264
0.016339
0.016633
0.016741
0.016539
0.016583
0.016713
0.030584
0.035071
0.017015
0.016860
0.017028
0.017997
0.019681
0.018656
0.018732
0.018421
0.018257
0.018186
0.018496
0.018672
0.016986
0.018207
0.016756
0.016711
0.016410
0.016348
0.016768
0.017377
0.016843
0.016466
0.016382
0.017295
0.016679
0.016534
0.016430
0.016531
0.023094
0.016674
0.016621
0.022279
0.017783
0.017370
0.017467
0.016681
0.016533
0.016518
0.016444
0.016415
0.016449
0.016824
0.016637
0.018946
0.017596
0.016670
0.016552
0.016534
0.017118
0.017037
0.016630
0.017296
0.017309
0.016940
0.016451
0.017948
0.016922
0.016515
0.016403
0.016457
0.017132
0.017289
0.017108
0.016680
0.016467
0.016379
0.016386
0.016822
0.017185
0.016639
0.016648
0.016473
0.016565
0.016351
0.016468
0.016424
0.016507
0.016485
0.016574
0.017833
0.017069
0.018061
0.016660
0.016409
0.017333
0.016677
0.022599
0.016569
0.016442
0.017645
0.016762
0.017041
0.017124
0.016747
0.016511
0.016368
0.016474
0.016391
0.017231
0.016533
0.022084
0.016550
0.016401
0.016535
0.016485
0.016415
0.016421
0.016394
0.016625
0.016901
0.016605
0.016604
0.016744
0.016713
0.016748
0.016832
0.017085
0.017227
0.016604
0.016382
0.016864
0.016499
0.016956
0.033291
0.042263
0.040537
0.042516
0.041289
0.042387
0.042181
0.073350
0.041281
0.041148
0.051014
0.042449
0.041721
0.039264
0.058241
0.044406
0.054340
0.078634
0.055239
0.057364
0.048174
0.041754
0.042905
0.052801
0.045474
0.056906
0.055818
0.077721
0.055935
0.045403
0.051934
0.048069
0.050783
0.051836
0.052088
0.051787
0.055560
0.079106
0.046084
0.051383
0.044869
0.042916
0.053856
0.054721
0.043515
0.055571
0.055299
0.082644
0.051470
0.050849
0.054018
0.047594
0.044407
0.054475
0.043658
0.052675
0.051046
0.083532
0.055269
0.051816
0.055234
0.041299
0.053707
0.052510
0.040768
0.040948
0.040807
0.082987
0.045676
0.048229
0.055448
0.051049
0.053794
0.054522
0.053585
0.054513
0.053150
0.085981
0.052054
0.054846
0.053869
0.043912
0.055003
0.051894
0.054936
0.056482
0.055954
0.090055
0.053163
0.055235
0.055667
0.054986
0.055869
0.054426
0.058223
0.058399
0.043052
0.077931
0.045073
0.049081
0.053199
0.050479
0.050556
0.054374
0.053448
0.052781
0.056081
0.092659
0.052514
0.053218
0.052732
0.040540
0.050358
0.041049
0.053046
0.054492
0.053090
0.091365
0.052923
0.050208
0.052728
0.053822
0.053444
0.053025
0.055977
0.048565
0.051962
0.093171
0.051920
0.052810
0.052180
0.055975
0.038810
0.040051
0.043131
0.041773
0.049934
0.097152
0.041596
0.041883
0.041914
0.054746
0.054286
0.054201
0.053269
0.052588
0.052417
0.089617
0.050774
0.047873
0.042213
0.055057
0.052877
0.051523
0.050980
0.043439
0.053125
0.087895
0.042743
0.055373
0.055144
0.055029
0.052745
0.051692
0.050198
0.051581
0.053847
0.096978
0.049527
0.050884
0.052718
0.042431
0.053947
0.053067
0.050108
0.043230
0.042537
0.098863
0.049975
0.040789
0.052177
0.051745
0.041878
0.047445
0.048015
0.050283
0.037560
0.096178
0.042692
0.046093
0.038083
0.053510
0.053894
0.052468
0.053365
0.055279
0.053520
0.093959
0.053237
0.055325
0.040195
0.038245
0.054094
0.056650
0.043669
0.053266
0.041364
0.096123
0.045583
0.042944
0.043548
0.043008
0.042885
0.042801
0.043418
0.050688
0.041094
0.084685
0.038383
0.039939
0.038832
0.038893
0.039579
0.039013
0.038597
0.038946
0.038963
0.080897
0.039115
0.039179
0.039046
0.038399
0.038819
0.038225
0.038766
0.039811
0.039927
0.082441
0.038401
0.039055
0.038854
0.039784
0.039001
0.038668
0.038964
0.039056
0.039671
0.085112
0.041462
0.040477
0.040190
0.039650
0.038428
0.055614
0.040635
0.040576
0.038172
0.079393
0.054666
0.049176
0.039340
0.040963
0.038246
0.039548
0.038133
0.038760
0.038667
0.081161
0.039829
0.053392
0.039130
0.041570
0.040458
0.053216
0.040251
0.040645
0.041293
0.079742
0.037774
0.054152
0.054725
0.038263
0.055137
0.038027
0.052130
0.038138
0.050694
0.081887
0.037971
0.052140
0.038869
0.038858
0.037601
0.052098
0.051343
0.040982
0.050928
0.085447
0.040688
0.040960
0.050797
0.040502
0.040480
0.042282
0.041575
0.046898
0.054379
0.093164
0.041195
0.040794
0.040772
0.042041
0.041982
0.054178
0.054641
0.038125
0.051162
0.092958
0.046043
0.042020
0.054410
0.053360
0.040275
0.041120
0.043087
0.044445
0.044658
0.087158
0.045141
0.045561
0.042974
0.041368
0.041799
0.043656
0.042602
0.045419
0.055592
0.095109
0.054195
0.053450
0.054739
0.055725
0.054753
0.051164
0.052126
0.053609
0.043880
0.085560
0.049519
0.043815
0.052783
0.042274
0.044633
0.042673
0.050904
0.048094
0.043704
0.086064
0.053248
0.054513
0.054903
0.040734
0.041345
0.042304
0.041248
0.042456
0.041340
0.083398
0.046710
0.052296
0.053372
0.043306
0.055309
0.038254
0.042701
0.041513
0.040489
0.083025
0.052823
0.044215
0.053823
0.041717
0.047319
0.052479
0.040705
0.038226
0.038372
0.084502
0.053321
0.051670
0.051510
0.051186
0.042248
0.055191
0.040642
0.041083
0.041533
0.084595
0.042897
0.042253
0.053819
0.050374
0.052238
0.051253
0.051727
0.051047
0.049062
0.050470
0.051087
0.051283
0.050407
0.053370
0.043248
0.053556
0.045248
0.052562
0.052533
0.061850
0.055429
0.042928
0.037240
0.036954
0.037272
0.036805
0.037118
0.018130
0.031759
0.036470
0.041667
0.056661
0.036306
0.036960
0.037401
0.041126
0.039805
0.041150
0.050285
0.036608
0.017991
0.017283
0.017150
0.018011
0.018131
0.017586
0.032274
0.041438
0.039901
0.039507
0.040385
0.050990
0.039834
0.041953
0.040249
0.038951
0.040055
0.039194
0.039781
0.038552
0.038929
0.048027
0.038445
0.037464
0.036552
0.038623
0.040221
0.036449
0.017995
0.043035
0.049444
0.054255
0.041977
