241	191	53	89
244	194	48	85
245	191	46	92
248	192	40	89
249	187	40	95
249	187	40	94
251	187	40	95
249	183	43	99
247	184	46	98
243	181	50	101
240	180	54	102
238	178	59	103
238	181	55	98
236	178	62	102
229	178	72	101
226	178	82	103
219	178	92	100
217	179	94	99
209	177	105	104
201	177	113	105
201	178	110	109
198	181	110	105
199	181	110	107
192	180	113	111
190	181	116	121
181	184	123	121
173	178	148	139
173	180	149	136
173	177	149	164
186	176	136	173
186	138	136	173
185	153	136	165
163	155	136	165
217	173	104	146
183	152	104	146
222	172	94	139
222	172	94	139
222	172	94	139
162	170	113	142
157	176	132	151
160	176	163	148
153	180	164	132
158	175	161	159
165	175	161	140
163	178	156	133
167	179	151	147
165	175	157	138
172	174	149	154
166	178	152	128
180	177	140	134
191	177	127	133
196	178	124	131
209	176	113	122
195	182	106	99
210	186	106	100
211	182	105	106
215	182	101	101
197	188	98	96
179	204	93	82
220	179	95	101
221	182	95	99
223	182	92	98
222	181	92	98
224	178	90	102
225	178	90	105
223	177	93	112
224	184	92	100
224	180	90	106
223	179	93	108
223	177	95	109
224	176	95	108
225	181	90	99
224	178	92	106
224	184	91	96
224	188	91	92
224	177	92	106
224	176	92	109
223	176	96	110
223	179	95	103
225	181	90	101
224	178	91	107
222	178	94	107
221	177	96	109
221	181	97	102
223	180	93	103
223	184	91	95
224	185	82	96
224	178	87	101
221	180	93	97
223	178	93	101
224	179	91	101
217	180	98	98
210	184	104	89
215	183	102	87
224	181	90	92
229	180	85	93
230	180	83	92
224	179	89	100
228	181	85	96
217	179	97	97
219	184	95	89
213	183	101	92
212	182	101	93
207	180	107	96
201	180	114	94
194	180	122	93
181	176	134	106
171	175	147	107
166	176	151	111
167	178	152	105
167	179	152	106
163	179	155	105
168	178	150	107
159	184	159	99
208	178	116	110
218	180	100	103
224	186	91	95
224	183	90	99
224	181	88	98
223	179	89	104
222	180	92	103
221	178	95	108
221	180	96	101
221	184	93	98
221	179	93	100
222	181	92	96
220	181	95	94
219	179	93	98
214	178	101	99
221	181	90	95
220	179	92	97
221	177	93	98
222	178	93	97
222	176	94	98
224	176	91	102
226	176	89	101
225	175	92	103
230	175	88	106
233	173	85	116
229	174	91	110
234	174	84	116
238	175	81	109
207	176	97	103
203	175	112	103
205	176	109	101
199	174	118	110
195	172	124	116
176	171	137	113
175	170	141	118
163	168	150	116
197	171	120	112
195	171	122	111
172	165	144	125
170	168	153	130
169	171	153	119
167	173	153	113
166	173	153	114
168	173	153	120
171	174	148	117
165	176	154	111
167	176	153	111
167	175	151	111
169	177	151	117
170	173	152	118
170	177	153	117
170	176	151	109
167	174	153	126
169	174	153	123
169	176	152	115
170	174	152	116
166	172	158	121
167	173	156	119
165	171	154	127
168	173	156	117
168	173	155	121
166	172	158	124
168	175	152	112
166	173	156	115
166	170	156	125
163	169	155	128
167	171	150	114
166	170	155	116
168	170	152	112
200	170	123	112
221	170	105	91
226	168	101	78
226	189	89	83
228	180	83	94
225	176	92	108
226	177	86	106
226	182	88	100
227	177	86	109
227	177	90	119
228	177	90	128
226	175	94	117
224	176	94	131
226	173	92	138
225	174	95	138
223	174	97	141
224	176	97	128
225	179	93	116
227	175	93	121
227	180	91	110
228	176	90	107
227	177	94	106
226	172	97	112
235	165	91	122
231	166	87	111
224	173	95	105
232	175	87	105
231	177	84	100
224	179	91	99
224	180	89	96
225	179	90	100
225	179	91	98
224	177	92	106
226	182	91	98
226	179	89	103
225	181	91	98
225	178	92	102
227	178	89	104
225	178	92	101
224	177	93	104
226	177	94	105
225	178	93	102
225	178	95	101
225	176	94	103
224	179	96	99
224	178	96	103
225	176	93	106
225	178	92	101
224	178	94	101
224	178	94	102
223	178	95	100
223	179	95	96
227	178	88	97
226	181	88	91
222	178	93	97
224	178	89	92
224	178	91	90
224	175	94	87
224	185	100	91
222	173	107	103
225	173	108	105
224	173	98	103
224	179	83	100
221	179	92	109
225	182	87	103
224	179	92	103
224	182	91	96
225	180	84	100
225	177	80	107
224	176	78	105
224	178	68	98
226	175	62	97
225	177	63	102
228	172	52	101
234	181	75	102
227	172	97	114
231	173	92	106
238	177	76	94
222	175	92	100
214	178	96	99
213	177	94	97
229	176	85	103
230	178	77	98
226	178	78	95
224	180	71	87
225	178	73	94
224	177	92	103
226	179	92	100
225	178	93	101
227	176	88	107
224	180	95	100
224	179	94	98
224	180	93	98
226	177	90	108
224	181	95	98
225	179	92	100
225	180	92	98
223	179	94	102
227	178	88	103
226	177	91	104
224	177	95	107
224	177	96	105
228	175	91	107
233	174	86	115
231	175	91	112
236	174	86	116
229	175	91	106
233	170	88	111
241	166	79	124
240	165	83	121
229	165	96	121
231	161	95	120
224	169	103	115
225	169	102	115
223	171	103	114
223	171	94	116
224	170	105	115
224	170	94	114
224	167	101	115
226	168	99	115
228	166	95	113
236	201	84	114
231	178	85	100
221	180	97	93
221	179	93	95
220	178	96	96
223	176	93	100
226	176	91	103
224	179	92	97
225	176	90	107
225	178	93	106
223	180	96	100
224	179	94	103
224	178	93	103
223	179	94	102
225	179	92	101
224	178	93	106
225	179	93	102
225	179	92	100
224	178	94	104
225	179	94	102
224	179	96	103
225	178	95	104
222	178	99	103
223	178	98	104
225	175	96	114
225	176	95	116
225	177	94	107
224	177	99	106
224	176	97	108
224	177	98	104
225	178	95	102
225	181	94	98
225	179	92	102
225	179	92	101
226	179	92	102
226	177	91	107
226	176	93	109
224	177	94	107
225	179	93	103
227	176	91	115
224	177	94	111
223	177	96	108
226	178	89	105
225	179	93	107
223	179	95	103
225	181	94	100
226	178	93	105
223	180	96	102
224	178	96	104
225	178	94	104
226	180	91	105
227	178	90	106
227	179	91	105
227	181	91	101
223	178	99	104
226	179	92	101
226	178	94	105
224	179	97	102
223	179	99	101
225	179	96	102
227	180	92	100
223	180	97	101
223	177	98	111
224	180	95	104
225	179	93	105
224	178	94	104
225	178	94	106
226	180	92	101
225	179	92	106
223	182	97	102
224	186	96	98
223	171	101	115
232	165	95	118
231	161	97	129
228	165	98	132
231	165	93	143
227	170	94	127
235	173	84	122
234	175	83	127
229	172	91	121
227	176	90	106
226	178	93	101
225	177	94	104
226	176	93	104
226	175	94	109
224	175	95	111
225	178	95	104
223	176	97	105
223	177	95	102
223	175	99	112
222	173	99	116
223	175	102	113
221	176	101	111
224	176	99	108
224	175	96	112
223	174	101	114
223	175	98	114
225	177	95	109
224	178	98	104
225	179	95	104
226	177	93	106
226	178	91	103
224	179	94	102
225	177	94	108
224	181	95	100
224	179	94	103
226	180	93	102
225	180	92	101
226	180	93	103
224	178	93	104
225	177	95	106
224	180	93	99
225	180	93	103
225	181	92	101
225	179	93	106
225	179	95	104
227	180	90	101
225	178	93	109
224	182	92	100
227	179	91	105
225	180	93	102
224	181	95	100
225	180	95	104
222	181	98	100
224	178	97	104
226	179	94	103
225	179	95	102
225	180	97	103
224	178	93	103
224	177	97	106
224	177	96	106
223	178	98	103
223	176	98	104
224	180	93	99
225	177	94	110
225	180	90	108
225	178	91	106
228	166	100	115
227	162	97	110
230	177	90	109
237	189	80	91
238	181	79	99
230	178	87	97
222	174	100	111
223	176	97	109
224	175	99	109
223	177	97	107
224	175	99	111
224	176	95	111
224	176	98	107
223	176	100	102
223	178	99	100
223	174	98	107
222	176	99	109
223	175	100	114
223	175	98	111
222	176	99	106
224	177	96	102
225	175	96	107
225	177	96	105
226	178	93	104
226	178	93	103
225	176	96	112
223	179	98	106
224	178	96	104
224	178	97	102
224	178	94	101
225	178	93	102
224	177	94	107
223	175	98	111
224	178	93	105
224	178	95	104
225	177	93	106
224	177	94	105
225	177	93	106
224	176	93	106
225	178	94	104
226	179	92	100
225	178	94	105
225	179	95	103
225	179	91	104
227	178	88	106
225	177	93	108
225	177	96	108
225	178	93	104
225	178	97	106
223	177	98	110
223	178	97	107
224	179	96	102
226	177	94	106
225	176	96	107
223	176	98	110
225	178	94	105
224	178	96	105
223	178	97	102
224	177	97	105
224	176	95	107
225	176	96	109
221	175	102	114
223	179	96	110
223	179	97	104
224	180	95	101
225	178	99	105
228	169	99	123
226	175	96	147
225	177	98	143
231	173	93	117
227	172	95	116
224	175	96	111
224	175	98	112
224	176	95	108
224	175	97	111
222	176	101	109
223	176	98	110
223	176	96	109
222	178	102	102
223	178	97	106
224	180	94	101
225	176	96	111
225	176	94	110
223	177	99	107
225	177	94	110
224	179	97	103
225	179	93	102
225	180	94	99
225	177	94	107
227	178	91	108
225	178	94	105
224	178	94	105
224	178	95	105
227	177	91	108
226	176	91	109
227	179	91	105
224	178	94	104
225	177	94	108
226	176	93	108
226	179	91	100
225	177	94	107
223	177	96	105
223	178	96	103
225	178	94	102
227	178	91	105
227	176	92	112
227	176	90	113
226	180	91	106
225	178	94	107
226	177	93	110
224	178	95	114
223	178	101	104
224	176	96	113
223	178	102	105
225	182	90	101
223	177	97	105
223	178	97	104
224	179	95	101
224	179	98	100
224	176	96	104
224	179	95	98
225	177	94	109
224	177	97	111
223	175	99	117
223	177	97	113
222	176	99	120
224	179	96	110
222	178	97	111
225	176	92	119
227	177	78	103
224	179	89	98
224	177	95	99
225	180	89	95
219	178	96	102
229	177	87	99
227	177	91	103
226	180	91	98
224	182	92	97
225	179	92	103
225	180	92	100
223	181	95	99
224	179	94	104
224	178	95	105
224	177	96	106
221	178	100	105
224	179	96	104
224	181	96	102
222	179	98	106
224	179	98	106
224	179	96	106
224	180	98	104
224	179	97	106
222	180	99	106
224	182	98	99
225	182	94	96
225	180	93	100
225	177	94	107
225	180	94	101
226	179	93	102
225	179	95	101
224	178	97	102
224	175	98	103
225	180	87	98
231	181	82	99
229	178	89	96
226	176	81	101
225	176	90	112
225	181	94	102
223	178	97	107
223	177	95	108
225	179	92	102
225	177	93	108
225	181	93	98
226	181	90	101
222	178	98	105
224	176	97	107
224	177	93	106
225	176	96	109
224	176	97	109
225	178	92	106
225	177	94	107
224	179	96	102
224	180	96	101
224	183	96	96
224	181	97	100
224	178	97	105
224	180	94	102
224	185	93	94
229	179	81	103
228	177	65	104
225	172	60	106
255	170	65	111
231	176	84	101
220	179	94	84
230	177	87	103
234	176	85	108
228	175	91	112
227	178	91	107
226	179	93	103
225	178	93	105
227	178	91	104
227	176	91	110
224	177	96	106
224	179	96	103
224	178	95	104
223	178	95	104
225	179	93	106
224	180	95	103
224	181	94	101
224	180	93	104
226	178	93	112
225	181	94	104
225	180	93	104
225	180	93	103
222	183	95	99
224	182	92	100
225	178	91	104
225	177	92	104
224	179	93	102
226	180	92	100
224	184	92	93
225	179	92	97
233	176	84	110
238	177	80	108
223	181	93	101
225	184	91	97
226	184	91	101
227	185	93	100
229	201	89	83
225	204	92	72
224	204	93	75
224	202	90	76
224	201	91	76
223	200	91	78
222	190	89	87
225	202	90	75
223	199	93	77
224	190	91	88
224	202	92	74
222	196	94	81
224	187	90	90
225	201	90	74
222	196	94	84
224	178	89	99
226	175	89	108
224	176	92	104
226	174	92	109
227	174	95	107
226	174	93	111
225	176	96	107
226	175	96	108
224	177	95	105
226	176	94	109
223	175	98	108
222	176	99	106
223	177	96	104
226	175	93	110
223	176	95	112
223	175	97	112
222	177	97	108
224	178	95	106
224	180	95	101
225	180	94	103
224	179	96	101
224	181	95	99
223	179	96	104
224	179	96	105
225	181	93	105
225	177	96	106
225	179	92	105
225	180	94	103
227	180	91	102
228	178	90	105
224	180	95	103
224	178	95	105
225	178	93	105
226	177	92	112
225	178	95	108
225	178	94	109
223	180	96	105
223	180	98	103
225	180	94	102
225	178	93	109
223	180	94	104
226	179	94	107
223	179	96	104
224	178	94	103
224	177	95	106
224	179	93	102
224	177	94	108
223	177	95	105
223	177	97	104
224	176	95	110
225	176	93	108
225	176	92	109
221	175	99	111
225	176	93	107
224	176	95	109
225	175	95	108
226	176	89	109
225	175	94	119
224	174	98	133
224	175	96	124
224	175	98	121
224	175	97	125
224	178	95	106
224	178	98	105
223	175	97	112
222	173	98	119
222	175	99	113
224	175	95	112
223	174	99	117
221	176	100	109
222	175	100	109
223	177	93	105
224	175	93	111
225	173	96	117
225	173	94	117
225	176	91	110
225	176	94	117
224	176	96	123
224	177	95	121
223	178	96	125
224	177	95	118
223	180	98	100
224	177	94	103
223	177	95	104
223	175	96	106
223	176	95	105
224	174	95	109
223	174	97	109
224	176	97	105
223	177	96	104
223	175	100	109
220	179	100	104
224	177	97	103
223	179	94	95
222	178	95	97
221	176	96	101
222	173	97	112
238	175	82	109
241	183	73	106
244	197	69	90
250	201	63	83
227	207	78	71
222	205	86	68
224	201	77	70
225	205	56	62
229	205	56	65
226	203	58	71
227	200	66	76
227	202	52	67
232	203	56	71
225	204	58	63
225	204	66	63
226	204	57	59
226	205	49	51
230	205	44	51
227	204	45	52
228	205	48	52
228	206	47	50
228	205	43	49
228	206	44	49
228	204	43	51
228	205	43	50
227	205	45	50
228	205	44	50
228	205	44	50
228	205	45	50
227	205	45	50
227	204	45	50
227	205	46	50
228	205	44	51
228	205	43	51
229	205	42	51
228	205	43	51
227	205	45	51
227	205	45	51
228	205	45	51
228	205	43	51
228	205	44	51
227	204	46	51
227	205	47	50
228	205	44	51
228	205	44	51
227	205	46	50
227	205	46	50
228	206	42	48
228	205	43	50
228	205	43	50
227	205	46	50
229	205	42	50
227	205	44	50
227	205	44	50
228	205	44	50
227	205	44	50
227	205	45	50
227	205	45	51
228	205	44	51
228	206	44	51
227	204	45	51
228	205	43	50
227	204	46	51
228	206	44	50
227	205	45	51
227	206	44	48
226	205	46	49
228	204	44	51
227	204	44	51
227	205	46	50
227	205	45	51
227	204	46	52
227	204	45	52
228	204	44	52
230	204	43	51
235	203	38	54
222	184	47	62
240	180	49	66
237	197	63	67
225	201	44	61
226	202	46	55
228	204	44	52
228	205	45	51
229	205	43	50
229	205	42	50
228	205	43	49
227	205	44	50
227	205	45	50
227	204	46	51
227	205	45	51
228	205	43	50
228	206	44	50
228	205	44	50
227	205	45	51
229	205	43	51
227	205	46	51
228	205	43	50
227	206	44	49
227	205	46	52
227	205	44	51
228	205	44	50
228	205	45	51
227	205	45	51
228	204	45	52
228	205	45	50
228	206	45	50
228	205	44	51
228	205	44	51
228	205	45	50
228	204	44	52
228	205	45	50
228	205	45	51
228	205	43	51
229	205	43	51
227	205	46	50
228	205	43	50
228	204	43	51
227	205	46	51
228	205	44	51
227	205	45	51
228	206	45	49
228	205	45	52
228	205	43	50
227	205	45	50
227	205	44	50
227	205	44	51
227	204	45	51
228	205	43	50
227	205	44	50
227	204	46	52
227	205	44	50
227	205	45	51
228	204	44	52
227	204	44	51
227	205	45	51
227	204	46	52
227	206	45	48
228	205	43	50
228	205	45	50
228	205	44	49
228	205	42	49
228	204	43	50
228	205	45	51
228	205	43	51
227	204	46	51
228	205	44	50
229	205	42	51
227	204	45	51
227	204	45	52
227	205	46	51
226	205	47	51
227	205	46	52
227	205	44	50
229	204	42	51
227	205	44	50
229	205	43	49
236	204	35	51
225	188	44	57
237	188	44	57
231	202	49	53
228	203	38	53
228	205	41	49
227	205	44	50
227	205	46	50
227	206	44	48
228	206	43	49
227	206	45	49
228	205	44	50
232	205	39	51
234	205	38	50
235	206	36	47
237	206	35	47
240	205	33	48
241	206	33	46
243	207	30	46
245	207	27	47
247	208	26	46
249	208	24	47
250	209	24	45
250	209	23	46
252	212	22	43
252	211	22	44
252	212	21	43
253	214	20	41
253	215	20	40
254	214	20	40
254	215	20	40
255	216	19	38
256	217	19	35
256	216	17	36
256	217	17	35
256	217	17	35
256	216	18	36
255	217	19	36
255	217	19	35
255	217	19	34
253	217	20	34
252	217	22	35
250	215	23	38
246	212	27	42
241	210	32	42
236	207	34	47
230	205	40	50
225	205	47	51
224	207	48	48
225	206	48	48
225	206	47	49
225	206	49	49
224	205	49	51
225	205	49	48
224	205	47	42
225	206	46	37
228	206	41	33
227	206	38	33
247	185	38	33
247	184	38	33
247	220	38	33
234	220	38	33
229	199	46	32
229	215	44	39
247	218	34	37
233	212	40	41
236	209	36	44
236	205	35	49
237	204	33	50
234	204	38	49
234	204	36	50
234	203	35	52
230	201	40	54
229	201	41	54
233	203	33	53
232	204	37	52
232	205	38	49
232	205	39	50
233	205	39	50
234	206	37	48
233	206	37	49
234	205	36	50
234	204	37	51
233	204	39	52
232	204	38	51
233	204	38	53
230	204	41	52
231	205	39	50
228	204	43	51
229	205	42	50
229	205	41	49
230	204	39	52
231	205	36	51
230	204	39	52
228	204	42	52
226	206	44	49
226	206	45	49
226	205	44	51
226	206	45	49
225	206	46	49
225	205	47	50
225	205	45	50
224	206	48	49
224	205	48	50
225	206	45	50
225	206	46	48
226	205	45	51
227	205	45	49
227	205	45	47
228	205	43	48
230	205	43	49
233	204	39	49
237	205	35	47
239	205	32	48
238	204	34	49
242	205	30	49
244	205	28	50
243	205	29	47
243	205	29	48
247	206	25	48
237	200	30	49
237	204	35	50
238	205	34	51
235	204	37	54
236	204	36	52
232	204	40	51
232	204	41	51
230	204	43	50
229	204	43	48
231	204	42	51
230	204	42	50
233	204	40	49
234	205	38	48
231	205	41	48
232	205	41	46
233	204	39	50
237	204	35	48
238	205	34	46
239	205	33	47
245	207	27	43
246	206	26	46
245	206	28	48
245	205	27	50
245	205	27	50
248	206	23	49
249	207	23	47
248	206	23	47
248	207	24	44
243	204	29	48
236	204	36	50
233	204	39	50
239	203	32	48
239	203	32	48
239	203	32	48
239	203	32	48
239	203	32	48
239	203	32	48
239	203	32	48
239	203	32	48
231	206	38	51
236	207	37	50
228	202	41	56
218	197	48	61
221	196	49	62
223	197	57	60
209	195	58	61
207	197	65	60
207	197	62	60
211	196	55	61
209	196	57	62
209	199	59	59
208	198	63	59
209	198	59	61
209	199	58	59
212	199	53	59
214	197	53	64
230	197	53	64
213	197	53	64
232	197	53	64
232	197	53	64
214	200	61	67
211	203	53	60
215	205	55	58
218	205	54	59
229	203	50	62
217	206	53	57
230	203	49	62
219	205	52	55
235	202	43	60
235	203	36	58
237	204	34	55
243	202	29	57
247	205	26	53
247	205	24	52
246	206	25	49
246	205	25	51
246	205	25	51
246	205	25	51
246	206	26	49
246	205	26	49
245	206	26	48
245	205	27	51
245	205	27	49
245	207	26	47
245	206	26	49
245	205	26	51
245	206	26	48
246	205	25	50
246	206	26	49
243	202	28	48
264	181	28	48
242	192	28	48
241	203	28	48
244	204	25	46
248	206	24	49
248	206	24	49
248	207	24	47
247	206	24	48
248	205	24	50
247	205	25	51
247	205	25	50
245	204	27	50
245	204	26	52
249	207	23	48
245	204	27	50
249	205	22	51
250	207	22	49
247	205	25	50
247	204	25	51
248	205	24	50
248	207	24	48
248	207	23	44
235	203	27	44
272	221	27	44
282	211	27	44
250	221	27	44
249	210	24	42
247	207	25	43
243	206	29	45
239	206	33	45
233	206	39	44
226	205	45	42
227	205	46	48
227	205	46	49
227	205	46	48
226	204	46	48
227	205	45	45
227	205	45	49
227	205	45	49
227	205	45	46
228	205	45	48
227	205	45	47
228	204	44	52
226	204	46	51
229	204	43	51
228	204	45	52
225	204	48	57
221	206	51	58
234	204	47	65
232	201	41	65
226	204	45	63
223	204	47	62
234	204	41	54
232	206	40	56
230	205	41	51
228	204	43	43
233	204	51	38
221	204	43	33
222	210	49	39
234	206	39	42
235	205	37	50
237	205	35	48
231	205	42	52
227	203	45	57
224	204	47	65
224	203	47	66
226	204	45	66
224	204	47	67
221	204	50	67
215	204	57	68
241	202	46	73
225	203	46	72
219	205	54	66
206	206	65	64
204	207	72	66
220	205	65	68
214	206	60	67
198	208	69	67
204	208	69	64
207	205	72	68
197	209	73	67
198	206	75	73
219	200	75	80
218	192	72	88
228	184	67	99
217	176	77	107
212	176	80	105
212	177	72	102
193	206	78	79
206	208	72	68
219	204	61	67
214	206	62	67
210	207	65	71
216	203	65	72
208	206	67	70
209	206	73	68
206	207	66	71
208	207	69	68
203	211	61	69
212	198	67	75
202	207	71	71
207	206	69	70
196	211	73	65
198	210	76	67
220	204	58	69
223	203	50	66
225	204	50	54
228	205	45	45
226	205	46	44
225	205	47	47
225	204	48	44
226	204	45	48
225	205	47	46
225	204	46	45
232	205	39	49
227	205	44	49
213	205	44	49
213	206	44	49
227	203	40	47
227	205	45	46
226	205	46	45
227	205	45	45
226	205	46	51
225	205	47	47
227	205	45	47
230	205	43	51
235	204	38	51
241	205	31	49
245	205	27	49
245	205	26	49
245	206	26	47
245	205	27	49
244	206	28	48
244	207	28	45
239	206	34	44
231	206	41	44
225	204	46	51
224	204	48	49
225	204	48	50
226	204	44	51
227	203	36	53
225	204	36	41
229	207	42	40
229	206	42	45
225	205	44	49
227	205	43	50
226	206	46	49
227	205	44	51
227	205	46	51
226	206	45	50
226	205	45	49
227	206	44	49
226	206	46	49
227	206	46	49
227	206	48	48
227	206	47	49
227	205	46	51
227	206	46	50
227	206	45	49
226	206	49	48
227	205	48	50
227	206	47	49
227	206	46	49
228	206	44	49
228	206	45	50
227	205	44	50
227	206	46	50
228	206	44	49
227	205	45	49
227	205	45	48
227	205	46	50
227	206	45	48
227	205	45	51
227	205	45	51
228	205	44	51
228	205	44	50
227	205	44	50
227	205	45	49
228	205	43	50
228	205	43	50
227	205	45	50
227	205	45	51
228	205	43	51
228	205	44	50
227	205	46	51
228	205	44	51
228	206	42	49
227	206	44	51
227	205	44	52
228	205	44	51
227	205	46	50
228	205	44	52
228	205	43	50
228	205	44	50
227	206	45	50
228	205	46	50
228	205	44	52
228	205	42	50
228	204	35	52
227	205	41	51
242	189	46	58
226	191	59	59
224	186	62	67
218	193	65	60
214	183	64	69
242	194	64	82
233	187	53	85
230	190	47	83
227	199	54	83
226	195	62	83
227	202	61	74
226	204	62	70
226	203	58	71
228	204	44	53
228	205	43	51
229	206	43	49
227	205	45	51
227	204	46	52
227	205	44	51
227	205	44	51
228	205	43	49
227	205	46	49
227	206	44	50
227	205	45	51
228	205	45	49
226	206	47	50
227	206	46	48
227	206	45	49
227	206	44	49
229	205	43	50
231	205	42	51
233	204	39	52
232	204	39	52
232	204	40	51
233	204	37	52
235	204	35	51
238	204	33	52
236	202	35	55
237	203	33	53
236	203	34	53
236	197	38	59
235	186	40	68
234	193	43	75
236	181	40	76
237	191	43	77
230	177	54	85
239	186	52	93
245	181	45	97
226	177	52	88
238	196	39	77
239	199	38	66
234	202	40	54
233	204	40	52
231	205	41	50
229	204	43	51
227	205	45	48
227	205	45	49
227	205	45	50
228	205	45	51
228	205	44	50
227	206	46	48
228	205	45	51
228	204	46	51
227	204	46	51
228	205	44	50
228	204	43	51
228	205	45	50
228	204	45	52
228	204	44	52
228	205	43	51
227	205	46	50
228	205	44	51
227	204	46	51
227	205	46	51
227	204	46	50
227	204	46	53
227	205	46	50
227	205	46	50
228	205	45	50
227	205	46	50
228	205	45	49
227	206	44	50
227	204	46	53
227	205	47	51
228	205	44	50
226	205	48	50
227	205	46	51
228	205	45	51
228	205	43	50
228	205	43	50
227	206	46	50
227	205	45	51
229	204	43	52
228	205	43	52
227	205	46	52
228	204	43	53
228	204	44	51
229	205	44	50
234	202	38	54
235	203	38	52
236	203	38	53
234	202	38	54
232	204	40	52
234	203	38	52
241	208	32	47
244	215	32	43
243	218	30	40
243	217	30	40
243	217	30	40
243	217	30	40
232	206	30	40
231	207	37	43
227	205	45	49
226	204	47	51
228	206	45	48
228	206	45	49
228	205	45	50
229	205	44	50
228	205	44	51
227	205	46	51
228	205	45	50
228	206	45	50
228	206	44	50
227	205	45	51
227	206	45	49
227	206	45	49
229	206	43	49
228	205	44	50
227	205	46	52
228	205	45	50
229	205	44	51
229	206	43	50
228	204	45	51
228	206	45	48
227	205	44	49
227	205	45	50
229	205	35	51
241	200	35	54
237	198	43	50
241	204	37	54
236	203	37	52
231	203	41	53
228	205	44	51
228	204	44	51
228	205	45	52
228	205	43	50
228	205	44	51
227	205	45	51
228	205	45	51
228	204	44	52
229	205	43	51
228	205	44	50
228	205	44	50
228	205	44	52
229	205	43	50
228	205	44	51
229	205	43	50
227	205	45	51
228	206	44	49
227	206	44	49
228	206	43	50
228	206	44	49
227	206	44	49
228	206	44	47
228	206	44	49
226	206	46	50
226	206	46	49
227	205	46	50
226	205	48	50
227	206	45	50
227	206	46	49
226	206	47	47
227	206	46	48
227	205	45	50
227	205	46	51
227	205	46	51
228	205	45	51
228	205	44	49
227	206	45	49
227	206	45	50
227	206	46	50
227	205	46	51
226	206	46	47
226	206	48	49
227	206	45	49
227	206	46	48
228	205	43	50
228	206	45	49
226	205	46	49
227	205	46	51
227	205	46	50
230	205	42	51
228	205	43	52
227	205	47	51
227	205	46	52
228	204	43	52
228	206	46	50
228	205	44	51
229	204	42	51
228	205	44	50
227	205	46	51
228	205	45	51
228	205	45	51
229	206	43	50
227	206	47	49
227	206	45	49
227	207	45	48
228	206	43	48
228	206	44	49
227	206	44	49
227	206	46	49
228	205	44	51
228	205	45	51
228	205	45	52
228	205	45	51
228	205	45	51
228	205	44	51
228	205	45	50
228	205	45	51
227	206	45	49
227	206	45	50
229	204	42	51
228	205	43	51
229	206	43	49
228	205	44	49
229	205	44	50
228	205	44	50
229	206	41	49
229	206	47	50
232	204	41	53
227	204	45	51
227	206	45	49
228	205	45	49
227	205	46	50
229	205	44	51
228	205	44	51
228	205	44	52
228	205	44	50
227	205	46	50
228	206	44	50
228	206	44	50
228	205	44	51
228	205	43	51
228	206	44	49
228	205	43	51
228	205	45	51
227	206	45	49
228	206	44	50
227	205	46	51
228	204	44	52
228	205	43	50
228	205	45	50
228	205	45	52
228	205	44	51
229	205	43	51
227	204	45	52
228	204	43	51
227	204	45	52
230	204	43	51
236	207	38	48
235	220	38	48
223	204	38	48
228	206	35	43
227	206	44	43
227	205	45	49
228	205	45	52
228	205	44	51
228	205	44	51
228	206	43	50
228	206	43	50
228	204	43	52
229	205	43	50
228	205	44	51
228	205	43	50
227	205	45	50
228	205	45	51
228	205	44	52
227	205	46	52
227	205	45	51
228	205	44	50
228	205	44	51
228	204	44	52
227	204	46	53
228	205	45	51
228	205	45	51
228	205	44	51
228	205	45	51
228	206	44	51
229	205	42	51
228	205	45	51
227	205	45	52
229	206	42	50
228	205	44	51
228	205	45	51
228	205	45	51
227	205	45	50
228	205	44	51
229	206	42	50
228	206	42	49
228	206	44	49
227	205	45	51
227	205	47	51
228	206	45	49
227	205	45	51
227	205	46	50
227	205	45	50
228	205	44	51
227	205	44	51
228	205	45	51
228	205	45	52
229	205	44	51
228	205	45	52
229	205	43	52
228	205	45	52
228	205	44	51
229	205	42	51
228	205	44	51
229	205	43	51
228	205	43	51
228	205	45	52
229	205	43	50
228	205	45	51
227	205	46	51
228	205	45	51
228	205	46	50
227	205	47	51
229	205	42	51
228	205	44	51
229	205	44	51
229	204	42	51
228	206	44	49
228	205	44	50
229	205	43	49
228	206	45	50
229	205	43	51
228	206	44	50
228	206	43	49
227	205	46	51
228	205	45	51
227	205	46	51
228	205	44	51
228	205	44	50
227	205	46	52
227	205	46	51
228	205	43	51
228	205	44	50
229	205	42	51
228	205	45	50
227	205	46	51
227	205	45	51
228	204	44	52
228	206	45	50
227	205	45	52
228	205	45	51
228	205	46	50
228	206	45	49
227	205	45	49
228	204	42	51
228	205	39	51
228	205	44	50
228	205	43	50
228	204	43	51
227	205	45	48
227	208	44	44
226	209	48	45
226	209	47	45
227	207	45	48
228	203	35	53
229	205	35	51
228	205	38	49
227	205	45	51
227	205	46	50
228	205	44	50
227	206	45	49
228	205	44	52
227	205	46	52
228	205	45	50
228	206	44	49
228	205	44	50
228	204	44	52
228	205	43	51
228	206	44	50
228	205	44	50
228	206	45	48
229	206	43	50
227	204	45	52
227	205	45	52
229	205	43	49
228	205	44	50
228	205	45	52
228	206	44	49
228	204	44	51
228	205	44	51
229	206	43	50
228	205	44	52
228	205	44	51
227	205	46	50
228	205	45	50
228	205	44	50
227	206	46	50
228	205	45	50
228	206	44	50
227	205	45	51
228	206	44	50
227	205	46	51
228	205	44	50
227	205	46	52
227	204	46	52
228	205	44	50
229	205	43	50
228	205	44	51
227	206	45	49
226	205	47	49
227	204	39	38
241	218	39	38
240	218	39	38
241	220	33	31
231	216	36	36
229	206	42	44
227	205	46	50
227	205	46	50
227	205	45	51
227	205	45	51
227	206	46	50
227	206	46	50
227	208	46	48
229	216	46	39
226	207	46	45
241	201	46	54
225	205	40	46
226	205	45	48
227	205	45	50
227	205	47	51
228	205	45	52
228	205	44	51
228	205	44	51
228	206	45	50
228	205	45	51
228	205	45	50
229	205	43	50
227	205	46	51
227	205	45	52
228	206	44	49
227	205	46	50
228	205	44	52
229	205	43	50
228	205	43	51
228	205	44	51
230	205	41	51
227	205	46	50
228	205	45	51
227	206	45	50
227	204	45	52
228	205	44	51
229	205	43	50
227	205	45	50
228	204	44	52
228	205	45	51
229	205	41	52
229	205	43	50
229	204	42	52
228	205	44	50
228	204	43	52
229	205	43	50
227	205	45	51
229	205	43	51
229	205	43	50
227	206	47	50
227	206	45	50
229	206	38	45
237	220	38	37
227	207	46	44
226	206	46	48
227	206	46	50
228	206	44	50
228	205	45	50
227	206	46	51
228	205	43	49
227	205	45	50
228	205	44	50
228	206	43	49
228	206	43	49
227	205	44	51
227	206	46	48
227	205	46	51
227	205	45	52
227	204	47	52
228	205	44	51
228	205	43	51
227	205	45	51
228	205	43	51
228	206	44	50
228	205	44	50
228	204	43	52
229	206	42	49
227	205	45	50
228	205	44	50
228	205	43	51
227	205	45	51
228	205	44	51
227	205	44	50
227	205	45	50
227	205	46	51
228	206	45	49
228	205	43	51
228	205	44	51
228	204	43	51
228	204	43	52
228	205	43	52
228	205	45	51
228	205	44	51
228	205	44	51
227	205	46	50
228	205	45	51
228	205	45	52
228	206	43	48
227	205	45	51
227	205	46	51
228	205	44	52
228	204	44	53
227	205	45	51
227	205	46	51
227	206	46	49
227	205	47	51
228	205	44	51
228	205	44	50
228	206	44	50
227	205	46	51
228	205	45	50
227	205	45	50
228	205	43	50
229	205	43	51
227	205	45	51
227	205	45	51
228	206	45	49
228	206	44	50
227	205	46	50
227	205	46	50
228	205	45	50
227	205	46	51
228	205	45	51
229	205	42	50
227	205	44	51
227	205	47	50
228	208	45	49
235	196	41	56
235	210	41	56
234	210	41	56
234	207	49	50
227	205	49	45
226	205	46	51
227	205	46	52
227	205	46	50
228	206	45	50
228	205	45	50
228	205	44	51
227	205	44	50
227	205	45	51
227	205	44	49
226	205	46	50
227	205	45	50
228	204	44	52
227	206	45	49
227	206	46	49
227	204	45	51
227	205	46	50
228	205	44	50
228	206	42	49
227	206	46	49
228	205	44	51
227	205	46	52
228	205	45	51
227	205	45	52
226	205	46	51
227	205	45	50
227	206	46	49
228	205	43	50
228	205	44	50
227	206	45	49
228	205	45	52
228	206	43	50
228	205	43	50
228	205	44	50
227	205	46	51
229	204	43	51
227	205	47	50
227	206	45	48
227	205	45	51
227	205	44	51
227	205	46	51
228	205	44	51
229	205	42	51
228	206	43	49
227	205	45	51
227	206	45	49
227	205	45	51
227	205	46	51
228	205	44	51
227	205	45	51
227	205	45	50
228	205	44	49
227	205	44	51
228	204	44	51
227	206	45	48
227	205	45	50
227	204	45	51
227	205	46	51
227	206	46	49
227	205	46	50
226	205	46	50
227	205	44	51
228	205	44	51
228	204	43	52
228	205	44	49
227	205	45	50
228	205	44	50
229	205	42	51
227	205	45	51
228	205	44	51
227	205	45	51
226	205	47	49
228	206	45	50
228	205	44	51
228	205	44	51
228	205	44	51
228	205	44	50
227	206	46	50
228	205	44	50
227	206	45	49
228	205	44	51
229	205	43	51
228	206	43	49
227	206	46	48
228	205	43	51
228	205	43	51
227	207	46	47
227	206	45	49
228	205	44	51
228	204	44	50
229	206	44	43
226	206	45	48
227	205	44	51
227	205	45	51
227	206	46	49
229	206	42	50
227	206	44	50
227	205	46	51
228	205	44	51
229	204	43	52
229	205	43	51
227	205	45	51
228	205	44	51
228	206	45	49
227	205	45	51
228	205	45	50
228	206	45	49
228	205	45	51
228	205	43	52
228	205	44	52
228	205	45	51
229	205	43	51
229	205	42	50
229	205	42	50
228	206	44	49
227	205	45	50
227	205	43	50
228	204	38	48
227	205	45	43
226	205	46	50
227	205	46	50
227	205	46	51
227	205	45	51
227	205	45	51
228	206	43	50
228	205	42	50
227	205	46	51
228	206	45	51
227	205	44	51
227	205	45	51
228	205	45	52
228	206	43	48
228	205	44	51
227	205	45	51
229	205	43	51
229	204	43	52
227	205	44	51
227	206	45	50
228	206	44	50
229	205	42	50
227	206	44	49
227	205	46	51
227	205	46	51
228	205	44	51
228	205	43	51
226	204	47	52
228	206	43	49
228	205	43	49
228	205	44	51
227	205	45	51
227	205	45	52
227	204	45	52
233	205	40	50
229	214	45	44
225	208	49	48
228	204	37	52
228	205	44	50
228	204	45	51
228	206	44	50
229	205	42	50
227	206	45	50
228	205	43	51
229	205	42	50
227	205	45	51
226	205	48	51
228	205	45	50
227	205	48	51
227	206	45	51
227	206	42	50
226	205	42	50
226	191	42	50
226	190	42	50
243	207	42	50
242	206	42	50
227	206	42	50
228	205	44	48
227	206	44	48
228	205	43	50
227	205	45	50
227	205	45	50
228	205	45	51
228	206	45	51
227	205	45	51
227	205	44	51
228	206	43	49
228	206	44	50
228	205	43	51
228	206	43	49
229	205	42	49
227	205	45	49
227	205	45	51
228	205	44	50
227	205	45	51
228	204	45	51
228	205	43	50
227	205	45	50
226	205	46	50
228	205	44	51
228	204	44	53
233	204	40	50
227	203	45	52
231	191	43	60
239	185	46	67
227	202	32	56
228	205	39	48
227	206	44	48
228	206	44	48
229	206	43	49
227	204	46	51
227	205	46	52
227	206	46	49
228	205	43	50
227	205	45	50
228	205	44	51
227	206	45	48
227	206	44	48
227	205	46	50
227	205	46	51
228	205	45	51
227	205	46	51
227	206	45	49
228	205	43	51
228	205	44	51
228	205	43	51
228	205	44	51
229	206	42	50
227	205	44	51
228	205	43	52
227	205	45	50
228	205	45	50
228	205	44	50
228	205	45	51
227	205	45	50
227	205	46	50
228	204	44	52
228	205	45	50
228	205	44	50
228	205	43	50
228	204	44	49
226	206	46	48
226	205	47	50
227	204	45	51
231	204	42	50
239	203	34	52
232	193	40	60
232	185	48	64
237	190	53	71
241	182	62	68
247	180	67	67
234	194	77	64
242	177	77	65
226	192	86	66
231	198	90	65
224	196	96	77
220	193	92	90
227	195	91	92
234	197	82	83
225	197	73	80
225	203	61	70
225	204	60	65
225	204	62	62
226	204	53	59
227	205	45	51
227	205	46	52
228	205	45	51
227	205	45	50
227	205	45	51
227	206	47	49
228	205	45	50
228	205	44	50
227	205	44	50
228	205	42	50
228	206	44	50
227	204	45	52
228	206	45	49
228	205	44	50
227	205	44	50
227	205	46	51
228	205	43	49
228	206	44	50
227	205	46	51
227	205	46	51
227	206	44	49
227	205	45	50
225	204	46	52
227	204	46	53
226	204	46	51
226	204	46	51
227	204	45	45
228	205	46	39
228	205	44	31
225	207	45	32
224	206	46	34
225	206	47	30
224	206	48	30
226	193	46	50
225	193	46	50
222	203	42	49
235	197	42	49
214	211	54	50
234	210	54	50
219	210	54	50
231	205	44	52
226	205	46	51
228	205	43	50
227	205	45	50
228	206	44	50
227	205	46	50
227	205	46	51
227	205	46	50
227	206	45	49
227	206	46	49
227	205	45	51
227	205	45	51
227	205	45	51
228	205	44	50
227	205	46	52
228	206	44	51
227	205	46	50
227	205	44	51
227	205	45	50
227	205	45	52
227	205	45	51
227	205	44	51
227	204	45	54
226	204	45	52
228	204	44	50
227	204	45	52
229	204	45	52
225	205	50	49
242	193	44	56
227	202	49	52
228	204	39	53
228	203	33	53
229	205	27	47
228	204	26	50
228	206	22	47
230	196	22	47
245	214	25	45
232	193	33	51
226	205	42	52
230	205	44	42
227	205	46	48
226	205	46	51
226	205	45	50
227	204	46	52
227	205	44	50
227	205	45	51
228	205	44	51
228	205	45	51
229	205	43	51
229	206	42	49
228	205	44	50
227	205	46	51
228	205	44	52
229	204	42	51
227	206	45	49
229	205	42	50
226	206	46	49
226	205	47	50
226	206	46	49
228	205	44	51
227	205	45	51
227	205	45	51
227	205	44	53
227	204	45	52
227	204	45	52
228	204	44	53
228	204	44	51
227	205	46	51
228	205	43	51
228	205	43	50
228	205	44	50
227	205	46	49
227	205	45	49
227	205	45	50
227	205	46	50
227	205	46	50
227	206	44	48
227	205	44	50
227	205	44	50
227	205	45	51
227	205	44	50
227	205	44	50
227	205	44	51
226	206	47	47
226	205	46	51
227	206	45	50
227	205	46	52
226	207	47	48
228	206	44	49
229	206	41	48
227	205	45	49
227	205	45	51
228	205	44	50
227	204	46	52
228	205	42	51
227	205	45	52
227	205	45	51
227	205	46	51
227	206	46	50
228	206	43	50
227	205	46	51
228	205	44	50
228	205	42	51
228	205	42	50
227	205	46	51
229	205	43	51
228	206	44	49
227	205	45	50
228	205	44	50
227	206	46	50
227	206	45	50
228	206	45	50
228	205	44	51
228	205	45	52
228	206	43	49
227	205	46	50
228	206	44	49
227	205	44	51
227	205	46	50
227	206	45	50
227	206	44	50
227	206	45	50
227	206	46	50
227	206	45	49
227	206	46	49
228	206	44	49
228	206	44	50
228	205	44	51
228	205	45	51
228	205	44	50
228	206	45	49
227	205	44	50
228	206	44	51
229	205	41	50
227	205	45	50
228	206	44	50
228	205	43	49
227	206	45	50
228	206	42	49
228	206	44	49
228	206	43	50
228	205	44	50
228	206	44	49
227	205	45	50
229	206	42	50
228	205	44	50
228	206	43	49
227	206	46	49
229	206	43	50
228	205	44	51
227	206	45	51
228	205	43	51
227	205	45	51
228	205	44	51
229	205	43	50
228	205	43	51
227	205	45	51
228	204	43	52
227	205	44	51
227	205	47	51
227	206	46	50
227	206	44	50
227	205	45	51
227	205	44	50
226	206	46	50
228	205	44	51
227	205	45	50
228	205	43	51
228	206	44	50
228	206	44	50
228	205	44	51
227	206	45	49
228	206	44	49
227	206	44	49
227	206	45	49
228	206	43	51
227	206	46	49
228	205	43	51
228	205	43	51
227	205	44	51
227	206	44	50
227	206	44	49
229	205	42	50
227	206	46	48
227	206	45	49
227	205	46	51
227	205	44	51
227	205	46	51
228	205	44	51
227	205	44	51
228	204	43	51
227	204	43	51
227	205	44	51
227	205	45	51
227	204	43	53
227	204	44	51
227	205	44	51
227	205	44	50
227	205	43	50
227	204	44	52
227	205	44	51
226	205	45	51
227	205	45	51
227	205	45	50
227	205	44	50
227	205	44	50
227	205	45	50
227	206	44	50
228	205	43	51
227	205	46	51
226	205	45	49
227	205	45	49
227	205	45	50
227	206	45	49
226	205	45	50
227	205	45	51
228	205	43	51
227	205	47	52
227	205	44	51
228	206	43	49
228	205	44	51
226	204	45	52
227	205	45	50
227	205	44	50
228	204	43	51
227	205	44	51
227	205	43	51
227	205	45	51
227	205	43	50
227	205	45	51
227	206	44	49
226	205	46	50
227	205	44	50
226	205	46	51
227	204	45	52
227	205	44	50
227	204	45	53
227	205	44	50
227	205	45	51
227	206	45	49
227	205	44	50
226	204	46	52
226	205	47	51
228	204	44	51
230	205	43	52
232	204	40	51
231	205	41	51
229	205	43	50
225	205	47	51
227	205	45	51
227	205	44	51
227	205	44	51
227	205	45	51
227	205	45	51
227	205	44	52
227	205	43	50
228	205	42	51
228	205	42	50
228	205	44	51
227	205	46	51
227	205	44	51
227	205	45	52
227	205	45	51
228	204	43	52
227	205	43	49
