239	248	66	61
241	245	63	67
241	243	64	69
244	242	61	70
246	243	57	69
248	241	56	73
250	240	54	74
252	242	51	72
254	247	49	65
258	249	44	65
259	250	41	65
262	252	39	63
264	250	36	70
266	248	32	73
267	246	31	77
268	240	30	84
269	245	28	80
270	246	24	77
272	249	19	75
272	249	19	75
272	249	19	75
272	249	19	75
272	249	19	75
272	249	19	75
272	249	19	75
272	249	19	75
239	246	25	77
232	243	30	76
227	243	28	73
220	242	31	73
213	244	31	69
208	243	34	66
199	244	39	65
195	245	41	56
192	246	43	52
190	247	45	50
188	249	48	49
190	250	50	50
192	250	52	51
196	251	54	53
205	255	51	51
215	254	55	54
226	255	53	53
240	256	52	53
255	256	59	50
274	255	59	53
294	252	57	58
310	252	57	58
223	252	57	58
259	252	57	58
259	252	57	58
294	252	57	58
431	226	59	70
456	220	57	71
475	219	56	70
494	216	60	66
511	217	60	62
529	215	56	61
542	214	53	72
550	213	53	71
554	216	52	70
556	218	52	70
554	225	51	65
552	225	51	65
514	280	51	65
515	280	51	65
494	300	51	65
515	278	51	65
514	301	51	65
514	300	51	65
515	301	51	65
554	225	51	65
516	280	51	65
517	280	51	65
516	279	51	65
367	280	51	65
524	279	51	65
523	279	51	65
524	305	51	65
341	278	51	65
341	278	51	65
554	225	51	65
498	280	51	65
576	280	51	65
596	279	51	65
574	280	51	65
574	279	51	65
551	303	51	65
551	303	51	65
368	276	51	65
176	221	51	65
554	225	51	65
590	280	51	65
610	280	51	65
609	279	51	65
588	280	51	65
566	302	51	65
565	301	51	65
368	277	51	65
341	276	51	65
341	277	51	65
235	259	51	65
253	240	51	65
233	259	51	65
254	238	51	65
254	238	51	65
253	237	51	65
253	237	51	65
328	263	51	65
536	288	51	65
590	234	51	65
590	233	51	65
590	233	51	65
591	266	51	65
591	266	51	65
242	249	51	65
241	248	51	65
242	249	51	65
241	248	51	65
263	249	51	65
240	248	51	65
334	272	51	65
532	297	51	65
323	270	51	65
350	270	51	65
550	298	51	65
339	267	51	65
339	267	51	65
339	267	51	65
340	267	51	65
215	265	51	65
199	254	44	60
191	245	42	64
183	237	42	58
177	230	41	57
173	225	42	54
170	221	45	52
171	218	45	48
174	217	44	46
177	219	44	45
182	223	43	42
193	228	36	38
205	239	31	31
248	281	31	31
236	282	31	31
254	263	31	31
273	263	31	31
272	262	31	31
251	263	31	31
251	262	31	31
346	286	31	31
346	286	31	31
345	285	31	31
346	286	31	31
460	285	31	31
339	285	31	31
339	286	31	31
339	286	31	31
340	286	31	31
550	320	31	31
337	283	31	31
548	318	31	31
335	281	31	31
581	245	31	31
369	280	31	31
334	279	31	31
579	279	31	31
544	279	31	31
367	279	31	31
367	279	31	31
367	279	31	31
367	279	31	31
332	279	31	31
366	279	31	31
365	279	31	31
541	314	31	31
541	313	31	31
541	313	31	31
541	313	31	31
365	277	31	31
541	312	31	31
365	275	31	31
541	310	31	31
541	309	31	31
541	309	31	31
541	309	31	31
541	309	31	31
541	309	31	31
541	309	31	31
541	309	31	31
541	309	31	31
541	309	31	31
541	309	31	31
541	309	31	31
541	309	31	31
541	309	31	31
541	309	31	31
541	309	31	31
541	309	31	31
541	309	31	31
259	238	31	31
276	273	31	31
279	269	37	36
291	269	30	42
248	269	30	42
248	269	30	42
248	269	30	42
248	269	30	42
248	269	30	42
248	269	30	42
248	269	30	42
248	269	30	42
248	269	30	42
248	269	30	42
248	269	30	42
266	251	30	42
266	251	30	42
266	251	30	42
266	251	30	42
266	251	30	42
337	275	30	42
530	216	30	42
511	290	30	42
511	290	30	42
511	290	30	42
511	290	30	42
511	290	30	42
511	290	30	42
511	290	30	42
511	290	30	42
511	290	30	42
493	290	30	42
493	308	30	42
493	308	30	42
493	308	30	42
493	308	30	42
493	308	30	42
493	308	30	42
493	308	30	42
493	308	30	42
493	308	30	42
263	279	30	42
265	282	34	44
253	274	43	50
252	271	52	51
255	271	57	50
260	267	54	52
266	266	49	52
269	268	46	50
280	267	40	51
287	267	31	50
300	267	31	50
244	267	31	50
243	267	31	50
244	267	31	50
244	267	31	50
244	267	31	50
244	267	31	50
244	267	31	50
322	287	31	50
486	308	31	50
507	287	31	50
508	286	31	50
508	286	31	50
255	219	31	50
328	274	31	50
329	274	31	50
491	294	31	50
491	294	31	50
491	294	31	50
491	294	31	50
486	293	35	49
485	292	35	49
486	293	35	49
506	292	35	49
529	281	35	49
488	298	41	51
487	298	41	51
474	285	41	51
493	285	41	51
493	286	41	51
492	285	41	51
492	285	41	51
492	285	41	51
488	285	45	54
487	285	45	54
515	188	45	54
472	290	51	67
473	290	51	67
492	289	51	67
492	290	51	67
491	289	51	67
491	289	51	67
473	289	51	67
473	289	51	67
474	290	51	67
493	289	51	67
475	289	51	67
475	289	51	67
476	290	51	67
475	289	51	67
475	289	51	67
475	289	51	67
476	290	51	67
475	289	51	67
475	289	51	67
475	289	51	67
476	290	51	67
475	289	51	67
476	290	51	67
475	289	51	67
475	289	51	67
475	289	51	67
476	290	51	67
475	289	51	67
475	289	51	67
464	280	64	78
481	280	64	78
481	280	64	78
481	280	64	78
481	280	64	78
481	280	64	78
481	280	64	78
475	276	81	84
463	278	94	81
462	278	94	81
462	277	94	81
462	278	94	81
462	277	94	81
462	278	94	81
462	277	94	81
462	278	94	81
462	279	94	81
461	278	94	81
461	278	94	81
320	278	94	81
460	278	94	81
459	278	94	81
459	278	94	81
459	278	94	81
459	278	94	81
453	277	94	81
451	279	104	79
451	278	103	80
451	278	103	80
451	278	103	80
451	278	103	80
451	278	103	80
451	278	103	80
451	278	103	80
310	278	103	80
309	278	103	80
309	278	103	80
309	278	103	80
309	278	103	80
309	278	103	80
450	278	103	80
449	278	103	80
449	278	103	80
449	278	103	80
449	278	103	80
449	278	103	80
308	278	103	80
307	278	103	80
448	278	103	80
447	278	103	80
447	278	103	80
447	278	103	80
482	278	103	80
445	278	103	80
480	278	103	80
479	278	103	80
479	278	103	80
479	278	103	80
479	278	103	80
479	278	103	80
479	278	103	80
479	278	103	80
479	278	103	80
479	278	103	80
479	278	103	80
479	278	103	80
479	278	103	80
479	278	103	80
479	278	103	80
232	243	103	80
477	277	103	80
477	276	103	80
301	276	103	80
477	276	103	80
301	276	103	80
301	276	103	80
301	276	103	80
336	241	103	80
335	275	103	80
476	274	103	80
299	274	103	80
299	274	103	80
475	309	103	80
475	308	103	80
299	273	103	80
475	307	103	80
475	306	103	80
475	306	103	80
299	271	103	80
475	305	103	80
299	269	103	80
299	268	103	80
475	303	103	80
299	267	103	80
475	301	103	80
475	300	103	80
475	300	103	80
299	265	103	80
299	264	103	80
404	18	103	80
322	272	103	80
210	253	103	80
211	253	103	80
231	232	103	80
231	232	103	80
230	232	103	80
419	19	103	80
443	-5	103	80
443	20	103	80
444	-6	103	80
443	-6	103	80
443	-6	103	80
444	-6	103	80
444	-6	103	80
234	202	103	80
235	202	103	80
481	273	103	80
305	272	103	80
305	272	103	80
305	272	103	80
481	272	103	80
305	272	103	80
481	272	103	80
481	272	103	80
305	272	103	80
305	272	103	80
305	272	103	80
481	272	103	80
305	272	103	80
481	272	103	80
305	272	103	80
410	26	103	80
411	24	103	80
411	24	103	80
411	-10	103	80
411	23	103	80
411	22	103	80
481	304	103	80
305	269	103	80
410	22	103	80
411	20	103	80
305	267	103	80
305	266	103	80
305	266	103	80
305	266	103	80
305	266	103	80
305	266	103	80
305	266	103	80
305	266	103	80
305	266	103	80
305	266	103	80
340	266	103	80
339	266	103	80
409	20	103	80
479	300	103	80
479	300	103	80
408	18	103	80
479	300	103	80
479	300	103	80
303	265	103	80
408	18	103	80
268	192	103	80
267	192	103	80
267	192	103	80
267	192	103	80
267	192	103	80
231	192	103	80
248	174	103	80
273	186	51	64
275	213	41	69
275	222	39	61
276	238	39	61
275	256	39	61
237	256	39	61
257	255	39	61
342	277	39	61
342	276	39	61
507	300	39	61
359	275	39	61
358	274	39	61
359	275	39	61
358	274	39	61
358	274	39	61
359	275	39	61
359	275	39	61
360	275	39	61
359	274	39	61
359	274	39	61
359	274	39	61
359	274	39	61
359	274	39	61
359	274	39	61
359	274	39	61
359	274	39	61
359	274	39	61
535	27	39	61
359	272	39	61
359	272	39	61
252	254	39	61
252	253	39	61
253	254	39	61
252	253	39	61
338	275	39	61
248	229	39	61
343	276	39	61
516	78	39	61
567	287	39	61
577	269	39	61
525	267	51	64
481	264	49	58
440	259	52	59
393	243	52	59
377	226	52	59
340	208	52	59
243	247	52	59
263	246	52	59
263	247	52	59
263	246	52	59
263	128	52	59
263	127	52	59
254	124	59	47
255	125	49	39
255	126	49	39
255	239	49	39
267	120	49	39
272	122	45	46
279	121	41	51
292	126	35	48
308	127	34	46
308	127	34	46
333	127	34	46
253	234	34	46
351	122	34	46
356	124	36	42
361	125	42	38
369	124	40	38
376	123	38	37
382	123	31	37
386	126	28	35
389	127	27	37
391	130	25	37
387	134	30	36
386	133	33	39
383	138	36	35
382	139	37	31
376	145	40	29
369	148	43	28
365	152	41	27
359	157	37	27
353	158	33	31
348	160	32	33
342	164	25	34
338	168	22	33
333	174	19	33
329	180	19	29
326	186	16	27
321	185	19	32
317	192	23	31
315	199	26	28
312	203	28	27
315	207	31	26
316	210	33	27
318	213	36	28
322	218	36	28
327	226	34	26
331	234	36	26
336	240	36	24
348	244	30	22
355	247	25	20
363	253	21	16
370	259	21	16
356	315	21	16
298	285	21	16
238	285	21	16
257	266	21	16
257	266	21	16
256	266	21	16
257	266	21	16
256	266	21	16
280	266	21	16
354	291	21	16
353	291	21	16
354	291	21	16
353	291	21	16
353	291	21	16
575	38	21	16
576	5	21	16
577	40	21	16
364	287	21	16
575	5	21	16
574	4	21	16
362	286	21	16
362	286	21	16
362	286	21	16
362	286	21	16
362	286	21	16
362	286	21	16
573	5	21	16
360	286	21	16
360	286	21	16
360	286	21	16
360	286	21	16
360	286	21	16
360	286	21	16
360	286	21	16
360	286	21	16
360	286	21	16
360	286	21	16
360	286	21	16
360	286	21	16
360	286	21	16
360	286	21	16
360	286	21	16
360	286	21	16
360	286	21	16
360	286	21	16
360	286	21	16
360	286	21	16
360	286	21	16
360	286	21	16
360	286	21	16
360	286	21	16
360	286	21	16
360	286	21	16
360	286	21	16
360	286	21	16
360	286	21	16
571	5	21	16
570	4	21	16
570	4	21	16
570	4	21	16
570	4	21	16
605	40	21	16
357	285	21	16
356	284	21	16
356	284	21	16
356	284	21	16
602	38	21	16
355	318	21	16
600	37	21	16
353	318	21	16
352	283	21	16
352	282	21	16
563	106	21	16
350	283	21	16
561	106	21	16
560	106	21	16
560	106	21	16
348	283	21	16
348	282	21	16
594	36	21	16
347	281	21	16
346	316	21	16
592	33	21	16
345	314	21	16
590	32	21	16
589	34	24	21
621	15	24	21
582	14	30	28
582	14	30	28
615	46	30	28
595	27	30	28
595	27	30	28
595	27	30	28
595	27	30	28
572	27	30	28
572	27	30	28
590	27	30	28
589	27	30	28
589	27	30	28
592	28	36	33
591	27	36	33
591	28	36	33
591	7	36	33
591	7	36	33
591	29	36	33
591	5	36	33
591	5	36	33
591	4	36	33
591	5	36	33
591	4	36	33
591	4	36	33
591	5	36	33
591	5	36	33
347	284	36	33
424	225	36	33
423	220	31	35
419	218	33	38
422	219	26	40
406	207	51	64
402	207	40	61
402	207	40	61
402	207	40	61
383	208	40	61
383	207	40	61
254	250	40	61
254	250	40	61
254	226	40	61
254	227	40	61
358	278	40	61
358	279	40	61
358	278	40	61
358	278	40	61
358	279	40	61
258	212	40	61
364	282	40	61
540	0	40	61
540	0	40	61
540	0	40	61
540	0	40	61
540	0	40	61
540	0	40	61
540	0	40	61
540	0	40	61
540	0	40	61
540	0	40	61
540	0	40	61
540	0	40	61
540	0	40	61
540	0	40	61
540	0	40	61
540	0	40	61
540	0	40	61
540	0	40	61
540	0	40	61
540	0	40	61
540	0	40	61
540	0	40	61
540	0	40	61
540	0	40	61
540	0	40	61
540	0	40	61
540	0	40	61
540	0	40	61
540	0	40	61
540	0	40	61
540	0	40	61
540	0	40	61
540	0	40	61
540	0	40	61
540	0	40	61
540	0	40	61
540	0	40	61
540	0	40	61
540	0	40	61
575	0	40	61
539	0	40	61
573	0	40	61
572	0	40	61
572	0	40	61
572	0	40	61
572	0	40	61
572	0	40	61
572	0	40	61
572	0	40	61
572	0	40	61
572	0	40	61
572	0	40	61
572	0	40	61
572	0	40	61
572	0	40	61
572	0	40	61
572	0	40	61
572	0	40	61
572	0	40	61
572	0	40	61
572	0	40	61
572	0	40	61
572	0	40	61
572	0	40	61
572	0	40	61
572	0	40	61
572	0	40	61
572	0	40	61
572	0	40	61
572	0	40	61
361	281	40	61
571	0	40	61
429	211	40	61
358	280	40	61
358	280	40	61
358	280	40	61
358	280	40	61
358	280	40	61
358	280	40	61
358	280	40	61
358	280	40	61
358	280	40	61
358	280	40	61
358	280	40	61
358	280	40	61
358	280	40	61
358	280	40	61
358	280	40	61
358	280	40	61
358	280	40	61
358	280	40	61
358	280	40	61
358	280	40	61
252	244	40	61
252	243	40	61
272	244	40	61
250	243	40	61
250	244	40	61
272	243	40	61
248	243	40	61
347	268	40	61
347	268	40	61
347	269	40	61
232	211	40	61
352	270	40	61
225	207	40	61
358	274	40	61
359	275	40	61
217	203	40	61
357	274	40	61
356	274	40	61
356	274	40	61
356	274	40	61
356	274	40	61
356	274	40	61
356	274	40	61
356	274	40	61
250	255	40	61
268	237	40	61
346	275	40	61
386	275	40	61
257	233	40	61
437	255	40	61
460	254	40	61
480	261	43	49
483	265	56	41
487	265	58	38
490	266	57	37
492	267	55	35
494	266	49	38
490	266	48	39
484	264	47	41
483	264	38	43
476	266	34	42
472	264	33	41
460	274	33	41
436	274	33	41
485	262	33	41
588	314	33	41
601	314	33	41
602	314	33	41
601	313	33	41
601	313	33	41
601	313	33	41
602	314	33	41
601	313	33	41
602	314	33	41
601	313	33	41
601	313	33	41
602	314	33	41
602	314	33	41
577	94	33	41
371	298	33	41
345	271	33	41
232	242	33	41
349	272	33	41
350	272	33	41
350	272	33	41
350	272	33	41
350	272	33	41
350	272	33	41
350	272	33	41
244	236	33	41
233	246	33	41
250	245	44	43
268	263	44	43
300	263	44	43
311	267	48	47
328	266	48	47
328	286	48	47
348	285	48	47
370	286	48	47
346	285	48	47
252	238	48	47
450	263	48	47
449	276	48	47
462	274	50	47
465	270	54	49
466	271	55	45
466	270	54	43
465	270	51	42
465	271	45	38
461	269	44	39
457	271	39	35
450	273	40	41
443	271	35	47
443	271	35	47
468	283	35	47
585	309	35	47
598	308	35	47
598	309	35	47
597	308	35	47
598	309	35	47
598	309	35	47
598	309	35	47
597	308	35	47
598	309	35	47
597	308	35	47
597	308	35	47
597	308	35	47
597	308	35	47
573	112	35	47
573	8	35	47
572	7	35	47
573	8	35	47
573	8	35	47
572	7	35	47
341	272	35	47
342	272	35	47
552	95	35	47
339	271	35	47
233	236	35	47
233	235	35	47
233	235	35	47
233	235	35	47
233	235	35	47
268	235	35	47
267	270	35	47
267	269	35	47
337	269	35	47
583	93	35	47
583	93	35	47
336	304	35	47
335	303	35	47
335	268	35	47
581	56	35	47
581	90	35	47
581	89	35	47
581	89	35	47
581	89	35	47
581	89	35	47
581	89	35	47
581	89	35	47
581	89	35	47
581	89	35	47
581	89	35	47
581	89	35	47
581	89	35	47
581	89	35	47
581	89	35	47
581	89	35	47
581	89	35	47
581	89	35	47
545	89	35	47
580	19	35	47
367	301	35	47
578	19	35	47
577	19	35	47
365	301	35	47
552	98	35	47
569	12	41	47
568	12	41	47
569	0	41	47
568	0	41	47
569	20	41	47
568	19	41	47
569	20	41	47
568	19	41	47
568	19	41	47
569	20	41	47
568	19	41	47
569	20	41	47
568	19	41	47
568	19	41	47
569	20	41	47
569	20	41	47
359	299	41	47
571	17	41	47
570	17	41	47
570	17	41	47
358	298	41	47
569	17	41	47
356	298	41	47
602	-17	41	47
567	86	41	47
566	87	41	47
354	298	41	47
354	297	41	47
354	297	41	47
354	297	41	47
354	297	41	47
354	297	41	47
565	85	41	47
564	85	41	47
564	85	41	47
564	85	41	47
564	85	41	47
564	85	41	47
352	296	41	47
598	13	41	47
351	294	41	47
350	295	41	47
596	13	41	47
349	294	41	47
348	295	41	47
594	13	41	47
347	294	41	47
346	295	41	47
592	13	41	47
557	13	41	47
344	294	41	47
590	13	41	47
343	294	41	47
588	13	41	47
341	294	41	47
586	13	41	47
586	13	41	47
586	13	41	47
586	13	41	47
586	13	41	47
586	13	41	47
586	13	41	47
339	294	41	47
338	295	41	47
232	259	41	47
232	259	41	47
337	294	41	47
338	293	41	47
338	293	41	47
338	293	41	47
338	293	41	47
338	293	41	47
338	293	41	47
338	293	41	47
338	293	41	47
338	293	41	47
390	275	41	47
389	274	41	47
429	255	41	47
449	255	41	47
599	299	41	47
463	253	41	47
463	253	41	47
593	124	41	47
593	7	41	47
552	88	41	47
573	2	41	47
595	1	41	47
594	1	41	47
570	2	41	47
569	1	41	47
587	19	41	47
586	18	41	47
586	18	41	47
587	19	41	47
586	18	41	47
586	18	41	47
587	19	41	47
586	18	41	47
587	19	41	47
586	18	41	47
586	18	41	47
586	18	41	47
586	18	41	47
586	18	41	47
587	19	41	47
586	18	41	47
587	19	41	47
564	86	41	47
587	14	41	47
587	15	41	47
586	92	41	47
587	93	41	47
357	293	41	47
356	293	41	47
357	294	41	47
589	94	41	47
591	96	41	47
343	271	41	47
342	271	41	47
342	271	41	47
342	271	41	47
342	271	41	47
342	271	41	47
342	271	41	47
342	271	41	47
342	271	41	47
342	271	41	47
342	271	41	47
342	271	41	47
342	271	41	47
342	271	41	47
342	271	41	47
342	271	41	47
342	271	41	47
342	271	41	47
342	271	41	47
342	271	41	47
342	271	41	47
342	271	41	47
342	271	41	47
342	271	41	47
342	271	41	47
342	271	41	47
342	271	41	47
342	271	41	47
342	271	41	47
342	271	41	47
342	271	41	47
342	271	41	47
342	271	41	47
342	271	41	47
342	271	41	47
342	271	41	47
342	271	41	47
253	253	41	47
252	252	41	47
253	253	41	47
354	109	41	47
461	67	41	47
370	134	41	47
370	133	41	47
396	134	41	47
343	289	41	47
397	153	41	47
397	152	41	47
397	152	41	47
334	279	41	47
335	280	41	47
578	18	41	47
578	19	51	58
556	2	63	63
541	3	63	63
540	2	63	63
523	3	63	63
523	3	63	63
523	3	63	63
502	3	63	63
503	24	63	63
502	181	63	63
503	181	63	63
502	180	63	63
502	180	63	63
502	180	63	63
502	180	63	63
502	180	63	63
503	181	63	63
336	280	63	63
336	280	63	63
335	279	63	63
335	279	63	63
229	208	63	63
334	279	63	63
475	173	63	63
475	173	63	63
510	173	63	63
509	173	63	63
509	173	63	63
332	278	63	63
227	208	63	63
262	209	63	63
261	173	63	63
269	180	49	65
283	178	43	53
290	182	46	44
301	185	44	43
313	185	41	42
321	187	45	36
331	186	43	38
341	185	40	35
349	181	39	37
355	180	38	37
361	177	35	40
365	176	32	41
368	175	28	43
370	177	27	45
369	181	26	43
365	185	27	42
361	189	25	40
342	180	51	64
336	180	42	61
243	258	42	61
242	258	42	61
262	239	42	61
261	239	42	61
261	240	42	61
261	239	42	61
261	239	42	61
261	240	42	61
261	239	42	61
261	212	42	61
261	212	42	61
351	273	42	61
351	273	42	61
351	273	42	61
352	273	42	61
351	272	42	61
351	272	42	61
351	272	42	61
351	272	42	61
528	166	42	61
527	131	42	61
351	271	42	61
246	199	42	61
245	200	42	61
281	200	42	61
526	129	42	61
349	271	42	61
349	270	42	61
349	270	42	61
349	270	42	61
314	199	42	61
316	203	37	63
323	205	38	57
329	207	39	50
336	209	39	49
343	213	39	47
349	217	38	47
355	220	38	43
359	222	42	41
364	223	42	41
368	225	42	42
371	229	43	40
374	230	44	42
375	229	45	44
374	228	45	44
373	226	44	44
369	223	44	43
364	223	43	39
358	220	42	38
352	218	40	37
343	217	40	37
336	216	37	39
326	215	36	40
317	212	34	49
310	210	33	50
301	210	31	51
291	209	29	49
282	207	30	52
273	209	29	49
260	206	33	49
238	273	33	49
249	204	33	49
249	203	33	49
249	206	33	49
247	212	34	52
247	212	34	52
247	219	33	57
248	221	32	59
248	221	32	59
248	261	32	59
262	232	32	59
262	233	32	59
247	264	32	59
230	280	32	59
212	262	32	59
188	262	32	59
169	261	32	59
130	262	32	59
130	261	32	59
109	262	32	59
64	261	32	59
64	261	32	59
15	262	32	59
14	261	32	59
14	262	32	59
14	261	32	59
44	231	32	59
13	262	32	59
12	263	32	59
292	264	32	59
363	263	32	59
327	263	32	59
361	263	32	59
360	263	32	59
360	263	32	59
360	263	32	59
360	263	32	59
395	262	32	59
376	281	32	59
357	281	32	59
357	280	32	59
338	280	32	59
338	281	32	59
338	280	32	59
338	281	32	59
338	280	32	59
291	257	32	59
282	256	32	59
262	259	42	51
250	252	43	46
241	256	46	35
237	255	44	29
233	247	47	36
228	248	51	33
226	247	51	33
227	231	51	64
225	236	57	57
231	243	49	42
236	247	46	35
238	251	46	32
245	257	44	32
255	259	43	33
264	265	49	34
277	266	48	41
293	271	46	34
306	271	46	34
320	271	46	34
234	271	46	34
339	286	46	34
243	270	46	34
243	270	46	34
261	253	46	34
390	289	46	34
429	270	46	34
450	270	46	34
449	270	46	34
449	270	46	34
449	258	46	34
460	258	46	46
466	258	39	44
470	261	36	39
457	249	36	39
457	262	36	39
444	262	36	39
444	262	36	39
444	276	36	39
444	276	36	39
575	325	36	39
592	307	36	39
592	307	36	39
592	306	36	39
592	167	36	39
592	168	36	39
592	168	36	39
592	168	36	39
592	167	36	39
592	168	36	39
592	167	36	39
592	167	36	39
358	285	36	39
284	200	36	39
246	237	36	39
246	237	36	39
232	232	34	41
221	232	34	41
232	229	38	46
233	228	47	50
237	228	44	48
243	225	38	55
243	265	38	55
257	221	38	55
257	222	38	55
272	221	38	55
239	271	38	55
274	253	38	55
238	254	38	55
238	254	38	55
258	254	38	55
258	254	38	55
413	209	38	55
413	208	38	55
437	184	38	55
360	286	38	55
360	285	38	55
360	285	38	55
360	286	38	55
360	285	38	55
360	285	38	55
359	285	38	55
359	285	38	55
359	285	38	55
359	285	38	55
359	285	38	55
359	285	38	55
359	285	38	55
359	285	38	55
359	285	38	55
359	285	38	55
359	285	38	55
359	285	38	55
570	250	38	55
358	284	38	55
568	212	38	55
356	283	38	55
355	283	38	55
355	283	38	55
355	283	38	55
355	283	38	55
355	283	38	55
355	283	38	55
355	283	38	55
355	283	38	55
355	283	38	55
355	283	38	55
355	283	38	55
602	177	38	55
601	177	38	55
601	176	38	55
601	195	38	55
601	195	38	55
601	214	38	55
621	214	38	55
599	295	38	55
599	316	38	55
599	315	38	55
599	315	38	55
599	316	38	55
599	315	38	55
380	288	38	55
351	288	38	55
421	235	38	55
423	227	31	49
430	224	32	50
436	221	33	52
438	220	36	50
438	220	38	51
438	225	37	47
437	228	37	50
435	241	38	48
434	254	38	52
434	280	38	52
421	279	38	52
420	293	38	52
550	321	38	52
596	200	38	52
596	183	38	52
591	185	48	42
578	183	61	42
576	169	51	64
576	168	51	64
575	168	51	64
557	168	51	64
556	168	51	64
578	168	51	64
577	168	51	64
577	168	51	64
578	168	51	64
577	168	51	64
577	185	51	64
574	193	65	46
573	199	68	43
578	204	64	44
585	209	57	43
585	210	57	43
601	210	57	43
600	209	57	43
565	318	57	43
583	241	57	43
563	301	57	43
584	302	57	43
584	302	57	43
584	302	57	43
583	301	57	43
381	302	57	43
247	248	57	43
330	275	57	43
330	275	57	43
233	275	57	43
251	256	57	43
368	295	57	43
388	294	57	43
366	295	57	43
254	249	57	43
324	273	57	43
324	273	57	43
323	272	57	43
433	245	57	43
432	245	57	43
342	275	57	43
342	276	57	43
342	276	57	43
343	276	57	43
342	275	57	43
342	275	57	43
342	275	57	43
342	275	57	43
342	275	57	43
342	275	57	43
236	257	57	43
235	256	57	43
255	257	57	43
254	256	57	43
341	278	57	43
340	277	57	43
340	277	57	43
316	278	57	43
315	277	57	43
343	278	57	43
342	277	57	43
342	277	57	43
343	278	57	43
272	260	57	43
282	256	42	51
292	255	32	49
296	255	29	51
296	254	30	57
301	256	31	52
300	256	31	52
314	256	31	52
246	269	31	52
317	269	31	52
243	269	31	52
335	269	31	52
254	252	31	52
237	269	31	52
254	269	31	52
253	250	31	52
254	250	31	52
337	271	31	52
336	271	31	52
337	271	31	52
336	271	31	52
362	271	31	52
361	271	31	52
361	271	31	52
281	190	31	52
262	245	31	52
340	284	31	52
339	284	31	52
340	284	31	52
362	284	31	52
338	284	31	52
363	284	31	52
257	248	31	52
256	248	31	52
315	287	31	52
253	246	31	52
317	289	31	52
294	289	31	52
293	289	31	52
269	264	31	52
268	281	31	52
269	278	31	47
267	278	30	44
268	280	29	42
268	279	27	44
270	282	27	38
278	273	29	40
281	277	32	37
283	275	26	44
275	265	51	64
235	265	51	64
234	265	51	64
290	254	51	64
226	262	51	64
262	243	51	64
263	243	51	64
262	243	51	64
263	243	51	64
307	265	51	64
307	265	51	64
308	265	51	64
334	265	51	64
334	265	51	64
333	265	51	64
333	265	51	64
334	265	51	64
334	265	51	64
334	265	51	64
333	264	51	64
333	264	51	64
333	264	51	64
333	264	51	64
333	264	51	64
333	264	51	64
333	264	51	64
333	264	51	64
333	264	51	64
333	264	51	64
333	264	51	64
333	264	51	64
333	264	51	64
580	299	51	64
579	298	51	64
579	298	51	64
368	263	51	64
332	262	51	64
331	262	51	64
331	262	51	64
331	262	51	64
331	262	51	64
331	262	51	64
331	262	51	64
331	262	51	64
331	262	51	64
331	262	51	64
331	262	51	64
331	262	51	64
331	262	51	64
331	262	51	64
331	262	51	64
331	262	51	64
331	262	51	64
331	262	51	64
331	262	51	64
331	262	51	64
331	262	51	64
331	262	51	64
331	262	51	64
331	262	51	64
331	262	51	64
331	262	51	64
331	262	51	64
331	262	51	64
331	262	51	64
331	262	51	64
331	262	51	64
331	262	51	64
331	262	51	64
331	262	51	64
331	262	51	64
330	279	51	64
330	260	51	64
330	260	51	64
336	237	58	63
336	224	63	69
339	216	66	68
342	209	69	65
339	211	74	74
339	211	74	74
340	220	79	82
340	228	80	96
333	250	94	102
326	253	103	103
315	265	121	92
310	266	130	90
303	266	140	91
348	277	51	64
348	277	51	64
348	277	51	64
347	276	51	64
347	276	51	64
346	276	51	64
235	257	51	64
255	238	51	64
254	238	51	64
298	260	51	64
320	281	51	64
296	257	51	64
295	257	51	64
299	259	55	58
298	258	55	52
298	259	53	50
300	261	50	44
298	262	52	49
299	267	48	47
303	268	46	51
306	269	40	51
308	275	37	45
312	275	34	46
312	279	34	47
240	267	34	47
239	267	34	47
239	266	34	47
239	266	34	47
239	266	34	47
239	266	34	47
239	267	34	47
324	266	34	47
252	267	34	47
364	248	34	47
364	247	34	47
364	227	34	47
371	220	39	49
371	217	46	52
371	211	50	60
369	206	60	65
374	205	57	67
374	212	55	62
372	222	56	55
370	233	56	51
370	249	56	51
370	248	56	51
226	267	56	51
340	286	56	51
240	246	56	51
322	287	56	51
322	287	56	51
345	287	56	51
345	287	56	51
345	287	56	51
345	286	56	51
345	286	56	51
345	287	56	51
285	257	56	51
289	249	48	54
298	235	36	46
298	235	36	46
298	251	36	46
298	251	36	46
298	251	36	46
261	251	36	46
261	251	36	46
301	251	36	46
301	251	36	46
301	251	36	46
301	251	36	46
244	274	36	46
318	255	36	46
337	255	36	46
330	250	42	50
241	279	43	36
334	225	43	36
345	210	53	48
340	197	64	48
348	172	51	64
346	165	60	51
344	154	65	46
344	145	65	42
343	135	64	44
342	128	64	44
341	124	60	46
340	124	58	48
342	127	53	49
339	130	53	53
341	138	46	49
340	143	43	52
341	148	37	51
340	154	37	50
341	159	34	48
341	164	34	46
342	171	32	44
343	178	31	41
343	186	30	39
346	191	28	35
347	192	29	34
348	193	27	33
349	192	27	34
350	191	27	32
351	189	25	31
352	188	26	30
353	186	25	30
354	184	25	31
354	183	25	31
354	183	25	31
353	185	25	29
353	184	26	32
353	186	25	33
353	189	25	34
351	191	27	34
351	191	27	37
349	191	28	40
348	192	28	38
348	191	27	40
345	190	30	41
343	188	32	42
342	185	33	43
338	184	37	42
337	183	37	42
333	181	41	43
330	180	43	43
329	179	44	45
329	179	44	45
327	178	45	43
327	179	44	43
325	176	47	45
323	176	47	44
321	175	50	45
319	174	53	45
319	173	53	44
319	172	51	45
318	172	54	45
318	173	54	43
317	174	54	43
317	174	54	44
318	176	53	47
320	180	50	47
320	182	50	47
321	186	48	47
324	189	45	47
326	192	43	46
328	194	40	46
329	199	39	45
331	202	34	45
332	207	35	43
333	210	31	44
334	211	29	47
335	210	26	48
325	204	46	58
330	206	32	54
323	202	46	58
321	202	46	62
320	193	46	62
264	248	46	62
245	248	46	62
265	248	46	62
265	248	46	62
242	225	46	62
313	177	46	62
312	177	46	62
312	177	46	62
394	40	46	62
538	11	46	62
549	178	46	62
545	186	49	47
562	186	49	47
555	194	50	45
560	200	58	42
566	195	46	58
565	205	43	45
576	208	42	47
569	213	48	44
565	216	60	46
565	221	72	46
567	226	72	46
574	231	65	46
580	235	59	46
583	238	57	46
588	242	52	46
588	241	52	46
588	241	52	46
471	291	52	46
558	291	52	46
558	291	52	46
461	291	52	46
319	291	52	46
255	248	52	46
321	91	52	46
324	94	46	44
326	96	46	40
328	98	45	39
329	101	43	41
332	104	40	42
331	107	41	43
331	110	40	45
325	138	30	45
327	144	24	43
315	139	46	58
318	145	33	49
310	141	46	58
316	146	34	50
316	145	34	50
305	155	34	50
305	155	34	50
305	155	34	50
266	253	34	50
266	252	34	50
309	166	34	50
314	168	27	42
304	159	46	58
311	159	37	57
313	162	30	56
313	168	31	49
314	170	32	48
314	171	33	48
315	172	33	47
314	175	36	47
316	178	37	46
316	181	39	44
318	182	39	48
318	187	41	46
318	190	43	47
318	194	46	46
318	196	46	48
320	199	45	46
319	202	49	47
320	205	48	44
320	207	51	44
320	210	50	44
321	211	50	44
324	212	46	45
321	214	50	46
320	216	50	47
320	218	49	44
323	219	45	46
322	220	44	46
321	220	44	47
321	222	42	44
321	221	41	46
321	224	41	43
321	222	40	45
319	225	40	42
319	228	38	40
318	230	37	37
318	233	34	39
316	236	34	43
316	237	30	41
316	241	27	40
315	241	27	40
315	259	27	40
315	248	25	41
310	242	35	46
243	270	35	46
243	270	35	46
242	270	35	46
243	270	35	46
301	259	35	46
309	258	35	46
311	261	25	49
308	260	35	46
311	258	28	51
313	259	27	51
314	259	28	53
315	261	30	53
314	264	32	56
312	265	37	54
312	265	39	55
312	266	43	54
312	266	45	51
311	274	48	47
312	276	50	45
312	275	52	46
312	275	52	46
312	272	57	53
312	271	57	53
312	271	57	53
313	272	57	53
312	271	57	53
313	272	57	53
312	271	57	53
312	271	57	53
313	272	57	53
494	63	57	53
549	8	57	53
492	65	57	53
234	258	57	53
308	276	57	53
328	276	57	53
327	275	57	53
306	276	57	53
306	275	57	53
330	275	57	53
330	276	57	53
329	275	57	53
330	276	57	53
311	275	57	53
314	278	43	48
315	277	39	44
238	281	41	33
240	283	42	30
244	275	35	46
244	275	35	46
317	275	35	46
260	256	35	46
259	256	35	46
346	278	35	46
345	277	35	46
345	277	35	46
346	277	35	46
345	277	35	46
240	259	35	46
239	259	35	46
240	259	35	46
341	279	35	46
255	258	35	46
344	280	35	46
344	280	35	46
345	280	35	46
344	280	35	46
239	262	35	46
257	262	35	46
238	262	35	46
339	282	35	46
339	282	35	46
338	282	35	46
338	282	35	46
250	264	35	46
249	264	35	46
328	284	35	46
348	283	35	46
348	283	35	46
527	305	35	46
362	281	35	46
362	281	35	46
335	281	35	46
335	281	35	46
363	281	35	46
362	281	35	46
363	281	35	46
363	281	35	46
364	282	35	46
257	246	35	46
238	263	35	46
335	283	35	46
334	282	35	46
335	282	35	46
334	282	35	46
334	282	35	46
360	282	35	46
359	282	35	46
360	282	35	46
324	282	35	46
323	282	35	46
324	282	35	46
323	282	35	46
324	282	35	46
346	282	35	46
322	282	35	46
347	282	35	46
346	282	35	46
347	282	35	46
241	264	35	46
314	282	35	46
315	282	35	46
355	282	35	46
355	282	35	46
354	282	35	46
354	282	35	46
355	282	35	46
354	282	35	46
355	282	35	46
302	264	35	46
320	282	35	46
319	282	35	46
314	275	31	56
239	264	36	50
239	275	36	50
316	275	36	50
313	278	41	55
313	274	43	60
312	274	43	60
312	274	43	60
331	274	43	60
331	274	43	60
249	253	43	60
334	275	43	60
334	274	43	60
334	274	43	60
335	274	43	60
334	274	43	60
246	256	43	60
264	237	43	60
244	257	43	60
326	276	43	60
261	233	43	60
329	278	43	60
352	278	43	60
352	278	43	60
351	278	43	60
352	278	43	60
351	278	43	60
245	260	43	60
245	241	43	60
246	241	43	60
245	241	43	60
331	284	43	60
241	239	43	60
336	286	43	60
336	286	43	60
518	77	43	60
572	-4	43	60
572	-4	43	60
572	-4	43	60
573	-4	43	60
340	261	43	60
304	243	43	60
308	242	38	62
312	232	31	54
313	225	30	43
313	219	31	46
314	208	28	45
315	198	27	45
316	187	28	48
319	181	25	48
315	177	35	46
319	172	29	48
318	171	35	46
319	170	30	50
319	174	35	46
318	174	33	51
317	184	33	51
328	184	33	51
328	183	33	51
328	183	33	51
339	187	29	44
345	187	35	46
355	189	29	49
361	192	35	46
374	192	27	51
380	196	35	46
393	196	31	51
404	193	29	56
413	194	32	57
422	194	32	58
430	197	34	56
436	198	36	55
441	199	40	54
445	200	41	52
445	201	42	51
443	201	43	48
439	201	46	46
434	202	45	47
427	204	47	47
418	205	49	50
409	209	49	50
400	214	46	48
388	219	45	47
374	223	46	46
360	228	44	40
342	231	46	36
328	235	43	32
312	234	40	34
297	234	44	33
279	231	46	39
263	223	45	45
253	220	42	47
242	215	42	46
235	211	45	48
224	207	49	49
218	207	42	43
214	203	40	46
210	201	40	47
209	201	40	47
210	202	41	47
212	206	40	46
216	211	39	46
223	214	37	51
233	218	46	61
238	223	45	55
252	230	43	51
267	235	45	48
265	236	49	47
285	238	42	47
287	238	38	48
299	239	38	48
317	256	38	48
375	256	38	48
375	256	38	48
246	256	38	48
403	256	38	48
426	249	38	48
442	236	42	43
456	230	36	44
465	225	40	45
472	222	42	43
478	220	42	43
480	216	43	45
480	215	45	47
468	221	41	48
455	221	41	48
441	235	41	48
440	235	41	48
425	235	41	48
408	235	41	48
442	115	41	48
568	6	41	48
567	5	41	48
568	5	41	48
568	5	41	48
567	5	41	48
567	5	41	48
567	5	41	48
542	5	41	48
568	5	41	48
541	5	41	48
540	5	41	48
541	5	41	48
540	5	41	48
541	5	41	48
540	4	41	48
540	286	41	48
540	5	41	48
540	4	41	48
540	4	41	48
540	4	41	48
540	4	41	48
328	286	41	48
539	5	41	48
326	286	41	48
361	286	41	48
360	286	41	48
360	286	41	48
360	286	41	48
360	286	41	48
360	286	41	48
360	286	41	48
360	286	41	48
360	286	41	48
360	286	41	48
598	-7	41	48
545	9	47	54
545	9	47	54
536	5	60	65
532	1	62	71
528	2	70	66
522	1	76	68
521	0	76	68
521	0	76	68
520	0	78	72
518	2	79	64
511	1	85	61
511	0	85	61
512	1	85	61
511	0	85	61
512	1	85	61
512	1	85	61
511	0	85	61
511	0	85	61
512	1	85	61
511	0	85	61
512	1	85	61
546	273	85	61
334	272	85	61
334	272	85	61
334	272	85	61
334	272	85	61
334	272	85	61
334	272	85	61
334	272	85	61
334	272	85	61
334	272	85	61
334	272	85	61
232	251	85	61
251	250	85	61
270	251	85	61
269	250	85	61
420	101	85	61
532	10	85	61
531	10	85	61
532	11	85	61
531	10	85	61
532	11	85	61
560	240	85	61
528	-2	85	61
528	-2	85	61
529	-1	85	61
528	-2	85	61
529	-1	85	61
528	-2	85	61
528	-2	85	61
529	-1	85	61
528	-2	85	61
529	-1	85	61
528	-2	85	61
528	-2	85	61
529	-1	85	61
529	-1	85	61
319	278	85	61
320	278	85	61
320	278	85	61
320	278	85	61
320	278	85	61
320	278	85	61
320	278	85	61
320	278	85	61
531	-3	85	61
530	-3	85	61
248	207	85	61
248	206	85	61
247	170	85	61
247	170	85	61
229	169	85	61
229	248	85	61
248	247	85	61
227	248	85	61
227	135	85	61
227	152	85	61
234	155	84	60
244	160	70	56
255	164	55	44
264	174	42	40
271	187	35	36
278	196	33	38
288	205	28	40
298	215	28	40
243	280	28	40
243	280	28	40
243	280	28	40
243	280	28	40
243	280	28	40
243	280	28	40
243	280	28	40
243	280	28	40
259	248	28	40
395	265	28	40
538	150	28	40
391	273	37	50
413	256	39	47
416	253	39	52
419	250	36	56
418	250	42	52
425	246	29	53
420	244	42	52
421	234	31	50
417	230	32	49
409	220	36	51
399	214	43	52
388	207	48	52
377	202	55	49
367	198	56	47
356	194	56	46
347	190	54	46
339	185	47	46
330	183	41	39
323	178	34	40
316	172	31	42
305	172	31	42
282	253	31	42
245	277	31	42
245	277	31	42
244	277	31	42
244	277	31	42
245	277	31	42
244	277	31	42
244	260	31	42
279	113	31	42
278	113	31	42
415	55	31	42
292	116	31	42
292	116	31	42
269	251	31	42
339	274	31	42
364	299	31	42
363	299	31	42
364	299	31	42
363	299	31	42
363	299	31	42
364	299	31	42
364	299	31	42
364	300	31	42
363	299	31	42
363	299	31	42
574	-17	31	42
573	-18	31	42
573	-18	31	42
573	-18	31	42
573	-18	31	42
573	-18	31	42
573	-18	31	42
573	-18	31	42
573	-18	31	42
573	-18	31	42
573	-18	31	42
573	-18	31	42
573	-18	31	42
573	-18	31	42
467	16	31	42
361	297	31	42
572	-19	31	42
571	-20	31	42
606	226	31	42
358	295	31	42
357	295	31	42
568	-21	31	42
567	190	31	42
355	295	31	42
355	295	31	42
355	295	31	42
355	295	31	42
355	295	31	42
355	295	31	42
566	154	31	42
565	188	31	42
600	187	31	42
352	293	31	42
562	11	31	42
596	187	31	42
348	293	31	42
347	293	31	42
558	11	31	42
557	11	31	42
557	11	31	42
557	11	31	42
557	11	31	42
557	11	31	42
557	11	31	42
557	293	31	42
557	11	31	42
557	11	31	42
557	11	31	42
522	11	31	42
521	11	31	42
521	11	31	42
521	11	31	42
521	11	31	42
556	293	31	42
520	11	31	42
554	293	31	42
518	11	31	42
517	11	31	42
552	293	31	42
551	293	31	42
551	293	31	42
551	293	31	42
551	293	31	42
551	293	31	42
551	293	31	42
551	293	31	42
551	293	31	42
551	293	31	42
551	293	31	42
551	293	31	42
551	293	31	42
551	293	31	42
551	293	31	42
551	293	31	42
551	293	31	42
551	293	31	42
551	293	31	42
551	328	31	42
551	327	31	42
339	292	31	42
339	291	31	42
550	185	31	42
584	326	31	42
548	184	31	42
547	183	31	42
547	183	31	42
547	183	31	42
547	183	31	42
547	183	31	42
547	183	31	42
547	183	31	42
547	183	31	42
547	183	31	42
335	289	31	42
335	289	31	42
335	289	31	42
335	289	31	42
335	289	31	42
335	289	31	42
546	7	31	42
580	289	31	42
544	7	31	42
543	7	31	42
543	7	31	42
543	7	31	42
543	7	31	42
543	7	31	42
578	289	31	42
559	24	31	42
553	22	39	49
548	17	50	56
543	12	60	61
538	5	72	69
537	4	76	70
541	3	75	74
543	1	74	83
545	1	74	86
545	3	78	79
547	0	77	84
547	1	79	81
549	2	79	82
547	1	83	82
550	2	84	80
553	2	77	80
554	1	78	81
555	0	78	84
556	1	83	79
558	1	80	82
560	0	79	83
561	1	77	81
560	0	77	81
561	0	79	83
561	0	78	84
560	0	80	84
560	1	83	78
561	1	79	80
564	1	77	81
563	0	77	82
560	2	81	79
562	0	79	84
566	1	75	81
566	3	76	78
569	1	73	82
566	3	75	80
565	1	78	81
564	1	77	77
567	3	74	80
566	3	72	76
564	0	77	81
563	1	80	80
563	3	78	75
562	2	81	74
564	2	77	80
561	2	80	76
561	5	80	68
562	2	77	77
559	4	80	69
559	4	82	69
559	3	81	70
561	3	79	76
563	3	76	78
559	2	81	76
557	3	81	71
562	1	77	79
556	3	82	69
555	2	84	69
558	3	81	74
558	2	81	71
560	1	79	78
559	1	79	77
560	3	80	71
559	3	80	68
561	2	80	77
562	2	78	75
561	4	77	64
562	1	79	74
564	2	77	72
564	2	76	68
569	1	73	81
569	1	72	82
568	2	73	82
567	1	74	80
567	1	75	82
566	3	76	75
565	1	77	82
566	3	77	75
565	2	76	79
570	1	72	81
569	1	72	82
570	3	72	79
568	2	73	76
567	2	73	74
565	6	75	70
569	2	72	72
564	5	76	60
566	4	76	62
567	3	74	65
572	5	68	71
568	2	71	70
568	4	72	69
567	7	74	60
568	4	72	63
566	3	75	71
570	1	72	82
568	1	74	78
566	2	76	74
564	2	77	80
566	3	75	73
565	5	77	66
564	3	76	74
564	2	77	73
567	3	74	79
567	1	75	74
577	3	62	80
578	0	63	82
575	5	65	73
573	1	68	81
571	2	70	75
561	5	80	63
562	2	79	63
561	2	80	68
561	3	79	61
562	2	79	63
565	2	75	71
560	3	80	61
561	2	78	68
562	0	77	70
560	2	81	63
565	2	74	70
565	1	76	81
567	0	73	81
567	0	74	80
566	2	75	75
565	3	76	72
563	1	77	72
565	1	75	73
562	4	77	59
563	2	77	63
564	3	76	65
561	4	79	59
563	3	77	65
562	2	79	67
566	0	75	75
565	2	76	67
563	0	76	62
564	2	77	72
565	3	75	64
565	4	76	57
566	4	75	64
564	2	77	58
566	2	76	63
564	2	78	66
564	3	76	58
565	3	76	57
567	4	76	58
567	4	75	57
567	2	75	64
570	2	71	80
567	0	74	84
566	0	75	82
569	1	71	82
564	0	78	83
575	2	66	81
574	1	67	83
573	0	66	84
578	2	62	82
575	2	66	82
574	0	68	82
570	0	72	82
582	0	60	82
579	1	63	81
578	1	65	80
581	0	60	84
583	1	61	81
580	0	60	82
586	0	57	82
585	1	56	81
585	1	56	79
583	1	59	80
584	0	59	79
587	1	54	74
585	0	57	71
582	1	61	71
586	2	56	61
585	5	56	52
585	3	56	53
585	4	55	54
584	1	58	61
583	3	57	55
581	2	60	55
580	2	59	54
576	2	65	56
577	3	61	54
578	1	65	58
574	2	65	60
572	2	69	57
568	3	72	53
568	3	73	57
570	3	72	57
565	3	77	60
568	3	74	64
565	0	76	73
567	1	76	79
567	0	75	77
566	0	75	72
567	0	76	77
566	0	76	79
565	-1	75	77
564	1	76	74
561	0	80	75
561	0	80	79
558	0	84	82
562	0	78	77
560	0	82	78
560	0	81	78
560	0	81	77
560	0	81	79
560	0	82	79
562	0	80	79
562	0	79	76
561	0	80	73
565	1	76	79
563	-1	77	80
561	1	79	70
561	0	82	80
561	-1	80	83
564	-1	77	82
562	-1	79	81
560	0	81	80
560	0	81	82
559	0	83	75
558	0	84	77
559	1	81	77
558	0	83	75
561	1	81	77
561	0	81	79
560	0	80	76
562	0	79	77
563	1	78	78
560	0	80	76
560	0	80	80
557	1	81	73
561	0	80	78
556	0	86	76
556	1	85	78
556	3	83	75
557	1	84	79
555	2	86	78
555	2	84	77
555	1	87	77
558	3	81	75
559	3	81	73
564	0	76	79
559	0	81	81
558	1	83	76
559	2	82	79
560	4	82	76
566	4	75	70
563	0	76	76
562	1	78	81
559	2	83	75
562	3	80	76
564	4	79	71
567	1	73	74
568	3	74	77
566	1	75	76
569	0	74	83
571	3	71	71
570	1	72	76
570	1	71	79
566	2	75	77
567	1	74	76
570	4	71	68
569	3	72	67
567	3	74	70
570	2	69	72
568	2	73	77
565	0	76	78
567	1	74	78
567	0	74	81
567	1	75	74
569	0	72	82
566	2	77	72
565	0	78	77
566	1	76	81
566	2	76	74
568	0	72	82
564	0	78	78
564	1	78	78
566	0	75	83
568	2	73	73
569	2	73	80
568	0	73	80
569	4	73	65
564	3	76	68
570	2	72	73
562	2	79	74
566	0	75	78
565	0	77	77
564	4	78	63
563	4	79	66
564	5	77	70
567	0	74	78
571	1	71	80
567	1	74	82
570	0	71	76
568	2	73	74
573	3	69	70
569	2	71	73
568	1	74	73
564	1	79	79
570	3	73	69
570	1	71	70
571	3	70	67
567	1	74	67
564	5	77	66
568	2	76	68
569	2	73	67
567	1	75	70
569	2	71	65
569	3	71	65
570	4	70	69
570	2	71	74
570	3	70	65
572	4	69	62
571	2	69	66
569	3	70	64
569	3	72	64
569	3	71	68
566	4	74	63
565	2	77	68
566	2	75	75
566	3	75	76
563	5	79	68
567	0	75	77
565	2	78	74
565	1	76	74
567	1	75	73
569	3	72	77
565	1	77	77
566	1	76	80
562	4	80	64
562	2	78	70
565	0	77	82
565	0	76	82
565	0	76	79
565	1	75	71
570	0	72	81
563	1	78	79
566	2	76	73
566	2	75	68
567	1	75	76
565	1	77	76
567	2	75	79
566	1	75	72
567	2	75	71
570	1	72	75
566	2	75	72
570	4	71	61
568	2	73	66
568	2	73	68
569	1	73	71
567	2	74	69
567	1	76	77
568	1	73	82
568	1	75	81
565	2	75	72
565	2	76	76
567	3	74	64
561	2	80	72
566	0	76	83
563	3	79	74
571	1	70	81
567	0	75	81
565	3	76	71
568	1	73	76
568	1	73	83
566	3	76	67
566	0	74	75
566	5	75	67
565	1	77	79
567	1	75	78
565	1	76	77
563	2	78	71
565	3	75	68
567	3	73	67
564	1	78	75
563	0	79	78
564	2	76	69
568	1	75	78
566	2	76	75
566	1	75	82
567	3	76	69
569	1	73	82
565	2	77	73
569	1	73	78
568	3	71	68
566	0	77	72
569	2	71	78
565	1	76	79
563	0	78	76
565	1	77	75
562	1	81	74
562	2	78	80
561	1	78	77
557	3	82	75
555	2	83	73
553	2	83	74
550	2	80	73
546	2	80	73
543	3	75	73
538	3	77	70
534	4	74	72
529	5	71	73
522	4	70	73
516	4	71	73
511	5	71	76
504	5	72	77
497	7	70	79
500	4	68	85
491	5	69	87
491	7	71	82
483	11	68	78
474	10	69	72
466	3	62	69
466	25	62	69
447	24	62	69
436	26	67	68
423	31	83	62
411	29	84	68
400	24	69	74
389	20	69	82
388	20	69	82
455	-1	69	82
455	-1	69	82
438	3	58	72
441	0	50	66
441	-1	50	66
439	1	45	58
417	-7	81	74
423	0	67	59
427	3	50	54
406	-6	81	74
411	-7	69	72
411	-7	69	72
411	-7	69	72
412	-7	69	72
411	-7	69	72
390	121	69	72
390	121	69	72
366	26	69	72
391	125	69	72
399	125	69	72
399	120	60	78
394	122	63	81
400	133	81	74
398	136	76	74
398	141	81	74
411	147	60	75
397	151	62	79
406	161	55	73
405	167	53	71
400	186	57	53
399	197	56	54
397	209	57	54
395	220	59	53
394	228	59	65
396	226	54	72
397	225	56	72
397	223	54	70
398	219	55	75
396	218	59	76
394	216	68	77
394	215	68	77
394	216	68	77
394	193	68	77
402	200	79	75
405	196	84	77
409	195	86	75
