1.00
1.04
0.94
0.83
0.77
0.78
0.71
0.81
0.81
0.80
0.76
0.76
0.76
0.77
0.73
0.68
0.69
0.63
0.60
0.61
0.69
0.69
0.70
0.68
0.62
0.56
0.49
0.38
0.32
0.28
0.23
0.31
0.23
0.35
0.21
0.36
0.21
0.22
0.30
0.26
0.25
0.29
0.30
0.32
0.36
0.39
0.37
0.41
0.39
0.46
0.46
0.51
0.45
0.59
0.55
0.51
0.49
0.46
0.39
0.42
0.44
0.50
0.51
0.48
0.45
0.45
0.44
0.45
0.43
0.44
0.41
0.55
0.56
0.55
0.55
0.54
0.55
0.55
0.50
0.52
0.54
0.73
0.72
0.74
0.74
0.73
0.75
0.73
0.76
0.75
0.75
0.90
0.95
0.86
0.93
0.88
0.87
0.81
0.86
0.88
0.92
1.00
0.97
0.96
0.89
0.90
0.85
0.78
0.77
0.75
0.76
0.82
0.84
0.79
0.77
0.95
0.92
0.96
0.96
0.99
0.98
1.01
0.97
0.98
1.00
0.96
0.95
0.97
1.02
1.04
1.05
1.09
1.01
0.99
0.99
0.91
0.88
0.81
0.69
0.63
0.66
0.69
0.69
0.70
0.76
0.77
0.77
0.76
0.65
0.66
0.54
0.78
0.77
0.70
0.69
0.72
0.66
0.71
0.68
0.72
0.65
0.74
0.76
0.71
0.75
0.72
0.74
0.73
0.72
0.69
0.74
0.78
0.76
0.77
0.77
0.78
0.77
0.76
0.79
0.74
0.71
0.82
0.86
0.69
0.86
0.72
0.69
0.83
0.87
0.98
1.02
0.96
1.00
0.95
0.85
0.94
0.86
0.80
0.79
0.74
0.86
0.93
0.95
0.97
0.92
0.92
0.83
0.71
0.77
0.83
0.84
0.89
1.02
1.04
1.05
1.04
1.06
1.02
1.03
1.01
1.02
1.07
1.07
1.06
1.02
1.03
1.00
1.02
1.05
1.06
1.06
1.11
1.12
1.11
1.08
1.07
1.04
1.04
0.98
0.98
0.71
0.71
0.91
0.92
0.86
0.92
1.07
1.08
1.11
1.06
1.04
1.09
1.06
0.95
0.77
0.71
0.66
0.59
0.49
0.88
0.86
0.74
0.88
0.93
0.83
1.00
1.03
1.02
0.78
0.83
0.99
0.99
1.01
1.05
1.05
1.05
1.05
1.07
1.05
1.02
1.01
1.08
1.04
1.03
1.03
1.01
0.95
0.91
0.97
0.90
0.99
0.94
0.82
0.79
0.93
0.85
0.95
1.01
0.97
1.06
1.02
1.08
1.03
1.01
0.68
1.09
1.08
1.11
1.17
1.14
1.06
1.09
1.16
1.19
1.16
1.17
1.16
1.18
1.16
1.17
1.18
1.16
1.16
1.18
1.16
1.17
1.17
1.17
1.17
1.16
1.18
1.21
1.17
1.15
1.14
1.16
1.13
1.16
1.16
1.15
1.14
1.13
1.13
1.13
1.12
1.11
1.11
1.14
1.13
1.15
1.15
1.14
1.13
1.12
1.11
1.11
1.10
1.12
1.08
1.07
1.10
1.16
1.16
1.15
1.17
1.15
1.18
1.14
1.17
1.20
1.20
1.20
1.20
1.23
1.16
1.07
0.99
0.71
0.77
1.00
0.91
1.04
1.05
1.00
1.11
1.14
1.13
1.14
1.18
1.20
1.16
1.16
1.18
1.17
1.16
1.16
1.13
1.19
1.15
1.17
1.13
1.15
1.17
1.14
1.12
1.11
1.14
1.14
1.13
1.15
1.16
1.14
1.14
1.13
1.15
1.14
1.14
1.15
1.13
1.14
1.10
1.11
1.10
1.13
1.09
1.13
1.13
1.10
1.13
1.12
1.12
1.14
1.11
1.12
1.11
1.11
1.13
1.12
1.14
1.12
1.08
0.97
0.90
0.90
0.82
0.94
0.92
0.99
1.03
1.09
1.12
1.15
1.14
1.18
1.14
1.15
1.16
1.15
1.15
1.14
1.14
1.15
1.14
1.14
1.12
1.16
1.14
1.09
1.10
1.13
1.13
1.15
1.17
1.16
1.13
1.15
1.16
1.15
1.15
1.14
1.14
1.11
1.12
1.12
1.11
1.12
1.13
1.10
1.11
1.11
1.10
1.09
1.12
1.12
1.10
1.14
1.12
1.15
1.15
1.13
1.16
1.18
1.15
1.16
1.17
1.14
1.16
1.04
1.01
0.79
0.78
1.07
1.08
1.10
1.06
1.16
1.13
1.12
1.14
1.15
1.13
1.15
1.14
1.15
1.13
1.12
1.12
1.13
1.15
1.16
1.14
1.15
1.13
1.12
1.12
1.14
1.14
1.14
1.16
1.15
1.14
1.15
1.16
1.16
1.16
1.14
1.12
1.08
1.14
1.13
1.13
1.10
1.13
1.11
1.11
1.11
1.15
1.12
1.12
1.13
1.11
1.13
1.11
1.14
1.11
1.11
1.14
1.09
1.13
1.14
1.07
0.96
1.03
0.95
0.91
1.03
1.03
1.09
1.11
1.16
1.16
1.15
1.17
1.17
1.17
1.16
1.18
1.16
1.18
1.19
1.17
1.17
1.17
1.16
1.16
1.15
1.16
1.14
1.11
1.11
1.11
1.07
1.01
0.93
1.05
0.77
1.05
1.09
1.13
1.14
1.12
1.12
1.14
1.14
1.14
1.14
1.12
1.10
1.11
1.11
1.11
1.12
1.14
1.14
1.13
1.10
1.14
1.13
1.14
1.04
1.00
0.72
0.62
0.67
0.73
0.77
0.83
0.85
0.94
1.01
0.96
1.05
1.08
1.11
1.11
1.13
1.13
1.14
1.12
1.14
1.13
1.12
1.13
1.12
1.12
1.11
1.09
1.05
1.02
1.04
1.03
0.99
0.92
0.90
0.91
0.87
1.06
1.01
1.00
0.99
0.83
0.94
0.92
0.96
0.95
1.00
1.12
0.99
1.04
1.11
0.99
1.07
1.12
1.03
1.05
1.11
1.15
1.14
1.09
1.09
1.14
1.16
1.16
1.16
1.17
1.14
1.13
1.14
1.13
1.13
1.08
1.12
1.13
1.14
1.18
1.17
1.15
1.17
1.16
1.15
1.13
1.16
1.17
1.15
1.16
1.16
1.12
1.15
1.16
1.14
1.15
1.16
1.18
1.19
1.16
1.17
1.20
1.20
1.18
1.18
1.19
1.18
1.18
1.19
1.17
1.17
1.16
1.15
1.15
1.17
1.16
1.19
1.16
0.99
1.10
1.13
1.07
1.20
1.15
1.12
1.07
1.12
1.18
1.14
1.14
1.09
1.18
1.14
1.14
1.14
1.21
1.15
1.08
1.11
1.06
1.13
1.14
1.16
1.17
1.15
1.17
1.16
1.14
1.19
1.18
1.11
1.15
1.09
1.11
1.12
1.07
1.00
0.86
0.83
0.81
0.62
0.73
0.83
0.87
0.71
0.71
0.82
0.93
0.74
0.77
0.73
0.83
0.74
0.61
0.56
0.57
0.65
0.60
0.60
0.59
0.59
0.58
0.57
0.58
0.58
0.60
0.68
0.69
0.69
0.69
0.72
0.71
0.69
0.69
0.71
0.69
0.89
0.87
0.88
0.89
0.87
0.85
0.86
0.88
0.84
0.85
1.04
1.04
1.05
1.05
1.03
1.04
1.06
1.06
1.06
1.08
1.04
1.08
1.06
1.08
1.06
1.07
1.03
1.06
1.06
1.07
1.07
1.07
1.12
1.07
0.90
0.45
0.28
0.31
0.41
0.51
0.87
1.07
1.11
1.10
1.10
1.08
1.06
1.09
1.09
1.08
1.14
1.15
1.16
1.16
1.18
1.17
1.17
1.16
1.16
1.14
1.15
1.14
1.14
1.14
1.15
1.14
1.17
1.14
1.14
1.15
1.16
1.14
1.14
1.17
1.12
1.13
1.15
1.15
1.14
1.15
1.15
1.16
1.14
1.15
1.17
1.15
1.11
1.13
1.15
1.13
1.08
1.10
1.11
1.10
1.10
1.09
1.10
1.12
1.10
1.10
1.09
1.11
1.09
1.10
1.09
1.11
1.12
1.07
1.07
1.06
1.08
1.11
1.10
1.12
1.08
0.90
0.46
0.34
0.28
0.43
0.53
0.88
0.96
1.08
1.07
1.07
1.02
0.94
0.83
0.70
0.71
0.73
0.64
0.63
0.59
0.58
0.54
0.51
0.47
0.46
0.56
0.56
0.51
0.51
0.48
0.48
0.41
0.39
0.41
0.38
0.60
0.63
0.67
0.65
0.66
0.64
0.66
0.70
0.70
0.73
0.92
0.90
1.01
1.09
1.07
1.12
1.13
1.11
1.03
0.86
0.63
0.58
0.36
0.26
0.20
0.26
0.20
0.30
0.41
0.43
0.42
0.64
0.76
0.78
0.75
0.73
0.77
0.73
0.72
0.64
0.72
0.72
0.74
0.75
0.79
0.82
0.78
0.83
0.88
0.88
0.96
1.00
1.03
1.00
0.99
0.97
0.93
0.90
0.89
0.89
0.94
0.95
0.96
0.96
1.00
0.98
0.98
0.95
0.97
0.95
0.94
0.94
0.94
0.88
0.86
0.82
0.80
0.72
0.65
0.63
0.68
0.62
0.57
0.55
0.53
0.53
0.46
0.61
0.65
0.69
0.88
0.94
0.93
0.92
0.97
1.00
0.99
1.01
0.99
0.98
1.01
0.98
0.98
0.93
0.94
0.88
0.82
0.80
0.85
0.84
0.77
0.72
0.63
0.68
0.67
0.72
0.72
0.47
0.20
0.16
0.22
0.22
0.22
0.24
0.33
0.30
0.30
0.34
0.32
0.36
0.31
0.31
0.32
0.33
0.33
0.33
0.34
0.35
0.38
0.37
0.36
0.29
0.25
0.17
0.22
0.41
0.38
0.38
0.39
0.39
0.41
0.43
0.48
0.48
0.56
0.62
0.67
0.78
0.80
0.91
0.93
0.99
0.97
1.02
1.01
0.96
0.95
0.98
0.96
0.94
0.99
1.00
0.99
0.99
1.01
0.61
0.06
0.10
0.34
0.43
0.85
0.87
0.86
0.81
0.85
0.80
0.86
0.84
0.83
0.84
0.87
0.94
0.91
0.89
0.96
0.97
0.91
0.73
0.46
0.13
0.11
0.37
0.49
0.73
0.80
0.89
0.97
0.94
0.82
0.85
0.88
0.87
0.87
0.93
0.94
0.96
0.96
0.94
0.93
0.95
0.93
0.98
0.97
0.86
0.73
0.77
0.88
0.70
0.73
1.01
0.79
0.63
0.55
0.49
0.77
0.94
1.01
1.01
1.06
0.99
0.99
0.85
0.82
0.78
0.75
0.68
0.62
0.70
0.78
0.67
0.74
0.65
0.75
0.64
0.65
0.71
0.64
0.65
0.60
0.55
0.42
0.45
0.52
0.49
0.46
0.55
0.64
0.84
0.73
0.61
0.79
0.68
0.74
0.65
0.67
0.75
0.71
0.70
0.67
0.71
0.75
0.97
0.97
1.11
1.08
0.98
1.00
0.92
0.97
1.04
0.90
0.38
0.27
0.43
0.70
0.88
1.08
1.03
1.00
1.06
1.09
1.02
1.15
1.15
1.12
1.06
1.05
1.08
1.06
1.02
1.03
1.05
1.03
1.07
0.97
1.03
0.71
0.41
0.75
1.19
1.22
1.19
1.21
1.17
1.18
1.20
1.22
1.14
1.13
1.14
1.12
1.13
1.13
1.14
1.13
1.14
1.10
1.11
1.12
1.13
1.13
1.18
1.18
1.20
1.08
1.09
1.14
1.12
1.18
1.19
1.17
1.20
1.18
1.18
1.17
1.17
1.17
1.18
1.22
1.18
1.21
1.20
1.19
1.15
1.16
1.19
1.19
1.19
1.21
1.16
1.16
1.10
1.07
1.07
0.81
0.41
0.42
0.45
0.46
0.52
0.52
0.68
0.83
0.88
1.02
0.93
0.92
0.92
0.92
0.95
1.16
1.17
1.14
1.16
1.18
1.17
1.16
1.13
1.20
1.17
1.18
1.15
1.16
1.16
1.14
1.12
1.12
1.18
1.08
1.06
0.91
0.75
0.63
0.58
0.51
0.42
0.42
0.50
0.44
0.56
0.54
0.58
0.56
0.62
0.67
0.80
0.94
1.02
1.17
1.23
1.20
1.18
1.21
1.19
1.20
1.24
1.15
1.18
1.16
1.17
1.16
1.14
1.14
1.16
1.13
1.14
1.13
1.16
1.15
1.17
1.14
1.12
1.18
1.14
1.14
1.13
1.15
1.11
1.09
1.12
1.21
1.14
1.17
1.18
1.20
1.19
1.18
1.20
1.19
1.25
1.22
1.27
1.24
1.22
1.23
1.14
1.12
1.10
1.14
1.14
0.86
0.61
0.47
0.37
0.22
0.17
0.29
0.66
0.93
1.14
1.11
1.11
1.12
1.12
1.11
1.15
1.15
1.14
1.16
1.17
1.17
1.14
1.13
1.13
1.13
1.14
1.17
1.15
1.17
1.14
1.11
1.08
0.85
0.41
0.54
0.79
1.01
1.22
1.19
1.15
1.13
1.14
1.15
1.15
1.17
1.16
1.18
1.17
1.17
1.15
1.16
1.17
1.15
1.15
1.16
1.14
1.15
1.16
1.12
1.08
1.07
1.12
1.11
1.08
1.02
1.01
0.97
1.00
1.07
1.13
1.14
1.16
1.15
1.16
1.12
1.08
1.05
1.00
1.10
1.08
1.08
1.14
1.13
1.13
1.12
1.15
1.16
1.19
1.17
1.15
1.17
1.19
1.16
1.16
1.18
1.16
1.14
1.15
1.16
1.14
1.13
1.14
1.11
1.10
1.04
0.99
1.04
1.09
1.15
1.18
1.17
1.18
1.21
1.17
1.18
1.21
1.16
1.16
1.17
1.16
1.14
1.15
1.13
1.05
0.73
1.02
1.20
1.19
1.17
1.14
1.18
1.16
1.17
1.18
1.18
1.18
1.15
1.18
1.20
1.17
1.14
1.15
1.19
1.17
1.15
1.19
1.18
1.16
1.16
1.20
1.17
1.18
1.18
1.15
1.11
0.64
0.21
0.35
0.41
0.84
1.05
1.12
1.16
1.17
1.16
1.16
1.16
1.18
1.18
1.19
1.19
1.20
1.19
1.17
1.19
1.20
1.18
1.18
1.17
1.18
1.17
1.20
1.19
1.18
1.18
1.18
1.18
1.19
1.16
1.15
1.20
1.18
1.16
1.17
1.17
1.15
1.14
1.18
1.15
1.15
1.16
1.17
1.15
1.16
1.13
1.17
1.17
1.15
1.15
1.14
1.14
1.13
1.13
1.16
1.13
1.15
1.13
1.14
1.15
1.15
1.18
1.14
1.15
1.15
1.15
1.14
1.13
1.14
1.14
1.15
1.17
1.15
1.15
1.14
1.14
1.15
1.17
1.19
1.17
1.14
1.16
1.13
1.15
1.13
1.16
1.15
1.16
1.13
1.17
1.16
1.14
1.11
1.10
1.04
0.70
0.68
0.76
0.77
0.84
0.82
0.77
0.67
0.36
0.38
0.62
0.83
1.05
1.14
1.16
1.16
1.20
1.18
1.15
1.16
1.15
1.15
1.16
1.15
1.15
1.14
1.16
1.15
1.16
1.16
1.17
1.16
1.16
1.14
1.16
1.17
1.17
1.16
1.16
1.16
1.16
1.15
1.17
1.16
1.17
1.15
1.14
1.14
1.14
1.13
1.14
1.14
1.15
1.10
1.07
0.58
0.19
0.25
0.44
0.55
0.77
0.99
1.09
1.10
1.11
1.05
1.01
0.96
0.54
0.27
0.31
0.47
0.91
1.11
1.16
1.14
1.16
1.15
1.14
1.14
1.16
1.16
1.15
1.16
1.18
1.16
1.15
1.17
1.15
1.14
1.14
1.13
1.15
1.15
1.15
1.15
1.16
1.16
1.16
1.16
1.16
1.14
1.14
1.15
1.14
1.15
1.15
1.18
1.17
1.17
1.12
0.72
0.26
0.71
1.14
1.14
1.14
1.15
1.17
1.18
1.17
1.19
1.16
1.14
1.15
1.17
1.14
1.14
1.12
1.15
1.14
1.15
1.17
1.15
1.13
1.17
1.16
1.16
1.16
1.16
1.15
1.16
1.17
1.16
1.15
1.15
1.13
1.15
1.14
1.14
1.17
1.16
1.15
1.16
1.16
1.16
1.15
1.16
1.14
1.15
1.15
1.14
1.15
1.16
1.13
1.15
1.13
1.14
1.13
1.13
1.13
1.13
1.12
1.12
1.14
1.15
1.14
1.14
1.14
1.16
1.15
1.15
1.15
1.14
1.15
1.17
0.96
0.30
0.16
0.37
0.54
0.69
0.92
1.05
1.09
1.13
1.14
1.16
1.15
1.14
1.13
1.15
1.12
1.15
1.17
1.16
1.16
1.17
1.17
1.18
1.16
1.16
1.15
1.16
1.16
1.17
1.15
1.14
1.15
1.17
1.16
1.16
1.16
1.16
1.16
1.15
1.14
1.15
1.17
1.16
1.17
1.15
1.16
1.17
1.16
1.14
1.16
1.16
1.16
1.13
1.14
1.13
1.13
1.13
1.13
1.13
1.13
1.12
1.15
1.14
1.12
1.14
1.15
1.17
1.16
1.14
1.13
1.15
1.14
1.13
1.15
1.15
1.16
1.14
1.16
1.17
1.15
1.15
1.16
1.16
1.15
1.15
1.15
1.16
1.14
1.12
1.14
1.14
1.12
1.16
0.90
0.49
0.90
1.12
1.15
1.15
1.14
1.14
1.14
1.15
1.14
1.15
1.14
1.16
1.15
1.14
1.14
1.14
1.12
1.13
1.13
1.13
1.13
1.11
1.12
1.11
1.13
1.10
0.68
0.70
0.97
1.13
1.13
1.12
1.14
1.14
1.16
1.15
1.14
1.17
1.16
1.14
1.15
1.16
1.15
1.15
1.14
1.16
1.16
1.14
1.14
1.15
1.13
1.12
1.14
1.14
1.13
1.13
1.16
1.14
1.10
1.12
1.10
0.80
0.53
0.36
1.02
1.00
1.12
1.13
1.11
1.13
1.12
1.12
1.12
1.10
1.10
1.11
1.03
0.79
0.24
0.18
0.22
0.22
0.20
0.75
0.76
1.13
1.14
1.14
1.14
1.12
1.14
1.16
1.16
1.14
1.17
1.16
1.14
1.15
1.15
1.13
1.14
1.10
1.11
1.11
1.14
1.11
1.06
1.05
0.90
0.72
0.74
0.53
0.76
0.90
1.01
1.11
1.13
1.15
1.15
1.15
1.18
1.14
1.18
1.17
1.16
1.14
1.14
1.13
1.15
1.15
1.16
1.16
1.15
1.15
1.15
1.15
1.16
1.15
1.15
1.13
1.16
1.14
1.13
1.12
1.13
1.11
1.14
1.13
1.09
1.12
1.08
0.97
0.70
0.45
0.59
0.58
0.61
0.49
0.53
0.49
0.56
0.42
0.29
0.34
0.44
0.39
0.56
0.68
0.87
0.93
0.93
1.07
1.14
1.14
1.16
1.15
1.16
1.15
1.16
1.14
1.15
1.15
1.15
1.14
1.16
1.15
1.14
1.12
1.10
1.10
1.08
1.07
1.05
1.02
1.00
0.95
0.90
0.71
0.63
0.52
0.42
0.40
0.36
0.34
0.38
0.28
0.48
0.19
0.26
0.23
0.43
0.64
1.10
1.15
1.16
1.16
1.14
1.16
1.16
1.18
1.16
1.17
1.17
1.17
1.15
1.15
1.14
1.14
1.13
1.13
1.11
1.12
1.10
1.05
1.02
0.96
0.80
0.79
0.74
0.49
0.57
0.70
0.69
0.68
0.48
0.35
0.30
0.50
0.30
0.44
0.75
0.90
1.05
1.12
1.14
1.16
1.19
1.18
1.16
1.18
1.16
1.16
1.18
1.17
1.18
1.15
1.17
1.17
1.19
1.18
1.19
1.18
1.19
1.18
1.16
1.15
1.15
1.18
1.15
1.18
1.13
1.17
1.13
1.16
1.14
1.17
1.16
1.18
1.14
1.15
1.15
1.15
1.11
1.14
1.10
1.10
1.14
1.10
1.10
1.10
1.11
1.08
1.13
1.15
1.13
1.18
1.14
1.15
1.14
1.15
1.14
1.16
1.17
1.13
1.12
1.13
1.12
1.14
1.14
1.14
1.15
1.14
1.13
1.16
1.17
1.16
1.15
1.13
1.16
1.17
1.16
1.20
1.17
1.17
1.15
1.16
1.16
1.15
1.14
1.16
1.15
1.16
1.15
1.18
1.16
1.18
1.18
1.16
1.18
1.16
1.18
1.18
1.17
1.17
1.16
1.15
1.15
1.16
1.17
1.17
1.20
1.19
1.20
1.17
1.16
1.16
1.13
1.14
1.13
1.12
1.13
1.09
1.10
1.13
1.12
1.12
1.13
1.11
1.14
1.13
1.11
1.16
1.16
1.15
1.12
1.15
1.16
1.17
1.15
1.15
1.16
1.18
1.18
1.17
1.18
1.19
1.19
1.19
1.18
1.19
1.18
1.17
1.16
1.17
1.15
1.15
1.15
1.12
1.11
1.11
1.12
1.14
1.14
1.12
1.14
1.12
1.12
1.14
1.12
1.08
1.11
1.12
1.11
1.14
1.14
1.17
1.15
1.14
1.15
1.15
1.16
1.15
1.16
1.15
1.15
1.12
1.12
1.13
1.12
1.12
1.14
1.13
1.13
1.15
1.14
1.14
1.15
1.13
1.17
1.13
1.13
1.10
1.07
1.04
1.03
1.01
0.99
0.97
1.06
1.08
1.08
1.16
1.15
1.14
1.17
1.17
1.15
1.15
1.15
1.13
1.16
1.16
1.17
1.14
1.12
1.13
