1.00
1.12
1.09
1.11
1.11
1.09
1.10
1.11
1.13
1.15
1.14
1.16
1.17
1.15
1.13
1.10
1.10
1.09
1.11
1.11
1.14
1.13
1.09
0.89
0.90
0.85
0.77
0.67
0.73
0.86
0.82
0.80
0.80
0.76
0.72
0.69
0.78
0.83
0.90
0.97
0.83
0.89
0.86
0.78
0.88
0.94
0.82
0.84
0.84
0.79
0.83
0.86
0.81
0.89
0.98
0.99
1.00
0.96
0.92
0.94
0.93
0.95
0.96
0.93
0.94
0.93
0.92
0.93
0.94
0.92
0.93
0.97
0.96
0.99
0.96
0.99
0.97
0.94
0.98
0.99
0.99
1.03
1.02
1.02
1.01
1.05
1.06
1.06
1.09
1.07
0.91
0.99
0.97
0.92
0.85
0.85
0.91
1.04
1.00
0.95
0.98
1.05
1.06
0.89
1.04
1.14
1.00
1.11
1.01
0.97
0.96
0.98
1.09
1.03
1.03
1.06
1.07
1.08
1.06
1.04
1.02
1.01
1.06
0.91
0.82
0.78
0.75
0.94
0.77
0.81
0.83
0.75
0.85
0.79
0.80
0.75
0.71
0.70
0.59
0.61
0.62
0.65
0.63
0.62
0.65
0.67
0.66
0.74
0.78
0.80
0.84
0.90
0.91
0.90
0.89
0.87
0.88
0.87
0.88
0.85
0.85
0.77
0.82
0.81
0.90
0.90
0.86
0.73
0.60
0.68
0.59
0.59
0.56
0.59
0.70
0.69
0.83
0.82
0.82
0.88
0.74
0.80
0.84
0.85
0.97
0.91
0.86
0.93
0.97
0.98
1.00
1.02
0.98
0.96
0.93
0.94
0.88
0.96
0.89
0.94
0.96
0.96
1.05
0.92
0.93
0.90
0.85
0.87
0.73
0.77
0.88
0.89
0.90
0.87
0.79
0.75
0.74
0.82
0.83
0.85
0.90
0.93
0.95
0.94
0.97
0.98
0.95
0.96
0.93
0.99
0.96
0.99
1.04
0.96
0.98
0.99
0.98
1.01
0.94
0.89
0.79
0.75
0.86
0.72
0.66
0.82
0.86
0.96
0.85
0.86
0.96
0.96
1.05
1.05
1.01
0.97
1.06
1.08
1.00
1.00
1.06
1.06
1.04
1.05
1.06
0.99
1.03
0.88
0.94
0.87
0.83
0.61
0.65
0.77
0.66
0.78
0.86
0.92
0.79
0.73
0.72
0.68
0.63
0.42
0.74
0.82
0.82
0.82
0.94
0.95
0.95
0.97
1.02
1.05
1.04
1.00
1.01
1.03
1.01
1.01
0.96
0.96
0.83
0.82
0.80
0.87
0.97
1.05
1.07
1.01
1.06
1.05
0.96
1.02
1.03
1.04
1.07
1.08
1.09
1.10
1.08
1.07
1.10
1.10
1.09
1.03
0.99
0.89
0.87
0.89
0.87
0.85
0.77
0.90
0.75
0.84
0.80
0.82
0.78
0.82
0.83
0.90
0.96
0.99
0.73
0.81
0.79
0.83
0.82
0.82
0.88
0.91
0.87
1.01
0.79
0.79
0.73
0.75
0.82
0.67
0.69
0.59
0.46
0.47
0.31
0.29
0.16
0.06
0.06
0.02
0.01
0.04
0.03
-0.01
0.03
0.06
-0.00
0.02
0.11
0.08
0.08
0.09
0.08
0.08
0.07
0.08
0.09
0.08
0.08
0.08
0.08
0.08
0.08
0.09
0.08
0.07
0.08
0.08
0.09
0.84
0.73
0.94
0.80
0.82
0.78
0.78
0.71
0.72
0.80
0.77
0.83
0.75
0.75
0.67
0.60
0.57
0.70
0.80
0.80
0.89
0.96
0.90
0.92
0.90
0.87
0.93
0.89
0.81
0.70
0.68
0.74
0.92
0.90
0.83
0.72
0.80
0.91
0.95
1.01
1.05
1.03
1.00
0.75
0.76
0.72
0.86
0.83
1.03
1.00
0.81
0.77
0.86
0.97
1.03
1.07
1.05
1.04
0.88
0.99
0.75
0.78
0.91
0.93
1.10
1.07
1.13
1.02
1.01
1.05
0.84
1.06
0.96
1.03
1.12
0.99
1.07
1.10
1.12
1.23
1.14
1.10
1.16
1.08
1.11
1.09
1.08
1.19
1.09
1.16
1.08
1.07
0.94
0.74
0.88
0.77
0.96
1.08
1.04
1.02
0.99
1.05
1.03
0.98
1.04
0.94
0.96
0.95
0.85
0.81
1.01
0.85
0.86
1.00
1.04
0.97
0.79
0.82
0.89
1.03
0.99
0.88
0.93
0.80
0.95
0.86
0.83
0.94
0.89
0.96
0.94
0.87
0.88
0.77
0.82
0.81
0.81
0.76
0.75
0.70
0.81
0.87
0.99
1.03
1.03
0.99
0.97
0.96
0.94
0.82
0.77
0.69
0.79
0.88
0.95
0.88
0.87
0.80
0.80
0.89
1.00
0.97
0.88
0.65
0.83
0.50
0.83
0.79
0.80
0.87
0.79
0.71
0.71
0.77
0.79
0.77
0.81
0.82
0.74
0.70
0.71
0.80
0.81
0.79
0.80
0.77
0.72
0.68
0.63
0.58
0.57
0.42
0.57
0.65
0.75
0.84
0.76
0.81
0.96
1.01
1.20
1.02
1.04
1.08
1.03
1.06
0.98
0.93
0.91
0.92
0.91
0.89
1.03
1.01
0.98
1.08
0.99
1.05
1.01
0.87
0.96
0.99
0.99
1.00
0.88
1.00
0.86
0.89
0.90
1.03
1.12
1.03
0.99
1.00
1.01
1.01
1.03
1.05
0.91
0.82
0.87
0.84
0.85
0.80
0.71
0.86
0.82
0.82
1.03
1.00
1.01
1.02
0.93
0.80
0.78
0.90
0.91
1.07
1.01
1.05
1.17
1.02
0.96
1.09
0.83
0.78
0.73
0.77
0.72
0.70
0.76
0.89
0.78
0.83
0.93
0.98
1.03
0.91
0.89
0.85
0.85
0.81
0.85
0.76
0.64
0.52
0.52
0.51
0.59
0.73
0.73
0.85
0.91
0.98
0.97
0.86
0.79
0.87
0.87
0.77
0.85
0.96
1.09
1.05
1.08
1.08
1.03
1.10
1.13
1.12
1.06
0.94
0.89
0.92
0.86
0.71
0.72
0.79
0.95
0.98
0.96
0.96
0.98
0.93
0.97
0.87
0.92
0.88
0.91
0.86
1.03
0.80
0.84
0.90
0.95
1.08
0.80
0.84
0.78
0.79
0.88
0.67
0.65
0.43
0.16
0.15
0.23
0.17
0.52
0.76
0.78
0.88
0.90
1.00
1.01
1.07
0.96
0.92
1.02
0.89
1.02
0.80
0.84
0.89
0.89
0.93
0.89
0.95
0.83
0.26
0.35
0.15
0.25
0.62
0.88
0.96
0.87
0.83
1.05
0.93
0.99
0.86
0.87
1.12
0.93
1.01
0.70
0.72
0.82
0.87
1.01
0.87
0.95
0.89
0.68
0.78
0.34
0.19
0.18
0.35
0.29
0.85
1.05
0.91
0.91
1.01
1.11
0.93
0.92
0.94
0.90
0.75
0.94
0.99
0.93
0.94
1.01
0.95
0.36
0.14
0.22
0.64
0.89
0.90
0.86
0.88
0.99
1.03
1.01
0.83
1.00
1.02
1.02
0.97
0.92
1.05
1.10
1.06
0.89
0.80
0.87
0.68
0.73
0.75
0.73
0.90
0.88
1.03
1.05
1.11
1.17
1.17
1.10
0.91
0.86
0.98
0.95
1.03
0.84
0.78
0.83
0.87
0.89
0.86
0.96
0.79
0.62
0.70
0.79
0.79
0.73
0.89
0.89
0.86
0.92
0.95
0.87
0.99
0.86
0.99
0.89
0.84
0.86
0.95
0.94
0.86
0.91
1.01
0.92
1.02
0.83
0.97
0.87
0.82
0.97
0.80
0.75
0.71
0.71
0.71
0.63
0.65
0.49
0.28
0.39
0.14
0.01
0.03
0.05
0.00
0.03
0.00
0.01
0.02
0.01
0.03
0.06
0.08
0.08
0.06
0.05
0.05
0.04
0.03
0.03
0.02
0.03
0.02
0.03
0.03
0.02
0.02
0.02
0.04
0.04
0.04
0.04
0.04
0.04
0.04
0.03
0.04
0.05
0.04
0.03
0.04
0.03
0.04
0.04
0.04
0.04
0.05
0.04
0.03
0.04
0.04
0.04
0.04
0.05
0.04
0.04
0.04
0.04
0.04
0.05
0.04
0.04
0.04
0.04
0.05
0.04
0.04
0.15
0.20
0.20
0.23
0.23
0.89
0.81
0.84
0.95
0.84
0.86
0.93
0.91
1.04
1.02
1.03
1.12
1.16
1.17
0.90
0.95
0.97
0.96
1.00
0.91
0.98
1.04
0.92
0.88
0.74
0.53
0.62
0.52
0.43
0.35
0.21
0.24
0.11
0.08
-0.02
0.01
0.02
0.08
0.04
0.04
0.07
0.07
0.08
0.10
0.10
0.09
0.04
0.06
0.03
0.04
0.04
0.04
0.03
0.04
0.04
0.04
0.04
0.03
0.04
0.04
0.04
0.04
0.04
0.04
0.05
0.05
0.05
0.04
0.04
0.05
0.03
0.03
0.05
0.04
0.04
0.05
0.05
0.05
0.04
0.04
0.04
0.04
0.04
0.04
0.05
0.04
0.04
0.03
0.04
0.04
0.03
0.04
0.04
0.03
0.03
0.02
0.06
0.10
0.27
0.79
0.82
0.96
0.92
0.75
0.79
0.84
0.83
0.94
1.07
1.07
0.98
0.95
0.91
0.93
1.02
1.05
1.02
0.91
0.87
0.94
0.97
1.06
1.07
1.16
1.12
1.12
1.15
1.09
1.00
0.82
0.89
0.97
0.81
1.00
0.94
1.01
0.98
0.84
0.82
0.81
0.97
1.09
0.94
0.97
1.04
1.09
1.10
1.14
1.14
1.16
1.16
1.17
1.16
1.17
1.19
1.15
1.19
1.12
1.13
1.10
1.09
1.10
1.05
1.06
1.07
1.02
0.99
0.96
0.99
0.92
0.96
0.97
1.02
1.11
1.12
1.10
1.11
1.09
1.10
1.09
1.10
1.11
1.08
1.14
1.12
1.14
1.13
1.13
1.11
1.12
1.10
1.11
1.06
1.02
1.01
1.04
1.09
1.08
1.07
1.07
0.99
1.10
0.93
0.99
0.90
0.86
1.00
0.90
0.97
1.08
1.10
1.10
1.11
1.03
0.94
0.99
1.04
0.88
0.93
0.98
1.04
1.03
1.08
1.04
0.86
0.89
1.05
1.12
1.17
1.11
0.97
1.02
1.09
1.00
1.08
1.13
1.13
1.11
1.21
1.09
0.90
0.87
0.87
0.90
1.08
1.10
1.08
0.98
1.13
0.98
1.03
0.98
0.99
1.03
1.10
1.08
1.09
1.07
0.96
1.02
0.94
0.73
0.78
0.96
1.10
1.11
1.09
1.00
1.07
1.13
1.01
1.02
1.05
1.16
1.16
1.16
1.14
1.10
1.14
1.18
1.21
1.16
1.14
1.13
1.18
1.06
1.08
1.10
1.16
1.21
1.13
1.15
1.12
1.15
1.16
1.04
1.09
1.04
1.01
0.90
0.87
1.00
0.88
0.85
0.85
0.84
0.92
0.82
0.78
0.78
0.72
0.91
0.77
0.73
0.86
0.89
0.92
0.84
0.85
0.78
0.74
0.86
0.78
0.67
0.67
0.73
0.87
0.80
0.83
0.80
0.85
0.99
0.81
0.89
0.85
0.80
0.89
0.75
0.74
0.76
0.75
0.87
0.69
0.62
0.64
0.54
0.62
0.38
0.18
0.04
0.00
0.03
0.04
0.02
0.04
0.07
0.02
0.05
0.05
0.04
0.03
0.03
0.04
0.04
0.05
0.04
0.05
0.06
0.06
0.06
0.07
0.05
0.06
0.06
0.05
0.06
0.05
0.06
0.06
0.06
0.05
0.05
0.06
0.05
0.06
0.06
0.05
0.05
0.06
0.05
0.06
0.06
0.05
0.06
0.08
0.09
0.07
0.05
0.04
0.03
0.04
0.02
0.02
0.64
0.76
0.74
0.75
0.78
0.73
0.63
0.63
0.61
0.81
0.76
0.79
0.86
0.88
0.95
1.08
1.09
0.99
1.00
0.91
1.00
1.06
1.06
1.10
1.01
1.03
0.87
0.91
1.09
0.89
0.82
1.01
1.05
1.05
1.05
1.09
1.12
1.03
1.12
1.07
1.07
0.89
0.87
1.00
0.89
0.90
0.98
1.04
1.12
0.96
0.85
0.83
0.89
1.09
0.89
1.13
0.98
0.92
1.14
1.01
1.02
1.00
1.09
1.19
1.08
1.14
1.16
1.11
1.22
1.15
1.17
1.12
1.16
1.17
1.10
0.96
1.02
1.08
1.12
1.03
0.93
0.93
0.91
1.05
1.09
1.04
1.09
1.06
1.07
1.01
0.88
0.91
0.92
0.92
0.84
0.83
0.85
0.77
0.89
0.85
0.89
0.86
0.92
0.95
1.00
1.05
0.93
0.84
0.78
0.85
0.87
0.92
0.95
0.87
0.82
0.79
0.82
0.82
0.85
0.87
1.02
1.06
1.15
1.16
0.96
1.02
1.05
1.01
1.03
0.93
1.08
1.19
1.18
1.18
1.12
0.98
0.94
1.00
0.94
0.89
0.88
0.77
0.81
0.93
1.05
1.11
0.96
0.91
0.92
1.03
1.10
0.99
0.99
1.02
0.89
1.05
0.99
0.81
0.89
0.72
1.03
0.66
0.75
0.92
0.85
0.97
0.95
0.98
0.96
0.88
0.80
0.78
0.85
0.92
0.94
0.96
0.88
0.78
0.87
0.89
0.91
0.83
0.97
0.97
1.08
1.00
1.00
1.03
1.14
1.03
0.97
1.06
1.05
1.18
1.14
1.10
1.08
1.10
1.18
0.98
0.86
0.86
0.97
1.07
0.92
0.98
0.98
1.01
1.03
1.05
1.04
1.01
1.03
1.12
1.01
0.97
0.95
1.16
1.17
1.17
1.13
1.05
1.17
0.98
0.99
0.96
0.92
0.92
0.93
0.97
0.95
1.04
0.88
0.84
1.04
1.06
1.08
0.94
0.90
0.95
0.99
1.05
1.04
1.09
1.01
0.85
0.80
0.85
0.94
0.92
0.94
0.93
0.96
1.03
1.03
0.94
0.84
1.01
0.97
0.93
1.00
1.00
1.01
1.04
1.01
0.98
0.98
0.95
0.97
1.00
1.01
1.06
1.06
1.04
1.05
1.07
1.04
1.08
1.08
1.17
1.12
0.90
0.90
1.03
0.89
0.91
1.01
1.01
0.97
0.93
0.94
0.92
0.93
0.95
0.88
0.92
0.93
0.92
0.95
0.90
0.93
0.94
0.94
0.97
0.94
0.96
0.95
0.93
0.91
0.93
0.94
0.94
