1.00
0.84
0.97
0.97
0.99
0.85
0.87
0.92
1.03
0.97
0.94
0.89
0.84
0.83
0.72
0.73
0.61
0.45
0.41
0.31
0.41
0.46
0.45
0.49
0.57
0.59
0.54
0.61
0.65
0.52
0.51
0.54
0.70
0.68
0.57
0.45
0.39
0.32
0.31
0.25
0.21
0.22
0.21
0.24
0.24
0.43
0.28
0.44
0.43
0.55
0.61
0.61
0.65
0.60
0.49
0.30
0.30
0.23
0.13
0.24
0.29
0.31
0.24
0.28
0.25
0.29
0.27
0.32
0.32
0.34
0.24
0.20
0.22
0.22
0.27
0.31
0.42
0.37
0.37
0.32
0.27
0.26
0.20
0.17
0.22
0.17
0.18
0.60
0.12
0.12
0.17
0.21
0.20
0.16
0.14
0.13
0.15
0.16
0.12
0.19
0.13
0.08
0.18
0.17
0.14
0.21
0.22
0.18
0.17
0.24
0.26
0.21
0.28
0.20
0.16
0.19
0.19
0.22
0.26
0.28
0.25
0.25
0.17
0.17
0.20
0.15
0.13
0.17
0.20
0.21
0.21
0.21
0.22
0.21
0.21
0.22
0.21
0.21
0.22
0.20
0.18
0.19
0.17
0.18
0.13
0.17
0.12
0.22
0.19
0.18
0.15
0.22
0.21
0.18
0.18
0.21
0.19
0.19
0.19
0.21
0.19
0.16
0.18
0.18
0.18
0.15
0.14
0.19
0.19
0.18
0.15
0.13
0.19
0.13
0.17
0.21
0.20
0.23
0.17
0.21
0.19
0.17
0.16
0.21
0.27
0.28
0.23
0.22
0.25
0.19
0.20
0.19
0.21
0.21
0.18
0.26
0.22
0.22
0.59
0.51
0.53
0.54
0.64
0.76
0.74
0.80
0.81
0.68
0.78
0.88
0.80
0.73
0.92
0.85
0.79
0.68
0.69
0.61
0.48
0.41
0.52
0.49
0.57
0.59
0.53
0.54
0.52
0.56
0.53
0.59
0.66
0.70
0.72
0.79
0.66
0.79
0.73
0.71
0.76
0.78
0.70
0.69
0.55
0.68
0.69
0.73
0.74
0.64
0.54
0.56
0.56
0.53
0.56
0.66
0.82
0.69
0.73
0.78
0.75
0.58
0.58
0.60
0.62
0.67
0.58
0.57
0.59
0.65
0.58
0.47
0.65
0.72
0.66
0.50
0.53
0.48
0.24
0.35
0.28
0.33
0.41
0.25
0.25
0.22
0.20
0.17
0.19
0.24
0.22
0.27
0.34
0.26
0.37
0.38
0.35
0.57
0.68
0.67
0.62
0.63
0.71
0.79
0.72
0.62
0.56
0.59
0.72
0.67
0.54
0.61
0.68
0.57
0.60
0.57
0.70
0.50
0.50
0.52
0.31
0.32
0.30
0.40
0.43
0.45
0.44
0.39
0.44
0.43
0.42
0.35
0.40
0.19
0.12
0.10
0.09
0.18
0.26
0.46
0.28
0.40
0.43
0.57
0.47
0.36
0.45
0.43
0.38
0.27
0.20
0.17
0.15
0.14
0.11
0.20
0.16
0.15
0.22
0.28
0.51
0.49
0.80
0.56
0.74
0.70
0.69
0.74
0.73
0.74
0.74
0.76
0.76
0.70
0.78
0.75
0.68
0.68
0.68
0.66
0.64
0.69
0.69
0.66
0.57
0.52
0.48
0.47
0.48
0.39
0.43
0.34
0.41
0.34
0.36
0.35
0.39
0.41
0.41
0.37
0.42
0.46
0.47
0.45
0.39
0.34
0.34
0.36
0.42
0.48
0.37
0.37
0.33
0.38
0.36
0.38
0.54
0.53
0.43
0.51
0.54
0.43
0.44
0.51
0.41
0.57
0.44
0.50
0.43
0.50
0.41
0.51
0.50
0.40
0.27
0.29
0.31
0.33
0.31
0.29
0.30
0.25
0.32
0.28
0.28
0.26
0.25
0.29
0.27
0.26
0.25
0.23
0.21
0.24
0.23
0.23
0.18
0.23
0.20
0.20
0.24
0.26
0.24
0.13
0.15
0.13
0.21
0.17
0.23
0.16
0.16
0.15
0.17
0.18
0.16
0.16
0.20
0.15
0.14
0.12
0.21
0.17
0.15
0.18
0.17
0.19
0.16
0.16
0.15
0.23
0.27
0.30
0.28
0.21
0.23
0.23
0.22
0.21
0.24
0.24
0.25
0.26
0.27
0.20
0.19
0.19
0.15
0.17
0.10
0.08
0.15
0.16
0.17
0.17
0.18
0.18
0.21
0.18
0.17
0.16
0.18
0.18
0.18
0.17
0.21
0.21
0.20
0.19
0.21
0.27
0.25
0.27
0.15
