0.658221
0.051182
0.048073
0.048189
0.048323
0.049861
0.060949
0.051651
0.049617
0.048239
0.049795
0.049136
0.046581
0.047694
0.047129
0.047435
0.060177
0.052126
0.053977
0.053932
0.053529
0.041649
0.040930
0.042682
0.038910
0.038489
0.038303
0.041060
0.049118
0.040745
0.054273
0.043200
0.040052
0.038805
0.039304
0.039255
0.041147
0.038689
0.039788
0.040551
0.053557
0.036097
0.036041
0.035805
0.036558
0.036184
0.036144
0.035879
0.049133
0.040208
0.055074
0.036654
0.037058
0.038054
0.037468
0.037938
0.019908
0.033388
0.030150
0.019045
0.019597
0.037633
0.037856
0.019079
0.019403
0.040076
0.038981
0.039204
0.039082
0.049239
0.054853
0.039410
0.038604
0.038560
0.048398
0.037063
0.036436
0.035978
0.038358
0.036915
0.055584
0.039273
0.039160
0.038055
0.041723
0.046097
0.039448
0.038534
0.043313
0.046433
0.063132
0.038467
0.038833
0.038193
0.040621
0.039422
0.039095
0.038883
0.039259
0.039052
0.061901
0.047995
0.035784
0.040206
0.040515
0.043720
0.036387
0.036003
0.036061
0.049706
0.071549
0.038442
0.038762
0.040268
0.041053
0.041921
0.037510
0.040207
0.040109
0.037524
0.062068
0.037071
0.036919
0.054948
0.041265
0.051267
0.048778
0.047460
0.048491
0.037243
0.040814
0.037866
0.038237
0.037859
0.037798
0.039445
0.041338
0.036052
0.040860
0.052012
0.062586
0.036949
0.040148
0.040696
0.039893
0.040205
0.039693
0.040151
0.040009
0.039865
0.067078
0.039841
0.040396
0.049016
0.038563
0.048759
0.036365
0.036398
0.050737
0.040772
0.078062
0.038641
0.036816
0.036202
0.037177
0.040553
0.048699
0.039327
0.041799
0.048561
0.072545
0.048909
0.051181
0.049790
0.038667
0.038346
0.040333
0.041013
0.040154
0.049750
0.069596
0.037101
0.051367
0.040592
0.044157
0.041426
0.039432
0.038757
0.039123
0.040191
0.037821
0.035881
0.035157
0.035675
0.035646
0.035471
0.036680
0.036495
0.035209
0.037292
0.048668
0.038820
0.048412
0.049547
0.039555
0.037911
0.038921
0.038198
0.038319
0.039124
0.041494
0.039396
0.038908
0.037962
0.039045
0.035952
0.035951
0.038660
0.035915
0.038630
0.050341
0.048174
0.051181
0.035715
0.035735
0.039512
0.035650
0.036705
0.040792
0.035517
0.036455
0.035638
0.036591
0.039507
0.046810
0.048398
0.037915
0.038170
0.037488
0.037914
0.037801
0.040356
0.038248
0.038634
0.039148
0.037732
0.037372
0.039536
0.041787
0.039938
0.040732
0.042436
0.038947
0.039529
0.037999
0.039686
0.036544
0.036919
0.035511
0.036378
0.042299
0.043257
0.035722
0.038166
0.038571
0.039508
0.037313
0.036235
0.036907
0.040618
0.051797
0.037745
0.038221
0.038777
0.050419
0.035620
0.036248
0.036208
0.038035
0.038654
0.039155
0.037938
0.040147
0.038589
0.037324
0.035461
0.037423
0.038993
0.049568
0.038360
0.048335
0.047636
0.041433
0.040437
0.039006
0.037494
0.036697
0.036616
0.036839
0.036457
0.036661
0.035167
0.036001
0.039540
0.051562
0.051053
0.035570
0.039467
0.036703
0.048226
0.047911
0.050933
0.039236
0.039384
0.043614
0.036379
0.037122
0.039316
0.036837
0.039625
0.041517
0.039411
0.040078
0.035375
0.039541
0.039036
0.040550
0.040376
0.039818
0.039665
0.090148
0.041433
0.040582
0.038944
0.038587
0.037751
0.037635
0.048215
0.036191
0.038877
0.039776
0.042454
0.039940
0.037948
0.035851
0.035542
0.037203
0.041344
0.040298
0.041053
0.039856
0.040321
0.039666
0.041509
0.040551
0.035922
0.035221
0.040532
0.060297
0.071504
0.039267
0.040057
0.041247
0.040332
0.074007
0.064634
0.039534
0.048141
0.035498
0.038089
0.038259
0.039572
0.038172
0.038827
0.064137
0.038192
0.039822
0.061024
0.039475
0.044781
0.039848
0.039750
0.040136
0.039577
0.039796
0.035254
0.036999
0.035232
0.036078
0.035597
0.040792
0.037982
0.047263
0.037056
0.041049
0.036157
0.038994
0.050527
0.050393
0.046359
0.040918
0.047423
0.046846
0.049239
0.049959
0.050614
0.048427
0.051327
0.040803
0.041233
0.041041
0.040848
0.038222
0.038953
0.037572
0.047294
0.048344
0.039562
0.040369
0.041215
0.039610
0.040832
0.039520
0.041235
0.040330
0.044948
0.041657
0.041996
0.050004
0.043466
0.037959
0.040015
0.039837
0.037803
0.041955
0.040562
0.050655
0.040846
0.039757
0.041987
0.043204
0.051143
0.050086
0.048846
0.040935
0.039067
0.038396
0.040203
0.040338
0.040585
0.041959
0.040440
0.041533
0.039778
0.040344
0.040504
0.040720
0.041302
0.038068
0.039120
0.040243
0.038697
0.040080
0.035955
0.017802
0.017903
0.017886
0.031565
0.038604
0.041200
0.039843
0.050874
0.051431
0.051267
0.039846
0.046491
0.052357
0.041447
0.041513
0.017606
0.017565
0.031230
0.039571
0.048441
0.039225
0.039985
0.039206
0.039779
0.039450
0.040139
0.039216
0.040034
0.040821
0.040691
0.051522
0.048332
0.038360
0.035358
0.016580
0.016866
0.017336
0.016705
0.016405
0.016346
0.030567
0.041186
0.036485
0.035199
0.038622
0.036777
0.038105
0.038842
0.037534
0.036544
0.040683
0.036416
0.035746
0.036252
0.035487
0.038678
0.039784
0.038162
0.037288
0.043998
0.047974
0.041343
0.040319
0.039418
0.048736
0.039234
0.038893
0.037999
0.041790
0.039717
0.044981
0.051896
0.041029
0.054155
0.037319
0.042676
0.039401
0.041095
0.039433
0.040184
0.039619
0.046412
0.050018
0.048322
0.051275
0.038075
0.082776
0.038473
0.038293
0.036893
0.036288
0.036176
0.036359
0.036729
0.036522
0.036837
0.035875
0.035954
0.036572
0.036028
0.037421
0.040925
0.040493
0.037241
0.036509
0.051024
0.043485
0.036762
0.039637
0.047102
0.038781
0.037893
0.041393
0.044728
0.039140
0.035524
0.036350
0.035695
0.037060
0.038886
0.036375
0.035819
0.036232
0.035578
0.039064
0.038059
0.038931
0.038121
0.041434
0.049477
0.038058
0.037903
0.038028
0.046864
0.052361
0.038237
0.039630
0.037464
0.051554
0.048489
0.050102
0.038944
0.038961
0.051405
0.038890
0.039020
0.040330
0.039947
0.040203
0.040742
0.051389
0.041707
0.048928
0.049277
0.040284
0.044754
0.047588
0.047644
0.050177
0.042964
0.041206
0.048357
0.041994
0.040775
0.042702
0.043569
0.041564
0.050717
0.042188
0.047381
0.041406
0.048886
0.041484
0.041823
0.050668
0.051863
0.093412
0.039954
0.042941
0.052316
0.041550
0.041504
0.041264
0.041854
0.041851
0.042576
0.083242
0.039533
0.039440
0.040764
0.051551
0.051991
0.041688
0.040752
0.041925
0.047986
0.040667
0.038639
0.041773
0.040094
0.039755
0.039479
0.041147
0.040630
0.040094
0.040210
0.039834
0.041535
0.040143
0.040363
0.039792
0.040293
0.038497
0.037556
0.041657
0.036091
0.081560
0.039723
0.040226
0.039644
0.039292
0.038742
0.038574
0.038146
0.037139
0.036968
0.036357
0.035532
0.040544
0.039620
0.038344
0.040740
0.039223
0.052587
0.051074
0.038863
0.081277
0.038920
0.041573
0.038052
0.041865
0.049373
0.050400
0.038449
0.032933
0.016250
0.016222
0.016621
0.016589
0.016236
0.017152
0.016255
0.016433
0.016607
0.017303
0.016859
0.016821
0.016843
0.016768
0.017565
0.031085
0.038311
0.037789
0.037762
0.038348
0.038299
0.039253
0.038530
0.047884
0.047185
0.039270
0.039085
0.038287
0.036864
0.035522
0.035910
0.036101
0.036005
0.038026
0.037802
0.035953
0.035605
0.035537
0.035275
0.035578
0.036046
0.039052
0.045785
0.036550
0.035885
0.035432
0.035947
0.036014
0.035753
0.036435
0.036069
0.035732
0.036345
0.035566
0.038609
0.038456
0.039121
0.038312
0.038955
0.040567
0.040845
0.046641
0.036005
0.036266
0.035982
0.036079
0.036333
0.037288
0.036321
0.041241
0.047421
0.047962
0.047614
0.046667
0.047562
0.047823
0.044369
0.043707
0.051930
0.052406
0.039090
0.082877
0.044538
0.054626
0.052781
0.049367
0.041861
0.050361
0.044165
0.040812
0.046857
0.093196
0.040625
0.039449
0.042277
0.045946
0.039803
0.039519
0.040813
0.039190
0.038461
0.082314
0.040708
0.051994
0.073324
0.050700
0.036889
0.039458
0.051347
0.035722
0.036740
0.035897
0.035940
0.035803
0.035988
0.035850
0.036999
0.037455
0.037395
0.050973
0.038379
0.041648
0.038252
0.048447
0.043110
0.037655
0.036120
0.040337
0.036787
0.035668
0.041167
0.037617
0.040587
0.050439
0.050750
0.035462
0.046743
0.030585
0.035290
0.035496
0.035312
0.035783
0.035502
0.038703
0.048689
0.047334
0.036273
0.036655
0.037564
0.038013
0.038426
0.038048
0.037240
0.035448
0.039664
0.037504
0.037999
0.037767
0.037892
0.038037
0.037898
0.036256
0.039944
0.045329
0.037507
0.036005
0.035154
0.035582
0.035598
0.037338
0.037951
0.038611
0.037967
0.035502
0.035698
0.036275
0.035756
0.035113
0.035071
0.035453
0.038956
0.039939
0.035199
0.037263
0.037968
0.039940
0.035648
0.036402
0.039245
0.041239
0.037823
0.038815
0.049966
0.037849
0.038184
0.037632
0.037628
0.036695
0.038771
0.039546
0.039355
0.047511
0.039051
0.035688
0.034792
0.035547
0.035104
0.035618
0.035096
0.032162
0.016752
0.016060
0.015850
0.016920
0.030121
0.039253
0.038856
0.038428
0.038925
0.039241
0.037936
0.039349
0.039106
0.037925
0.041346
0.035315
0.036878
0.039453
0.035279
0.035208
0.038144
0.038242
0.039361
0.038978
0.037255
0.037537
0.037085
0.041027
0.049076
0.038117
0.037815
0.037330
0.039934
0.038434
0.035554
0.035068
0.036913
0.037227
0.037775
0.037945
0.036688
0.035782
0.035036
0.034995
0.035517
0.035176
0.035419
0.035694
0.039586
0.034961
0.037284
0.082782
0.035062
0.040143
0.041729
0.040012
0.050663
0.039013
0.046745
0.040727
0.047923
0.036784
0.037031
0.037735
0.037380
0.037403
0.038614
0.038135
0.037838
0.038195
0.037900
0.037328
0.038107
0.051055
0.037301
0.039347
0.037820
0.036746
0.038723
0.042099
0.047443
0.048403
0.050504
0.049994
0.050510
0.038091
0.041167
0.050528
0.040802
0.039913
0.043994
0.047906
0.040681
0.040297
0.046663
0.046621
0.046994
0.039853
0.039913
0.040092
0.037917
0.037563
0.047125
0.036414
0.036567
0.035223
0.035868
0.035382
0.036360
0.035436
0.036171
0.033105
0.016464
0.030648
0.035128
0.036230
0.036774
0.039317
0.038282
0.050563
0.037813
0.047909
0.038128
0.039348
0.037874
0.049007
0.047632
0.037590
0.047478
0.038276
0.038976
0.040074
0.033873
0.017299
0.030537
0.037904
0.039298
0.039291
0.039493
0.038537
0.045068
0.030970
0.037057
0.040576
0.035533
0.038183
0.039726
0.040347
0.035596
0.040308
0.038189
0.038500
0.038890
0.039546
0.048410
0.037647
0.039917
0.038420
0.038816
0.038088
0.037659
0.036976
0.038771
0.038696
0.038929
0.038626
0.038989
0.032954
0.016508
0.016359
0.016417
0.016613
0.030709
0.037755
0.040884
0.035636
0.036043
0.035481
0.036160
0.039704
0.038909
0.038506
0.039452
0.039227
0.038519
0.038030
0.038567
0.037823
0.038195
0.038008
0.047977
0.047948
0.037776
0.039503
0.038069
0.041049
0.038731
0.048362
0.040752
0.038062
0.047287
0.037779
0.037250
0.035287
0.036021
0.035979
0.037357
0.037606
0.035903
0.038970
0.039825
0.039482
0.041043
0.038466
0.038818
0.038763
0.036031
0.037160
0.035336
0.036187
0.035671
0.036304
0.035437
0.036414
0.035972
0.036070
0.039104
0.039041
0.038065
0.041690
0.047643
0.096961
0.050133
0.039369
0.039593
0.038901
0.039762
0.038751
0.039620
0.047501
0.050484
0.083695
0.039367
0.048655
0.049681
0.051814
0.053000
0.048307
0.050040
0.050252
0.049413
0.047902
0.043562
0.049169
0.039612
0.044473
0.047846
0.051070
0.052693
0.052908
0.039431
0.038509
0.038972
0.039157
0.038512
0.038920
0.039392
0.036098
0.035928
0.036574
0.036497
0.037078
0.047885
0.050834
0.050653
0.050283
0.052476
0.051509
0.050651
0.052415
0.051984
0.096290
0.046416
0.050195
0.048273
0.048757
0.041039
0.040092
0.039953
0.041576
0.045432
0.048902
0.050062
0.048241
0.051981
0.040365
0.046443
0.039143
0.035887
0.036856
0.035939
0.036098
0.035999
0.035739
0.035937
0.035294
0.036032
0.035543
0.051846
0.051082
0.050700
0.050962
0.048515
0.044021
0.050278
0.037566
0.037766
0.041304
0.052476
0.043485
0.051018
0.048646
0.048856
0.050632
0.038840
0.039875
0.040559
0.039264
0.051377
0.051247
0.050861
0.050872
0.050910
0.049619
0.052905
0.051895
0.050995
0.052431
0.052298
0.048965
0.039531
0.039318
0.038192
0.039068
0.037649
0.040073
0.045506
0.050400
0.050756
0.047792
0.038728
0.036600
0.035520
0.036232
0.036740
0.035310
0.036265
0.035524
0.036299
0.035729
0.036249
0.035659
0.035838
0.035702
0.036561
0.035666
0.036328
0.035448
0.036209
0.035668
0.036188
0.035453
0.036206
0.036278
0.036338
0.035776
0.036552
0.035700
0.036195
0.035437
0.036214
0.035803
0.036369
0.038135
0.039617
0.036295
0.049635
0.050078
0.045955
0.041406
0.038584
0.038414
0.042048
0.052078
0.052762
0.052570
0.037860
0.049696
0.038742
0.041693
0.048112
0.051170
0.039176
0.039128
0.048308
0.052524
0.051024
0.047588
0.048377
0.042669
0.039767
0.040016
0.041047
0.051296
0.050541
0.041334
0.051255
0.051167
0.041358
0.045663
0.042417
0.051637
0.040657
0.041501
0.040334
0.040145
0.040372
0.041229
0.041008
0.041126
0.040077
0.040704
0.041343
0.042817
0.042651
0.040211
0.041700
0.047239
0.050856
0.050843
0.050840
0.048663
0.048375
0.048036
0.050984
0.048334
0.046438
0.048870
0.040188
0.040905
0.041993
0.046493
0.049461
0.051061
0.038401
0.038742
0.038008
0.038748
0.037918
0.042519
0.047384
0.047837
0.049706
0.040303
0.041131
0.047580
0.048118
0.048219
0.047251
0.046600
0.039987
0.039355
0.038982
0.042541
0.039979
0.040302
0.040220
0.038322
0.039918
0.036601
0.042255
0.035573
0.036183
0.036523
0.036490
0.035723
0.036094
0.035573
0.036096
0.035494
0.036085
0.037320
0.048236
0.046251
0.038226
0.038543
0.038468
0.039919
0.039432
0.036246
0.035978
0.039549
0.040205
0.038344
0.041619
0.036141
0.036602
0.036293
0.036541
0.035766
0.036595
0.035661
0.036027
0.035820
0.036315
0.035888
0.036268
0.035556
0.036160
0.035403
0.036448
0.035595
0.037877
0.037640
0.037787
0.037683
0.037556
0.037388
0.037526
0.037781
0.037972
0.037717
0.038196
0.037802
0.038374
0.050694
0.037932
0.038984
0.038615
0.041390
0.038574
0.037770
0.041934
0.037363
0.036155
0.038830
0.039048
0.039013
0.038795
0.038748
0.039068
0.038804
0.041253
0.039303
0.046800
0.040744
0.039167
0.039330
0.040710
0.035563
0.035874
0.035648
0.035576
0.039864
0.039533
0.040104
0.039438
0.040367
0.039690
0.039621
0.039386
0.040217
0.039429
0.040814
0.039410
0.039436
0.039971
0.039528
0.039902
0.039368
0.040398
0.039366
0.040322
0.039583
0.040164
0.039277
0.039984
0.039474
0.040272
0.039758
0.040786
0.040547
0.040656
0.039541
0.036224
0.039420
0.040668
0.039719
0.040322
0.039488
0.040211
0.039825
0.039821
0.039539
0.040260
0.040149
0.039860
0.039583
0.040291
0.036329
0.036165
0.035281
0.037611
0.038139
0.035677
0.035104
0.035901
0.035152
0.036031
0.035248
0.036019
0.035225
0.035961
0.035197
0.036115
0.035462
0.036096
0.035431
0.038206
0.035593
0.039856
0.035623
0.036300
0.035753
0.035926
0.035314
0.035939
0.035407
0.036050
0.035262
0.035844
0.035087
0.036104
0.036452
0.039590
0.039166
0.040824
0.051005
0.035512
0.036301
0.035255
0.036175
0.035533
0.036332
0.035811
0.036361
0.035686
0.036155
0.035522
0.036236
0.035368
0.036208
0.035491
0.035848
0.035218
0.038427
0.035646
0.035380
0.035519
0.035106
0.037512
0.038278
0.039020
0.033330
0.016206
0.016079
0.015942
0.016034
0.016175
0.016212
0.016317
0.017031
0.029421
0.033675
0.016309
0.016319
0.016158
0.016248
0.016184
0.016371
0.016844
0.016983
0.016706
0.016628
0.016680
0.016762
0.016893
0.017188
0.016845
0.016885
0.016704
0.016849
0.017192
0.017649
0.017214
0.017446
0.025412
0.023961
0.017258
0.017465
0.031474
0.037314
0.038090
0.038050
0.038061
0.039597
0.035887
0.035157
0.035733
0.034994
0.035694
0.035011
0.035593
0.034807
0.035741
0.034815
0.035714
0.034901
0.035708
0.034776
0.035506
0.034974
0.035879
0.034896
0.035672
0.035523
0.035059
0.034966
0.035538
0.035080
0.047623
0.035106
0.035547
0.034887
0.035465
0.036596
0.036334
0.035148
0.035509
0.035067
0.035107
0.035170
0.035732
0.035570
0.059958
0.035217
0.035354
0.035137
0.035514
0.034871
0.035313
0.034951
0.035277
0.034982
0.035427
0.034863
0.035225
0.035088
0.037035
0.037815
0.038197
0.038004
0.037743
0.038996
0.039670
0.039773
0.039945
0.050050
0.039043
0.039874
0.041052
0.039643
0.049599
0.041903
0.039868
0.038526
0.037077
0.051663
0.039432
0.037810
0.035643
0.039897
0.035954
0.036008
0.039170
0.039190
0.037687
0.039012
0.039420
0.039934
0.039344
0.039668
0.039111
0.039698
0.038606
0.035572
0.035478
0.036214
0.035203
0.035893
0.035180
0.035918
0.034961
0.036111
0.035131
0.035850
0.035055
0.035989
0.035090
0.036162
0.035355
0.038804
0.039043
0.039542
0.033744
0.030430
0.035805
0.036870
0.047770
0.047018
0.047871
0.037789
0.037904
0.038292
0.039424
0.040446
0.035374
0.041012
0.039513
0.047175
0.041245
0.040848
0.040977
0.052619
0.047811
0.039581
0.042959
0.037297
0.036471
0.034989
0.032555
0.016426
0.016078
0.016383
0.016112
0.016412
0.016211
0.017234
0.017079
0.017408
0.017138
0.030364
0.032467
0.016469
0.016727
0.016522
0.016853
0.030912
0.035224
0.035799
0.035035
0.036029
0.035011
0.035975
0.035112
0.035888
0.035003
0.036092
0.035112
0.036196
0.035302
0.036013
0.035073
0.035789
0.035354
0.036399
0.035439
0.036561
0.035120
0.038940
0.038123
0.038968
0.037939
0.038080
0.036367
0.036358
0.035262
0.036225
0.035516
0.038213
0.038184
0.038013
0.037302
0.039332
0.033431
0.030922
0.037754
0.041759
0.037990
0.039447
0.037751
0.038449
0.035459
0.039897
0.033191
0.017019
0.016559
0.016591
0.016566
0.016808
0.016826
0.031105
0.035187
0.036545
0.035497
0.037031
0.035611
0.036569
0.035701
0.036503
0.035617
0.036472
0.035876
0.036650
0.035890
0.037086
0.035774
0.036604
0.033236
0.031156
0.039041
0.040455
0.039274
0.050214
0.039576
0.039554
0.038940
0.038543
0.038460
0.038809
0.037860
0.034137
0.030826
0.036118
0.036040
0.035176
0.035915
0.035350
0.036105
0.035515
0.036014
0.035437
0.040372
0.048028
0.038182
0.038732
0.038620
0.040313
0.045409
0.037823
0.036791
0.039690
0.037702
0.038762
0.036442
0.039001
0.038939
0.040845
0.038766
0.040133
0.038162
0.037000
0.040877
0.046105
0.038873
0.039184
0.038094
0.039221
0.046011
0.049528
0.044177
0.086938
0.036563
0.053905
0.050678
0.038892
0.037431
0.036132
0.036073
0.036240
0.037605
0.084129
0.040399
0.043838
0.036435
0.039693
0.048528
0.037630
0.040819
0.050656
0.035549
0.036344
0.035886
0.035861
0.037382
0.051598
0.037852
0.040101
0.039584
0.038057
0.040504
0.088350
0.035576
0.035791
0.035416
0.036652
0.036546
0.038951
0.038542
0.038807
0.038920
0.079639
0.038958
0.036822
0.036478
0.037312
0.035369
0.035701
0.047697
0.050873
0.039117
0.046965
0.039263
0.048012
0.048981
0.043014
0.038229
0.039842
0.037757
0.035867
0.039906
0.045271
0.048856
0.035863
0.038268
0.038237
0.038393
0.038298
0.038355
0.035265
0.035869
0.035663
0.035421
0.035439
0.036032
0.036032
0.035172
0.035442
0.035500
0.035621
0.035722
0.038500
0.038010
0.042560
0.039741
0.039367
0.041878
0.052276
0.074343
0.048830
0.051130
0.095730
0.039533
0.038834
0.038582
0.038587
0.038278
0.048167
0.038131
0.039059
0.038830
0.039080
0.038199
0.040041
0.039500
0.038484
0.039858
0.040030
0.048958
0.051098
0.041648
0.048223
0.052744
0.038602
0.039514
0.040278
0.036001
0.041775
0.050499
0.048514
0.050982
0.038116
0.041936
0.049536
0.051374
0.046657
0.036549
0.037953
0.036231
0.035716
0.036603
0.043779
0.038741
0.048479
0.049178
0.041620
0.049955
0.041906
0.051347
0.051170
0.040372
0.050017
0.047956
0.042669
0.047898
0.048033
0.048950
0.037978
0.039209
0.038162
0.040106
0.084376
0.041014
0.039197
0.037495
0.039847
0.051197
0.039097
0.039325
0.039046
0.036984
0.083470
0.041185
0.046199
0.036482
0.038546
0.038491
0.036596
0.037055
0.036160
0.036194
0.079284
0.036530
0.041275
0.043517
0.047748
0.047651
0.037751
0.038911
0.038782
