1.00
1.00
0.97
0.97
0.87
0.83
0.91
0.82
0.82
0.77
0.78
0.78
0.79
0.75
0.85
0.86
0.72
0.72
0.85
0.90
0.94
0.90
0.84
0.83
0.87
0.91
0.91
0.93
0.89
0.92
0.87
0.86
0.90
0.84
0.81
0.85
0.81
0.73
0.76
0.81
0.64
0.92
0.93
0.83
0.78
0.82
0.82
0.79
0.84
0.88
0.94
0.91
1.02
0.94
0.86
0.83
0.84
0.80
0.86
0.90
0.90
0.97
0.94
0.90
0.97
0.94
0.95
1.01
1.01
1.02
0.98
0.96
0.96
1.01
0.95
0.97
1.00
1.00
1.04
1.00
1.06
1.07
1.10
1.11
1.10
1.11
1.15
1.13
1.14
1.08
1.10
1.08
1.03
1.01
0.98
0.94
0.91
0.96
0.97
0.95
0.97
1.02
1.02
0.95
1.00
1.00
1.02
0.95
1.03
0.98
0.97
0.94
0.91
0.88
0.97
0.97
0.95
0.85
0.75
0.92
0.95
0.97
1.02
1.00
0.99
1.07
1.02
1.01
0.95
0.98
0.94
0.92
0.84
0.82
0.83
0.90
0.84
0.59
0.81
0.84
0.81
0.91
0.87
0.82
0.76
0.67
0.61
0.70
0.69
0.67
0.67
0.70
0.61
0.53
0.54
0.53
0.40
0.33
0.23
0.20
0.14
0.11
0.14
0.11
0.03
0.27
0.22
0.15
0.20
0.15
0.14
0.13
0.14
0.19
0.17
0.21
0.22
0.23
0.19
