0.660414
0.051928
0.064909
0.062115
0.063014
0.053720
0.063821
0.063590
0.053551
0.056924
0.054544
0.054309
0.054883
0.062280
0.055968
0.065610
0.054648
0.056200
0.065731
0.064426
0.053354
0.043182
0.048948
0.043464
0.043303
0.043515
0.040658
0.052388
0.053278
0.039748
0.054453
0.052356
0.052213
0.048602
0.039960
0.039686
0.039674
0.041874
0.040568
0.020093
0.033663
0.016759
0.016600
0.017343
0.017093
0.031235
0.037418
0.059266
0.061918
0.061826
0.060957
0.050037
0.049605
0.053366
0.050873
0.039667
0.039045
0.033273
0.017335
0.017226
0.031009
0.039647
0.019970
0.038071
0.049915
0.039721
0.046190
0.049457
0.049747
0.051438
0.027328
0.026821
0.028398
0.027158
0.048830
0.052907
0.050722
0.052219
0.062091
0.050282
0.038491
0.038930
0.021225
0.035156
0.017493
0.017583
0.017828
0.032758
0.036282
0.018000
0.018602
0.018374
0.018202
0.018280
0.017256
0.017452
0.017990
0.020147
0.018398
0.018383
0.018521
0.018735
0.017213
0.017248
0.016476
0.016459
0.021142
0.017165
0.016461
0.022537
0.043780
0.027641
0.043131
0.043203
0.022407
0.022456
0.022767
0.022677
0.019008
0.018606
0.017729
0.017869
0.017908
0.018224
0.025828
0.018675
0.018823
0.016528
0.018897
0.016525
0.017467
0.016641
0.022637
0.023293
0.017352
0.017067
0.022492
0.023248
0.017724
0.016587
0.016762
0.016483
0.016497
0.016325
0.016524
0.017846
0.017210
0.017277
0.016617
0.016399
0.016972
0.016551
0.016348
0.016932
0.016867
0.016677
0.016407
0.016591
0.017769
0.016736
0.016711
0.016490
0.016364
0.016346
0.016297
0.016279
0.016705
0.017201
0.016773
0.016438
0.016494
0.016545
0.016348
0.016316
0.016341
0.016676
0.016728
0.016493
0.016338
0.016481
0.016277
0.016492
0.016287
0.016976
0.017462
0.017203
0.016413
0.016478
0.016615
0.016470
0.016404
0.016983
0.016561
0.016496
0.016487
0.017478
0.016659
0.016488
0.032993
0.038853
0.039430
0.039388
0.039469
0.040130
0.038675
0.039856
0.038354
0.040237
0.040106
0.039708
0.051806
0.035850
0.039701
0.039655
0.048066
0.048882
0.039367
0.038866
0.044324
0.039593
0.038119
0.038767
0.036902
0.038578
0.038727
0.041282
0.038882
0.040272
0.038501
0.038640
0.038921
0.036011
0.035886
0.037517
0.038339
0.035893
0.039892
0.037888
0.037159
0.038457
0.037777
0.037436
0.038890
0.037995
0.038456
0.038249
0.038423
0.038137
0.047893
0.035635
0.041786
0.040113
0.038563
0.037429
0.036565
0.036317
0.037253
0.035757
0.040721
0.037876
0.051173
0.035625
0.036431
0.035685
0.036556
0.035447
0.036134
0.037826
0.036364
0.035688
0.035930
0.037764
0.036155
0.037899
0.039614
0.042006
0.033303
0.031150
0.049917
0.040460
0.040946
0.034190
0.017760
0.016925
0.016970
0.017349
0.017292
0.017463
0.017051
0.017995
0.032064
0.037977
0.038621
0.038076
0.041593
0.039944
0.035618
0.039880
0.039448
0.043152
0.039570
0.038211
0.036455
0.039707
0.035839
0.036520
0.035422
0.035895
0.035506
0.035925
0.035263
0.036198
0.035443
0.036356
0.035607
0.036131
0.035490
0.035906
0.035940
0.036067
0.037216
0.035783
0.035471
0.035912
0.035324
0.035741
0.035479
0.036399
0.035578
0.035561
0.035252
0.032665
0.016889
0.016419
0.016545
0.016394
0.017281
0.031938
0.036042
0.035790
0.035425
0.035943
0.035443
0.035568
0.035582
0.036915
0.035599
0.042319
0.034302
0.016987
0.017446
0.017705
0.017208
0.017115
0.017116
0.017281
0.017180
0.018690
0.045129
0.050303
0.051298
0.048073
0.052418
0.048317
0.048201
0.044176
0.048894
0.048021
0.044323
0.052785
0.051668
0.052497
0.046284
0.037082
0.039883
0.040006
0.041502
0.042872
0.039285
0.040745
0.039161
0.047345
0.043249
0.052732
0.050472
0.055261
0.049886
0.045040
0.045046
0.038721
0.039102
0.039996
0.044034
0.042196
0.041331
0.037860
0.036827
0.040602
0.042612
0.049677
0.037106
0.037905
0.050609
0.039901
0.039249
0.038477
0.036397
0.048986
0.051522
0.035899
0.036672
0.035643
0.036547
0.035474
0.035986
0.035437
0.036094
0.035901
0.036785
0.037782
0.051789
0.052007
0.036325
0.056805
0.050035
0.048047
0.040163
0.040391
0.040048
0.041834
0.050030
0.049160
0.048170
0.050659
0.040514
0.040771
0.038922
0.037919
0.042245
0.033369
0.032555
0.050207
0.040455
0.036538
0.034317
0.030704
0.050670
0.049721
0.034655
0.017066
0.016878
0.017027
0.017566
0.017585
0.017437
0.017487
0.017910
0.017829
0.018183
0.019229
0.018541
0.018720
0.016549
0.016512
0.017264
0.016709
0.017628
0.016738
0.016557
0.016399
0.016278
0.016297
0.016240
0.016412
0.016665
0.016692
0.016522
0.016290
0.016428
0.016621
0.016446
0.016415
0.016843
0.016541
0.016379
0.016296
0.017920
0.016840
0.017750
0.032050
0.040287
0.033775
0.016878
0.017012
0.017545
0.017296
0.017269
0.017283
0.018243
0.018319
0.018796
0.031489
0.033988
0.017102
0.017086
0.017161
0.017169
0.017136
0.017392
0.018007
0.017961
0.017874
0.018301
0.018806
0.018634
0.018858
0.016795
0.016406
0.016337
0.016466
0.016309
0.016488
0.016262
0.016453
0.016349
0.016476
0.016338
0.017204
0.016676
0.017286
0.030875
