0.638363
0.053526
0.062299
0.051692
0.050335
0.049468
0.052588
0.062004
0.047258
0.047810
0.048764
0.053108
0.047691
0.052387
0.064178
0.061604
0.048484
0.048278
0.055135
0.065572
0.050134
0.037277
0.038026
0.037234
0.037148
0.040951
0.043170
0.041290
0.040797
0.044167
0.052046
0.040453
0.039258
0.039627
0.041519
0.050617
0.052163
0.041500
0.049065
0.054051
0.060095
0.038470
0.037309
0.036868
0.039352
0.039411
0.040986
0.040682
0.041044
0.041481
0.058641
0.041847
0.041542
0.041678
0.043054
0.041754
0.042006
0.041797
0.042908
0.037193
0.055087
0.042937
0.040831
0.041194
0.039181
0.037750
0.037541
0.037446
0.041628
0.038578
0.061697
0.039799
0.040538
0.043631
0.040082
0.053910
0.041633
0.043166
0.042628
0.038262
0.062825
0.053275
0.042255
0.040331
0.041079
0.039855
0.045983
0.039574
0.044551
0.042358
0.070122
0.041673
0.041504
0.041507
0.041969
0.042637
0.042432
0.040701
0.040465
0.039037
0.069755
0.044790
0.055293
0.054861
0.045273
0.043962
0.047087
0.039713
0.041119
0.039103
0.072952
0.052190
0.053885
0.054786
0.040399
0.038970
0.039541
0.038112
0.040468
0.038414
0.070889
0.043227
0.041745
0.037815
0.040476
0.039730
0.052331
0.055439
0.054722
0.053227
0.083816
0.039728
0.039250
0.049972
0.042751
0.049328
0.052959
0.041573
0.050586
0.053608
0.075662
0.042773
0.043380
0.042537
0.043127
0.042475
0.043428
0.043383
0.049582
0.040644
0.052022
0.041392
0.043040
0.042178
0.041988
0.042329
0.053400
0.060769
0.047624
0.056125
0.095501
0.048100
0.054224
0.060151
0.039875
0.045529
0.044676
0.044848
0.044405
0.044663
0.082038
0.045806
0.053643
0.051085
0.045080
0.046049
0.054069
0.047187
0.052035
0.048930
0.078990
0.043079
0.059911
0.049730
0.049870
0.058954
0.045665
0.059938
0.041580
0.045074
0.085668
0.054482
0.060364
0.060671
0.042030
0.046970
0.050275
0.044795
0.045841
0.045067
0.086591
0.048888
0.059297
0.054583
0.044030
0.044959
0.045244
0.050765
0.044644
0.043508
0.101651
0.060646
0.047779
0.058299
0.054768
0.055503
0.052883
0.046070
0.045290
0.044595
0.088876
0.049691
0.058679
0.045643
0.044251
0.044768
0.045355
0.043330
0.056312
0.042660
0.088995
0.057178
0.044893
0.041878
0.055604
0.058172
0.058515
0.043147
0.049571
0.059189
0.102509
0.047403
0.058718
0.059717
0.059339
0.059669
0.052254
0.046582
0.046003
0.055122
0.088108
0.040282
0.046072
0.058369
0.058451
0.054877
0.042988
0.055317
0.042648
0.046798
0.102354
0.051254
0.043184
0.042230
0.044486
0.059011
0.057738
0.044752
0.054156
0.044609
0.089841
0.042769
0.053790
0.056652
0.039325
0.038872
0.039292
0.038311
0.039881
0.038313
0.056031
0.056614
0.046647
0.040954
0.041714
0.052333
0.052133
0.053468
0.043469
0.049306
0.041627
0.050417
0.039966
0.053327
0.056163
0.056739
0.046702
0.037207
0.038468
0.037904
0.079392
0.037147
0.037811
0.037961
0.038441
0.037251
0.039835
0.039384
0.040179
0.040190
0.086352
0.044798
0.056221
0.040190
0.043783
0.047755
0.055236
0.042075
0.053496
0.047278
0.084691
0.041921
0.043027
0.042409
0.044685
0.051281
0.043577
0.055031
0.054950
0.037990
0.085540
0.042066
0.042633
0.041458
0.050901
0.041821
0.042161
0.038122
0.037615
0.040164
0.085210
0.041919
0.041571
0.040374
0.052379
0.050530
0.039289
0.039029
0.038881
0.038342
0.078731
0.036941
0.039131
0.036763
0.037488
0.041274
0.041366
0.056695
0.058319
0.040023
0.047547
0.036687
0.053726
0.050289
0.050266
0.046908
0.041042
0.039756
0.040030
0.040290
0.055965
0.052745
0.052078
0.051204
0.049076
0.053397
0.038892
0.050733
0.052270
0.052030
0.052257
0.040954
0.040314
0.040156
0.040963
0.038578
0.038185
0.036949
0.037995
0.037528
0.036777
0.037003
0.037953
0.036294
0.037597
0.037467
0.037425
0.037181
0.036839
0.037925
0.038086
0.038511
0.042542
0.045202
0.040378
0.039899
0.041597
0.038320
0.039090
0.040022
0.040527
0.040069
0.041946
0.039122
0.038415
0.038652
0.037986
0.036714
0.036657
0.041411
0.050477
0.053620
0.051054
0.043290
0.042800
0.051620
0.044723
0.052606
0.050266
0.043407
0.044289
0.042853
0.042702
0.044407
0.059610
0.045944
0.048093
0.055671
0.042470
0.042565
0.046564
0.046855
0.044651
0.049055
0.054962
0.042131
0.041166
0.040280
0.040573
0.044240
0.038943
0.040871
0.039385
0.044022
0.042419
0.041567
0.040117
0.040065
0.041644
0.040686
0.080483
0.038684
0.052630
0.052633
0.047901
0.037793
0.038064
0.037326
0.037328
0.038126
0.078002
0.040193
0.052821
0.050111
0.039860
0.041762
0.047027
0.039918
0.048305
0.039838
0.076879
0.053973
0.040701
0.041241
0.041346
0.050336
0.052049
0.041330
0.042321
0.042297
0.083706
0.043382
0.044122
0.042002
0.040222
0.040781
0.039635
0.052811
0.040071
0.053226
0.093403
0.054100
0.053729
0.042352
0.051134
0.047527
0.040742
0.044405
0.052915
0.052556
0.082256
0.042533
0.051956
0.044398
0.052601
0.049792
0.053025
0.053007
0.054185
0.054321
0.091755
0.044705
0.056139
0.043827
0.045904
0.050739
0.051166
0.053419
0.041968
0.043504
0.091362
0.043353
0.043025
0.043672
0.042664
0.042746
0.043621
0.053195
0.042666
0.042268
0.083391
0.044673
0.043460
0.043950
0.042810
0.042174
0.041988
0.054037
0.054297
0.041624
0.076641
0.054804
0.055963
0.038688
0.037416
0.039840
0.041393
0.056256
0.053412
0.054511
0.094640
0.038965
0.037683
0.036718
0.041883
0.037091
0.036870
0.053606
0.053393
0.054226
0.092272
0.049715
0.042074
0.044236
0.040217
0.038854
0.039638
0.043338
0.045414
0.053142
0.093815
0.050125
0.042999
0.044370
0.041378
0.041623
0.046685
0.048310
0.044969
0.044890
0.085773
0.052031
0.049553
0.059530
0.057001
0.054938
0.055670
0.061235
0.052244
0.051897
0.084527
0.044843
0.050165
0.043245
0.048486
0.039652
0.043248
0.050807
0.052669
0.043833
0.087552
0.045000
0.054069
0.042049
0.051614
0.051889
0.042904
0.043567
0.041553
0.039707
0.080770
0.041469
0.048030
0.055511
0.057202
0.057879
0.044986
0.046564
0.045261
0.046009
0.086421
0.046773
0.045182
0.045283
0.043158
0.042614
0.042416
0.042413
0.042568
0.045151
0.082969
0.045713
0.058331
0.053587
0.050824
0.053783
0.054940
0.054393
0.057326
0.049884
0.036695
0.038557
0.036484
0.036503
0.044237
0.050025
0.052046
0.041879
0.046557
0.046565
0.059652
0.043067
0.042971
0.042770
0.042787
0.055266
0.058703
0.043131
0.042684
0.047081
0.043166
0.042208
0.045128
0.051782
0.046132
0.057090
0.043269
0.042068
0.042144
0.056185
0.043809
0.043115
0.040389
0.040599
0.043506
0.055001
0.055138
0.055971
0.043921
0.054707
0.045289
0.045008
0.045370
0.056422
0.044509
0.053355
0.057365
0.051082
0.051447
0.051560
0.051554
0.041814
0.052438
0.052747
0.049371
0.034881
0.030993
0.038023
0.049161
0.038281
0.050416
0.038457
0.050274
0.038154
0.040508
0.041892
0.041373
0.040330
0.042335
0.050017
0.039380
0.053081
0.046376
0.056844
0.043909
0.041576
0.055820
0.054965
0.041167
0.053705
0.050232
0.054589
0.050490
0.054064
0.054425
0.054193
0.043317
0.044538
0.044227
0.043906
0.045367
0.044114
0.051969
0.043174
0.043761
0.043307
0.045453
0.043678
0.043595
0.053639
0.053581
0.042546
0.043807
0.042382
0.045411
0.044611
0.042208
0.042799
0.054352
0.042074
0.043224
0.042534
0.053768
0.054478
0.051924
0.054901
0.054404
0.042280
0.042397
0.056187
0.049252
0.053361
0.050124
0.053997
0.057549
0.040899
0.044315
0.052564
0.052799
0.044088
0.044307
0.042988
0.043725
0.045981
0.042924
0.042999
0.042763
0.054579
0.053827
0.054642
0.041829
0.042177
0.051369
0.040986
0.039956
0.040447
0.040540
0.053521
0.043808
0.045592
0.040374
0.042936
0.043348
0.040042
0.040034
0.041314
0.046848
0.043565
0.043584
0.043914
0.044657
0.043650
0.042188
0.041173
0.045173
0.041443
0.042079
0.053516
0.042165
0.056075
0.093912
0.044412
0.055912
0.056241
0.041714
0.042260
0.040342
0.040086
0.040703
0.041286
0.089436
0.041897
0.043245
0.041766
0.041627
0.054437
0.054229
0.054740
0.054406
0.054651
0.097502
0.041366
0.056053
0.056512
0.055808
0.057324
0.065200
0.054643
0.043380
0.043616
0.087620
0.043419
0.055212
0.059358
0.063078
0.057679
0.055510
0.042880
0.043552
0.042144
0.043068
0.042911
0.042026
0.042080
0.041969
0.041930
0.050710
0.043066
0.043463
0.043285
0.086931
0.042374
0.040411
0.040817
0.039981
0.053173
0.045519
0.042755
0.041405
0.041530
0.085882
0.042162
0.041270
0.041713
0.042647
0.041008
0.040580
0.039229
0.038886
0.039829
0.082910
0.038860
0.040074
0.038843
0.040122
0.039505
0.039817
0.041599
0.041951
0.043066
0.085256
0.039522
0.045164
0.054176
0.056816
0.041961
0.039398
0.039754
0.039264
0.044445
0.095453
0.044528
0.039815
0.039479
0.039535
0.038924
0.039152
0.038662
0.039288
0.038585
0.077470
0.038523
0.038825
0.039125
0.043134
0.047609
0.056058
0.056579
0.056627
0.056504
0.094038
0.056097
0.056804
0.055914
0.057173
0.056902
0.052469
0.056504
0.052718
0.053715
0.096941
0.045294
0.050609
0.053092
0.054052
0.059325
0.054897
0.054209
0.054365
0.056314
0.094909
0.041790
0.055826
0.056199
0.052100
0.041521
0.041663
0.043382
0.038928
0.043779
0.084352
0.039236
0.040061
0.039456
0.044798
0.041317
0.041207
0.041829
0.040948
0.055666
0.084985
0.043082
0.055455
0.051063
0.040710
0.054300
0.043304
0.039245
0.042406
0.043685
0.081210
0.040286
0.040430
0.039899
0.040115
0.040139
0.041209
0.040270
0.043020
0.042214
0.041300
0.041538
0.039704
0.042955
0.042116
0.056150
0.045928
0.039989
0.043102
0.045167
0.084153
0.042314
0.044421
0.042285
0.041959
0.041016
0.039619
0.058308
0.057943
0.039165
0.040333
0.039095
0.040367
0.036589
0.035917
0.037089
0.036076
0.036462
0.036395
0.039834
0.043131
0.042712
0.041821
0.042171
0.042022
0.042058
0.042585
0.044000
0.043481
0.042698
0.042096
0.042416
0.041811
0.042328
0.042249
0.041924
0.041753
0.041402
0.041149
0.041559
0.041951
0.043467
0.058494
0.045445
0.043385
0.043519
0.043201
0.042781
0.045120
0.055423
0.042647
0.042807
0.042490
0.043456
0.052758
0.042284
0.041327
0.041422
0.041393
0.041115
0.041228
0.056039
0.058280
0.058138
0.050804
0.042000
0.043189
0.044401
0.044787
0.055069
0.083901
0.043686
0.056477
0.043742
0.044017
0.044629
0.043927
0.044069
0.043714
0.043847
0.085522
0.044849
0.043777
0.043872
0.043924
0.043455
0.056473
0.043737
0.043595
0.044403
0.085346
0.044184
0.053949
0.048569
0.042839
0.041410
0.039856
0.039634
0.056442
0.039157
0.078370
0.044653
0.057454
0.038784
0.039170
0.038437
0.038622
0.037826
0.037955
0.037687
0.077520
0.039527
0.039933
0.038038
0.038779
0.038382
0.038758
0.038578
0.038590
0.038593
0.077857
0.043918
0.053925
0.053553
0.041684
0.040100
0.041178
0.041452
0.041598
0.040795
0.096735
0.042039
0.055896
0.040958
0.054467
0.038991
0.040840
0.055244
0.040493
0.039117
0.081363
0.040701
0.041031
0.039083
0.039126
0.039533
0.057546
0.039007
0.056660
0.039528
0.082158
0.041032
0.039896
0.038647
0.038924
0.039309
0.055130
0.039137
0.039156
0.039512
0.078804
0.040910
0.044037
0.055212
0.044501
0.041071
0.041565
0.041430
0.041593
0.041743
0.083473
0.041761
0.045461
0.055565
0.041499
0.040574
0.041233
0.040484
0.040433
0.041707
0.042286
0.041803
0.039850
0.038970
0.039630
0.039041
0.053565
0.041182
0.045281
0.053649
0.039838
0.043239
0.043812
0.042303
0.043665
0.042229
0.045667
0.041990
0.055630
0.041481
0.082816
0.042369
0.052384
0.040739
0.055447
0.043357
0.043378
0.043974
0.043490
0.042903
0.090749
0.045463
0.045023
0.040809
0.040978
0.041155
0.041011
0.043195
0.040086
0.038975
0.079545
0.041716
0.055529
0.050782
0.054345
0.055593
0.038623
0.038779
0.038495
0.039066
0.079812
0.040353
0.038749
0.039805
0.039091
0.041281
0.054961
0.039171
0.041776
0.055231
0.093213
0.048154
0.048871
0.039352
0.038931
0.039302
0.042438
0.056049
0.053025
0.038687
0.076589
0.041087
0.051525
0.038106
0.043517
0.055386
0.039669
0.038361
0.038205
0.039422
0.094058
0.055682
0.042090
0.041185
0.038971
0.039351
0.039133
0.039637
0.041306
0.041990
0.083235
0.046770
0.053915
0.042783
0.044006
0.042627
0.057945
0.056139
0.043495
0.042270
0.082606
0.045254
0.045599
0.043447
0.059736
0.042212
0.042609
0.042192
0.051980
0.043642
0.083057
0.049840
0.056941
0.057647
0.057448
0.057093
0.058941
0.052256
0.040302
0.057173
0.082168
0.058487
0.059069
0.057848
0.041578
0.057489
0.042873
0.043472
0.042584
0.041904
0.098105
0.043735
0.044933
0.044694
0.045840
0.045071
0.046665
0.044884
0.044777
0.047265
0.100407
0.048017
0.056639
0.043269
0.043558
0.044465
0.043129
0.042651
0.043002
0.045260
0.085048
0.058450
0.057646
0.055125
0.054167
0.047270
0.060090
0.057994
0.055836
0.045178
0.085208
0.054410
0.044164
0.057466
0.058129
0.045909
0.057928
0.058710
0.044959
0.044146
0.095044
0.045742
0.052766
0.046458
0.042605
0.054966
0.058246
0.045545
0.042882
0.042679
0.085862
0.057307
0.058653
0.064267
0.057342
0.041542
0.037257
0.043458
0.052338
0.042803
0.082032
0.041513
0.057120
0.041011
0.059193
0.042300
0.038308
0.036799
0.037183
0.037045
0.074900
0.037469
0.052896
0.037840
0.053906
0.038097
0.054376
0.042494
0.042173
0.040773
0.040177
0.040359
0.044285
0.043378
0.043030
0.057746
0.055229
0.038539
0.041083
0.040834
0.057994
0.047144
0.059872
0.058194
0.059675
0.058472
0.055517
0.053262
0.053416
0.053906
0.052156
0.053998
0.046860
0.044707
0.045178
0.047434
0.046428
0.045840
0.046225
0.083122
0.061207
0.057623
0.050667
0.088135
0.087606
0.087012
0.085028
0.061432
0.056599
0.058845
0.106210
0.061053
0.060750
0.058950
0.052397
0.062671
0.057084
0.062814
0.050189
0.055144
0.047535
0.047918
0.049592
0.049338
0.061667
0.055578
0.049894
0.051449
0.053396
0.057683
0.094819
0.055665
0.059835
0.046626
0.047851
0.051348
0.045666
0.051600
0.056586
0.058517
0.057502
0.057246
0.060782
0.056746
0.056367
0.060052
0.058635
0.057680
0.058705
0.056932
0.050040
0.051975
0.060382
0.053220
0.060777
0.054726
0.055324
0.060544
0.058116
0.053535
0.052713
0.050323
0.050738
0.057440
0.058838
0.047908
0.056245
0.059630
0.057492
0.057408
0.056867
0.046580
0.053251
0.048415
0.055530
0.058021
0.054480
0.055361
0.052504
0.052019
0.049568
0.051976
0.076052
0.050766
0.055119
0.056520
0.061007
0.047501
0.060876
0.044256
0.048239
0.045317
0.072079
0.054542
0.065544
0.044861
0.055664
0.047298
0.068031
0.047601
0.051904
0.046443
0.051431
0.072074
0.047738
0.052430
0.054300
0.066234
0.045015
0.058436
0.059058
0.048614
0.053486
0.053462
0.045444
0.043507
0.055144
0.047447
0.050880
0.055489
0.060049
0.055536
0.049295
0.046337
0.046967
0.046076
0.052018
0.061960
0.051278
0.053404
0.051372
0.051831
0.052037
0.053034
0.053520
0.059672
0.059904
0.052193
0.052098
0.047108
0.052830
0.057745
0.056782
0.051012
0.049818
0.061517
0.051419
0.053510
0.058262
0.053120
0.103543
0.058823
0.056949
0.054340
0.055672
0.054429
0.056589
0.051890
0.058086
0.060589
0.098937
0.057767
0.049080
0.052544
0.055223
0.051170
0.048792
0.051042
0.053366
0.046871
0.053534
0.052110
0.050246
0.053485
0.053483
0.044309
0.053849
0.047991
0.047455
0.046501
0.086342
0.052059
0.047274
0.055693
0.053701
0.047678
0.053613
0.053051
0.054343
0.050205
0.101244
0.055662
0.051320
0.050096
0.050637
0.048336
0.050610
0.052414
0.051841
0.056450
0.090987
0.048740
0.048338
0.053457
0.062577
0.051110
0.048657
0.053955
0.061181
0.054461
0.096402
0.047470
0.058537
0.050800
0.058675
0.064228
0.055507
0.055714
0.057507
0.056792
0.106575
0.051257
0.054704
0.058539
0.056674
0.056812
0.055901
0.048720
0.067159
0.059723
0.098938
0.058337
0.053661
0.057060
0.061693
0.060771
0.055524
0.051539
0.055295
0.052541
0.096392
0.058988
0.059654
0.054545
0.057920
0.053001
0.055760
0.059899
0.053352
0.049466
0.097553
0.051488
0.055324
0.060632
0.060152
0.048971
0.051062
0.049888
0.051489
0.047033
0.101398
0.059799
0.048434
0.055672
0.061497
0.061881
0.060636
0.050923
0.061412
0.055642
0.101393
0.059727
0.054172
0.053552
0.054358
0.053624
0.059262
0.057917
0.053016
0.057571
0.101563
0.059924
0.053096
0.052461
0.052974
0.049340
0.056812
0.051631
0.054732
0.054829
0.089782
0.052420
0.049684
0.053676
0.048841
0.055648
0.049494
0.048884
0.049305
0.055720
0.097162
0.054704
0.062838
0.056022
0.063669
0.054427
0.049558
0.049034
0.051022
0.061076
0.105209
0.057764
0.060653
0.053473
0.061087
0.059295
0.063467
0.057829
0.059688
0.057853
0.095146
0.056240
0.048356
0.047046
0.045060
0.047975
0.055379
0.059160
0.048313
0.054642
0.058926
0.058589
0.056153
0.058943
0.057364
0.058035
0.057282
0.056010
0.056038
0.059746
0.099489
0.054378
0.063709
0.058177
0.058570
0.052438
0.059525
0.063737
0.059199
0.057068
0.093583
0.048645
0.060169
0.047938
0.062080
0.059962
0.059961
0.052429
0.053168
0.060131
0.095368
0.050931
0.054513
0.048860
0.063510
0.049519
0.053413
0.048442
0.051449
0.051683
0.092051
0.047656
0.059190
0.058620
0.058202
0.058647
0.064815
0.052124
0.047578
0.053285
0.101828
0.052878
0.052137
0.057057
0.057329
0.055246
0.055883
0.050181
0.057255
0.056946
0.065372
0.056005
0.057767
0.063999
0.050656
0.056602
0.054083
0.051579
0.055679
0.056269
0.097050
0.058123
0.062878
0.055263
0.057534
0.054663
0.055227
0.055047
0.060017
0.057360
0.099031
0.054854
0.058146
0.053777
0.054200
0.051153
0.050894
0.048265
0.056948
0.059548
0.059952
0.053071
0.049073
0.047257
0.048046
0.054096
0.051736
0.053944
0.053858
0.048816
0.092801
0.053086
0.051925
0.050659
0.051931
0.052815
0.050992
0.055466
0.046351
0.054996
0.096888
0.050354
0.050955
0.059505
0.054206
0.055343
0.051649
0.054520
0.058637
0.052495
0.094349
0.058690
0.048283
0.050553
0.055390
0.052929
0.055450
0.055906
0.048492
0.049608
0.095335
0.046493
0.044126
0.042554
0.047004
0.048762
0.050470
0.045024
0.051171
0.054184
0.095564
0.050826
0.047054
0.061341
0.047282
0.048692
0.058507
0.056345
0.048880
0.054656
0.089971
0.047933
0.050966
0.054630
0.053362
0.052441
0.048776
0.055275
0.048653
0.055670
0.094131
0.051163
0.054965
0.048010
0.051024
0.058653
0.055627
0.048359
0.053340
0.047256
0.090528
0.053104
0.048287
0.053742
0.050806
0.053133
0.054384
0.055472
0.053115
0.054459
0.092422
0.054961
0.048593
0.053405
0.047261
0.049809
0.053076
0.053452
0.053008
0.050318
0.095237
0.047707
0.048542
0.052481
0.054083
0.053173
0.049912
0.050444
0.053710
0.056267
0.097622
0.057221
0.053334
0.049092
0.047912
0.050855
0.047448
0.050179
0.054847
0.051748
0.089560
0.053940
0.054290
0.053666
0.047721
0.054146
0.054392
0.052356
0.049588
0.049513
0.092829
0.052675
0.054559
0.053591
0.048781
0.050671
0.059765
0.050378
0.051698
0.050406
0.087686
0.049601
0.050753
0.057782
0.052071
0.047353
0.051323
0.048625
0.047495
0.049661
0.096741
0.052612
0.054703
0.061027
0.054811
0.055130
0.057724
0.055397
0.063680
0.059829
0.093799
0.054007
0.052465
0.057598
0.050206
0.050185
0.063377
0.052793
0.052700
0.058159
0.051551
0.052447
0.057342
0.049735
0.049625
0.048523
0.050186
0.042806
0.019930
0.036240
0.045174
0.057348
0.062638
0.023388
0.027765
0.046354
0.047468
0.080383
0.047110
0.051953
0.043625
0.056166
0.044562
0.058503
0.053550
0.048011
0.051303
0.052408
0.048121
0.054487
0.054221
0.050189
0.048172
0.051016
0.046535
0.045668
0.046621
0.049046
0.044170
0.050100
0.046735
0.047159
0.057855
0.049115
0.051527
0.056856
0.046793
0.047331
0.045673
0.053532
0.052992
0.054245
0.049054
0.053200
0.047881
0.050668
0.059651
0.053817
0.055722
0.045816
0.048964
0.055172
0.047082
0.046972
0.045449
0.049997
0.055681
0.047606
0.051896
0.055076
0.053794
0.053669
0.049652
0.066083
0.047035
0.041998
0.057498
0.037794
0.020438
0.020840
0.021097
0.020754
0.021399
0.021222
0.021911
0.023641
0.023093
0.022653
0.020775
0.019850
0.019680
0.038167
0.049338
0.035267
0.044982
0.043834
0.047079
0.051725
0.050630
0.054106
0.050270
0.051481
0.058789
0.022491
0.018765
0.021225
0.019601
0.021208
0.020476
0.036917
0.039517
0.020900
0.024355
0.024266
0.024219
0.024964
0.020692
0.023716
0.023780
0.024546
0.024740
0.025737
0.026117
0.026479
0.020795
0.020082
0.020677
0.019980
0.020027
0.020189
0.020171
0.020297
0.019089
0.018419
0.020107
0.020458
0.019988
0.020694
0.019299
0.019786
0.019852
0.023484
0.024066
0.021916
0.019334
0.023800
0.023487
0.023613
0.024088
0.023405
0.023254
0.023685
0.019584
0.020434
0.024378
0.023877
0.023419
0.024618
0.044359
0.047907
0.058553
0.051298
0.056250
0.046871
0.052730
0.058244
0.052215
0.053359
0.049768
0.055665
0.058683
0.050466
0.052058
0.056931
0.062273
0.053339
0.048858
0.052876
0.049639
0.058816
0.105173
0.056727
0.058566
0.066631
0.050762
0.057069
0.052583
0.054701
0.051672
0.047501
0.050075
0.056094
0.046919
0.053103
0.053417
0.049176
0.047959
0.050018
0.059208
0.048341
0.100971
0.057086
0.056822
0.053212
0.051624
0.047096
0.044892
0.047018
0.051928
0.053981
0.096240
0.051280
0.056227
0.051139
0.050333
0.051968
0.053400
0.042535
0.052512
0.054573
0.093950
0.051176
0.054788
0.056134
0.053286
0.053003
0.052711
0.049142
0.054132
0.046704
0.095154
0.051427
0.054153
0.054032
0.054139
0.052545
0.056243
0.050577
0.052048
0.052347
0.094532
0.053423
0.050072
0.042580
0.052929
0.055319
0.054229
0.053407
0.054969
0.051061
0.092628
0.044725
0.049587
0.045505
0.045776
0.050057
0.053293
0.048998
0.048836
0.055498
0.094398
0.047974
0.054592
0.051996
0.050436
0.053495
0.048992
0.053785
0.052011
0.055161
0.084047
0.049621
0.059357
0.049860
0.052983
0.054168
0.054379
0.050746
0.047622
0.047796
0.089501
0.055162
0.054483
0.060594
0.056610
0.047967
0.050572
0.060272
0.047808
0.049794
0.093580
0.048335
0.051794
0.057183
0.050059
0.049141
0.050947
0.050869
0.052778
0.050207
0.091944
0.056454
0.046416
0.054002
0.054377
0.056440
0.054693
0.049317
0.048643
0.049885
0.090252
0.053796
0.052375
0.053004
0.052922
0.061309
0.047572
0.050514
0.043442
0.049071
0.092860
0.051220
0.057976
0.047243
0.050181
0.049845
0.045875
0.052445
0.055551
0.056010
0.093186
0.048320
0.049858
0.047862
0.045682
0.048102
0.050825
0.046809
0.050441
0.055881
0.096959
0.052529
0.046910
0.053681
0.054918
0.050824
0.047383
0.050939
0.054886
0.054646
0.092617
0.049138
0.046709
0.049805
0.054770
0.043910
0.046210
0.044853
0.050625
0.051656
0.095148
0.049170
0.050260
0.058901
0.057130
0.054242
0.055195
0.050478
0.047265
0.049827
0.095691
0.047178
0.052430
0.047392
0.050095
0.054008
0.053732
0.057142
0.048247
0.047496
0.091593
0.057528
0.053343
0.048027
0.052551
0.053112
0.049704
0.054545
0.051772
0.049320
0.090320
0.048577
0.053378
0.058777
0.062953
0.052427
0.048972
0.060258
0.052017
0.048957
0.051630
0.047802
0.053196
0.058719
0.058899
0.064451
0.060600
0.059141
0.054926
0.060268
0.094354
0.063791
0.059984
0.059348
0.061012
0.054457
0.062415
0.059302
0.062613
0.060100
0.101171
0.053268
0.057882
0.055577
0.064285
0.065086
0.067500
0.053063
0.050952
0.057338
0.098030
0.062701
0.051437
0.057924
0.051302
0.043668
0.049535
0.053267
0.053038
0.053982
0.102568
0.053252
0.049640
0.051941
0.061189
0.052123
0.060193
0.052411
0.048876
0.063009
0.059905
0.055305
0.052454
0.048979
0.048939
0.055077
0.056274
0.047668
0.043923
0.058181
0.095859
0.046627
0.056582
0.054542
0.051074
0.051757
0.053897
0.053259
0.056183
0.057920
0.097553
0.049823
0.057757
0.054062
0.060218
0.056623
0.052960
0.047423
0.054184
0.051943
0.094443
0.055289
0.047229
0.050353
0.052659
0.053810
0.052184
0.059939
0.053870
0.056013
0.091145
0.046486
0.047558
0.055248
0.053601
0.044082
0.057230
0.048706
0.051034
0.053695
0.090244
0.043416
0.043637
0.045843
0.052912
0.048558
0.045878
0.048086
0.048800
0.044438
0.050498
0.049955
0.053103
0.051301
0.051021
0.055813
0.053198
0.051180
0.055134
0.064210
0.091747
0.056510
0.059950
0.051757
0.060286
0.050371
0.063728
0.059159
0.058933
0.059473
0.101814
0.058422
0.059431
0.050339
0.055226
0.060811
0.056906
0.050455
0.047661
0.051213
0.058627
0.051962
0.051414
0.060139
0.056744
0.056210
0.061312
0.059884
0.059428
0.061171
0.098445
0.057255
0.051466
0.053535
0.057461
0.048045
0.051965
0.058167
0.053397
0.052554
0.101707
0.060194
0.046727
0.047935
0.050078
0.064428
0.059766
0.053581
0.052587
0.059247
0.101535
0.054196
0.057457
0.055897
0.049290
0.056492
0.051676
0.051834
0.055980
0.058602
0.102904
0.061424
0.063494
0.058356
0.053243
0.062266
0.059470
0.053157
0.055370
0.054200
0.099015
0.053345
0.061748
0.060330
0.054511
0.056435
0.058332
0.057788
0.059525
0.058564
0.099700
0.061796
0.053024
0.058829
0.060065
0.058250
0.058897
0.057703
0.059939
0.056211
0.096678
0.060891
0.060627
0.062594
0.059055
0.061817
0.052208
0.058172
0.060418
0.057118
0.094317
0.053393
0.052690
0.051753
0.055418
0.059841
0.050791
0.049682
0.045990
0.047291
0.094794
0.053931
0.053066
0.053510
0.046139
0.047538
0.048091
0.052158
0.048457
0.049294
0.096249
0.054363
0.054430
0.054332
0.049333
0.049917
0.049369
0.053571
0.056002
0.051711
0.053030
0.046180
0.053968
0.046354
0.059459
0.058570
0.052644
0.054377
0.052958
0.053963
0.097145
0.054510
0.054697
0.053481
0.048150
0.055347
0.056481
0.056566
0.061201
0.057600
0.095900
0.048091
0.055332
0.045298
0.052935
0.053538
0.053064
0.051701
0.051389
0.051851
0.061237
0.060195
0.059088
0.049295
0.053657
0.058405
0.052428
0.050131
0.062290
0.054831
0.096207
0.055917
0.061953
0.065129
0.055329
0.046540
0.046960
0.043791
0.051917
0.050749
0.054517
0.053636
0.053153
0.053384
0.046124
0.051081
0.044081
0.045485
0.047547
0.045224
0.102960
0.051394
0.059051
0.051456
0.056902
0.059588
0.058696
0.056189
0.061491
0.052311
0.100358
0.058642
0.053282
0.049089
0.057008
0.055007
0.054902
0.047573
0.050593
0.060302
0.059458
0.045256
0.050643
0.058575
0.056339
0.057190
0.057245
0.057792
0.056280
0.056600
0.096474
0.042128
0.041916
0.041522
0.040171
0.039235
0.039199
0.040186
0.040428
0.058153
0.092053
0.039069
0.039196
0.038995
0.039323
0.038831
0.039373
0.039268
0.042501
0.053350
0.083990
0.042801
0.041516
0.041828
0.041578
0.040233
0.039152
0.042239
0.042273
0.055632
0.082563
0.041378
0.039396
0.039292
0.043192
0.039635
0.055694
0.043298
0.043621
0.046210
0.089022
0.043075
0.041863
0.042451
0.045511
0.054134
0.046538
0.058517
0.043672
0.042054
0.090473
0.044186
0.046932
0.048698
0.041913
0.041892
0.044403
0.040780
0.051175
0.057364
0.055083
0.041021
0.041933
0.040061
0.040782
0.040202
0.042974
0.043169
0.043698
0.054822
0.053262
0.046453
0.043676
0.044909
0.039667
0.048878
0.042647
0.044262
0.054254
0.052552
0.052729
0.040569
0.040496
0.041608
0.040544
0.041056
0.040933
0.040615
0.041101
0.040449
0.041036
0.041444
0.044066
0.052417
0.040180
0.041266
0.040519
0.040694
0.056422
0.056484
0.053420
0.055534
0.055598
0.042282
0.040380
0.040684
0.041182
0.040295
0.041056
0.040981
0.041414
0.042332
0.041382
0.042030
0.040510
0.040527
0.040032
0.040720
0.051680
0.054021
0.040608
0.047002
0.051454
0.052611
0.051048
0.048770
0.050328
0.051268
0.050837
0.051157
0.053281
0.052919
0.052765
0.039448
0.040378
0.040686
0.040282
0.039804
0.039846
0.037785
0.036735
0.037137
0.036642
0.037809
0.036738
0.037651
0.038700
0.042283
0.051290
0.050389
0.053021
0.041632
0.037558
0.036879
0.037023
0.036626
0.038075
0.036679
0.037709
0.036383
0.037480
0.036422
0.038205
0.037642
0.036401
0.037280
0.035876
0.046210
0.017684
0.017788
0.017372
0.017007
0.031864
0.033372
0.016771
0.016735
0.016723
0.016943
0.016964
0.017145
0.016471
0.016580
0.016645
0.016501
0.016830
0.016617
0.016429
0.016658
0.017177
0.016615
0.016402
0.020944
0.016565
0.016369
0.017519
0.022123
0.016527
0.016917
0.016781
0.016639
0.016732
0.016631
0.016364
0.016521
0.016712
0.016486
0.016567
0.016432
0.016523
0.016554
0.017787
0.016779
0.016925
0.017701
0.016683
0.016954
0.016650
0.016647
0.016418
0.016535
0.016454
0.016464
0.016468
0.017535
0.017552
0.017061
0.017029
0.017085
0.016938
0.016556
0.016504
0.016471
0.016606
0.016821
0.016778
0.017183
0.016583
0.016527
0.016393
0.016342
0.016576
0.016344
0.016837
0.016562
0.017021
0.016979
0.016459
0.016714
0.016599
0.016437
0.016346
0.016420
0.016368
0.016414
0.016576
0.016500
0.016673
0.016819
0.016544
0.016568
0.016610
0.016567
0.016603
0.016848
0.016885
0.016745
0.016516
0.016566
0.016676
0.016763
0.016831
0.017048
0.017785
0.031507
0.037275
0.049679
0.040336
0.049026
0.055518
0.054510
0.048558
0.042638
0.045791
0.052059
0.044342
0.040724
0.044678
0.049992
0.040928
0.037069
0.051945
0.037482
0.036713
0.037194
0.037552
0.036840
0.037410
0.053343
0.052384
0.038744
0.085690
0.038589
0.051954
0.051003
0.043710
0.053371
0.043625
0.043442
0.060254
0.046899
0.092414
0.058598
0.052881
0.045659
0.058707
0.058750
0.059215
0.055547
0.058940
0.059261
0.094447
0.048056
0.045645
0.044043
0.047153
0.049563
0.055343
0.051827
0.048774
0.053349
0.103738
0.043700
0.047517
0.052742
0.055276
0.045114
0.058986
0.059979
0.059663
0.046880
0.104947
0.059705
0.060308
0.048100
0.049319
0.056804
0.059036
0.056091
0.058698
0.059295
0.101327
0.048890
0.045779
0.044753
0.044596
0.051507
0.059584
0.051774
0.058007
0.057649
0.095733
0.045759
0.057119
0.045379
0.056714
0.046402
0.042355
0.042207
0.042086
0.042052
0.084589
0.057037
0.043542
0.056379
0.057378
0.039514
0.040399
0.039554
0.040091
0.039404
0.081853
0.044830
0.057016
0.056409
0.056488
0.055805
0.052335
0.053929
0.055490
0.057796
0.096302
0.044536
0.055973
0.043970
0.052063
0.055652
0.056472
0.040197
0.039990
0.039110
0.080468
0.039265
0.042110
0.044253
0.050297
0.056451
0.057148
0.057194
0.056146
0.056522
0.098360
0.047159
0.054715
0.048314
0.042392
0.042484
0.057160
0.053044
0.044588
0.045459
0.098791
0.042357
0.043468
0.055212
0.042031
0.042012
0.042210
0.042186
0.042245
0.042233
0.082695
0.039391
0.045336
0.055885
0.042091
0.041999
0.043850
0.055665
0.041762
0.041880
0.082419
0.039390
0.039819
0.039614
0.040213
0.039404
0.057436
0.058341
0.053383
0.056061
0.094893
0.043938
0.057304
0.057173
0.043085
0.046241
0.057036
0.056715
0.045344
0.048902
0.084515
0.044111
0.042869
0.040861
0.039370
0.043618
0.039422
0.043883
0.043306
0.039204
0.079326
0.037993
0.038293
0.038054
0.039206
0.043824
0.044355
0.043156
0.039021
0.044509
0.085839
0.043861
0.038725
0.042856
0.043852
0.041905
0.041355
0.053776
0.042380
0.042741
0.083669
0.044218
0.043785
0.042511
0.043333
0.044396
0.044586
0.045133
0.045641
0.058340
0.101905
0.057126
0.043025
0.054453
0.043307
0.042870
0.042743
0.056837
0.044667
0.044763
0.083826
0.040115
0.045170
0.042666
0.042631
0.043905
0.042170
0.040737
0.043133
0.042134
0.083902
0.041789
0.044445
0.042265
0.043153
0.041766
0.043238
0.055963
0.042428
0.042188
0.081860
0.043850
0.055233
0.050447
0.040255
0.039849
0.054345
0.056808
0.040052
0.043300
0.092020
0.055216
0.054990
0.041265
0.039891
0.041675
0.040848
0.040550
0.044989
0.052108
0.096418
0.058876
0.056558
0.057876
0.057525
0.058664
0.046354
0.057534
0.057122
0.055775
0.055584
0.040241
0.042685
0.042017
0.041662
0.041384
0.043209
0.043260
0.056524
0.055734
0.052874
0.052273
0.040592
0.051950
0.054369
0.042129
0.043931
0.043036
0.043201
0.054932
0.085263
0.042934
0.042845
0.042577
0.041804
0.054738
0.040894
0.040566
0.040283
0.040455
0.084900
0.044453
0.054349
0.040378
0.041289
0.040503
0.040316
0.040620
0.038669
0.038522
0.095600
0.038490
0.053456
0.040801
0.041633
0.040796
0.042808
0.040851
0.040840
0.054406
0.094777
0.052099
0.052462
0.047588
0.040564
0.041529
0.040732
0.043876
0.043376
0.043350
0.086766
0.043675
0.043917
0.041575
0.041483
0.053966
0.041475
0.042179
0.044433
0.049597
0.039989
0.041061
0.052243
0.040933
0.038662
0.043503
0.055202
0.038015
0.039653
0.038170
0.082840
0.039156
0.043062
0.040863
0.055988
0.056864
0.056386
0.039798
0.039741
0.038235
0.080910
0.040350
0.040174
0.038956
0.041726
0.042759
0.044057
0.056460
0.055050
0.044271
0.082977
0.040132
0.045606
0.054352
0.050543
0.043136
0.044831
0.042130
0.038185
0.040642
0.102281
0.054144
0.053244
0.055485
0.052326
0.038597
0.040119
0.037769
0.037519
0.051991
0.052634
0.040952
0.040928
0.041659
0.042582
0.041605
0.044225
0.041445
0.042096
0.044384
0.041504
0.041865
0.040429
0.039937
0.041877
0.040119
0.042474
0.044219
0.053169
0.041018
0.044162
0.049479
0.044448
0.043809
0.044348
0.038593
0.043403
0.040320
0.040634
0.046234
0.082373
0.040829
0.044469
0.043717
0.041447
0.041419
0.044416
0.041603
0.041032
0.042297
0.040274
0.040511
0.039899
0.039944
0.039758
0.040816
0.044259
0.042598
0.048767
0.041468
0.038742
0.040154
0.040139
0.042566
0.051737
0.043635
0.057025
0.054327
0.059906
0.052857
0.095322
0.056511
0.039452
0.042515
0.043612
0.039840
0.054881
0.052514
0.037867
0.037543
0.040076
0.040244
0.039905
0.051071
0.051677
0.053226
0.051400
0.050680
0.050709
0.037364
0.037711
0.037314
0.037589
0.037270
0.037475
0.037397
0.037888
0.037573
0.037407
0.039344
0.042128
0.054281
0.041283
0.043021
0.042290
0.048836
0.051868
0.049622
0.051392
0.052703
0.054267
0.050282
0.050378
0.054242
0.051272
0.052670
0.048713
0.048630
0.046275
0.037618
0.040274
0.042482
0.051733
0.040651
0.042129
0.043299
0.055027
0.041558
0.041072
0.040648
0.041732
0.044625
0.053119
0.055105
0.055706
0.051569
0.056125
0.053718
0.055386
0.055309
0.103078
0.045404
0.041968
0.045629
0.043317
0.041918
0.045528
0.045114
0.044309
0.044790
0.094830
0.045234
0.056614
0.056494
0.056831
0.053302
0.054012
0.053863
0.056602
0.039979
0.084908
0.056784
0.056409
0.056217
0.051807
0.056178
0.054651
0.054587
0.054338
0.042861
0.040733
0.040752
0.044321
0.044726
0.041100
0.039656
0.038093
0.042915
0.043942
0.051218
0.054729
0.041876
0.054320
0.053815
0.051707
0.040167
0.042986
0.047737
0.050202
0.048723
0.050494
0.051517
0.043395
0.042998
0.042107
0.043582
0.044762
0.043666
0.053289
0.044523
0.042968
0.046635
0.040068
0.039666
0.044039
0.047065
0.042550
0.053607
0.042209
0.041492
0.044514
0.050008
0.042621
0.053210
0.041595
0.043822
0.041872
0.042358
0.041377
0.042166
0.042324
0.039559
0.041040
0.039527
0.039641
0.042572
0.052836
0.049917
0.039772
0.042597
0.042671
0.042209
0.041236
0.038890
0.049809
0.047447
0.039088
0.040424
0.039843
0.039494
0.039500
0.038950
0.037979
0.036590
0.037401
0.036789
0.038287
0.036999
0.036844
0.041206
0.039563
0.041264
0.039886
0.041308
0.039556
0.043644
0.050547
0.052761
0.039649
0.039072
0.038915
0.039284
0.039191
0.039522
0.040619
0.053296
0.053655
0.053509
0.051161
0.039427
0.052873
0.042989
0.040841
0.039604
0.039728
0.039873
0.042481
0.053537
0.040267
