0.659036
0.045629
0.045102
0.045600
0.045448
0.051600
0.058764
0.054367
0.061689
0.048840
0.048971
0.049012
0.049114
0.050430
0.049612
0.049290
0.049551
0.049481
0.051037
0.049675
0.052222
0.044281
0.039693
0.043502
0.040616
0.040286
0.041136
0.040726
0.040836
0.049857
0.064747
0.040199
0.052088
0.042145
0.036884
0.036432
0.036211
0.036124
0.040447
0.037285
0.064057
0.038774
0.039943
0.040128
0.051332
0.036337
0.038425
0.038428
0.038014
0.036953
0.055308
0.037045
0.036712
0.036103
0.040720
0.036355
0.041256
0.036701
0.040393
0.036951
0.056363
0.036372
0.040143
0.040363
0.051620
0.040320
0.036409
0.041676
0.039455
0.038650
0.054487
0.036471
0.041667
0.037817
0.036925
0.036526
0.041053
0.037256
0.039333
0.038744
0.069803
0.039893
0.041234
0.036806
0.042151
0.038785
0.039542
0.040429
0.039773
0.051512
0.060336
0.036924
0.037339
0.036693
0.041867
0.039140
0.039486
0.040391
0.040215
0.038533
0.038962
0.039570
0.037774
0.036237
0.039756
0.040456
0.050079
0.039258
0.039027
0.038543
0.041576
0.049260
0.040442
0.038853
0.037404
0.036851
0.040323
0.039784
0.049328
0.039263
0.040349
0.051662
0.052807
0.040815
0.047235
0.037659
0.037234
0.037428
0.042167
0.047104
0.041859
0.037352
0.042580
0.038554
0.052074
0.040506
0.038580
0.038272
0.042123
0.040473
0.040405
0.040699
0.039701
0.040639
0.040280
0.042501
0.055778
0.040894
0.041882
0.038255
0.039359
0.038016
0.038015
0.051977
0.037738
0.038094
0.037124
0.050981
0.049863
0.017253
0.017111
0.017100
0.017572
0.017181
0.017571
0.018532
0.031155
0.033910
0.016503
0.016375
0.016876
0.016593
0.016500
0.016648
0.016516
0.016935
0.017101
0.016823
0.016935
