0.645437
0.053454
0.061389
0.047194
0.047215
0.049930
0.048159
0.047884
0.047612
0.047956
0.047976
0.048366
0.048113
0.048413
0.048739
0.048589
0.048663
0.048827
0.049798
0.049255
0.050047
0.036770
0.036933
0.036644
0.039992
0.039436
0.039536
0.039831
0.039739
0.039159
0.051692
0.038953
0.040450
0.052362
0.052973
0.053129
0.052682
0.053183
0.053115
0.052953
0.062639
0.043584
0.048094
0.049236
0.052743
0.052089
0.042459
0.051549
0.042791
0.050264
0.066536
0.040476
0.040053
0.038223
0.037003
0.037255
0.037014
0.052643
0.036833
0.036920
0.055091
0.036761
0.037047
0.036822
0.037060
0.036853
0.041089
0.036619
0.036853
0.036590
0.056320
0.036483
0.036796
0.036837
0.037043
0.036686
0.036994
0.036739
0.037045
0.036499
0.057452
0.036595
0.039774
0.039855
0.039956
0.039057
0.039162
0.039110
0.039442
0.039010
0.074049
0.039423
0.047487
0.040340
0.051285
0.040644
0.041011
0.051406
0.051200
0.040629
0.067162
0.046906
0.042785
0.049627
0.039895
0.038942
0.038732
0.036965
0.037167
0.036782
0.062101
0.036979
0.037217
0.037409
0.037630
0.036618
0.037144
0.036692
0.037053
0.036767
0.063044
0.036615
0.039278
0.039454
0.039419
0.039806
0.039185
0.050137
0.039507
0.045089
0.051064
0.038895
0.038243
0.038413
0.040055
0.043635
0.039419
0.039170
0.036377
0.036523
0.036632
0.036402
0.036583
0.036636
0.036750
0.036632
0.039912
0.040332
0.038723
0.039438
0.038932
0.042073
0.048901
0.051981
0.040201
0.045703
0.050018
0.037219
0.038792
0.038593
0.067562
0.039576
0.040181
0.041569
0.049337
0.039007
0.036464
0.036804
0.036661
0.038901
0.039017
0.049463
0.038620
0.038600
0.052191
0.038893
0.038170
0.040118
0.052062
0.039811
0.082366
0.040098
0.039928
0.038559
0.038994
0.039506
0.039672
0.039091
0.042467
0.049806
0.071750
0.037053
0.037308
0.037913
0.040132
0.039371
0.039644
0.039393
0.039557
0.039586
0.071476
0.039130
0.040198
0.039169
0.047749
0.040296
0.053642
0.050955
0.053925
0.052787
0.052512
0.041304
0.041412
0.041594
0.040934
0.041013
0.042645
0.052157
0.039772
0.052537
0.080010
0.042256
0.043523
0.050549
0.051645
0.042196
0.041994
0.043321
0.043683
0.051852
0.079978
0.042220
0.043780
0.042502
0.043456
0.041973
0.039912
0.051543
0.051405
0.041857
0.081243
0.041136
0.043597
0.039550
0.051903
0.053458
0.053030
0.054027
0.052270
0.045863
0.078116
0.039757
0.039214
0.050707
0.046662
0.039731
0.041292
0.053525
0.039997
0.041127
0.038963
0.039937
0.038919
0.037979
0.038567
0.039267
0.040017
0.038530
0.050157
0.049375
0.094477
0.039806
0.040480
0.052481
0.051853
0.045029
0.047931
0.047326
0.050332
0.050239
0.037899
0.043176
0.054819
0.049438
0.050845
0.040531
0.039152
0.042459
0.050424
0.052767
0.084132
0.037359
0.051863
0.052744
0.047529
0.037448
0.038897
0.043944
0.047451
0.037455
0.083582
0.037456
0.037538
0.037139
0.037442
0.037097
0.037234
0.036853
0.037231
0.036948
0.036359
0.037892
0.038702
0.039388
0.046881
0.039207
0.039853
0.040520
0.051194
0.040925
0.095314
0.042509
0.042314
0.039783
0.039165
0.039474
0.038888
0.040220
0.045515
0.040183
0.082138
0.050386
0.049160
0.049384
0.050825
0.048965
0.053030
0.051747
0.039266
0.053543
0.050130
0.049492
0.052056
0.039038
0.040232
0.051800
0.049458
0.049121
0.051799
0.040303
0.047099
0.039996
0.041703
0.040006
0.035927
0.036828
0.036120
0.036855
0.036475
0.038994
0.038223
0.038288
0.036629
0.036294
0.035988
0.036187
0.032918
0.016652
0.016418
0.016508
0.016381
0.016559
0.016431
0.016541
0.016708
0.016587
0.020612
0.017015
0.017138
0.017414
0.017897
0.017552
0.017309
0.017624
0.017637
0.017669
0.017528
0.017771
0.017796
0.017608
0.021618
0.019680
0.018808
0.019848
0.022449
0.020719
0.024451
0.019246
0.018996
0.033606
0.037701
0.046954
0.050387
0.052676
0.040993
0.041355
0.041992
0.036527
0.040579
0.052133
0.052149
0.039885
0.038716
0.039132
0.049259
0.041597
0.038680
0.038985
0.039705
0.039711
0.040326
0.041220
0.050250
0.037502
0.037570
0.037168
0.037777
0.037326
0.038114
0.051444
0.093236
0.038065
0.039020
0.039985
0.040213
0.051826
0.051508
0.040353
0.052498
0.049603
0.049606
0.038411
0.051805
0.051756
0.056092
0.051567
0.039476
0.039748
0.040682
0.040481
0.087296
0.042834
0.040763
0.042033
0.052493
0.048379
0.036503
0.041589
0.041444
0.041805
0.087148
0.037428
0.037348
0.053056
0.048966
0.052066
0.048684
0.049937
0.037435
0.051179
0.083832
0.051571
0.043047
0.051795
0.049812
0.049767
0.051508
0.043262
0.055179
0.039903
0.090882
0.041574
0.039301
0.050839
0.054471
0.049242
0.054643
0.053472
0.049897
0.051768
0.050504
0.043356
0.040205
0.039547
0.053050
0.039716
0.043310
0.049646
0.051189
0.052334
0.079272
0.037626
0.038377
0.052325
0.036760
0.039841
0.038943
0.038441
0.038559
0.039185
0.046346
0.041875
0.040499
0.050849
0.037187
0.040403
0.039972
0.040302
0.049107
0.052289
0.050879
0.039993
0.037208
0.040672
0.039145
0.037711
0.037903
0.037850
0.037658
0.040245
0.089851
0.041068
0.043359
0.040142
0.040378
0.036618
0.038297
0.036171
0.036497
0.036240
0.036717
0.035892
0.036354
0.036822
0.037119
0.036778
0.036216
0.036325
0.036708
0.036327
0.038797
0.037557
0.037029
0.035993
0.038078
0.036902
0.041913
0.037580
0.040492
0.040460
0.083319
0.042316
0.040034
0.039131
0.051569
0.036374
0.036419
0.036148
0.036850
0.036265
0.040969
0.039047
0.038731
0.039542
0.037141
0.037190
0.041606
0.049222
0.040142
0.042310
0.040862
0.040784
0.042464
0.044957
0.040505
0.040353
0.037545
0.037696
0.037188
0.037009
0.037335
0.053507
0.045023
0.037673
0.046390
0.037880
0.039458
0.041293
0.049061
0.052133
0.039220
0.051562
0.048813
0.049942
0.044731
0.040611
0.042658
0.049413
0.041153
0.049943
0.086707
0.052750
0.041753
0.042656
0.051223
0.051417
0.038628
0.042284
0.042642
0.041498
0.040738
0.041801
0.041470
0.043368
0.042310
0.042340
0.044532
0.040329
0.038934
0.038746
0.081276
0.039604
0.041432
0.041449
0.040027
0.040597
0.049759
0.039752
0.040832
0.038498
0.041043
0.038956
0.039649
0.039217
0.038551
0.038617
0.038553
0.037894
0.036944
0.051320
0.081189
0.037147
0.037304
0.037423
0.038190
0.037038
0.041781
0.052199
0.041277
0.044238
0.083812
0.041684
0.050741
0.039573
0.040205
0.040050
0.041379
0.039738
0.037395
0.039244
0.038012
0.037609
0.039971
0.036399
0.039625
0.039328
0.053975
0.052786
0.054208
0.039364
0.094342
0.041803
0.048727
0.043020
0.042989
0.042662
0.041673
0.038625
0.051081
0.048061
0.036090
0.036790
0.036299
0.036837
0.036847
0.037805
0.037142
0.036724
0.037032
0.036927
0.076385
0.036988
0.038134
0.036825
0.043564
0.037059
0.036960
0.037225
0.036991
0.037076
0.079858
0.036033
0.037745
0.036019
0.037547
0.037234
0.037462
0.037074
0.037306
0.037091
0.077213
0.039460
0.051872
0.041967
0.047586
0.048525
0.051643
0.049255
0.048352
0.048259
0.048858
0.051748
0.049427
0.048960
0.050281
0.050975
0.048589
0.047807
0.049245
0.049586
0.050034
0.050018
0.048088
0.043984
0.022333
0.016470
0.016503
0.030401
0.035694
0.038050
0.037804
0.036184
0.035711
0.038415
0.038222
0.038515
0.038362
0.038853
0.039746
0.037277
0.039712
0.039469
0.050395
0.051481
0.038070
0.048218
0.039096
0.048063
0.039364
0.041230
0.032490
0.016376
0.030036
0.039729
0.039398
0.041802
0.041971
0.039073
0.039045
0.039671
0.040626
0.038776
0.038457
0.039407
0.039710
0.037201
0.051600
0.036178
0.037906
0.041153
0.038475
0.036935
0.036358
0.039302
0.038373
0.037985
0.033407
0.016835
0.033404
0.038664
0.038448
0.038729
0.038375
0.038698
0.038296
0.038426
0.038259
0.038173
0.037794
0.041379
0.082927
0.041209
0.040835
0.040906
0.038265
0.038539
0.038435
0.049101
0.032940
0.016806
0.030356
0.039199
0.045845
0.049310
0.038614
0.038072
0.048776
0.036647
0.038069
0.038454
0.041751
0.036932
0.037190
0.039117
0.036246
0.036131
0.036566
0.039729
0.041571
0.040824
0.039829
0.038746
0.038838
0.038404
0.043730
0.041291
0.038615
0.038033
0.037635
0.038448
0.038476
0.038513
0.038414
0.038291
0.038288
0.036370
0.035722
0.036311
0.036168
0.042162
0.038789
0.040489
0.043834
0.047256
0.047760
0.035930
0.036524
0.035984
0.036416
0.036409
0.036553
0.036171
0.036376
0.035985
0.036310
0.036320
0.036649
0.036258
0.036532
0.036434
0.036697
0.036257
0.036372
0.037398
0.038148
0.036911
0.045093
0.050022
0.036646
0.043685
0.041754
0.040329
0.036097
0.048609
0.046572
0.039309
0.039877
0.038941
0.038592
0.039513
0.038401
0.036138
0.035747
0.035503
0.033770
0.016563
0.016112
0.016378
0.016263
0.016255
0.016378
0.016426
0.017099
0.016749
0.016927
0.016916
0.016927
0.016881
0.016906
0.017704
0.017543
0.017528
0.017570
0.017509
0.017555
0.017579
0.017573
0.017549
0.017699
0.025064
0.021120
0.018323
0.017797
0.024169
0.017792
0.024363
0.017646
0.017900
0.017578
0.017579
0.017600
0.017510
0.017678
0.019408
0.018178
0.019313
0.018234
0.017905
0.017628
0.017779
0.017535
0.017961
0.017813
0.018001
0.018578
0.018365
0.017887
0.017825
0.017812
0.018471
0.018452
0.018167
0.017759
0.017619
0.017854
0.017661
0.017939
0.017926
0.017710
0.017816
0.017972
0.017685
0.017531
0.017913
0.017943
0.017915
0.032320
0.036015
0.040109
0.042137
0.039238
0.040517
0.040601
0.049623
0.040128
0.040851
0.037705
0.038093
0.036766
0.037169
0.078388
0.038188
0.041233
0.036778
0.039037
0.038779
0.039355
0.039565
0.042168
0.039474
0.051154
0.048150
0.039464
0.044225
0.039111
0.045526
0.044428
0.018604
0.016658
0.016755
0.016634
0.022987
0.017523
0.016891
0.017089
0.016865
0.017081
0.017317
0.017281
0.017350
0.017900
0.017892
0.017878
0.018044
0.017936
0.019337
0.018441
0.018079
0.018131
0.018131
0.017717
0.017771
0.017824
0.018156
0.018474
0.018107
0.017707
0.017787
0.017784
0.017789
0.018211
0.017971
0.017740
0.017757
0.017807
0.017738
0.017979
0.018182
0.017608
0.017561
0.017573
0.017535
0.017696
0.017557
0.017643
0.017564
0.017625
0.017504
0.017747
0.017756
0.017507
0.017770
0.018426
0.017905
0.017866
0.018144
0.017722
0.018048
0.018174
0.017648
0.017718
0.017629
0.017526
0.017701
0.018289
0.031407
0.038089
0.040037
0.047216
0.048669
0.037103
0.036299
0.036491
0.049495
0.050622
0.038158
0.038524
0.039485
0.052051
0.039575
0.050071
0.039081
0.038618
0.038850
0.038503
0.038578
0.038469
0.040284
0.048498
0.040035
0.051138
0.051439
0.050766
0.038404
0.038643
0.038662
0.038512
0.038630
0.039191
0.039355
0.077816
0.050442
0.046628
0.037133
0.037595
0.037415
0.037465
0.037273
0.040913
0.039849
0.078853
0.039605
0.048885
0.048720
0.049488
0.038697
0.038881
0.048532
0.051768
0.051915
0.050866
0.038692
0.039238
0.038527
0.039456
0.039368
0.039222
0.051773
0.041105
0.039600
0.084755
0.052956
0.051229
0.038463
0.038708
0.038690
0.038418
0.035817
0.040306
0.039955
0.080985
0.040431
0.040461
0.039630
0.039111
0.039238
0.039879
0.040118
0.039009
0.038375
0.075300
0.054295
0.046810
0.052531
0.051597
0.051901
0.051275
0.052075
0.041159
0.052769
0.092341
0.041775
0.035865
0.039831
0.035918
0.042548
0.037380
0.041647
0.036541
0.039973
0.040224
0.048556
0.048824
0.037824
0.037402
0.036837
0.037186
0.036703
0.036822
0.036572
0.075984
0.037072
0.036815
0.036942
0.036882
0.036877
0.036876
0.037258
0.036807
0.037453
0.077893
0.037126
0.036963
0.036770
0.039375
0.039156
0.039984
0.041249
0.042097
0.037089
0.082251
0.039678
0.041189
0.041456
0.053002
0.040181
0.039524
0.039636
0.040858
0.040650
0.082329
0.040630
0.040601
0.041723
0.040825
0.039455
0.036169
0.041232
0.039916
0.040050
0.039648
0.036089
0.040141
0.039623
0.040883
0.035759
0.035956
0.035799
0.036647
0.037646
0.075992
0.036157
0.036397
0.037075
0.036776
0.036318
0.036022
0.036552
0.035910
0.038990
0.038564
0.039313
0.039584
0.040761
0.040696
0.036881
0.039319
0.039491
0.040637
0.039763
0.080654
0.039081
0.039726
0.038336
0.038552
0.038492
0.038125
0.038052
0.037957
0.038806
0.038524
0.038722
0.038583
0.039358
0.041537
0.052656
0.040375
0.040042
0.046598
0.036245
0.036572
0.036271
0.036719
0.036416
0.036686
0.036126
0.036716
0.036217
0.036516
0.036127
0.036482
0.035974
0.037113
0.036815
0.035889
0.038292
0.039956
0.049247
0.039090
0.039812
0.048755
0.049303
0.051577
0.036947
0.036416
0.035879
0.048812
0.048375
0.049289
0.052083
0.049449
0.048954
0.048785
0.051916
0.052169
0.052068
0.042351
0.045045
0.053148
0.051204
0.098830
0.052227
0.052742
0.052681
0.044038
0.017853
0.017659
0.017693
0.017843
0.017625
0.017913
0.017829
0.017861
0.018176
0.018035
0.018161
0.018249
0.018499
0.018795
0.017652
0.017725
0.017654
0.017670
0.018005
0.018263
0.018211
0.017837
0.017805
0.017688
0.017965
0.017710
0.017691
0.017721
0.017688
0.017780
0.017638
0.017843
0.017637
0.017706
0.017907
0.017669
0.017759
0.017669
0.017819
0.017725
0.017679
0.017647
0.017731
0.017819
0.017663
0.017878
0.018116
0.018120
0.017907
0.017729
0.018051
0.017799
0.017994
0.017753
0.031657
0.035811
0.041348
0.044097
0.048406
0.051753
0.036491
0.036874
0.036832
0.036734
0.036577
0.037176
0.036944
0.037904
0.036119
0.036577
0.036609
0.038690
0.038434
0.038980
0.039055
0.039115
0.038853
0.049683
0.038576
0.038875
0.038719
0.038694
0.041907
0.045898
0.038953
0.041581
0.039433
0.037876
0.037031
0.037365
0.052921
0.052420
0.051741
0.051904
0.036085
0.038196
0.038956
0.052801
0.048761
0.054849
0.052893
0.050377
0.053129
0.051638
0.041403
0.090365
0.043255
0.043169
0.043158
0.042416
0.042539
0.042666
0.041001
0.045865
0.041893
0.040721
0.042675
0.042561
0.042387
0.042438
0.042465
0.041267
0.042643
0.052752
0.040811
0.083111
0.038323
0.041711
0.049843
0.051069
0.039299
0.039363
0.038136
0.038610
0.038292
0.081323
0.040272
0.051656
0.051822
0.039790
0.053009
0.052638
0.037091
0.039830
0.039266
0.038857
0.037145
0.036103
0.035761
0.036579
0.036829
0.036196
0.035976
0.037090
0.036614
0.078106
0.036932
0.037386
0.036696
0.037219
0.036760
0.037317
0.036893
0.036244
0.036019
0.049686
0.048803
0.041023
0.048851
0.048858
0.050206
0.035969
0.036417
0.035689
0.036263
0.080344
0.048703
0.048356
0.047522
0.038842
0.039407
0.043140
0.041499
0.048800
0.040269
0.081036
0.041292
0.049478
0.051363
0.039737
0.039343
0.040985
0.039141
0.038631
0.051001
0.080314
0.038384
0.039896
0.041295
0.042996
0.053114
0.051366
0.051275
0.040134
0.041773
0.084963
0.051026
0.042313
0.041235
0.042125
0.051761
0.052271
0.052643
0.052506
0.052593
0.092263
0.046680
0.048938
0.051830
0.038401
0.039695
0.039594
0.038845
0.038892
0.038772
0.036886
0.035974
0.036728
0.035862
0.036259
0.036170
0.037337
0.037048
0.037474
0.037077
0.079607
0.041190
0.046970
0.037267
0.041410
0.049967
0.050153
0.038998
0.039530
0.039674
0.040035
0.051392
0.039283
0.039154
0.038750
0.047933
0.039608
0.039596
0.038076
0.052618
0.078520
0.036384
0.039463
0.039634
0.040126
0.040933
0.049783
0.039266
0.041568
0.040988
0.083175
0.040841
0.039117
0.039992
0.039285
0.038744
0.038508
0.038645
0.038375
0.039302
0.039175
0.048104
0.038445
0.041263
0.042027
0.036543
0.036681
0.040947
0.038888
0.038311
0.038290
0.038238
0.048769
0.038541
0.038498
0.049008
0.039350
0.050205
0.049082
0.050077
0.091713
0.050441
0.041865
0.041553
0.042273
0.039656
0.037834
0.037453
0.036612
0.036800
0.036132
0.037704
0.037181
0.037350
0.038491
0.039001
0.039885
0.038334
0.035724
0.038501
0.038532
0.038919
0.040751
0.036506
0.038675
0.037996
0.040313
0.039858
0.052403
0.040940
0.037577
0.037360
0.036667
0.041841
0.047101
0.053118
0.051260
0.051501
0.053129
0.040469
0.080098
0.041944
0.055098
0.052745
0.053193
0.053162
0.039832
0.040861
0.039827
0.041532
0.083205
0.040573
0.040588
0.040600
0.040265
0.050876
0.055818
0.055273
0.055734
0.048130
0.085430
0.043030
0.055067
0.047605
0.050090
0.052118
0.051062
0.055084
0.055386
0.056597
0.094458
