1.00
1.06
1.09
1.11
1.12
1.02
1.05
1.05
1.06
1.10
1.09
1.14
1.08
1.13
1.17
1.07
1.08
1.06
0.97
0.99
0.96
0.92
1.02
1.09
1.09
1.07
1.02
1.07
1.07
1.03
1.04
0.98
1.06
0.90
0.98
1.04
1.00
1.02
1.06
1.06
1.09
0.92
0.95
0.89
0.91
0.84
0.99
1.01
0.94
0.94
0.92
0.84
0.89
0.91
0.77
0.72
0.91
0.76
0.64
0.67
0.71
0.77
0.67
0.77
0.80
0.82
0.81
0.82
0.70
0.58
0.60
0.61
0.54
0.56
0.64
0.78
0.82
0.82
0.66
0.80
0.66
0.63
0.72
0.75
1.00
0.78
0.89
0.68
0.69
0.81
0.60
0.67
0.68
0.55
0.54
0.58
0.63
0.60
0.53
0.60
0.65
0.61
0.59
0.58
0.78
0.78
0.85
0.92
0.86
0.93
0.76
0.79
0.79
0.79
0.84
0.86
0.89
0.82
0.82
1.02
1.08
0.88
1.00
1.09
0.95
0.96
0.90
0.83
0.72
0.65
0.72
0.90
0.77
0.84
0.96
0.94
1.03
0.98
0.99
0.99
0.96
0.92
0.94
0.97
0.88
0.74
0.88
0.87
0.88
0.91
0.88
0.81
0.83
0.79
0.83
0.78
0.80
0.82
0.81
0.74
0.82
0.71
0.72
0.62
0.59
0.64
0.64
0.83
0.89
0.88
0.82
0.84
0.85
0.80
0.81
0.82
0.80
0.80
0.80
0.86
0.83
0.73
0.63
0.65
0.62
0.67
0.60
0.62
0.53
0.54
0.69
0.64
0.58
0.57
0.58
0.72
0.75
0.75
0.75
0.79
0.75
0.72
0.75
0.71
0.73
0.68
0.64
0.57
0.56
0.61
0.56
0.66
0.65
0.68
0.65
0.64
0.67
0.67
0.70
0.71
0.72
0.75
0.74
0.68
0.68
0.63
0.54
0.66
0.65
0.64
0.61
0.57
0.54
0.52
0.58
0.51
0.55
0.56
0.56
0.59
0.54
0.66
0.62
0.74
0.73
0.76
0.71
0.76
0.76
0.67
0.61
0.80
0.84
0.85
0.90
0.83
0.68
0.61
0.44
0.47
0.62
0.76
0.77
0.79
0.78
0.71
0.66
0.72
0.61
0.70
0.69
0.63
0.59
0.55
0.62
0.73
0.76
0.60
0.62
0.59
0.59
0.65
0.62
0.62
0.54
0.71
0.64
0.67
0.64
0.59
0.60
0.62
0.65
0.61
0.58
0.57
0.63
0.58
0.44
0.47
0.11
0.10
0.02
0.05
0.45
0.28
0.42
0.48
0.33
0.29
0.31
0.44
0.73
0.63
0.27
0.65
0.22
0.27
0.35
0.77
0.68
0.72
0.72
0.59
0.62
0.20
0.04
0.17
0.48
0.27
0.36
0.46
0.66
0.55
0.71
0.74
0.66
0.75
0.64
0.63
0.67
0.42
0.54
0.72
0.36
0.51
0.80
1.04
1.12
0.89
1.00
0.78
0.93
0.83
0.97
0.96
0.89
0.77
0.81
0.83
0.82
0.95
0.83
0.93
0.75
0.89
0.72
0.84
0.91
0.93
0.84
0.79
0.88
0.77
0.85
0.79
0.87
0.87
0.98
0.80
0.77
0.88
0.80
0.88
0.87
0.82
0.85
0.76
0.84
0.72
0.71
0.73
0.50
0.65
0.83
0.72
0.74
0.78
0.98
0.86
0.89
0.92
0.63
0.64
0.67
0.76
0.77
0.79
0.61
0.65
0.80
0.82
0.91
0.86
0.86
0.82
0.83
0.90
0.80
0.75
0.78
0.90
0.84
0.85
0.62
0.78
0.70
0.84
0.87
0.82
0.89
0.93
0.97
1.03
0.94
0.94
0.92
0.94
0.76
0.56
0.67
0.67
0.60
0.64
0.66
0.71
0.64
0.78
0.54
0.63
0.69
0.38
0.46
0.39
0.33
0.47
0.62
0.46
0.47
0.59
0.48
0.26
0.15
0.25
0.27
0.29
0.04
0.06
0.04
0.22
0.17
0.17
0.15
0.17
0.52
0.04
0.05
0.22
0.68
0.32
0.48
0.54
0.48
0.42
0.34
0.44
0.64
0.81
0.74
0.82
0.93
0.88
0.94
0.89
0.88
0.96
0.88
0.92
0.89
0.87
0.93
0.93
0.95
0.88
1.01
1.04
1.00
1.08
1.10
1.05
1.06
1.11
1.13
1.16
1.14
1.09
1.02
0.92
0.94
1.03
1.10
1.03
0.85
0.92
1.02
0.93
0.84
0.66
0.49
0.51
0.33
0.41
0.60
0.60
0.66
0.86
0.84
0.92
0.77
0.92
0.84
1.02
0.82
0.84
0.75
0.95
1.03
0.91
0.96
0.77
0.87
0.87
1.04
0.91
1.02
0.87
0.95
0.85
0.62
0.48
0.61
0.64
0.65
0.83
0.87
0.91
0.94
0.88
0.71
0.71
0.81
0.74
0.80
0.73
0.75
0.66
0.76
0.79
0.65
0.65
0.66
0.87
0.74
0.70
0.73
0.61
0.62
0.56
0.83
0.38
0.76
0.83
0.68
0.42
0.54
0.72
0.82
0.26
0.36
0.46
0.43
0.74
0.56
0.48
0.73
0.82
0.95
1.02
0.92
0.67
0.44
0.48
0.85
0.62
0.70
0.65
0.84
0.75
0.82
0.68
0.55
0.55
0.53
1.03
0.93
0.85
0.66
0.75
0.86
0.88
1.00
0.97
0.81
0.78
0.80
0.69
0.65
0.65
0.51
0.75
0.58
0.55
0.63
0.68
0.83
0.90
0.98
0.88
0.81
0.95
0.80
0.92
0.80
1.00
0.87
1.02
0.97
0.95
0.91
0.91
0.89
0.94
0.96
0.94
0.97
1.08
1.01
1.02
0.97
0.97
0.77
0.88
0.91
0.86
0.85
0.53
0.67
0.62
0.91
0.91
0.98
0.87
0.83
0.93
0.84
1.01
1.02
1.00
0.88
0.85
0.76
0.72
0.85
0.65
0.44
0.12
0.35
0.43
0.82
0.73
0.92
0.93
0.91
0.88
0.77
0.79
0.69
0.83
0.78
0.72
0.64
0.75
0.58
0.65
0.86
0.58
0.65
0.89
0.89
0.76
0.74
0.75
0.54
0.45
0.57
0.73
0.67
0.66
0.63
0.68
0.34
0.26
0.77
0.79
0.64
0.50
0.87
0.91
0.93
0.79
0.63
0.48
0.22
0.11
0.13
0.18
0.18
0.19
0.18
0.19
0.17
0.19
0.18
0.18
0.19
0.19
0.18
0.20
0.19
0.20
0.20
0.20
0.18
0.20
0.20
0.21
0.18
0.21
0.19
0.19
0.19
0.18
0.17
0.16
0.16
0.15
0.15
0.18
0.14
0.14
0.16
