473	181	50	28
473	180	51	31
471	180	59	33
473	180	58	35
474	180	59	34
474	180	61	36
476	180	58	36
478	180	57	33
479	180	57	33
481	180	56	31
483	179	56	34
484	179	57	33
486	178	58	33
487	177	60	35
490	176	57	35
492	176	58	35
493	174	59	38
496	173	57	35
499	173	56	36
502	172	56	38
504	173	56	38
507	174	54	39
510	176	53	41
509	177	56	40
510	177	54	39
507	177	58	38
504	178	60	35
502	178	60	32
501	178	59	30
499	177	58	30
497	175	59	32
494	174	61	33
493	175	60	35
492	175	60	38
489	178	62	37
489	180	60	37
489	184	60	38
491	193	56	33
489	200	59	31
489	205	60	32
489	210	60	32
488	213	58	32
487	214	60	31
485	215	59	31
482	215	59	30
479	214	57	29
475	211	56	31
468	205	56	31
460	197	52	31
456	185	54	33
444	176	52	28
436	161	49	27
428	145	49	28
422	132	47	25
417	120	45	25
411	110	45	25
411	110	45	25
401	100	45	25
411	110	45	25
411	110	45	25
411	110	45	25
478	182	53	23
500	202	49	25
500	202	49	25
500	202	49	25
504	177	50	27
508	176	49	35
507	177	42	33
503	186	49	28
502	190	48	30
504	189	42	36
504	184	42	42
504	182	42	46
502	185	42	43
503	188	40	44
502	190	41	44
503	191	40	41
505	189	40	42
506	190	43	41
508	190	41	40
509	188	41	42
509	188	39	41
512	186	35	45
514	185	32	45
517	186	28	46
516	188	30	44
517	192	29	42
516	191	31	46
518	191	28	46
519	191	28	47
519	191	29	50
520	191	27	48
521	190	26	50
520	192	28	48
519	190	28	50
518	190	29	48
519	190	29	48
518	189	30	47
517	189	30	48
517	189	30	47
515	189	33	47
515	189	32	47
513	189	33	47
512	188	35	48
511	188	34	47
511	187	35	48
510	187	35	49
510	187	36	47
509	187	36	49
509	187	37	48
508	188	36	47
508	187	37	48
508	186	37	50
507	184	37	51
506	182	39	55
505	179	38	59
504	175	39	61
503	170	40	65
499	163	42	75
493	152	48	71
493	148	49	64
495	141	45	58
495	139	42	44
493	139	42	38
493	138	42	39
493	140	42	41
491	144	43	39
489	149	44	40
490	156	43	42
490	162	44	42
490	170	45	43
490	178	48	42
493	184	47	48
491	186	48	46
489	183	48	48
485	179	51	45
482	170	47	45
482	160	44	48
478	151	48	49
480	142	47	54
482	135	46	54
483	132	42	48
482	129	44	46
482	128	43	43
483	129	43	40
484	132	44	43
484	136	44	43
483	141	46	43
482	146	46	45
481	155	47	44
481	165	47	42
482	179	48	44
482	190	45	47
483	200	45	46
485	209	47	43
488	213	45	43
489	216	51	42
490	217	50	41
491	216	49	41
490	215	52	40
491	213	49	40
491	209	50	41
493	208	47	41
493	208	49	39
493	206	49	40
495	203	46	41
494	198	48	45
493	194	45	46
493	191	43	45
495	189	42	45
495	188	42	44
494	187	43	46
495	187	43	45
496	187	42	45
496	187	42	46
497	188	43	49
497	187	43	52
498	188	42	53
499	189	42	53
499	189	43	59
501	190	39	51
502	191	40	49
503	191	40	55
503	191	39	52
504	191	37	50
504	191	37	48
503	191	39	47
498	193	44	43
500	194	41	43
505	194	36	42
505	196	35	38
506	193	36	40
506	190	37	43
506	189	36	45
506	187	39	46
507	187	38	44
508	187	37	44
508	186	38	44
509	187	39	44
510	185	37	46
511	185	36	45
511	185	34	42
511	185	36	43
513	183	34	45
513	183	34	44
514	183	33	43
514	183	33	44
514	183	32	44
515	183	31	44
515	182	32	44
517	182	32	46
518	183	29	46
517	184	30	46
517	185	33	46
517	187	33	44
518	188	34	46
520	191	32	46
522	194	32	46
524	199	29	45
525	207	32	42
525	220	36	34
450	197	31	36
458	215	38	40
470	232	44	43
491	246	44	43
511	251	38	46
522	254	37	50
524	261	34	41
525	262	37	41
524	259	38	43
520	255	45	46
517	252	46	50
513	251	53	51
506	260	44	43
502	255	45	43
493	250	41	42
481	241	43	40
470	230	42	39
525	195	49	33
448	200	41	34
526	184	49	36
526	179	49	34
526	175	50	36
527	172	54	35
528	170	53	36
529	168	50	38
528	168	51	38
529	170	50	37
530	172	47	39
528	173	50	38
527	177	52	37
524	180	55	38
519	182	57	39
518	184	55	38
515	187	54	37
510	191	56	33
506	195	54	33
502	199	54	32
500	203	57	30
500	205	56	30
500	208	55	28
499	208	54	32
500	210	53	31
498	211	53	32
495	212	54	30
492	212	54	27
487	209	54	26
482	204	53	26
478	196	49	24
477	186	48	27
474	176	49	28
473	163	51	33
475	154	49	33
478	144	46	33
481	136	43	38
483	131	39	38
475	129	55	37
481	124	43	41
476	127	55	37
481	131	44	42
479	135	55	37
484	134	44	40
482	140	55	37
486	138	46	40
485	144	55	37
492	144	47	46
488	153	55	37
483	157	61	46
492	158	48	44
494	163	45	39
494	165	46	38
495	167	47	36
495	166	49	36
497	167	49	39
500	170	48	31
502	173	46	29
502	177	47	29
502	180	51	32
506	184	45	31
507	188	43	29
507	192	43	28
505	194	46	28
503	195	47	27
498	192	51	28
494	190	51	25
492	184	46	27
488	178	46	27
487	170	42	28
487	164	43	28
487	155	42	34
487	152	43	36
487	148	43	38
488	147	42	40
488	148	42	39
489	150	45	38
492	153	48	42
491	158	53	40
490	166	58	37
490	173	61	36
491	179	61	35
493	184	58	34
492	187	61	33
494	188	58	29
497	186	54	31
499	183	51	30
503	179	50	33
508	177	47	33
514	176	42	33
513	181	42	30
516	183	40	29
518	185	38	28
521	188	34	28
517	190	39	28
519	194	35	28
520	197	34	28
520	198	34	30
521	198	33	33
521	199	32	33
522	200	30	34
521	200	30	33
519	199	31	33
517	199	29	30
512	196	30	27
507	188	30	31
501	179	35	35
502	173	32	37
498	169	35	34
498	167	35	33
498	164	34	34
497	164	35	33
499	166	32	32
498	169	33	34
497	175	34	31
495	179	36	34
496	185	37	37
495	191	34	39
495	196	32	40
494	198	34	44
492	201	35	42
491	200	34	42
487	198	31	40
483	193	34	40
477	188	37	34
473	181	39	30
470	171	44	30
471	170	47	32
397	184	45	38
398	180	38	35
401	183	33	34
470	133	31	35
476	175	39	33
407	180	35	32
407	180	36	33
468	132	29	40
469	139	26	37
466	155	33	38
464	161	34	39
464	165	33	32
465	171	39	31
468	178	44	31
470	182	43	34
472	190	44	32
474	199	43	32
479	208	37	34
449	275	35	32
443	267	35	33
497	224	36	34
501	226	36	35
503	227	35	35
503	227	33	35
501	225	39	34
499	222	38	33
496	219	37	33
494	216	34	31
489	213	36	28
484	208	38	29
480	204	40	30
476	200	43	28
473	198	41	29
470	198	41	29
465	200	44	30
392	266	36	32
393	259	32	33
394	260	32	31
393	254	32	33
390	255	31	34
386	264	32	37
379	282	33	37
374	304	33	37
367	327	34	33
366	329	33	31
364	315	33	32
362	300	33	31
360	286	32	32
357	274	33	33
355	266	34	32
355	258	32	31
353	251	32	32
351	245	32	34
348	245	33	34
346	253	32	32
343	266	34	34
342	286	32	36
341	308	33	38
339	333	35	32
341	325	34	32
343	309	34	32
345	293	33	34
346	281	34	33
348	270	32	33
349	261	33	32
351	253	34	32
352	245	36	34
354	240	31	35
353	236	31	35
346	234	34	34
341	231	35	32
335	227	37	32
329	224	36	32
322	220	43	32
317	216	44	32
311	212	46	35
307	211	38	35
304	213	33	33
301	210	36	35
299	211	35	35
299	210	34	34
298	209	37	36
300	208	35	38
303	209	35	34
304	206	37	38
306	203	37	39
308	198	38	40
313	191	37	42
302	183	46	43
298	170	58	49
288	155	66	58
287	154	65	55
284	155	71	55
281	154	76	52
281	154	78	48
281	153	77	54
286	151	69	55
267	150	69	55
228	170	69	55
290	171	69	55
290	171	69	55
289	170	69	55
298	176	59	50
266	153	54	53
267	153	46	56
268	153	45	51
266	152	47	53
266	164	41	52
263	152	48	56
262	151	48	65
266	167	37	33
250	239	44	37
250	163	44	37
250	163	44	37
250	163	44	37
279	206	44	37
290	214	37	33
299	208	33	32
301	193	37	34
312	181	33	31
318	161	34	31
326	140	32	31
333	120	31	30
338	100	32	30
345	80	32	31
351	63	32	32
358	45	32	34
363	31	34	33
370	16	33	34
376	4	35	35
383	-2	34	30
393	-13	34	30
469	19	34	30
570	87	34	30
570	87	34	30
583	87	34	30
517	114	34	30
517	113	34	30
532	215	34	30
532	213	41	32
531	212	44	31
532	211	44	31
526	213	43	29
532	215	43	27
524	213	43	31
530	214	46	31
521	214	43	32
529	215	38	30
532	216	33	27
534	216	28	27
537	216	27	29
539	216	27	29
542	217	26	28
545	217	23	28
549	221	19	26
552	225	17	23
554	229	17	23
545	230	37	33
547	233	37	29
538	181	41	36
535	183	44	37
531	183	48	41
528	183	46	41
529	182	48	41
528	178	47	43
529	174	46	45
528	171	45	44
529	167	44	42
528	164	46	44
528	161	46	42
527	159	44	43
526	156	45	46
525	155	45	44
525	155	44	43
525	153	45	44
525	154	44	43
525	154	44	44
525	155	44	44
525	157	43	45
525	160	45	45
524	162	46	48
526	164	44	49
525	167	42	48
524	170	42	46
522	175	42	44
522	179	42	43
521	181	43	42
523	184	43	43
524	186	43	43
525	188	42	44
526	189	41	43
529	192	38	43
529	191	38	44
531	196	39	42
533	198	37	42
534	201	36	42
535	205	35	42
538	210	33	39
540	212	31	41
538	212	32	42
535	210	36	47
533	210	37	46
533	210	35	44
529	210	39	40
523	207	42	40
517	203	44	38
512	195	45	41
509	192	44	37
507	182	45	39
504	174	46	42
503	169	48	43
504	165	49	43
504	162	50	45
502	160	53	45
504	160	53	45
505	159	52	47
503	160	55	47
506	161	52	48
510	163	47	47
509	167	49	46
509	171	51	44
509	174	50	43
512	175	46	44
514	175	45	43
514	176	46	42
517	176	43	43
518	177	42	43
517	179	43	45
517	181	42	44
517	182	41	44
515	181	42	46
513	180	45	44
510	178	43	44
509	175	40	43
506	173	41	43
504	170	42	42
504	167	40	42
504	166	40	41
503	165	39	41
504	165	39	44
504	165	40	42
505	165	40	45
507	167	40	44
507	168	42	41
509	170	42	40
513	171	40	43
514	173	40	43
515	175	42	44
516	176	41	45
517	176	43	45
518	177	43	43
519	177	43	42
521	178	43	43
522	178	42	44
523	178	42	43
524	178	40	44
523	179	40	43
523	182	40	42
524	182	40	42
521	180	43	44
518	182	46	42
520	188	45	36
521	190	45	34
521	190	43	34
522	190	41	35
522	191	41	35
520	193	44	33
521	194	43	32
519	192	46	35
518	191	47	37
519	189	47	39
519	187	46	41
521	186	43	41
522	184	42	44
523	185	43	43
524	185	43	42
524	185	43	43
525	186	44	42
525	185	43	43
526	185	43	44
527	185	40	44
527	186	42	44
527	186	43	44
527	186	44	45
531	188	41	44
531	187	42	45
533	188	41	44
535	188	40	43
537	188	40	43
539	187	38	43
537	188	41	40
535	187	43	38
532	189	47	31
531	188	48	26
546	194	43	33
552	194	37	33
554	193	34	31
554	191	35	37
553	192	30	31
553	188	30	38
546	188	42	39
550	186	39	43
550	186	30	40
543	186	42	39
547	184	40	43
546	183	37	44
545	186	34	41
539	187	42	38
542	186	37	41
542	184	34	44
541	185	34	42
541	185	35	43
538	186	36	42
537	187	38	43
536	189	38	40
533	190	41	41
532	191	42	42
530	192	43	43
528	195	44	40
526	194	44	44
526	200	44	39
522	201	47	40
521	204	48	41
520	208	47	43
518	211	48	44
515	216	51	43
514	216	51	44
512	215	50	44
509	213	49	43
502	207	49	41
494	197	48	41
486	183	47	40
481	166	46	34
480	141	45	37
483	115	43	41
486	89	44	42
486	67	45	40
490	46	44	39
492	25	45	40
498	9	42	38
498	0	45	31
502	-6	42	23
589	82	42	23
508	104	42	23
580	92	42	23
580	92	42	23
540	78	42	23
583	107	42	23
582	91	42	23
582	92	42	23
582	92	42	23
582	91	42	23
582	74	42	23
582	74	42	23
582	73	42	23
520	157	42	23
583	73	42	23
562	11	42	23
561	20	42	23
556	40	43	33
557	52	46	39
563	72	47	39
558	89	52	47
543	113	56	50
534	143	57	53
525	172	53	50
522	193	50	47
518	208	49	48
514	219	54	47
516	227	53	46
518	230	53	45
522	229	49	49
524	229	50	46
525	228	48	46
525	227	48	41
523	224	49	38
522	216	49	41
520	214	50	36
519	205	46	39
513	202	57	36
507	191	48	40
504	183	41	38
500	174	41	40
496	165	40	41
491	157	42	39
488	149	43	38
486	141	42	40
482	136	43	42
479	132	42	42
475	129	43	41
473	129	43	40
470	128	46	41
471	129	44	44
468	132	47	49
469	137	47	51
470	142	47	49
471	148	48	49
472	155	48	50
471	160	52	49
474	165	51	47
474	167	51	41
475	169	53	40
479	170	50	40
482	170	49	44
484	170	49	45
488	172	49	46
490	174	48	45
492	176	46	46
493	179	46	45
494	182	45	45
496	184	43	45
497	186	43	45
498	188	44	44
497	189	45	45
496	191	44	43
500	196	40	37
501	193	41	39
504	192	40	40
503	190	42	42
505	189	41	43
504	190	43	42
505	189	43	42
505	189	44	43
506	190	44	41
506	189	44	43
509	190	41	41
507	190	45	42
509	191	44	42
510	191	44	42
512	192	42	41
514	192	40	44
515	192	38	45
515	194	39	45
514	196	39	43
515	196	38	45
512	197	39	45
512	198	37	45
511	201	38	44
510	202	37	43
510	202	36	45
509	204	37	44
506	206	38	43
507	207	36	43
507	208	36	43
506	209	37	43
508	210	36	41
508	210	36	41
508	210	39	43
486	179	45	40
493	198	47	54
494	207	51	48
494	212	60	39
497	216	64	38
488	216	62	42
506	216	53	45
508	215	50	49
504	215	41	47
504	217	36	43
503	217	32	38
504	216	30	34
503	215	28	33
503	215	28	30
503	213	29	32
502	210	29	30
502	208	30	29
501	205	32	29
502	201	31	28
503	195	32	29
503	191	35	31
503	187	37	29
506	183	37	27
508	181	40	24
511	178	39	22
489	242	41	27
475	237	40	35
461	222	41	40
447	208	41	40
436	192	39	39
426	176	40	37
426	164	40	37
414	139	40	37
406	132	36	34
398	120	36	34
390	111	37	35
383	103	36	34
375	97	36	35
368	92	36	33
361	89	35	35
353	87	35	35
346	86	35	35
338	89	35	36
331	92	34	36
323	98	34	35
315	104	34	36
307	112	34	36
299	124	35	36
290	136	37	35
287	148	39	38
289	165	36	39
287	184	38	40
292	207	35	37
294	237	37	39
296	272	35	38
299	307	35	39
302	338	33	33
300	317	35	35
299	298	34	33
299	280	33	33
298	264	34	33
299	250	33	30
298	236	34	33
297	224	34	33
297	216	33	31
297	207	33	33
295	200	33	33
294	195	33	33
295	192	32	36
292	196	34	32
294	201	34	30
295	206	33	31
296	206	31	31
295	209	33	35
295	208	32	36
296	210	31	37
296	210	34	36
299	209	34	34
300	207	36	34
305	202	37	32
310	197	37	30
313	191	37	33
316	184	37	35
319	181	37	34
324	181	35	32
326	182	36	33
328	187	37	32
330	192	38	35
335	205	38	36
341	223	35	32
344	242	35	34
350	262	32	36
353	285	32	36
355	312	34	34
357	336	34	26
357	323	34	32
358	306	33	34
358	292	32	33
358	279	31	33
360	268	29	33
360	258	29	33
360	251	29	32
360	245	27	32
360	239	27	32
360	239	27	32
286	203	27	32
286	202	27	32
357	132	27	32
357	142	27	32
286	197	27	32
286	189	29	34
286	189	29	35
286	188	32	41
284	187	34	39
285	188	37	43
284	189	41	36
351	270	37	34
350	261	34	35
348	253	30	35
348	247	28	33
347	244	30	35
347	244	34	35
347	250	35	34
347	261	35	36
347	275	35	38
348	295	34	38
349	317	34	39
350	338	33	32
349	329	36	30
352	317	34	32
352	306	35	33
353	294	35	35
355	286	33	35
355	280	35	35
358	275	33	35
358	272	33	35
359	270	33	36
359	270	34	36
360	271	35	37
358	284	36	37
352	304	35	38
348	329	31	31
346	329	32	30
346	315	33	33
346	298	33	34
347	285	32	34
347	276	33	32
348	265	33	32
349	257	31	32
349	251	33	32
346	255	33	32
342	267	32	35
334	285	34	35
328	306	33	34
322	327	32	33
319	330	32	29
322	317	32	32
322	302	32	35
324	291	33	34
325	282	33	34
326	274	33	35
328	267	35	35
329	264	35	35
331	268	35	39
338	287	34	36
345	309	34	38
351	332	35	29
354	336	39	24
363	325	38	30
366	305	38	34
372	291	36	35
377	281	37	33
382	271	35	34
386	264	36	33
388	258	39	35
391	265	35	37
389	281	35	35
387	301	40	39
382	323	37	36
382	340	36	26
383	327	35	31
385	311	34	34
384	296	36	33
385	284	33	34
386	275	33	33
387	267	32	33
388	259	33	34
389	255	33	35
390	259	34	38
392	272	38	39
397	294	37	37
400	316	37	38
405	338	37	31
406	330	37	30
409	315	36	33
410	314	34	34
412	300	34	33
413	289	35	31
414	276	35	34
414	271	35	33
411	275	35	35
407	285	34	37
398	304	37	34
390	323	39	35
385	342	36	26
381	331	38	30
379	318	39	38
378	305	37	38
376	295	36	36
373	285	36	37
370	278	36	36
366	274	37	34
366	272	36	34
369	281	36	36
372	297	40	42
377	320	42	39
377	344	42	39
377	344	42	39
390	329	42	39
388	315	39	41
390	305	42	39
391	293	41	40
395	287	40	37
399	278	42	39
399	274	45	38
399	272	49	38
401	271	43	39
399	267	42	40
400	267	41	41
398	270	41	41
393	270	41	39
385	270	43	38
378	269	43	37
370	268	44	37
363	265	46	38
355	262	46	39
351	258	49	40
275	195	49	40
341	248	49	40
341	233	49	40
344	218	52	41
345	201	50	41
349	184	48	41
349	167	45	44
350	153	52	43
350	152	52	43
350	139	52	43
355	125	44	44
358	122	42	40
361	117	41	42
363	115	41	40
363	115	42	43
364	118	42	44
365	122	41	42
368	129	41	42
368	138	43	43
369	148	43	45
368	162	45	48
369	174	46	47
300	146	46	47
367	188	42	44
366	190	43	45
364	190	43	44
360	191	43	43
353	190	43	42
348	191	41	42
340	192	40	41
327	194	45	45
318	196	48	45
310	201	46	44
307	207	42	42
303	210	42	41
217	185	42	41
230	184	42	41
229	184	42	41
214	184	42	41
304	200	42	41
319	199	42	41
331	193	41	42
333	187	44	42
336	178	44	44
341	171	41	41
346	164	39	38
347	158	38	40
348	153	38	41
348	151	37	39
348	149	36	41
346	148	36	40
345	150	36	40
343	153	37	40
341	157	37	40
339	163	36	40
333	171	38	39
328	179	39	39
316	187	46	40
315	191	40	45
314	199	38	41
313	203	37	40
314	204	36	38
314	200	40	41
317	195	42	39
331	187	35	33
340	173	36	32
348	156	35	32
355	138	35	34
362	122	35	34
371	107	34	33
378	94	35	34
385	82	35	33
392	72	37	34
400	63	36	35
408	55	37	36
416	48	37	37
424	44	37	38
424	45	37	38
430	42	39	39
432	43	37	37
439	42	39	39
447	44	38	39
455	46	39	40
463	53	39	37
472	58	40	41
479	66	40	40
489	78	40	40
498	92	40	42
508	108	39	39
517	121	41	42
529	135	43	39
544	143	44	44
545	147	45	45
546	148	44	46
548	148	43	46
546	149	44	43
545	150	46	44
547	152	44	45
546	153	44	43
546	154	45	46
547	157	45	41
546	159	46	44
548	160	44	46
546	164	49	46
545	168	51	44
546	174	49	43
545	180	48	41
545	186	46	41
543	194	46	39
543	201	46	41
542	208	44	40
541	216	48	41
540	222	48	42
543	227	45	42
545	231	43	43
544	233	46	42
542	232	48	43
540	230	47	42
535	227	49	38
528	221	49	38
521	211	47	39
518	199	43	38
516	185	42	40
515	173	41	37
514	161	41	37
512	152	43	37
514	144	40	38
513	138	40	40
513	135	38	42
512	132	39	47
510	131	41	53
509	132	42	47
509	135	42	42
510	142	39	46
506	148	45	45
507	156	47	46
508	168	45	41
506	177	47	41
508	185	43	42
510	193	41	42
514	201	40	40
517	205	38	42
519	208	40	42
521	211	40	42
520	211	45	40
519	208	44	40
518	203	42	41
516	198	41	39
511	190	42	40
507	182	42	39
504	174	39	41
500	165	39	39
497	156	41	40
498	147	40	41
499	140	41	41
501	135	41	41
502	131	42	42
501	129	47	43
504	129	45	45
504	131	47	47
508	134	44	45
510	137	46	47
512	143	47	49
515	150	48	51
518	157	48	49
523	166	46	45
526	173	47	46
528	181	48	45
529	188	49	43
531	192	47	44
530	196	47	42
532	197	46	41
529	196	47	40
527	193	48	40
526	190	49	40
527	187	46	43
529	186	42	42
527	187	42	40
526	187	41	40
525	189	40	42
523	192	41	39
524	193	39	40
523	195	39	39
520	196	40	39
519	195	38	37
518	192	37	38
516	188	37	37
513	181	38	38
514	175	36	37
512	167	39	40
514	159	38	41
516	155	39	39
520	150	37	40
525	148	35	40
527	147	37	40
527	147	44	44
530	150	43	43
532	153	44	44
534	158	45	43
531	159	48	44
533	166	48	44
531	167	51	43
535	175	50	40
540	182	48	44
540	187	48	44
539	191	50	45
539	193	47	45
538	196	47	41
537	195	45	42
535	192	44	43
533	192	44	43
531	193	46	43
529	195	45	41
527	198	43	40
525	201	45	40
522	204	52	40
521	207	57	41
521	209	54	42
524	210	48	42
525	214	46	41
527	219	47	41
530	224	47	40
534	230	46	40
537	234	46	42
539	239	48	44
542	244	55	43
545	246	54	43
548	247	53	43
546	248	55	43
545	246	54	44
541	245	54	44
535	243	56	45
532	240	51	46
523	232	52	46
516	224	54	41
510	207	52	43
504	186	54	44
504	166	50	42
507	145	47	41
503	127	52	42
508	108	50	44
507	95	54	44
508	83	53	48
511	73	50	47
512	65	49	46
511	59	50	44
515	55	48	47
516	52	47	48
516	53	49	48
517	55	50	48
517	58	51	49
523	67	51	50
522	77	61	51
523	87	65	49
523	97	60	54
527	112	53	59
532	130	47	52
538	143	44	47
538	152	46	44
535	160	51	42
536	165	52	40
537	167	52	44
537	169	47	43
531	173	50	43
528	175	47	46
522	180	48	44
518	183	44	44
512	187	45	43
507	189	48	43
505	190	47	43
502	192	43	41
498	193	42	41
495	190	41	41
490	186	41	42
485	180	41	39
483	172	40	39
479	162	40	38
481	149	39	38
482	137	40	37
486	127	39	36
488	117	39	36
492	110	38	37
493	101	40	39
494	97	41	40
496	94	44	41
499	93	44	41
503	94	41	40
503	96	43	41
506	100	42	43
510	107	44	43
512	115	47	43
515	123	46	42
518	132	47	41
520	139	48	44
526	149	45	46
528	160	47	50
530	169	47	44
531	177	46	40
530	184	46	40
528	187	44	40
525	189	41	40
518	191	44	40
514	193	52	40
509	194	58	41
503	193	58	40
497	193	50	42
494	193	42	39
492	190	37	42
489	188	36	40
484	185	37	39
480	180	38	38
476	176	39	36
473	169	41	39
473	164	39	35
474	156	40	39
483	148	35	37
488	141	39	37
491	133	40	39
497	127	39	41
503	121	38	40
505	116	44	43
505	116	44	44
509	112	46	46
514	111	47	43
518	109	47	46
523	109	47	45
531	111	47	44
535	112	50	45
542	114	50	46
545	116	51	47
548	118	50	47
550	120	51	46
551	122	52	46
554	123	52	47
557	124	49	50
560	127	44	50
553	130	50	45
550	131	49	46
544	135	51	43
541	139	48	43
535	146	48	41
530	153	46	41
525	155	44	47
518	159	49	48
516	164	48	49
513	167	47	51
511	173	48	48
508	177	48	47
507	180	50	48
503	183	56	46
499	190	47	41
495	192	51	43
492	194	42	43
487	197	41	41
482	197	42	41
475	197	43	42
471	194	41	43
467	191	43	42
464	185	44	44
460	180	46	43
457	174	54	42
457	167	47	41
459	157	53	43
465	148	46	43
478	136	38	41
490	127	42	40
503	118	41	41
512	108	46	44
521	105	49	42
529	99	54	45
538	95	59	46
546	96	56	46
558	98	54	48
561	102	60	49
567	109	60	47
569	114	66	48
578	120	56	52
578	127	55	51
574	135	60	51
570	142	59	53
570	150	57	54
562	158	60	52
554	164	65	51
539	169	66	47
530	172	56	46
526	176	47	41
519	178	45	41
511	178	46	41
505	180	46	38
500	180	42	40
495	181	42	39
490	182	41	39
485	183	40	38
481	183	40	38
478	182	39	38
475	180	39	38
471	179	42	37
469	177	45	38
467	172	45	38
468	168	48	36
472	161	45	38
478	151	49	40
490	142	42	39
499	132	42	40
511	123	41	41
519	114	49	45
532	108	49	45
542	105	54	45
554	104	51	44
559	102	54	45
562	102	57	47
563	104	70	48
573	107	60	49
575	110	57	48
573	113	60	49
571	117	60	50
565	123	57	46
560	131	53	44
551	137	51	43
539	145	52	43
524	157	56	43
516	171	54	40
508	178	52	41
508	185	50	39
508	190	49	41
508	196	49	40
507	199	48	40
506	200	53	43
504	202	56	40
501	202	58	40
498	201	61	45
494	201	60	42
490	199	51	41
489	195	47	41
488	191	46	42
488	189	51	41
486	184	55	43
485	184	50	43
482	183	50	45
483	184	49	45
483	184	50	47
483	186	48	46
483	186	47	46
484	187	43	46
484	191	43	44
484	194	46	43
485	196	41	43
485	200	42	43
487	203	43	41
490	205	48	40
493	206	50	40
498	205	47	41
509	205	42	43
517	208	45	41
521	208	53	42
522	210	58	43
526	214	65	42
528	217	65	44
516	221	67	41
513	221	77	42
511	222	66	42
506	224	58	42
512	222	48	43
515	222	45	42
517	221	44	42
525	222	47	40
529	217	48	41
537	216	53	41
539	217	63	36
547	215	65	40
548	213	61	44
548	215	58	41
537	213	64	44
523	210	63	42
515	209	62	40
506	208	59	37
501	204	53	39
496	203	48	38
493	202	43	38
490	199	39	40
485	196	40	41
481	193	41	38
478	188	41	36
475	181	40	37
473	174	41	36
472	165	41	37
475	157	41	38
479	149	42	37
484	143	42	37
487	138	46	36
494	133	44	40
502	130	40	41
506	131	43	42
517	133	37	43
520	136	40	44
523	143	45	42
524	149	49	42
525	155	50	43
524	162	48	43
522	166	49	43
520	168	47	45
514	174	46	42
503	177	51	42
499	179	45	41
493	181	44	41
489	184	46	41
486	186	42	40
487	189	40	40
486	191	40	39
486	191	39	39
487	192	44	39
490	192	44	38
493	189	46	41
497	190	49	40
502	189	48	40
510	187	48	40
518	185	47	43
526	186	47	44
532	187	52	44
541	189	56	45
549	192	58	46
556	194	59	47
560	198	58	47
559	201	58	48
558	205	55	48
551	209	55	43
541	210	56	44
537	210	49	44
529	209	47	43
521	207	46	41
513	204	47	41
504	201	50	38
502	198	48	38
504	195	43	39
505	193	43	39
508	193	43	39
514	194	41	37
520	194	38	39
525	196	35	40
531	200	28	36
528	199	44	38
538	199	44	38
537	278	44	38
537	319	44	38
438	352	44	38
347	272	44	38
274	284	44	38
222	183	44	38
222	183	44	38
222	183	44	38
222	191	44	38
222	180	44	38
222	180	44	38
222	180	44	38
222	180	44	38
222	180	44	38
222	180	44	38
222	180	44	38
222	180	44	38
222	180	44	38
222	180	44	38
205	180	44	38
223	180	44	38
223	180	44	38
223	180	44	38
223	180	44	38
223	180	44	38
223	180	44	38
223	180	44	38
223	180	44	38
223	180	44	38
223	180	44	38
223	180	44	38
223	180	44	38
223	180	44	38
223	180	44	38
203	180	44	38
327	159	44	38
327	107	44	38
326	108	43	41
326	108	41	41
324	108	44	42
323	109	42	40
322	107	43	43
406	12	37	37
405	25	39	28
404	36	38	24
404	46	36	23
403	58	34	24
403	71	32	24
404	86	28	25
404	103	27	25
404	122	25	26
404	142	24	27
403	162	24	27
402	176	27	26
396	184	24	27
390	194	26	26
386	201	24	25
380	206	27	25
377	207	27	28
376	206	26	27
374	204	26	25
373	201	28	24
372	198	28	26
370	195	33	25
369	193	36	27
369	191	35	28
371	189	30	27
372	188	26	29
370	188	26	30
366	190	29	32
360	191	29	34
355	194	31	38
348	200	34	35
344	206	35	34
341	209	36	35
340	214	34	33
340	215	36	33
341	216	37	29
346	214	36	28
349	208	38	29
358	198	38	29
370	193	32	28
378	179	35	32
385	165	34	30
393	150	35	29
400	136	35	26
407	123	34	25
417	109	31	28
426	97	27	31
433	86	27	33
440	78	30	33
445	74	36	30
455	72	36	26
456	70	44	26
466	68	41	29
475	66	36	36
482	69	39	36
493	68	36	42
499	76	34	43
509	88	35	37
519	102	38	32
524	117	41	26
529	132	41	28
546	194	46	32
544	188	47	41
542	189	48	43
541	189	50	44
540	190	51	46
544	193	46	44
543	195	46	46
542	198	48	45
543	202	48	44
542	205	50	46
545	208	48	47
547	213	46	44
543	217	50	44
541	220	49	44
540	221	46	45
532	219	47	44
525	214	45	42
514	207	46	43
503	197	46	41
491	187	46	40
481	174	46	38
550	162	38	36
468	142	39	40
460	131	40	39
450	117	40	39
442	109	40	39
433	102	41	38
425	96	40	36
419	92	39	37
411	90	39	37
404	90	39	36
396	92	39	38
390	95	37	37
383	100	35	36
376	108	37	36
367	116	37	36
364	126	35	34
365	125	35	36
364	137	35	37
364	136	36	37
367	152	37	39
370	172	40	41
374	197	38	43
380	225	37	40
385	254	37	41
389	287	39	43
393	323	39	38
394	347	39	38
393	334	39	38
398	311	39	36
401	291	37	35
399	271	37	36
399	255	38	34
400	240	39	35
399	226	38	36
401	215	38	35
398	205	41	37
400	197	39	41
400	192	37	36
401	189	38	35
401	191	38	36
401	198	38	40
402	208	39	40
404	226	36	35
404	245	36	37
404	264	35	40
404	288	35	40
404	314	35	39
404	339	35	32
401	329	34	31
399	311	33	34
400	294	28	34
400	281	23	33
390	272	23	33
370	205	23	33
291	195	23	33
238	194	23	33
238	195	23	33
284	287	23	33
284	287	23	33
283	286	23	33
283	193	23	33
283	192	23	33
283	192	23	33
291	192	23	33
236	193	23	33
294	193	23	33
233	192	23	33
283	192	23	33
388	259	23	33
388	248	23	33
376	240	38	37
381	238	29	35
383	236	28	33
385	236	27	33
384	238	29	34
380	249	29	35
376	269	32	36
371	290	31	36
365	315	32	36
359	335	34	26
359	322	34	30
358	306	33	32
358	292	32	34
358	281	31	32
355	271	33	33
353	260	34	36
352	253	35	35
351	246	35	36
351	248	34	35
350	257	36	36
350	270	38	39
352	294	35	40
353	321	36	38
354	346	35	28
357	336	40	25
365	325	38	33
371	306	37	38
375	293	38	37
381	282	38	37
385	270	40	41
390	262	40	41
395	259	43	42
396	266	42	46
395	287	43	44
392	307	42	50
388	333	45	39
401	251	45	39
358	140	45	39
358	145	44	38
356	143	45	42
354	144	44	43
355	145	40	39
354	146	41	40
353	147	41	40
351	149	44	44
352	152	42	44
351	152	42	44
351	152	42	44
351	152	42	44
351	167	42	44
367	167	42	44
367	167	42	44
367	167	42	44
367	306	42	44
376	288	41	42
373	272	43	47
369	261	48	44
370	250	44	48
371	243	44	51
371	238	44	49
369	235	43	48
368	234	43	47
365	233	47	45
364	234	51	45
364	232	56	43
368	229	54	42
370	224	54	44
374	218	51	45
374	218	51	46
377	213	56	43
391	214	56	43
390	214	56	43
400	216	46	35
406	212	43	41
412	214	41	41
416	214	42	41
419	212	42	40
419	209	43	41
418	202	46	43
415	196	50	44
419	189	43	39
418	182	42	39
412	176	45	40
519	224	45	40
518	212	45	40
513	210	44	32
513	198	43	31
514	186	42	31
517	175	39	35
518	165	36	40
520	159	34	44
522	156	31	45
522	154	32	45
522	156	33	41
523	162	35	36
524	169	37	30
521	177	43	33
519	184	46	31
520	187	47	32
520	191	47	33
521	194	47	31
523	197	46	30
525	199	45	30
527	203	45	29
529	205	45	28
534	207	50	29
535	209	53	28
539	209	51	28
544	209	47	29
550	209	47	29
553	208	45	30
555	206	44	33
551	203	43	35
558	203	38	32
561	200	32	34
562	199	35	33
560	198	40	31
561	197	42	31
561	197	44	31
563	199	44	30
563	199	45	30
563	200	44	30
562	202	43	31
557	204	47	34
559	208	44	36
563	212	46	39
565	214	52	46
568	217	51	49
572	226	45	34
571	229	42	40
569	234	39	37
566	235	35	32
560	229	35	35
553	221	35	36
544	210	38	34
533	199	41	27
530	187	39	27
536	173	34	32
536	159	33	36
533	146	36	34
534	141	39	31
528	133	43	31
530	125	36	36
529	120	34	40
529	120	38	34
527	124	43	29
528	125	39	32
528	125	34	40
530	131	32	40
530	143	38	35
524	155	44	32
528	163	51	37
531	164	48	43
534	167	44	45
535	170	40	43
535	175	40	41
535	178	40	42
536	184	45	39
537	186	50	38
538	191	57	38
539	196	57	34
541	199	51	33
543	203	50	31
544	205	50	31
545	208	56	29
545	210	63	28
544	212	66	28
543	214	59	26
542	215	58	27
541	217	51	28
541	219	48	28
541	220	47	27
539	222	47	29
540	226	47	28
539	230	49	27
539	232	49	27
539	234	49	27
540	235	47	28
540	236	47	28
542	237	45	27
543	237	44	28
543	238	44	27
543	238	46	28
544	238	44	29
544	237	45	30
544	238	46	29
544	238	46	28
544	237	46	28
544	236	49	27
544	236	49	28
544	235	51	27
544	235	49	27
544	234	47	27
544	235	48	26
546	235	46	26
547	237	46	25
549	239	43	26
549	241	46	27
551	246	43	28
550	252	44	29
552	260	41	27
552	267	38	28
503	200	40	36
515	204	41	39
525	206	45	41
537	206	46	43
546	204	46	45
546	201	50	44
548	200	46	40
548	195	47	43
550	192	48	42
553	189	47	46
554	187	46	45
555	185	46	43
556	185	46	42
556	186	47	39
556	187	47	39
560	188	44	39
561	190	46	41
557	192	51	44
554	194	50	43
552	197	50	42
550	199	52	42
548	202	49	42
546	204	51	44
544	207	48	41
544	207	50	40
543	207	49	41
543	207	53	43
545	205	53	45
545	207	53	45
546	207	56	46
547	207	57	47
548	207	56	47
547	208	55	44
545	208	57	43
543	208	54	40
538	203	52	42
534	199	62	37
530	190	51	36
529	182	47	37
530	171	46	38
535	160	41	36
538	150	39	37
538	140	45	39
541	132	48	40
544	127	53	40
547	121	55	43
551	120	53	42
555	118	51	44
560	119	51	45
565	121	53	46
569	127	54	47
574	134	57	48
576	142	61	49
579	153	59	48
579	163	59	46
579	172	59	48
579	182	57	45
575	191	59	43
568	200	60	40
565	207	58	41
561	212	53	41
556	216	51	40
553	220	51	39
551	220	59	39
550	217	53	38
551	215	52	37
549	213	54	38
550	212	51	39
551	210	49	39
551	207	46	41
553	208	45	39
554	211	45	39
556	212	43	40
559	215	39	40
560	218	38	39
561	223	38	39
561	224	36	39
561	224	35	38
559	224	35	39
558	224	35	39
554	224	38	37
553	223	37	37
549	222	38	39
546	221	38	39
543	221	39	38
539	220	41	37
537	219	39	38
536	218	39	38
534	217	39	38
530	216	41	38
529	215	40	38
526	215	42	39
525	214	42	39
522	214	44	38
519	214	45	39
517	214	44	37
515	213	43	38
512	213	44	38
509	213	43	39
506	214	43	39
