234	159	45	48
233	158	47	49
233	157	46	50
233	158	46	47
233	157	48	48
232	156	47	48
232	157	47	47
232	157	46	48
232	157	47	48
232	158	47	48
231	159	47	48
231	159	46	48
231	161	47	48
230	162	48	48
230	163	47	48
232	164	46	49
231	166	48	48
232	167	45	49
231	167	46	50
230	169	46	48
230	168	46	48
229	165	47	49
227	160	49	50
228	156	45	47
226	146	48	50
226	134	48	51
226	123	52	53
226	112	51	51
226	109	49	46
226	104	48	47
227	102	48	47
226	103	48	47
228	106	49	47
228	109	51	49
227	117	54	49
228	130	50	53
227	139	47	50
226	145	48	50
226	148	47	50
224	146	49	49
224	142	49	49
225	131	49	50
225	121	50	51
226	111	49	48
227	108	48	44
227	101	49	47
228	98	48	48
228	98	49	48
230	100	46	49
230	105	46	48
230	112	51	50
232	121	51	54
231	127	51	55
231	133	49	54
232	137	50	51
233	141	50	51
233	143	49	51
234	145	49	49
236	147	47	48
238	147	47	50
238	148	47	50
239	150	47	49
240	149	46	50
241	151	45	49
242	152	46	49
242	153	47	48
242	154	46	48
243	154	45	48
242	155	46	47
243	155	46	48
242	155	46	49
243	156	45	48
242	155	45	49
242	154	46	51
241	156	45	49
241	157	45	48
239	156	46	50
240	155	47	50
240	156	44	50
238	157	47	50
237	157	47	51
237	159	47	50
238	159	46	49
237	160	47	51
237	160	46	50
236	161	46	48
235	159	48	50
236	159	47	50
235	158	47	48
234	155	47	48
232	148	51	49
231	137	51	51
232	138	49	49
232	127	51	50
229	114	51	54
230	105	46	51
230	100	47	46
230	100	46	47
229	95	47	47
228	94	47	48
227	94	48	48
226	98	48	46
227	96	47	47
226	102	48	48
227	110	47	48
225	118	49	51
225	123	50	55
225	126	47	48
225	132	46	51
225	137	48	52
226	143	47	52
227	146	49	52
226	148	48	51
227	152	50	50
228	154	48	49
228	155	48	49
228	156	48	49
228	156	49	49
227	156	48	49
226	155	48	48
223	155	48	46
219	150	48	47
218	150	50	48
212	145	51	48
207	139	51	48
200	134	50	49
191	129	53	50
190	129	53	49
185	127	50	49
177	129	47	47
164	130	53	50
156	134	54	49
156	135	54	49
149	136	55	53
145	138	53	54
140	139	52	55
136	142	52	52
132	144	51	53
127	147	54	52
125	147	54	53
124	149	53	52
123	151	53	51
124	153	52	53
124	154	53	56
126	160	51	54
128	163	50	53
130	166	49	51
132	167	50	50
132	168	48	51
132	169	50	50
132	170	49	50
132	169	51	50
131	168	51	50
132	167	52	49
131	166	51	49
132	165	51	50
133	164	51	52
133	165	52	50
136	165	50	52
136	167	51	53
138	169	52	53
139	171	54	53
142	174	52	52
144	178	51	50
146	179	50	49
146	179	51	49
146	175	54	52
147	170	54	53
148	160	55	54
150	148	55	57
153	136	53	51
156	121	50	55
159	104	49	53
161	92	52	48
165	81	51	48
166	70	54	50
169	64	57	50
175	62	55	49
181	60	52	51
184	62	51	52
186	65	52	53
191	76	50	48
194	86	51	48
198	99	55	47
202	110	57	56
206	120	55	56
209	129	54	53
212	138	52	51
216	145	52	49
220	150	49	49
223	153	49	49
225	155	50	50
228	155	49	48
229	154	49	48
229	152	50	48
230	147	51	51
229	146	49	48
228	145	52	48
226	143	54	48
225	141	52	48
221	139	46	47
214	137	50	46
215	137	50	47
208	134	50	50
198	134	52	46
189	133	48	49
176	134	54	50
175	135	56	50
168	140	53	49
152	144	59	52
147	149	55	54
143	151	54	55
144	151	52	54
138	153	54	54
133	156	54	49
128	156	55	50
123	155	54	56
125	156	52	54
121	158	54	54
121	160	54	55
119	162	54	53
120	164	54	54
120	164	52	54
120	167	53	53
122	169	51	51
123	170	51	51
125	171	52	52
124	171	50	52
126	172	51	50
126	170	50	52
128	170	51	51
129	170	52	50
129	170	50	51
131	168	54	51
132	167	54	52
135	165	52	52
138	165	53	52
139	165	51	51
142	163	54	52
147	159	55	54
152	154	57	52
157	147	63	51
160	148	58	50
171	141	57	52
180	134	58	52
197	133	49	47
206	131	50	49
207	131	49	49
215	133	49	50
221	134	48	52
226	134	51	54
230	135	50	54
230	135	50	55
235	136	49	56
237	138	48	56
240	141	48	54
241	143	48	54
240	142	49	56
243	143	50	56
242	148	49	53
245	150	47	51
245	150	46	51
245	151	46	50
244	151	47	50
243	146	48	52
241	142	47	51
241	142	46	52
237	135	47	51
238	135	48	51
233	124	49	52
228	112	55	56
225	95	50	54
221	84	47	51
216	76	50	47
209	65	53	51
205	61	52	48
201	60	50	49
195	57	53	52
193	60	52	51
192	63	48	52
190	72	46	50
185	85	48	47
182	98	48	46
180	119	46	43
169	137	50	51
164	142	52	54
160	151	52	53
155	157	54	54
154	160	51	56
153	164	52	56
151	168	52	53
152	170	48	52
152	172	49	49
151	171	51	49
152	169	50	51
153	168	50	51
155	167	50	52
157	165	51	54
158	166	53	52
161	164	52	52
166	162	52	52
168	159	58	51
177	157	54	48
182	151	57	49
187	147	59	48
201	145	52	47
211	143	50	48
217	145	48	48
221	145	49	48
227	145	49	48
230	145	49	50
234	145	49	52
238	147	46	50
240	148	48	51
242	149	46	52
241	152	45	50
242	153	45	52
240	157	47	49
241	159	45	49
239	161	47	50
238	163	45	48
236	163	47	50
233	164	48	48
232	162	49	50
231	159	48	50
231	156	48	49
230	151	49	50
229	146	50	50
229	141	51	52
228	135	51	55
228	131	47	55
225	126	50	55
223	121	45	57
223	120	47	58
220	116	48	57
218	109	49	59
215	107	49	54
211	103	51	56
212	103	49	53
209	99	50	54
207	94	51	56
205	91	51	52
205	86	53	54
206	86	52	54
247	158	50	54
248	158	50	54
249	158	49	55
248	158	51	54
248	157	51	56
248	159	50	52
249	185	49	46
247	189	48	46
244	193	49	47
245	194	47	44
245	200	47	42
244	203	46	43
243	207	45	42
241	210	47	42
241	210	47	42
238	212	48	41
236	212	48	43
235	213	44	40
233	214	40	38
234	214	39	36
230	213	37	35
226	210	34	36
226	210	34	36
147	289	34	36
218	205	34	36
119	106	34	36
66	-12	34	36
37	97	34	36
123	-4	34	36
63	101	34	36
0	228	34	36
16	95	34	36
33	217	34	36
-26	272	34	36
-26	353	34	36
-26	353	34	36
-26	353	34	36
-26	353	34	36
-26	353	34	36
-26	353	34	36
-26	353	34	36
-26	353	34	36
-26	353	34	36
-26	353	34	36
-26	353	34	36
-26	353	34	36
-26	353	34	36
-26	353	34	36
-26	353	34	36
-26	353	34	36
-26	353	34	36
-26	353	34	36
-26	353	34	36
-26	353	34	36
154	145	34	36
220	196	34	36
210	190	42	40
199	180	44	44
190	169	46	45
182	155	51	45
179	139	54	48
181	127	49	44
184	113	50	44
187	99	58	47
189	86	55	48
192	80	53	46
196	72	53	48
200	68	54	49
205	67	53	52
209	71	54	49
215	75	50	48
220	82	50	49
225	92	50	52
229	99	51	53
232	106	52	57
233	113	52	54
234	119	51	53
234	125	49	53
233	129	49	53
228	134	53	52
224	137	51	48
221	136	48	48
217	130	49	49
214	118	49	50
213	112	49	45
213	105	49	45
212	99	49	46
210	96	50	48
210	96	48	48
211	98	49	48
211	103	49	49
211	110	49	49
212	120	49	49
208	130	50	55
208	133	49	56
207	136	49	55
206	138	51	52
205	134	51	53
204	128	54	50
205	117	54	50
206	110	51	47
208	106	49	44
211	99	48	46
213	96	47	47
215	97	47	46
217	99	48	46
220	102	48	50
222	111	49	46
224	121	49	50
225	126	48	51
225	129	47	51
224	133	45	50
221	132	46	49
220	127	48	50
220	126	47	50
216	119	50	46
217	109	48	47
219	103	47	46
218	98	46	46
219	97	47	47
219	96	47	46
220	96	46	46
220	98	47	46
222	100	45	49
222	101	44	47
223	110	48	46
223	120	48	47
222	127	47	49
218	130	49	49
219	130	49	48
216	133	48	48
213	135	48	49
209	136	49	51
206	139	48	51
207	140	47	49
203	143	48	49
201	145	47	51
199	148	48	51
198	150	49	50
197	151	49	50
197	151	50	51
195	150	51	52
194	149	49	49
193	142	49	52
193	143	51	51
191	134	50	52
190	123	54	53
188	106	58	59
187	98	57	53
184	99	61	52
183	89	57	52
183	84	52	49
183	80	50	48
180	79	52	49
181	78	49	50
180	80	47	49
180	84	48	49
178	91	51	47
179	101	48	45
179	100	48	47
174	113	52	44
173	126	51	46
176	142	49	50
175	157	49	50
173	158	51	49
173	174	49	47
178	152	50	44
180	136	50	42
183	120	50	42
182	119	52	43
186	103	54	47
189	93	54	48
194	84	50	47
197	76	51	49
198	74	48	50
199	71	52	51
202	69	53	51
204	70	56	51
209	74	55	50
209	73	54	51
211	81	56	51
218	88	58	62
221	91	57	70
222	92	56	70
222	97	59	68
223	99	62	71
224	104	62	68
227	109	59	66
227	114	59	68
229	123	57	64
228	129	56	64
229	137	56	62
228	143	55	61
225	149	56	60
222	157	51	56
219	163	50	53
215	170	47	49
211	171	48	49
206	171	48	48
203	167	48	50
199	162	49	50
195	152	51	51
194	142	50	52
192	130	51	53
189	112	55	60
188	100	53	54
186	86	52	53
185	79	53	49
183	70	52	49
182	66	53	49
183	64	50	50
179	65	55	49
180	67	52	50
182	73	50	50
181	83	50	49
180	94	50	49
181	108	49	48
179	126	51	47
181	148	47	43
179	172	49	45
175	163	50	40
166	139	49	43
156	118	55	45
149	102	51	44
141	84	49	48
131	68	57	51
122	60	60	49
114	53	59	50
108	45	59	54
98	40	59	56
90	39	59	56
81	40	61	56
73	43	60	59
65	48	63	64
54	60	66	57
46	62	66	62
43	64	62	65
43	64	63	67
47	66	63	64
50	67	65	65
57	71	63	65
67	75	59	59
77	82	61	56
89	88	61	55
101	98	63	64
99	96	65	65
113	105	63	64
129	117	62	59
145	129	61	53
161	138	59	53
160	138	61	53
177	147	53	51
189	152	49	48
196	154	48	47
205	155	46	47
204	154	48	48
210	154	47	45
216	152	46	45
219	150	47	47
222	149	47	45
222	150	46	45
224	149	47	45
225	148	45	45
227	148	45	44
225	148	45	44
225	148	46	44
224	148	44	45
222	147	43	47
218	146	45	47
212	145	47	46
212	145	46	45
205	144	48	44
194	144	51	45
180	144	56	47
171	143	56	49
172	143	55	49
161	143	55	51
153	143	54	51
149	144	50	55
143	146	51	55
144	146	51	55
139	148	54	56
134	151	52	53
130	154	51	52
126	158	52	52
126	158	51	52
124	161	52	54
122	166	53	54
123	171	50	52
122	173	51	52
123	173	51	51
121	174	52	51
122	170	52	53
123	166	50	51
124	156	53	51
124	156	52	52
126	144	53	53
127	128	56	59
131	113	56	62
133	99	53	51
135	100	51	47
139	90	52	48
142	83	54	47
146	79	52	46
148	75	54	49
149	75	54	48
152	74	55	50
155	78	55	48
159	83	54	49
164	92	54	47
164	93	52	46
170	103	58	47
174	115	55	49
175	122	50	47
173	128	51	48
173	129	51	48
171	134	52	50
168	143	52	48
168	141	54	47
164	147	55	49
157	153	57	51
152	160	55	49
146	162	57	51
138	163	57	50
127	163	56	49
116	160	58	49
114	156	58	50
110	155	57	48
105	152	60	50
100	148	62	56
92	147	66	54
82	146	75	55
84	140	73	61
86	136	69	63
88	129	67	65
88	124	66	67
92	117	63	69
91	114	67	71
93	112	71	72
96	110	74	73
97	112	82	70
103	112	81	71
114	113	82	68
141	113	66	64
151	116	62	58
159	118	58	55
166	120	58	52
175	120	54	55
184	121	53	54
192	123	55	54
202	122	51	54
210	125	50	53
220	128	50	50
231	130	50	50
238	133	48	51
243	138	51	51
248	142	50	51
251	145	51	51
253	148	50	52
255	151	49	51
257	152	47	55
257	157	50	54
259	159	49	52
261	160	46	51
259	158	47	53
256	158	47	53
249	154	49	54
239	154	49	49
226	150	55	51
211	149	55	48
189	149	57	49
172	149	64	47
157	150	62	49
146	149	57	50
136	151	55	49
128	151	57	49
124	151	57	50
127	152	55	47
133	152	56	45
141	152	57	45
153	150	58	46
170	146	57	48
186	146	55	53
204	149	56	50
216	154	54	50
216	154	54	49
226	160	50	49
230	167	50	48
231	175	48	46
228	182	48	46
229	182	47	46
224	189	47	46
215	193	47	46
205	195	47	46
197	196	45	42
196	195	46	43
187	191	44	43
179	183	44	43
174	174	43	43
161	148	43	43
161	148	43	43
160	147	43	43
161	163	43	43
176	127	43	43
173	112	40	42
172	112	42	42
177	99	43	46
179	93	48	47
181	89	51	49
184	89	50	48
183	90	50	47
185	93	50	48
187	102	53	54
188	114	51	54
190	127	47	51
190	124	46	53
187	141	47	51
185	152	47	49
182	162	51	46
183	164	43	45
182	166	45	44
178	164	47	44
177	163	45	41
176	160	43	39
178	163	40	30
177	167	40	26
177	147	40	26
166	158	40	26
188	135	40	26
184	119	40	38
182	116	44	41
183	105	47	45
187	102	50	44
187	99	49	47
189	98	53	50
188	99	54	48
189	103	56	49
190	112	50	49
189	123	49	57
187	135	53	52
186	134	55	53
183	146	54	53
180	162	56	46
178	169	51	47
177	175	51	44
178	175	48	45
177	175	47	45
176	176	46	44
175	172	45	45
175	170	45	42
176	171	44	40
176	168	43	38
176	144	43	38
176	143	43	38
175	156	43	38
176	136	41	29
184	131	41	35
184	117	43	40
185	105	46	47
187	101	48	46
188	98	48	48
189	97	48	48
190	101	47	48
190	110	50	56
188	115	53	56
188	124	52	55
189	141	49	51
186	152	51	50
183	165	51	45
180	171	52	46
179	174	49	47
177	173	48	44
175	171	47	42
176	174	38	32
176	161	38	32
176	174	38	32
176	145	38	32
177	131	44	40
178	121	48	43
181	114	48	46
184	110	47	46
187	107	50	48
187	107	50	47
186	107	51	47
186	107	51	47
186	106	51	48
186	107	51	47
187	108	49	46
187	179	53	48
184	183	52	47
184	186	51	47
186	187	53	45
190	185	51	46
197	180	52	47
209	175	50	44
225	170	49	43
243	164	45	45
253	152	50	49
267	144	51	46
283	139	47	44
295	132	49	44
305	128	46	44
314	126	45	45
319	124	42	45
320	125	44	42
322	126	43	44
318	127	44	46
314	129	46	47
308	131	48	49
304	134	44	48
292	137	46	49
276	139	48	46
261	137	54	49
244	136	58	48
243	136	60	49
236	132	51	51
220	131	49	47
204	128	48	47
185	127	50	47
182	127	52	46
165	128	51	44
149	127	49	46
134	128	51	43
121	128	52	45
120	128	54	45
114	130	52	49
110	132	52	51
109	135	53	49
108	140	54	47
109	139	53	47
109	142	55	49
112	144	55	50
115	146	57	50
123	147	56	52
123	147	56	51
131	149	59	51
144	151	59	49
154	151	62	50
168	150	69	58
168	151	68	57
182	152	57	55
203	155	55	49
218	158	53	48
229	160	51	50
230	161	50	49
237	166	49	48
241	169	48	48
243	173	47	48
245	176	46	49
247	178	44	47
248	181	42	47
247	185	44	48
247	191	45	42
249	195	42	39
247	194	45	40
245	195	46	40
242	195	44	41
242	196	40	38
240	196	36	36
240	196	35	37
240	196	35	37
262	129	35	37
367	222	35	37
257	124	35	37
372	213	35	37
263	307	35	37
249	320	35	37
353	276	35	37
243	322	35	37
259	321	35	37
362	287	35	37
361	287	35	37
362	288	35	37
361	287	35	37
361	287	35	37
362	288	35	37
361	287	35	37
362	215	35	37
337	291	35	37
362	213	35	37
361	212	35	37
361	212	35	37
361	212	35	37
361	212	35	37
361	212	35	37
361	212	35	37
361	212	35	37
361	290	35	37
361	212	35	37
361	211	35	37
336	289	35	37
361	211	35	37
360	288	35	37
360	287	35	37
360	287	35	37
360	287	35	37
360	287	35	37
360	287	35	37
360	287	35	37
360	287	35	37
360	287	35	37
360	287	35	37
360	287	35	37
360	287	35	37
360	287	35	37
360	287	35	37
360	287	35	37
360	287	35	37
360	287	35	37
360	287	35	37
360	287	35	37
360	287	35	37
360	287	35	37
360	287	35	37
360	287	35	37
360	287	35	37
360	287	35	37
360	287	35	37
360	287	35	37
360	287	35	37
360	287	35	37
360	287	35	37
360	287	35	37
360	287	35	37
360	287	35	37
360	287	35	37
360	287	35	37
231	158	35	37
230	183	35	37
230	182	35	37
230	182	35	37
230	182	35	37
241	192	35	37
239	188	44	43
235	180	47	48
232	171	49	49
234	162	50	50
235	149	52	55
239	141	52	53
247	140	49	47
250	135	51	51
254	132	49	52
255	132	48	49
255	133	49	50
254	135	49	49
251	136	49	52
248	140	50	53
243	148	50	53
239	157	52	54
237	168	51	49
237	177	48	49
237	184	46	47
236	189	47	48
235	188	48	47
235	192	48	46
236	195	46	40
238	196	44	37
237	190	41	39
238	191	40	39
236	188	41	38
234	185	40	35
232	179	36	38
221	168	36	38
221	168	36	38
221	168	36	38
221	155	36	38
140	276	36	38
254	319	36	38
359	274	36	38
249	321	36	38
347	288	36	38
364	288	36	38
346	288	36	38
346	288	36	38
346	288	36	38
346	288	36	38
346	288	36	38
346	288	36	38
346	288	36	38
371	211	36	38
371	211	36	38
371	211	36	38
371	211	36	38
371	211	36	38
371	211	36	38
371	211	36	38
371	211	36	38
371	211	36	38
371	211	36	38
371	211	36	38
371	211	36	38
371	211	36	38
371	211	36	38
371	211	36	38
371	211	36	38
371	211	36	38
371	211	36	38
371	211	36	38
371	211	36	38
371	211	36	38
371	211	36	38
371	211	36	38
371	211	36	38
371	211	36	38
371	211	36	38
371	211	36	38
371	211	36	38
371	211	36	38
371	211	36	38
371	211	36	38
371	211	36	38
371	211	36	38
371	211	36	38
371	211	36	38
371	211	36	38
371	211	36	38
371	211	36	38
371	211	36	38
371	211	36	38
371	211	36	38
371	211	36	38
371	211	36	38
371	211	36	38
371	211	36	38
371	211	36	38
345	288	36	38
345	288	36	38
345	288	36	38
242	184	36	38
241	184	36	38
241	209	36	38
241	198	36	38
238	198	40	45
233	196	44	45
227	193	45	46
217	189	49	44
207	181	53	44
197	167	56	47
190	153	56	50
187	138	52	49
184	125	54	49
184	108	59	54
184	101	57	50
185	92	56	52
188	84	53	54
191	79	54	53
196	76	50	52
198	76	51	54
200	78	52	54
203	81	51	55
206	87	50	53
208	95	50	55
210	99	48	56
210	106	48	56
210	112	50	56
208	117	50	57
205	119	50	60
203	122	50	60
200	128	49	55
198	125	51	54
195	117	55	57
194	109	55	51
193	96	52	50
189	84	52	50
187	77	54	47
187	71	52	47
186	65	52	50
186	64	51	49
185	64	52	51
184	68	52	53
185	78	52	49
186	88	51	47
183	99	58	55
180	108	64	63
179	113	58	65
180	125	52	59
180	133	53	54
182	138	54	54
184	144	48	52
185	149	48	50
185	153	50	48
184	155	51	47
187	155	49	47
186	155	50	47
188	154	49	47
189	152	49	48
191	150	47	48
192	149	47	46
191	149	49	46
193	146	51	48
194	143	49	49
196	142	48	48
199	140	46	49
197	142	47	47
201	140	47	48
203	139	44	50
204	139	46	50
205	140	45	50
205	139	47	49
207	141	46	46
208	142	46	47
210	141	45	48
210	143	45	47
211	142	45	48
211	144	46	46
211	145	46	46
210	145	48	48
210	147	47	46
211	146	46	46
212	146	45	46
211	147	46	46
211	148	46	47
211	148	46	47
211	149	46	46
210	150	49	45
210	149	46	47
212	149	46	47
211	150	46	46
211	151	46	45
211	150	48	46
212	150	46	47
211	150	47	47
213	150	46	46
213	150	45	46
214	149	45	47
214	150	43	46
213	148	44	48
211	148	44	49
211	148	45	48
209	146	44	50
207	144	44	50
206	140	46	52
203	136	47	53
202	135	49	54
201	130	47	54
200	118	49	56
197	108	51	52
195	101	54	52
197	101	51	51
195	92	49	50
194	88	49	46
192	85	51	47
190	85	51	47
191	85	51	47
193	87	48	46
192	91	51	47
193	99	50	47
193	106	52	51
193	105	52	53
191	108	55	61
189	117	52	55
189	122	50	50
187	120	50	50
187	121	49	49
187	117	48	49
186	113	49	45
186	102	54	47
188	97	47	43
188	91	50	42
189	86	51	45
192	84	48	46
194	85	48	47
195	88	47	48
196	93	49	50
199	101	48	54
200	108	47	51
201	113	47	49
198	116	48	52
196	119	49	53
195	120	48	49
192	115	50	51
192	110	51	49
192	100	52	53
192	90	50	50
193	85	48	47
195	80	47	46
194	78	48	48
196	78	47	48
197	81	46	47
198	84	47	49
198	92	47	55
195	99	49	52
194	104	49	54
192	111	53	55
190	120	50	52
189	128	46	48
187	133	48	48
185	134	48	48
183	134	46	48
181	131	46	47
179	126	46	47
180	117	47	48
180	106	53	47
179	101	60	44
180	90	54	48
180	85	51	48
182	83	49	46
185	82	48	46
184	84	50	46
186	89	51	44
190	94	47	46
192	102	48	51
191	106	49	51
190	111	49	49
188	113	50	51
186	114	49	50
186	114	50	50
184	115	48	46
182	115	50	46
181	114	49	47
182	114	48	48
182	113	46	46
181	109	51	50
182	107	52	50
184	105	49	48
186	104	47	47
187	103	47	46
187	100	48	48
186	100	47	46
186	98	47	47
186	96	47	48
184	93	50	50
184	91	50	50
184	92	48	49
184	89	50	50
183	86	51	50
183	84	52	52
182	80	52	51
182	80	51	52
181	75	51	52
180	70	53	51
181	63	52	50
182	57	53	49
183	56	50	51
186	51	50	52
190	45	51	54
197	42	50	53
202	40	55	57
203	41	52	53
212	41	54	55
223	44	54	52
234	47	50	59
246	56	49	54
245	55	49	55
253	65	50	52
262	76	48	51
266	91	49	51
267	107	49	53
268	107	48	53
265	124	49	49
262	138	49	52
257	149	48	56
251	169	46	49
250	169	47	49
241	181	47	47
233	191	47	46
224	198	49	47
220	208	47	47
220	207	46	48
214	216	48	48
208	225	47	46
202	231	50	47
197	237	49	48
197	236	49	50
193	243	49	49
190	249	49	49
189	255	46	52
187	262	46	50
186	260	47	52
184	268	47	50
182	275	48	48
180	280	50	51
180	289	50	49
181	289	49	49
180	293	51	55
181	305	48	50
180	312	50	46
180	318	49	40
182	320	47	37
183	327	46	31
183	327	46	31
183	340	46	31
183	354	46	31
125	282	46	31
125	282	46	31
125	298	46	31
125	298	46	31
125	315	46	31
125	314	46	31
125	314	46	31
205	295	46	31
205	295	46	31
360	294	46	31
360	294	46	31
189	246	46	31
343	297	46	31
343	271	46	31
188	245	46	31
188	244	46	31
188	244	46	31
188	244	46	31
188	244	46	31
188	244	46	31
188	244	46	31
188	244	46	31
188	244	46	31
188	244	46	31
188	244	46	31
188	244	46	31
188	244	46	31
188	244	46	31
188	244	46	31
188	244	46	31
188	244	46	31
188	244	46	31
188	244	46	31
188	244	46	31
213	296	46	31
342	295	46	31
187	244	46	31
187	243	46	31
187	243	46	31
187	243	46	31
187	243	46	31
187	243	46	31
187	243	46	31
187	243	46	31
187	243	46	31
187	243	46	31
187	243	46	31
187	243	46	31
187	243	46	31
187	218	46	31
161	217	46	31
161	217	46	31
186	321	46	31
185	308	53	44
184	284	55	54
183	265	56	57
181	247	58	59
180	225	57	60
178	199	58	62
177	173	59	56
178	151	59	55
178	134	57	53
177	109	62	60
182	97	53	57
180	86	56	54
180	77	57	54
179	71	58	51
181	66	58	53
182	68	54	51
186	70	52	50
185	70	52	51
186	74	52	52
187	82	52	50
189	89	51	54
189	99	50	50
190	98	50	52
187	105	51	52
186	113	55	53
184	124	53	48
181	134	48	46
181	135	49	45
177	144	48	45
172	151	52	43
170	153	50	45
170	155	48	47
170	156	49	47
170	157	48	46
169	154	49	46
168	150	50	46
167	145	50	46
167	144	50	48
168	135	50	48
168	124	50	46
169	110	60	47
170	101	56	44
170	101	57	44
171	91	52	45
171	84	52	45
171	80	53	44
173	76	54	47
173	76	54	48
178	77	52	46
181	78	51	49
183	83	52	49
188	90	49	47
187	90	49	49
191	102	48	46
192	113	47	55
191	120	50	56
192	129	49	53
192	128	49	54
190	133	51	55
190	138	49	55
189	144	49	53
188	149	48	52
187	150	49	49
184	154	49	51
183	158	50	50
182	161	49	52
181	166	48	50
180	166	50	50
179	169	48	51
176	172	49	50
175	173	48	50
173	171	50	51
173	171	50	50
171	168	51	49
170	163	50	47
167	152	52	48
167	140	50	48
168	141	50	46
166	127	52	48
164	111	53	50
160	100	53	46
158	90	51	47
159	90	50	48
159	85	49	45
159	80	50	46
159	79	49	45
157	78	50	48
158	78	49	47
157	80	51	50
158	89	48	44
159	97	44	44
161	108	44	43
161	118	45	46
157	132	47	49
159	150	43	48
159	169	43	46
163	155	45	46
165	141	49	48
170	128	49	43
175	116	48	41
180	103	47	43
184	98	50	41
189	91	49	42
192	85	49	44
197	85	47	44
205	85	44	44
209	88	45	45
214	92	45	46
218	101	46	46
225	111	45	49
227	117	45	55
227	121	46	53
225	126	45	50
223	131	45	50
218	139	46	51
216	147	45	51
212	155	43	49
205	165	46	46
201	172	45	44
197	173	44	45
194	175	43	45
190	174	44	45
187	172	45	45
185	167	45	45
184	158	46	47
183	147	48	49
182	134	46	52
180	121	48	53
179	112	46	48
178	108	47	45
178	103	46	46
179	101	46	45
178	100	44	45
176	101	47	47
176	106	46	45
175	113	47	45
174	121	46	47
174	135	46	45
175	152	45	41
175	168	43	45
176	160	45	40
174	142	45	40
172	123	49	44
172	109	47	45
172	98	47	43
173	87	47	45
171	82	47	43
171	76	47	44
171	74	48	44
170	74	49	45
168	77	51	45
170	80	51	47
167	80	52	45
168	84	53	48
168	93	52	50
172	107	46	46
172	124	49	44
171	126	49	43
172	142	50	46
173	156	46	44
175	134	49	43
176	113	49	45
176	112	49	47
178	91	48	45
181	77	47	44
179	63	50	49
181	51	49	52
182	50	47	53
183	40	48	52
183	30	50	55
187	25	48	54
188	23	49	53
187	22	49	52
189	22	49	50
190	23	50	54
190	27	52	56
193	35	51	55
194	33	50	58
198	44	48	58
198	59	51	51
201	72	50	54
203	87	49	56
201	87	51	56
200	100	52	61
198	112	54	57
197	125	54	55
198	136	52	55
198	137	51	54
196	150	52	50
197	160	50	48
197	164	50	51
197	171	49	50
198	171	48	51
199	173	48	51
199	175	48	49
200	172	48	49
201	170	49	47
201	170	48	47
202	165	50	48
207	158	50	48
210	153	51	44
215	144	50	45
214	145	52	43
218	137	51	47
223	133	51	46
227	129	49	49
229	128	49	48
228	128	52	47
229	127	50	49
226	127	51	50
225	128	47	49
221	130	47	46
221	129	47	47
215	130	49	47
212	131	47	47
207	129	48	48
209	128	46	47
208	128	48	48
208	123	52	50
210	119	53	48
213	113	52	49
213	112	51	51
215	108	54	48
218	100	54	51
219	92	54	53
219	85	54	53
220	80	52	51
220	73	55	53
220	66	54	56
217	61	58	57
216	57	56	57
210	55	57	58
204	55	58	57
190	56	61	56
176	57	64	58
163	59	65	60
151	64	68	58
143	65	65	60
138	68	65	57
140	67	60	59
141	68	64	58
146	70	67	55
152	71	69	58
159	74	68	60
173	80	63	61
181	86	62	64
188	94	61	67
195	102	60	64
200	109	58	63
202	120	60	56
203	129	57	54
201	133	60	56
198	139	58	55
194	143	58	55
185	145	60	57
173	150	57	56
174	150	57	56
176	146	58	56
178	146	55	55
179	141	57	57
180	136	59	57
182	131	59	56
185	127	59	58
186	123	60	58
184	116	62	61
185	114	64	60
184	112	66	60
185	112	62	60
184	111	63	63
182	113	66	62
181	115	66	64
182	117	68	64
183	120	67	65
185	122	68	66
190	124	68	64
192	126	72	66
197	130	74	63
202	131	69	64
199	133	72	65
194	136	72	67
185	142	70	67
171	145	70	67
172	146	71	69
170	145	70	67
165	142	74	70
163	143	74	66
161	138	73	70
161	137	74	71
158	137	74	70
154	136	78	69
151	135	80	71
151	136	76	70
152	134	75	73
148	137	78	69
146	135	82	73
145	136	84	74
146	137	79	74
144	137	83	75
146	140	80	72
145	138	81	76
145	138	78	77
146	140	78	77
144	141	80	75
146	141	78	76
144	142	80	76
143	142	80	78
144	143	78	77
145	143	77	78
141	142	80	79
142	146	81	75
141	143	80	79
