1.00
1.14
1.15
1.11
1.13
1.12
1.12
1.15
1.14
1.10
1.13
1.07
1.16
1.09
1.08
0.97
1.04
1.06
1.09
1.09
1.08
1.11
1.10
1.07
1.07
1.01
0.98
1.04
1.06
1.02
1.04
1.07
1.03
1.06
1.02
1.03
1.01
1.02
1.02
0.99
1.00
0.96
0.98
0.99
0.99
0.98
0.97
0.99
1.00
1.00
0.94
0.97
0.99
0.90
0.96
0.92
0.97
0.94
0.96
0.96
0.94
0.96
0.98
0.97
0.93
0.91
0.93
0.97
0.94
0.92
0.92
0.94
0.94
0.98
0.89
0.93
0.91
0.89
0.90
0.87
0.83
0.85
0.91
0.81
0.82
0.79
0.79
0.80
0.80
0.80
0.78
0.80
0.77
0.80
0.78
0.82
0.81
0.81
0.78
0.79
0.77
0.78
0.81
0.78
0.81
0.78
0.82
0.85
0.83
0.80
0.80
0.80
0.94
0.83
0.91
0.90
0.92
0.96
0.92
0.96
0.98
0.99
1.01
0.98
1.00
1.04
1.04
1.04
1.09
1.06
1.08
1.11
1.13
1.12
1.16
1.14
1.12
1.12
1.17
1.19
1.19
1.14
1.13
1.16
1.14
1.09
1.13
1.11
1.15
1.13
1.13
1.15
1.07
1.15
1.08
1.12
1.14
1.05
1.09
1.10
1.10
1.06
1.01
1.09
1.02
0.95
0.98
1.04
1.02
1.01
1.01
0.95
1.00
1.02
0.95
0.90
0.93
0.93
0.91
0.90
0.94
0.93
1.01
0.91
0.95
1.00
0.97
0.98
0.94
0.95
0.95
0.95
0.97
0.95
0.96
0.90
0.94
0.97
0.92
0.93
0.93
0.95
0.93
0.86
0.88
0.92
0.90
0.92
0.85
0.88
0.90
0.90
0.94
0.84
0.88
0.84
0.85
0.88
0.79
0.93
0.92
0.98
0.92
0.96
0.93
0.88
0.82
0.86
0.89
0.85
0.85
0.88
0.91
0.91
0.90
0.92
0.84
0.88
0.83
0.83
0.81
0.69
0.86
0.67
0.74
0.81
0.78
0.88
0.73
0.75
0.79
0.87
0.94
0.75
0.82
0.84
0.78
0.76
0.91
0.82
0.79
0.77
0.73
0.74
0.71
0.70
0.63
0.59
0.63
0.66
0.71
0.72
0.73
0.64
0.62
0.61
0.59
0.57
0.56
0.52
0.61
0.62
0.58
0.60
0.59
0.65
0.61
0.59
0.58
0.59
0.56
0.59
0.59
0.57
0.55
0.50
0.50
0.48
0.51
0.47
0.47
0.51
0.50
0.52
0.52
0.55
0.52
0.51
0.47
0.48
0.46
0.65
0.67
0.61
0.55
0.55
0.54
0.57
0.54
0.53
0.55
0.64
0.67
0.67
0.69
0.67
0.49
0.67
0.54
0.52
0.62
0.58
0.53
0.64
0.46
0.45
0.47
0.46
0.48
0.42
0.47
0.56
0.67
0.56
0.55
0.54
0.50
0.51
0.48
0.43
0.40
0.38
0.44
0.38
0.35
0.33
0.33
0.36
0.25
0.29
0.36
0.42
0.46
0.45
0.42
0.41
0.39
0.42
0.40
0.42
0.43
0.38
0.38
0.40
0.36
0.32
0.44
0.28
0.44
0.49
0.31
0.46
0.46
0.46
0.37
0.36
0.45
0.30
0.43
0.43
0.33
0.38
0.43
0.32
0.35
0.41
0.33
0.37
0.35
0.35
0.41
0.26
0.35
0.45
0.47
0.38
0.40
0.47
0.37
0.40
0.46
0.37
0.41
0.46
0.47
0.41
0.51
0.48
0.27
0.50
0.35
0.41
0.32
0.43
0.45
0.38
0.40
0.44
0.47
0.33
0.37
0.42
0.41
0.47
0.41
0.44
0.47
0.52
0.41
0.41
0.40
0.57
0.51
0.50
0.64
0.61
0.72
0.55
0.65
0.59
0.54
0.57
0.55
0.57
0.81
0.89
0.68
0.93
0.89
0.93
0.93
0.90
0.89
0.89
0.95
0.87
0.84
0.94
0.87
0.91
0.89
0.92
0.95
0.87
0.86
0.93
0.89
0.91
0.94
0.94
0.86
0.96
0.95
0.97
0.97
0.97
0.93
0.94
0.95
0.93
0.90
0.91
0.91
0.87
0.92
0.90
0.88
0.90
0.94
0.84
0.85
0.90
0.89
0.90
0.90
0.90
0.92
0.87
0.88
0.88
0.86
0.85
0.90
0.86
0.81
0.83
0.92
0.86
0.90
0.88
0.88
0.95
0.91
0.90
0.83
0.84
0.87
0.81
0.85
0.76
0.83
0.84
0.82
0.84
0.83
0.81
0.88
0.85
0.87
0.79
0.83
0.86
0.92
0.88
0.89
0.84
0.79
0.84
0.85
0.82
0.78
0.83
0.76
0.78
0.71
0.72
0.68
0.55
0.47
0.42
0.42
0.49
0.51
0.51
0.49
0.53
0.71
0.72
0.74
0.88
0.94
1.06
1.02
1.09
1.07
1.11
1.11
1.11
1.10
0.99
1.12
1.10
1.03
1.11
1.10
1.05
1.01
1.03
1.05
1.03
1.02
1.05
1.01
1.02
0.99
0.97
0.98
0.95
0.98
1.01
1.01
1.04
1.06
1.02
1.00
1.07
0.99
1.06
1.01
0.97
0.94
0.96
0.94
0.90
0.94
0.94
0.94
0.93
0.87
0.91
0.84
0.86
0.88
0.86
0.78
0.77
0.81
0.79
0.79
0.82
0.84
0.75
0.87
0.76
0.79
0.75
0.79
0.75
0.81
0.70
0.65
0.66
0.70
0.63
0.63
0.57
0.62
0.55
0.73
0.70
0.77
0.58
0.56
0.67
0.69
0.72
0.65
0.67
0.55
0.65
0.61
0.62
0.55
0.49
0.51
0.57
0.47
0.53
0.57
0.49
0.54
0.51
0.51
0.50
0.63
0.49
0.48
0.43
0.47
0.49
0.53
0.45
0.40
0.38
0.44
0.39
0.42
0.37
0.38
0.33
0.32
0.33
0.36
0.34
0.32
0.27
0.30
0.29
0.30
0.27
0.28
0.26
0.30
0.30
0.29
0.27
0.31
0.26
0.29
0.30
0.27
0.33
0.27
0.30
0.30
0.31
0.31
0.28
0.39
0.36
0.35
0.39
0.38
0.41
0.41
0.36
0.47
0.42
0.39
0.40
0.41
0.42
0.40
0.40
0.46
0.45
0.45
0.45
0.46
0.45
0.49
0.47
0.51
0.51
0.47
0.44
0.49
0.40
0.34
0.56
0.50
0.43
0.44
0.44
0.48
0.43
0.38
0.37
0.31
0.33
0.28
0.31
0.37
0.40
0.32
0.33
0.30
0.28
0.33
0.34
0.34
0.27
0.30
0.31
0.37
0.35
0.48
0.49
0.46
0.47
0.50
0.48
0.45
0.50
0.47
0.49
0.41
0.41
0.40
0.47
0.42
0.48
0.46
0.42
0.45
0.47
0.47
0.44
0.37
0.42
0.42
0.48
0.44
0.39
0.47
0.51
0.72
0.67
0.76
0.83
0.80
0.77
0.77
0.59
0.63
0.61
0.83
0.80
0.80
0.82
0.78
0.85
0.65
0.77
0.66
0.74
0.65
0.56
0.82
0.65
0.67
0.90
0.84
0.84
0.93
0.84
0.90
0.90
0.94
0.97
0.93
1.05
1.02
1.06
0.90
1.04
1.09
1.08
1.07
1.03
0.98
0.99
0.98
1.06
1.02
1.05
1.04
1.08
0.90
0.94
0.95
0.90
0.95
1.04
0.94
1.16
1.13
1.07
1.11
1.08
1.07
1.11
1.07
1.05
1.00
1.05
0.91
1.01
1.04
1.03
1.12
1.06
1.13
1.09
1.16
1.11
1.08
1.17
1.00
1.08
1.08
1.06
1.09
1.01
0.84
0.95
0.85
0.85
0.88
1.03
1.01
1.07
1.08
0.86
0.86
1.00
0.96
0.82
0.83
0.69
0.74
0.70
0.77
0.96
1.17
1.17
1.06
1.13
1.02
0.92
1.03
0.99
0.99
0.89
1.03
1.08
0.88
1.00
1.10
1.02
0.85
0.85
1.08
1.02
1.02
1.12
1.02
1.02
1.04
1.06
0.96
0.97
0.96
0.77
0.85
0.84
0.95
1.07
1.23
1.01
1.20
1.16
1.23
1.09
1.03
1.08
1.06
1.16
1.17
1.19
1.17
1.14
1.11
1.13
1.14
1.15
1.15
1.18
1.17
1.14
1.19
1.02
1.09
1.20
1.18
1.15
1.15
1.17
1.15
1.08
1.16
1.12
1.18
1.17
1.22
1.24
1.18
1.17
1.11
1.01
0.94
0.98
0.97
0.91
0.99
1.10
0.92
0.92
0.82
0.89
0.83
0.93
0.67
0.75
0.85
0.88
0.85
0.82
0.79
0.65
0.61
0.68
0.65
0.58
0.71
0.75
0.58
0.63
0.57
0.54
0.60
0.48
0.43
0.46
0.50
0.52
0.50
0.58
0.62
0.60
0.56
0.55
0.59
0.59
0.63
0.56
0.56
0.48
0.55
0.69
0.71
0.74
0.75
0.70
0.75
0.86
0.85
0.90
0.86
0.87
0.97
0.83
0.92
0.74
0.86
0.99
0.67
0.72
0.85
0.78
0.96
0.64
0.58
0.68
0.77
0.86
0.84
0.90
0.87
0.80
0.83
0.89
0.77
0.81
0.88
0.94
0.98
0.98
1.01
1.02
1.05
1.02
1.07
1.04
1.01
1.06
1.10
0.90
0.89
0.86
0.90
1.00
0.95
0.98
1.03
0.95
0.95
1.01
0.96
0.97
0.96
1.04
1.05
0.98
1.01
1.00
1.05
1.08
0.93
0.99
0.97
1.03
1.03
1.01
0.98
0.95
0.92
0.98
0.98
0.96
0.96
0.96
0.98
0.91
0.91
0.91
0.93
0.90
0.87
0.86
0.87
0.89
0.88
0.87
0.87
0.83
0.88
0.87
0.89
0.86
0.87
0.90
0.89
0.85
0.86
0.86
0.86
0.86
0.88
0.89
0.86
0.97
0.91
0.94
0.94
0.95
0.96
0.91
0.90
0.93
0.92
0.92
0.93
0.91
0.90
0.97
0.96
0.98
0.99
1.01
0.99
0.99
1.03
1.06
1.06
1.10
1.07
1.11
1.11
1.10
1.09
1.09
1.09
1.06
1.06
1.07
1.08
1.05
0.85
0.62
0.64
0.73
1.05
1.03
1.05
1.06
1.09
1.06
1.02
1.01
1.00
1.03
1.05
1.07
1.04
1.08
1.08
1.12
1.08
1.08
1.04
1.05
1.06
1.08
1.09
1.10
1.14
1.09
1.19
1.10
1.15
1.13
1.13
1.10
1.11
1.15
1.08
1.15
1.12
1.14
1.13
1.16
1.17
1.18
1.10
1.13
1.10
1.06
1.09
1.06
1.08
1.04
1.05
1.02
1.01
1.02
1.03
1.03
1.02
1.03
0.99
0.99
1.00
0.96
0.99
0.99
0.96
0.94
0.93
0.86
0.93
0.92
0.93
0.95
0.95
0.97
1.00
1.03
0.97
0.98
0.94
0.92
0.97
0.99
1.02
1.03
1.01
1.04
1.03
0.98
0.99
1.00
1.01
1.01
0.93
0.90
0.97
0.90
0.93
0.94
0.94
0.95
0.94
0.95
0.88
0.93
0.93
0.92
0.87
0.90
0.89
0.93
0.91
0.92
0.92
0.96
0.97
0.95
0.94
0.92
0.93
0.89
0.81
0.83
0.84
0.86
0.88
0.90
0.82
0.84
0.92
0.93
0.94
0.92
0.94
0.96
1.01
1.04
1.10
1.13
1.13
1.15
1.13
1.10
1.10
1.10
1.05
1.08
1.08
1.05
1.01
1.05
1.01
1.00
0.98
0.97
1.03
0.99
1.00
1.03
1.06
1.06
1.11
1.05
1.05
0.97
0.99
0.99
0.92
0.94
0.90
0.87
0.98
0.96
0.86
0.83
0.78
0.77
0.78
0.77
0.73
0.73
0.57
0.68
0.67
0.65
0.62
0.58
0.54
0.51
0.49
0.53
0.43
0.47
0.48
0.41
0.45
0.55
0.40
0.37
0.51
0.51
0.51
0.53
0.57
0.54
0.56
0.52
0.52
0.53
0.52
0.54
0.59
0.66
0.64
0.62
0.65
0.65
0.66
0.62
0.65
0.58
0.51
0.48
0.43
0.42
0.41
0.44
0.43
0.42
0.38
0.41
0.65
0.45
0.64
0.68
0.71
0.81
0.77
0.72
0.71
0.72
0.72
0.74
0.72
0.68
0.70
0.69
0.73
0.76
0.85
0.83
0.81
0.73
0.71
0.78
0.74
0.64
0.65
0.63
0.70
0.58
0.40
0.31
0.28
0.33
0.38
0.47
0.48
0.46
0.49
0.44
0.46
0.45
0.45
0.45
0.44
0.44
0.41
0.48
0.49
0.46
0.46
0.44
0.49
0.46
0.44
0.43
0.45
0.41
0.46
0.44
0.50
0.51
0.52
0.50
0.45
0.49
0.46
0.44
0.46
0.42
0.47
0.45
0.42
0.39
0.41
0.41
0.42
0.37
0.34
0.32
0.27
0.36
0.29
0.30
0.35
0.37
0.44
0.48
0.44
0.36
0.32
0.34
0.29
0.34
0.27
0.35
0.24
0.34
0.29
0.32
0.32
0.26
0.37
0.37
0.30
0.21
0.45
0.44
0.42
0.57
0.60
0.61
0.62
0.60
0.63
0.59
0.60
0.56
0.58
0.59
0.61
0.58
0.65
0.70
0.73
0.75
0.78
0.79
0.80
0.82
0.79
0.83
0.87
0.85
0.86
0.85
0.86
0.80
0.81
0.80
0.79
0.86
0.91
0.87
0.91
0.88
0.90
0.88
0.89
0.94
0.89
0.87
0.87
0.93
0.77
0.81
0.80
0.81
0.78
0.86
0.85
0.83
0.85
0.85
0.86
0.78
0.81
0.85
0.83
0.81
0.85
0.84
0.84
0.81
0.86
0.83
0.84
0.85
0.84
0.96
0.94
0.90
0.95
0.92
0.89
0.87
0.85
0.91
0.87
0.92
0.91
0.93
0.96
0.93
1.00
0.95
0.97
0.98
0.99
1.07
1.09
1.10
1.10
1.11
1.10
1.09
1.10
1.11
1.16
1.12
1.11
1.11
1.15
1.10
1.05
1.15
1.16
1.10
1.14
1.12
1.17
1.15
1.17
1.20
1.21
1.17
1.19
1.17
1.18
1.22
1.19
1.16
1.16
1.15
1.14
1.13
1.18
1.13
1.12
1.13
1.03
1.01
1.01
1.12
1.00
0.99
0.92
0.85
0.97
0.86
0.89
0.96
0.95
1.07
1.02
0.95
0.98
1.09
1.09
1.05
1.06
1.04
1.03
1.01
1.03
1.03
0.99
0.97
0.98
0.97
1.03
1.09
1.06
1.08
1.05
1.09
1.12
1.15
1.13
1.13
1.12
1.10
1.07
1.12
0.99
0.99
1.01
0.95
0.99
0.99
1.01
1.10
1.14
1.13
1.18
1.18
1.16
1.17
1.17
1.12
1.11
1.10
1.14
1.16
1.06
1.07
1.02
0.99
0.99
0.98
0.96
0.97
0.95
0.87
0.91
0.92
0.95
0.94
0.95
1.00
1.06
1.08
1.09
1.02
1.01
1.02
1.07
1.02
0.93
0.81
0.69
0.88
0.98
0.96
0.98
0.97
0.94
0.95
0.97
0.99
0.94
0.97
0.96
0.93
0.94
0.87
0.94
0.92
0.99
0.96
1.04
0.98
1.06
1.07
1.01
1.01
1.00
0.96
0.95
0.97
1.00
1.02
0.90
0.91
0.95
0.94
0.92
0.94
0.94
0.97
1.00
0.89
0.92
0.94
0.96
1.02
0.94
0.96
0.98
0.96
1.01
1.00
0.91
0.96
0.89
0.88
0.82
0.80
1.00
0.90
0.92
0.95
0.96
0.97
0.93
0.86
0.90
0.87
0.87
0.86
0.90
0.94
1.00
0.97
1.00
0.96
0.96
0.92
0.96
0.97
1.01
1.01
1.00
0.98
0.96
1.03
1.05
1.02
1.03
1.00
0.99
0.97
0.94
0.96
0.94
0.88
0.92
0.96
0.97
1.00
1.04
1.10
1.04
1.06
1.05
0.95
0.87
0.91
0.91
0.86
0.92
0.94
0.95
0.91
0.96
0.93
0.95
0.97
0.96
1.02
1.06
1.04
1.09
1.10
1.10
1.13
1.17
1.15
1.18
1.16
1.13
1.14
1.09
1.04
1.06
1.04
1.01
1.02
0.99
0.97
0.94
0.92
0.98
0.93
0.99
1.01
1.04
1.04
1.00
1.08
1.06
1.00
0.99
0.93
0.90
0.95
0.99
1.02
0.93
0.91
0.88
0.86
0.91
0.90
0.91
0.92
0.91
0.92
0.89
0.88
0.89
0.88
0.86
0.85
0.84
0.89
0.86
0.91
0.88
1.00
0.94
0.91
0.93
0.93
0.99
0.96
0.93
1.00
0.97
1.01
1.03
1.03
1.01
0.99
1.02
0.99
1.01
0.99
0.99
1.07
1.05
1.08
1.07
1.08
1.06
1.08
1.06
1.07
1.08
1.10
1.10
1.11
1.11
1.10
1.10
1.08
1.09
1.12
1.07
1.08
1.12
1.08
1.01
1.06
0.98
1.03
0.99
1.00
1.02
1.01
0.97
1.05
1.07
1.09
1.03
1.02
1.06
1.10
1.16
1.15
1.22
1.22
1.16
1.19
1.19
1.18
1.18
1.19
1.15
1.10
1.05
1.04
0.93
0.79
0.72
0.65
0.59
0.62
0.57
0.41
0.42
0.34
0.34
0.31
0.29
0.22
0.20
0.24
0.27
0.28
0.26
0.24
0.28
0.27
0.28
0.20
0.27
0.26
0.23
0.24
0.25
0.28
0.34
0.39
0.34
0.37
0.35
0.39
0.40
0.37
0.39
0.36
0.34
0.31
0.32
0.38
0.42
0.34
0.37
0.39
0.37
0.36
0.35
0.36
0.39
0.32
0.38
0.32
0.38
0.41
0.42
0.39
0.33
0.33
0.35
0.38
0.31
0.32
0.36
0.33
0.33
0.28
0.30
0.30
0.29
0.26
0.36
0.33
0.39
0.33
0.37
0.34
0.26
0.24
0.27
0.22
0.21
0.18
0.17
0.22
0.22
0.21
0.18
0.27
0.26
0.24
0.23
0.26
0.23
0.29
0.23
0.31
0.30
0.27
0.27
0.31
0.37
0.40
0.38
0.32
0.23
0.18
0.14
0.14
0.17
0.17
0.19
0.18
0.21
0.24
0.23
0.25
0.24
0.25
0.18
0.19
0.22
0.22
0.23
0.25
0.25
0.24
0.25
0.22
0.23
0.24
0.24
0.23
0.22
0.22
0.22
0.22
0.27
0.27
0.25
0.26
0.23
0.20
0.17
0.17
0.18
0.17
0.16
0.24
0.21
0.18
0.20
0.13
0.15
0.17
0.19
0.16
0.17
0.19
0.23
0.28
0.46
0.46
0.51
0.61
0.56
0.52
0.60
0.70
0.81
0.80
0.72
0.82
0.86
0.88
0.89
0.84
0.90
0.79
0.80
0.81
0.86
0.82
0.76
0.76
0.71
0.75
0.79
0.84
0.83
0.87
0.85
0.87
0.84
0.90
0.83
0.76
0.81
0.76
0.76
0.71
0.70
0.67
0.72
0.74
0.73
0.81
0.80
0.83
0.87
0.84
0.91
1.02
0.92
1.06
1.03
1.03
1.02
1.03
1.07
1.04
1.03
0.99
0.92
0.97
0.99
0.94
0.97
0.94
0.89
0.95
0.95
0.91
0.98
1.04
1.10
1.14
1.12
1.13
1.08
1.11
1.08
1.07
1.07
1.08
1.05
1.01
1.07
1.06
1.06
1.06
1.10
1.11
1.08
1.10
1.08
1.11
1.03
1.07
1.11
1.07
1.08
1.08
1.09
1.08
1.02
1.08
1.08
1.00
1.10
1.03
1.03
1.08
1.05
1.05
1.05
1.07
1.09
1.09
1.03
1.04
1.00
1.00
0.98
0.91
0.98
1.02
1.05
1.01
1.03
1.00
0.98
1.01
0.98
0.99
1.08
1.03
1.03
1.02
1.06
1.02
1.04
0.98
0.95
0.94
0.92
0.89
0.87
0.75
0.82
0.85
0.84
0.85
0.77
0.85
0.70
0.85
0.86
0.77
0.90
0.87
0.76
0.83
0.69
0.76
0.69
0.66
0.67
0.63
0.62
0.57
0.61
0.61
0.57
0.61
0.63
0.64
0.66
0.64
0.63
0.63
0.67
0.66
0.64
0.77
0.75
0.77
0.74
0.76
0.75
0.76
0.75
0.75
0.80
0.81
0.87
0.83
0.83
0.88
0.87
0.85
0.85
0.87
0.87
0.82
0.87
0.95
0.97
1.01
0.97
1.02
1.15
1.18
1.20
1.07
1.13
1.14
1.12
1.12
1.17
1.18
1.16
1.12
1.12
1.14
1.14
1.12
1.05
1.08
1.01
1.02
1.02
1.05
1.06
1.01
0.99
0.97
1.03
1.05
1.05
1.03
1.02
1.03
1.03
1.03
1.05
1.05
1.04
1.03
1.05
1.00
0.93
1.00
1.04
1.09
1.09
1.08
1.09
1.06
0.99
1.03
1.06
1.00
1.06
1.02
1.05
1.05
1.04
1.03
1.05
1.01
1.06
1.04
1.02
1.04
1.07
1.06
1.06
1.04
1.01
1.05
1.01
1.03
0.93
0.92
0.84
0.85
0.84
0.71
0.72
0.71
0.72
0.79
0.81
0.82
0.83
0.82
0.87
0.91
0.94
1.01
0.91
0.91
0.92
0.89
0.89
0.91
0.91
0.88
0.92
0.90
0.89
0.84
0.83
0.81
0.80
0.76
0.70
0.78
0.80
0.80
0.81
0.82
0.81
0.85
0.84
0.83
0.85
0.82
0.86
0.81
0.87
0.91
0.90
0.87
0.94
0.91
0.91
0.92
0.89
0.89
0.93
0.94
0.94
0.98
1.08
0.95
1.05
1.04
0.97
0.93
0.96
0.93
0.88
0.92
0.88
0.87
0.78
0.83
0.89
0.96
1.02
1.05
1.16
1.15
1.09
1.02
1.06
1.07
0.97
1.07
1.10
1.16
1.14
1.14
1.13
1.07
1.12
1.07
1.15
1.11
1.08
1.06
1.03
1.00
1.01
1.04
1.05
1.10
1.07
1.08
1.10
1.08
1.12
1.12
1.13
1.11
1.14
1.08
1.12
1.08
1.14
1.10
1.10
1.08
1.06
1.09
1.04
1.05
1.07
1.06
1.05
1.08
1.09
1.07
1.13
1.14
1.15
1.09
1.12
1.10
1.09
1.11
1.06
1.10
1.12
1.12
1.09
1.07
1.07
1.04
1.07
1.09
1.05
1.01
1.01
0.98
0.99
1.05
1.04
1.07
1.08
1.08
1.03
1.10
1.09
1.10
1.13
1.10
1.05
1.14
1.13
1.11
1.12
1.04
1.08
1.06
1.06
1.05
1.07
1.06
1.06
1.09
1.08
1.13
1.13
1.16
1.17
1.09
1.16
1.14
1.17
1.20
1.15
1.15
1.15
1.10
1.11
1.07
1.09
1.06
1.11
1.12
1.18
1.06
1.13
1.04
1.07
1.06
1.02
1.07
1.02
1.00
1.03
1.02
1.05
1.03
0.99
0.97
1.05
1.00
1.02
0.97
0.99
1.01
1.02
1.02
0.93
0.93
0.90
0.86
0.69
0.57
0.42
0.53
0.47
0.50
0.54
0.53
0.52
0.43
0.43
0.47
0.50
0.54
0.55
0.57
0.52
0.50
0.51
0.44
0.54
0.49
0.51
0.65
0.60
0.62
0.66
0.79
0.92
0.93
0.95
0.92
0.96
0.94
0.97
0.94
0.98
0.96
0.94
0.99
0.96
0.96
1.02
0.96
0.94
0.90
0.86
0.83
0.84
0.84
0.86
0.86
0.87
0.88
0.90
0.88
0.90
0.90
0.85
0.95
0.91
1.01
1.03
1.00
1.02
1.05
1.02
1.03
1.03
1.03
1.01
0.98
1.04
0.98
1.04
1.01
1.02
1.01
0.98
0.99
0.99
0.99
0.97
0.96
0.96
0.96
1.00
0.99
0.97
0.97
0.97
1.02
1.00
0.97
0.95
0.97
0.98
1.00
0.99
0.95
0.97
0.99
0.99
1.04
1.02
1.01
1.01
1.02
1.05
1.03
0.99
1.01
1.02
1.00
1.02
1.04
1.03
1.03
1.02
0.98
1.04
1.00
1.05
0.92
0.95
0.93
0.91
0.89
0.89
0.86
0.85
0.87
0.87
0.82
0.63
0.62
0.61
0.65
0.64
0.60
0.59
0.63
0.60
0.58
0.56
0.56
0.57
0.56
0.61
0.61
0.61
0.60
0.59
0.59
0.56
0.55
0.62
0.63
0.60
0.59
0.60
0.59
0.61
0.57
0.59
0.59
0.56
0.56
0.55
0.58
0.53
0.50
0.51
0.50
0.56
0.54
0.50
0.54
0.54
0.56
0.50
0.49
0.53
0.58
0.57
0.51
0.59
0.66
0.79
0.85
0.79
0.72
0.74
0.83
0.79
0.84
0.86
0.86
0.87
0.81
0.84
0.67
0.68
0.61
0.57
0.54
0.56
0.54
0.51
0.46
0.46
0.44
0.45
0.40
0.34
0.45
0.55
0.55
0.58
0.60
0.63
0.62
0.71
0.67
0.64
0.68
0.69
0.69
0.66
0.61
0.59
0.50
0.60
0.42
0.43
0.40
0.30
0.30
0.26
0.28
0.27
0.28
0.24
0.24
0.34
0.11
0.17
0.13
0.17
0.22
0.18
0.13
0.10
0.07
0.06
0.07
0.07
0.11
0.08
0.08
0.08
0.15
0.11
0.10
0.10
0.11
0.12
0.12
0.11
0.11
0.10
0.10
0.12
0.13
0.18
0.15
0.16
0.11
0.14
0.16
0.13
0.13
0.14
0.16
0.16
0.15
0.14
0.12
0.13
0.17
0.15
0.14
0.17
0.18
0.19
0.17
0.18
0.18
0.19
0.18
0.16
0.16
0.13
0.13
0.12
0.10
0.12
0.14
0.18
0.19
0.19
0.16
0.15
0.13
0.10
0.09
0.08
0.10
0.10
0.08
0.11
0.15
0.17
0.17
0.18
0.16
0.15
0.13
0.14
0.11
0.08
0.08
0.10
0.09
0.12
0.11
0.13
0.13
0.12
0.19
0.23
0.21
0.21
0.21
0.25
0.83
0.60
0.49
0.62
0.69
0.75
0.85
0.82
0.73
0.67
0.67
0.66
0.71
0.73
0.77
0.76
0.77
0.83
0.85
0.88
0.85
0.88
0.90
0.85
0.87
0.92
0.89
0.87
0.89
0.85
0.90
0.95
0.91
0.88
0.87
0.85
0.90
0.94
0.93
0.88
0.85
0.84
0.92
0.89
0.83
0.82
0.80
0.90
0.88
0.88
0.82
0.80
0.78
0.70
0.69
0.68
0.73
0.67
0.61
0.56
0.61
0.50
0.59
0.49
0.45
0.53
0.54
0.57
0.71
0.67
0.71
0.72
0.80
0.88
0.91
0.90
0.88
0.90
0.94
0.90
0.85
0.75
0.78
0.84
0.77
0.86
0.90
0.98
0.95
0.92
0.93
0.96
1.01
0.95
0.98
1.02
0.95
0.97
1.00
1.04
1.04
1.07
1.10
1.08
1.09
1.10
1.03
1.02
0.98
1.06
1.10
1.10
1.09
1.11
1.11
1.08
1.10
1.06
1.16
1.16
1.15
1.12
1.21
1.10
1.13
1.08
1.14
1.14
1.16
1.14
1.13
1.14
1.12
1.16
1.13
1.09
1.07
1.09
1.04
1.05
1.03
1.03
1.04
1.06
1.07
1.08
1.10
1.11
1.12
1.11
1.15
1.12
1.12
1.10
1.08
1.10
1.09
1.07
1.08
1.11
1.12
1.13
1.10
1.12
1.14
1.16
1.13
1.16
1.15
1.13
1.13
1.14
1.12
1.15
1.18
1.13
1.13
1.19
1.06
1.19
1.16
1.18
1.18
1.15
1.15
1.15
1.19
1.17
1.17
1.17
1.16
1.17
1.16
1.15
1.18
1.13
1.17
1.12
1.14
1.17
1.16
1.16
1.14
1.14
1.07
1.10
1.10
1.13
1.11
1.10
1.11
1.14
1.09
1.13
1.14
1.09
1.10
1.10
1.02
1.03
1.12
1.09
1.04
1.12
1.11
1.10
1.08
1.07
1.08
1.10
1.04
1.08
1.10
1.09
1.03
1.05
1.02
1.05
1.02
1.02
1.09
1.08
1.05
1.02
1.04
1.00
1.06
1.05
1.01
1.03
1.10
1.09
1.04
1.10
1.08
1.05
1.06
1.08
1.12
1.06
1.06
1.08
1.11
1.10
1.07
1.09
1.13
1.13
1.14
1.08
0.97
1.05
1.01
1.09
1.04
1.05
1.06
1.04
1.03
1.01
1.02
1.08
1.03
1.03
1.01
0.98
0.98
0.97
1.03
0.88
0.90
0.93
0.76
0.93
0.83
0.91
0.96
0.99
1.06
0.99
0.98
0.99
1.09
1.08
1.01
0.97
0.97
0.96
1.09
0.95
0.96
1.01
1.02
1.16
1.12
1.15
1.13
1.16
1.15
1.06
1.04
1.02
1.00
1.05
1.04
1.14
1.09
1.05
1.13
1.15
1.10
1.02
0.99
1.00
1.03
1.08
1.15
1.15
1.14
1.19
1.18
1.18
1.12
1.09
1.10
0.99
0.91
0.97
0.94
0.89
0.87
0.96
0.92
0.99
1.00
1.01
1.00
0.96
1.01
0.93
0.82
0.86
0.92
0.88
0.89
0.88
0.77
0.79
0.91
0.90
0.87
0.91
0.90
0.87
0.85
0.84
0.84
0.83
0.85
0.86
0.87
0.87
0.84
0.88
0.91
0.84
0.87
0.89
0.85
0.96
0.92
0.92
0.91
0.90
0.88
0.79
0.73
0.67
0.69
0.69
0.67
0.62
0.64
0.61
0.54
0.61
0.55
0.60
0.57
0.61
0.51
0.47
0.49
0.59
0.47
0.47
0.51
0.51
0.49
0.50
0.50
0.53
0.56
0.57
0.57
0.59
0.66
0.61
0.56
0.62
0.78
0.73
0.85
0.91
0.81
0.94
0.91
0.89
0.92
0.93
0.89
0.99
0.96
0.97
0.77
0.72
0.75
0.74
0.85
0.85
0.70
0.76
0.76
0.81
0.70
0.68
0.86
0.81
0.89
0.77
0.90
0.91
0.84
0.85
0.90
0.79
0.74
0.73
0.78
0.76
0.68
0.73
0.71
0.64
0.58
0.52
0.46
0.52
0.53
0.49
0.43
0.42
0.45
0.42
0.39
0.36
0.34
0.45
0.63
0.57
0.53
0.52
0.53
0.53
0.54
0.44
0.49
0.48
0.42
0.46
0.44
0.42
0.44
0.49
0.49
0.51
0.59
0.47
0.38
0.33
0.32
0.40
0.43
0.38
0.36
0.46
0.30
0.44
0.54
0.51
0.53
0.60
0.56
0.55
0.76
0.67
0.74
0.84
0.84
0.92
0.78
0.83
0.70
0.72
0.88
0.82
0.89
0.89
0.91
0.85
0.86
0.85
0.85
0.84
0.85
0.83
0.91
0.85
0.85
0.90
0.79
0.73
0.66
0.70
0.72
0.68
0.64
0.64
0.70
0.73
0.77
0.73
0.69
0.64
0.62
0.70
0.67
0.68
0.65
0.66
0.55
0.47
0.51
0.51
0.51
0.56
0.50
0.53
0.56
0.50
0.50
0.58
0.52
0.51
0.56
0.52
0.49
0.50
0.50
0.60
0.53
0.54
0.60
0.55
0.58
0.49
0.52
0.55
0.50
0.47
0.50
0.61
0.63
0.65
0.64
0.70
0.60
0.59
0.59
0.60
0.57
0.65
0.54
0.51
0.59
0.60
0.61
0.58
0.59
0.65
0.67
0.63
0.58
0.55
0.62
0.62
0.60
0.56
0.62
0.65
0.62
0.59
0.58
0.59
0.65
0.62
0.56
0.59
0.59
0.63
0.62
0.64
0.63
0.64
0.66
0.62
0.66
0.63
0.61
0.63
0.67
0.62
0.64
0.64
0.63
0.63
0.68
0.60
0.64
0.68
0.66
0.66
0.65
0.70
0.72
0.68
0.67
0.61
0.67
0.66
0.62
0.68
0.72
0.69
0.68
0.70
