259	304	29	30
235	299	30	29
208	292	30	29
192	281	33	30
198	271	33	30
211	264	33	30
207	261	36	30
168	254	38	30
139	246	40	31
104	236	41	30
79	226	41	31
83	226	41	32
80	229	41	29
108	220	39	29
139	207	37	26
128	188	37	28
110	169	37	29
134	156	39	30
150	149	38	28
160	141	39	27
170	132	40	26
183	124	40	24
204	120	42	25
214	118	40	28
211	116	39	29
219	127	41	29
239	131	42	26
252	126	38	28
249	134	40	28
245	146	42	29
245	146	40	27
253	151	41	27
259	154	41	29
265	156	39	32
279	153	38	33
285	146	36	33
305	143	36	36
325	149	33	34
330	146	34	37
325	145	29	41
309	149	30	40
306	149	29	38
306	149	30	39
306	148	31	36
306	138	31	33
302	122	31	30
301	104	34	28
304	90	37	27
304	86	39	26
302	77	40	23
298	66	43	23
290	65	43	24
279	64	43	25
268	61	42	25
270	60	39	29
250	69	38	30
249	77	35	30
244	83	34	36
218	95	32	37
194	100	31	38
161	109	32	38
144	119	32	38
180	114	30	33
223	105	27	30
204	96	29	29
173	118	31	30
179	134	34	26
207	112	36	26
223	107	38	28
242	124	38	28
253	132	39	27
267	119	38	27
260	108	37	30
255	98	34	35
271	91	33	39
292	92	31	37
293	92	32	40
305	99	33	37
314	105	33	35
327	116	32	31
336	132	36	29
355	145	30	27
365	157	29	29
371	167	27	33
373	176	26	38
370	187	30	31
388	194	25	38
388	200	27	34
387	204	24	39
395	202	25	41
398	200	25	45
404	199	24	45
412	197	25	43
413	192	26	41
410	188	30	36
408	180	31	30
408	168	32	26
409	155	28	25
406	137	31	31
407	118	32	39
408	103	32	43
407	95	37	38
409	86	38	35
410	80	35	33
406	78	35	35
402	77	34	39
402	76	33	44
402	76	34	42
407	77	36	37
416	83	32	34
414	95	30	30
417	99	31	36
416	111	32	41
413	119	32	46
411	127	33	45
408	137	34	43
405	145	36	47
402	156	34	47
401	165	32	44
399	172	30	43
398	181	29	39
394	191	29	36
395	200	29	33
396	209	28	29
393	218	30	28
394	224	29	26
396	230	29	25
393	238	28	25
393	243	28	26
392	250	27	25
393	256	28	25
391	261	29	25
390	265	29	26
388	267	28	25
388	265	28	25
384	262	27	25
380	257	31	25
378	249	30	25
377	239	28	25
377	228	27	26
373	211	27	27
371	187	27	31
374	163	27	33
374	140	27	35
381	118	26	37
381	99	28	39
384	82	28	41
386	67	30	40
387	54	33	39
389	41	34	38
389	41	35	39
389	32	36	37
388	24	39	35
390	17	42	34
390	14	45	30
392	9	46	31
391	9	46	30
393	10	47	28
394	14	48	28
394	21	48	28
393	27	47	28
395	33	46	29
398	42	43	32
400	51	42	35
403	64	37	34
404	77	36	35
406	92	36	40
408	105	33	44
411	126	29	44
414	139	30	46
419	150	33	45
419	160	33	43
417	171	32	41
416	184	34	38
413	195	34	32
411	204	31	28
405	210	31	26
400	213	29	24
394	212	27	26
387	212	25	26
380	210	25	27
373	210	27	27
367	209	27	26
361	208	27	26
357	205	28	28
356	203	28	26
357	199	29	24
360	196	28	25
367	190	26	24
377	183	25	26
389	176	26	26
401	173	29	24
415	167	28	25
433	163	29	26
446	161	30	26
460	159	35	26
471	158	40	29
475	158	45	29
483	161	42	29
486	165	39	28
489	168	38	28
491	171	36	28
489	176	34	29
489	181	32	29
485	188	32	28
480	194	32	29
476	197	32	28
466	198	31	28
458	196	32	28
442	194	31	25
423	189	30	24
408	182	30	24
398	175	30	25
386	171	33	25
378	167	31	26
372	165	30	26
369	162	29	27
363	161	30	28
365	159	28	27
367	157	29	28
372	156	29	27
384	153	30	26
395	153	32	26
406	151	31	26
414	150	35	26
423	150	36	28
433	150	37	30
441	152	33	29
451	154	35	29
457	158	35	29
462	164	34	28
469	168	33	29
474	175	33	28
478	183	33	29
481	190	33	29
480	193	33	32
478	196	32	33
473	198	32	35
470	198	30	38
465	199	29	36
459	199	28	37
455	194	26	40
531	270	26	40
541	310	26	40
541	310	26	40
541	310	26	40
552	264	26	40
552	264	26	40
552	264	26	40
552	264	26	40
552	264	26	40
552	264	26	40
552	264	26	40
552	264	26	40
552	313	26	40
552	264	26	40
552	263	26	40
552	279	26	40
552	279	26	40
552	279	26	40
404	180	26	40
420	180	26	40
439	174	28	32
452	168	30	32
469	162	31	34
484	160	35	36
497	156	36	41
511	156	39	42
520	158	40	43
518	160	43	41
527	163	45	40
536	166	44	37
540	171	44	35
547	172	41	37
551	172	39	36
555	171	38	36
558	169	35	38
557	168	35	37
554	167	34	37
551	164	34	37
543	161	34	38
535	154	36	39
526	147	37	42
510	142	42	40
500	138	42	32
487	135	45	30
474	134	47	27
466	135	43	25
451	137	40	27
438	141	39	30
435	142	34	32
424	147	33	33
420	149	32	35
417	155	30	33
410	161	30	32
407	165	29	33
404	170	29	31
402	174	27	31
402	179	26	29
401	184	28	28
406	185	26	29
408	188	27	29
414	189	26	28
420	185	28	28
427	179	27	29
441	173	29	29
452	166	29	30
467	159	25	28
481	153	28	28
489	149	32	27
499	142	38	26
505	139	43	27
510	140	43	27
518	140	40	29
521	142	38	29
525	147	36	28
526	153	36	28
527	157	32	29
526	165	32	29
521	173	32	30
518	180	30	30
515	185	30	34
508	194	31	34
501	197	31	35
494	200	32	33
484	197	35	34
477	195	34	28
466	190	35	26
460	185	32	25
453	181	31	26
448	176	30	27
443	173	31	26
439	171	32	27
440	169	30	27
441	170	29	28
442	170	31	31
444	172	33	33
448	177	30	35
449	179	30	39
451	182	31	41
452	193	31	28
454	192	29	28
456	196	27	36
456	201	30	40
458	198	30	43
458	199	26	47
458	197	27	47
457	196	29	46
451	195	31	44
446	191	32	38
444	184	31	31
434	174	34	27
433	159	34	26
430	140	36	30
429	121	32	38
431	107	30	44
429	96	32	44
427	93	31	37
428	83	34	38
424	81	33	37
423	80	32	41
423	80	33	42
417	86	34	47
416	88	34	46
414	96	35	41
415	114	31	33
415	127	30	35
411	141	31	38
412	148	30	45
410	155	31	43
407	162	35	42
401	170	37	41
392	177	38	38
386	184	40	35
382	185	34	34
377	186	30	31
374	186	29	31
370	184	30	30
367	183	32	29
363	181	35	28
362	178	36	27
358	178	39	27
355	177	44	29
352	179	45	29
351	179	44	29
352	177	44	29
351	177	45	29
353	175	48	28
353	173	50	28
354	173	50	29
355	171	53	29
356	171	52	29
361	168	49	29
364	166	49	29
367	163	48	30
368	159	48	30
372	157	49	30
377	154	49	31
380	154	49	32
378	153	54	34
376	151	59	34
375	146	57	36
374	143	53	35
369	139	52	32
361	132	54	35
359	124	48	35
350	115	48	38
340	110	45	38
331	105	39	37
320	99	36	38
307	99	34	37
294	99	34	35
280	101	34	36
267	106	36	35
259	110	37	34
249	116	41	33
243	122	45	31
240	128	45	32
239	136	44	30
246	143	42	32
249	153	39	33
252	166	37	34
260	176	34	34
267	187	31	34
278	197	29	37
284	210	39	33
294	223	40	32
316	228	34	40
321	236	38	34
332	234	34	31
389	309	34	31
424	247	34	31
397	303	34	31
435	235	34	31
394	295	34	31
426	221	34	31
426	232	34	31
435	232	34	31
435	229	36	26
434	227	40	27
434	225	45	26
435	225	45	26
435	224	49	28
437	225	51	28
435	226	52	27
437	228	47	22
436	224	45	26
427	224	45	26
467	305	45	26
445	220	45	26
468	309	45	26
444	227	45	26
518	325	45	26
440	234	45	26
330	234	45	26
321	243	45	26
317	240	37	32
308	230	28	38
297	227	29	41
290	221	31	41
284	215	32	40
282	209	33	38
283	202	34	37
286	195	32	33
295	186	31	32
308	175	32	33
319	168	38	31
335	159	42	32
348	153	50	31
357	151	58	30
369	151	58	31
378	153	56	29
382	154	57	31
387	153	55	29
388	155	53	29
387	157	52	29
389	158	50	29
387	161	46	27
387	165	43	28
386	164	38	31
385	164	36	32
375	166	49	31
379	165	42	37
373	168	49	31
377	171	39	28
383	171	33	29
388	173	33	32
389	179	35	32
394	186	35	31
400	195	34	30
403	205	34	30
408	214	34	30
412	223	34	31
412	230	33	36
412	236	33	41
411	242	32	42
405	244	34	46
405	243	29	46
407	240	24	42
402	241	20	33
401	229	15	32
402	229	15	32
393	284	15	32
394	226	15	32
393	191	15	32
402	227	15	32
402	236	15	32
412	236	15	32
414	247	19	34
417	251	26	36
429	250	29	42
429	250	30	42
437	252	30	46
444	253	32	50
452	250	32	53
455	249	33	51
456	243	35	50
454	236	35	44
450	223	37	41
444	208	38	38
435	192	38	37
426	178	38	34
414	164	41	33
403	151	40	32
392	136	42	33
381	126	40	33
372	119	39	33
364	116	37	34
355	115	37	34
350	112	37	36
337	115	36	36
331	117	33	42
323	119	34	44
315	118	37	45
310	114	36	48
301	114	37	44
296	117	39	43
291	118	37	43
288	119	38	42
282	121	38	37
278	123	39	34
278	128	41	32
277	137	46	31
280	147	47	30
285	153	47	27
292	154	45	28
292	158	45	28
293	159	45	28
291	161	45	28
293	160	45	27
288	163	46	26
282	164	47	28
279	166	48	27
276	163	47	30
277	161	47	29
279	158	44	31
281	153	44	33
284	148	42	33
290	143	41	33
299	137	37	34
310	129	37	37
322	124	36	37
337	121	33	36
350	119	33	34
364	120	32	33
376	122	33	34
382	123	34	34
388	129	43	38
395	135	38	42
400	141	37	42
407	144	36	42
412	147	37	42
415	150	37	42
420	156	35	37
419	164	35	36
416	172	36	34
413	180	36	33
406	189	34	32
401	193	37	34
395	197	35	37
392	201	34	40
383	207	33	41
377	207	32	43
375	206	28	43
364	206	28	43
444	297	28	43
528	309	28	43
634	234	28	43
541	260	28	43
443	162	28	43
545	249	28	43
468	141	28	43
533	13	28	43
401	29	28	43
285	159	28	43
285	166	28	43
272	176	37	34
264	175	39	34
258	174	40	32
251	170	43	31
249	168	43	32
246	165	46	31
248	159	46	32
254	150	47	34
259	143	46	34
268	131	44	35
279	120	46	37
289	112	48	39
314	105	38	42
324	108	46	35
341	106	43	44
354	108	48	46
361	106	45	48
372	105	43	51
375	111	39	49
377	119	39	48
379	129	40	46
376	140	38	45
373	151	40	41
370	160	41	36
364	162	41	35
358	157	41	35
354	150	41	35
346	139	41	37
340	125	39	43
334	114	34	46
322	113	39	40
320	106	35	46
310	105	36	44
302	107	40	38
290	111	46	35
289	112	48	34
288	112	45	35
286	113	46	35
280	115	48	34
276	122	50	34
274	130	50	35
269	139	51	37
267	151	50	35
266	159	50	33
262	168	49	32
265	176	49	33
266	182	46	33
269	186	46	32
269	186	45	34
270	185	45	31
270	179	46	31
267	173	47	30
267	165	46	32
268	152	45	35
270	141	43	38
275	130	41	43
277	122	42	47
288	117	35	43
296	114	33	40
300	115	38	31
306	116	38	34
312	116	39	41
320	116	36	49
328	121	31	46
333	125	30	45
337	131	30	40
340	138	33	39
341	144	31	34
346	151	32	33
348	161	33	33
351	169	32	30
356	175	31	31
357	178	32	36
357	181	36	39
361	181	30	46
363	183	28	46
362	185	28	48
365	185	28	49
365	188	28	47
365	189	26	47
365	188	25	47
365	187	24	45
369	185	23	45
369	186	25	45
371	186	25	48
381	185	25	49
385	185	29	45
396	181	33	42
404	176	35	36
413	161	27	44
422	149	30	36
419	135	37	32
419	112	42	39
415	96	46	47
422	84	39	47
415	80	40	42
418	67	39	33
416	53	41	37
418	46	35	41
422	41	31	40
420	40	34	34
418	40	37	34
419	38	36	42
419	43	32	50
417	55	32	44
415	71	32	40
408	87	39	33
406	92	38	35
410	98	31	42
409	116	31	42
405	140	32	39
400	156	33	32
399	164	32	31
394	173	34	30
392	180	32	29
387	189	32	27
378	193	36	30
367	196	41	31
359	199	40	33
351	203	41	33
344	205	41	34
339	207	42	33
335	206	42	32
334	208	40	34
335	209	39	33
334	210	39	32
336	207	36	31
339	202	33	31
339	196	31	29
340	185	31	29
342	171	32	29
342	158	33	31
344	142	32	34
348	126	32	38
349	115	34	38
351	107	36	39
354	99	35	40
359	95	36	39
361	92	35	40
364	90	35	43
368	93	33	43
370	98	30	43
373	106	29	38
379	110	27	40
378	120	29	36
381	129	30	36
383	139	30	33
382	145	33	35
382	154	34	36
376	160	39	37
371	165	43	34
371	168	44	30
369	174	43	29
367	179	43	30
368	181	45	31
369	183	45	31
370	182	48	29
380	177	43	30
380	177	43	29
382	171	47	31
384	163	49	30
385	154	46	33
383	144	44	34
380	133	43	31
378	124	42	32
369	119	41	31
363	112	39	33
359	107	38	32
355	104	35	35
349	106	33	37
337	110	37	42
335	117	43	32
334	122	36	39
325	131	43	32
323	137	39	36
319	144	34	36
322	146	32	36
321	152	32	35
318	158	30	34
320	159	31	32
323	157	31	33
328	153	32	33
329	147	32	32
336	137	35	33
346	128	34	32
355	123	32	31
366	118	34	31
377	116	35	31
388	117	36	30
401	116	40	29
414	120	42	32
429	127	44	36
442	128	45	39
454	135	40	37
461	142	41	37
469	147	45	34
477	152	47	35
470	168	50	32
463	178	50	31
460	180	50	29
455	183	51	30
452	191	46	31
450	200	47	28
445	209	46	32
438	219	46	32
435	226	44	34
428	235	42	35
418	241	41	38
412	242	39	39
405	242	35	43
392	250	33	41
376	252	32	43
363	252	31	44
346	253	34	42
331	251	34	38
316	246	36	36
301	238	37	33
290	221	41	32
280	207	46	28
277	190	46	30
279	169	46	32
284	152	44	32
290	136	45	27
298	120	44	27
303	109	42	28
309	100	41	27
314	90	39	29
318	84	39	30
325	77	37	31
322	80	35	32
320	87	34	31
321	89	32	33
322	91	32	32
325	94	30	32
322	104	29	32
323	114	28	31
325	122	28	34
322	136	28	35
325	148	28	31
330	156	28	33
335	161	28	31
342	166	30	31
346	171	31	31
352	174	33	31
357	176	35	31
362	178	38	34
366	184	40	33
369	186	41	33
374	185	44	34
381	181	45	33
389	174	45	31
400	168	45	31
414	163	41	31
428	154	38	29
442	145	38	28
452	138	39	27
460	131	42	29
466	125	39	29
471	121	38	29
471	120	38	31
469	119	36	31
466	120	33	30
461	122	34	31
458	128	33	30
448	138	34	33
439	148	33	33
427	158	32	32
414	170	32	28
397	181	35	28
382	193	30	25
366	201	29	25
353	203	28	25
340	202	28	24
328	200	27	24
318	197	26	24
306	194	28	24
295	189	29	23
283	182	33	23
283	182	33	24
275	175	34	24
269	166	34	25
265	157	33	26
264	148	33	26
265	139	32	26
264	134	31	27
263	131	30	27
262	129	30	28
263	128	31	28
264	128	30	27
262	130	30	27
264	130	32	26
263	134	30	25
262	137	32	25
263	143	34	23
264	150	34	23
263	159	35	22
266	167	36	21
271	175	37	21
276	185	36	23
287	194	35	23
296	203	32	25
309	209	30	27
324	211	29	28
337	213	25	28
350	209	26	27
361	201	27	26
371	189	28	27
377	174	28	25
380	155	29	25
383	135	27	27
381	117	27	26
382	101	27	27
381	87	27	27
381	76	29	27
382	65	29	27
381	57	31	25
380	51	31	25
379	47	33	25
378	44	33	25
378	42	35	25
377	43	34	26
376	45	35	26
376	49	34	24
374	55	32	24
375	63	31	28
374	76	30	27
373	88	28	27
372	100	27	29
370	114	27	30
369	130	28	32
368	149	29	33
367	163	27	36
363	175	27	37
359	180	27	37
354	186	28	34
352	189	29	34
350	189	28	36
346	191	25	38
340	193	27	39
333	195	27	40
331	197	25	39
328	201	24	36
325	205	24	32
323	207	24	30
322	207	24	27
320	207	23	26
318	205	24	25
316	202	25	25
313	197	24	30
311	190	24	33
309	181	25	37
307	169	24	42
305	158	24	44
304	146	25	39
302	136	27	30
300	123	30	24
306	106	27	25
307	90	26	32
308	79	29	38
312	69	30	35
315	63	30	27
319	58	28	24
321	50	28	30
323	45	29	38
327	46	27	41
330	50	27	36
330	55	28	28
333	59	26	26
335	63	25	30
335	69	24	37
335	82	27	40
335	98	27	32
335	116	29	24
336	131	27	27
336	140	27	29
335	146	27	34
332	153	26	32
330	160	27	28
326	167	26	27
320	174	26	25
311	178	29	24
303	181	31	24
295	183	31	26
288	185	27	25
281	186	25	24
271	185	25	24
262	183	25	25
253	182	25	25
244	179	25	26
235	177	27	25
229	171	28	25
223	166	27	24
218	160	29	23
214	154	30	24
212	149	31	22
210	145	33	24
209	145	32	21
208	145	34	22
208	145	34	21
207	146	36	22
207	149	36	23
208	155	37	23
210	161	36	22
212	168	36	23
218	174	34	24
225	182	32	26
234	189	30	26
244	195	27	27
255	200	24	27
265	201	25	28
277	201	24	27
289	198	25	24
297	190	28	25
304	180	30	24
308	166	34	26
312	150	32	25
313	134	31	28
311	119	30	29
307	105	31	31
304	94	30	32
301	87	30	33
298	81	30	35
294	79	32	33
288	79	32	34
285	81	32	34
281	85	32	33
276	91	31	31
274	95	32	31
272	100	32	32
268	106	33	32
265	113	31	31
264	120	31	31
261	128	31	32
258	138	30	30
257	149	32	30
253	163	32	29
254	173	32	31
254	177	35	29
257	178	37	28
261	175	37	29
265	169	37	30
273	164	36	28
277	159	37	27
282	154	37	28
290	149	37	30
294	148	37	29
300	148	35	29
307	146	35	28
314	149	34	28
316	154	31	30
322	158	30	29
332	157	26	29
337	156	26	30
344	158	28	29
353	155	30	28
361	152	32	27
368	150	33	26
375	146	35	26
381	141	37	25
389	135	39	26
395	132	41	26
401	131	42	28
406	130	43	27
405	130	44	29
407	131	45	27
405	136	46	27
403	143	45	27
401	149	45	28
394	161	43	29
386	172	41	29
374	181	38	32
358	190	35	36
338	199	38	36
317	204	39	36
299	204	34	36
277	201	37	37
260	199	37	33
246	189	39	31
235	178	41	30
227	164	45	30
226	145	42	29
228	128	42	23
225	116	41	21
226	103	41	21
225	93	42	20
225	83	41	21
227	76	41	21
228	73	41	22
226	71	40	22
229	71	39	21
230	71	38	21
229	72	39	22
229	75	38	23
230	80	37	22
228	89	37	22
228	99	36	21
225	109	35	22
224	121	36	21
221	132	35	24
219	138	35	26
219	142	34	26
221	144	34	27
223	145	33	27
226	146	32	28
228	146	32	28
231	146	31	29
232	147	31	29
233	148	31	29
232	152	32	29
232	155	33	28
231	159	35	29
230	164	35	28
229	170	36	27
228	176	38	26
233	180	37	27
237	183	36	26
246	186	40	25
257	188	39	26
265	189	38	26
265	188	39	26
276	187	40	26
285	187	40	25
294	187	36	26
304	186	35	26
312	188	35	26
320	191	33	26
330	194	33	27
341	198	31	30
350	203	31	30
359	208	29	32
365	212	29	33
369	215	28	34
370	216	30	35
369	219	31	36
365	222	30	37
359	225	30	39
350	229	30	40
339	236	29	39
326	241	29	38
314	244	29	38
300	244	30	40
284	243	30	40
271	239	32	37
259	233	34	31
246	227	36	28
236	216	36	26
229	205	40	26
224	198	39	27
217	189	42	27
213	186	41	26
211	180	40	27
207	178	41	25
203	176	41	25
199	174	41	25
197	173	41	25
195	173	40	25
193	176	41	24
194	177	40	25
195	180	41	25
198	182	40	25
206	184	38	25
215	186	36	25
224	187	36	25
238	185	33	24
253	184	34	26
264	183	35	26
273	182	37	24
285	180	35	24
296	177	36	25
307	176	37	26
317	177	35	26
325	176	38	28
332	179	36	28
337	182	34	27
342	187	31	26
344	192	30	27
345	196	28	29
343	199	28	30
341	201	27	31
338	201	27	34
333	202	25	35
330	202	23	33
321	202	23	33
302	247	23	33
302	247	23	33
382	297	23	33
297	244	23	33
252	188	23	33
253	189	23	33
242	190	26	33
231	188	30	33
219	189	35	30
207	189	39	26
198	185	41	27
197	179	38	31
196	175	34	34
199	171	38	30
206	167	34	37
211	163	37	40
218	167	42	38
227	173	47	35
240	178	52	35
254	188	52	35
267	201	60	38
284	218	62	41
301	241	69	42
322	269	75	48
346	305	82	51
362	350	82	51
427	218	82	51
427	217	82	51
427	217	82	51
410	217	82	51
410	217	82	51
393	217	82	51
376	201	82	51
376	200	82	51
359	200	82	51
342	184	82	51
325	183	82	51
308	167	82	51
291	166	82	51
291	150	82	51
274	133	82	51
257	132	82	51
257	116	82	51
240	115	82	51
223	99	82	51
223	98	82	51
206	82	82	51
189	81	82	51
189	65	82	51
172	48	82	51
155	47	82	51
155	31	82	51
138	30	82	51
121	30	82	51
104	14	82	51
87	62	82	51
87	13	82	51
87	12	82	51
70	143	82	51
53	28	82	51
53	143	82	51
36	60	82	51
19	27	82	51
19	27	82	51
2	76	82	51
2	207	82	51
-14	76	82	51
1	206	82	51
1	223	82	51
115	304	82	51
115	303	82	51
98	303	82	51
245	221	82	51
343	221	82	51
336	225	71	45
333	231	60	42
333	233	56	43
330	238	56	43
339	240	49	43
330	244	54	45
341	245	47	48
331	249	64	45
326	252	57	45
335	253	53	48
328	257	52	48
341	259	43	49
340	263	43	48
354	268	32	44
346	273	52	47
346	280	48	40
357	286	41	36
365	291	38	32
370	293	37	32
378	296	30	29
386	300	30	27
386	305	31	27
388	309	32	27
390	305	33	32
390	303	33	35
393	304	31	35
394	306	30	35
393	309	27	33
389	312	28	27
384	305	28	28
380	296	29	29
371	288	30	30
365	278	31	29
355	266	35	30
347	254	36	32
344	237	35	34
335	223	40	32
327	209	46	31
322	197	47	29
316	186	50	28
312	176	50	30
305	167	53	29
306	161	50	30
303	157	53	31
299	155	56	30
296	156	58	30
293	158	58	30
289	160	61	30
282	164	58	35
279	172	51	35
280	179	50	32
276	186	47	32
274	189	41	32
271	193	35	33
261	195	47	30
264	190	40	33
256	186	47	30
258	175	42	36
260	169	38	32
259	160	42	30
260	151	48	27
263	139	42	30
262	131	47	30
264	128	40	33
267	121	47	30
270	116	45	32
274	118	48	29
278	120	42	30
278	119	44	31
284	125	40	40
282	133	44	31
282	141	44	32
283	149	44	29
283	155	46	29
281	161	46	28
279	165	45	29
275	167	45	28
272	168	44	26
268	165	46	26
267	157	43	29
263	151	46	29
259	144	49	29
256	136	48	30
252	131	48	30
248	127	51	30
244	126	54	33
242	126	57	33
238	131	57	34
237	134	57	32
236	136	55	32
234	139	56	31
231	141	54	30
226	142	51	29
220	141	47	29
214	139	43	28
208	133	43	28
202	125	44	28
197	117	45	29
194	109	45	28
192	100	45	31
193	94	43	30
193	90	41	30
193	88	41	31
192	87	38	31
192	87	38	30
192	89	36	31
190	91	34	29
187	95	37	26
188	98	40	31
185	103	45	33
183	108	47	34
183	113	48	33
179	119	49	32
177	123	50	31
173	124	52	29
169	124	53	29
164	122	50	29
162	119	49	30
159	115	51	31
156	111	51	30
157	105	49	31
159	101	49	32
160	97	49	33
163	95	49	37
165	95	48	37
166	97	49	35
168	99	46	31
170	103	45	27
172	108	46	23
174	113	45	24
176	118	43	25
179	124	43	25
180	131	43	24
181	137	43	24
181	139	43	26
182	139	40	26
183	139	38	26
185	136	38	28
184	135	39	27
188	129	36	30
192	124	36	30
197	120	36	28
201	118	45	27
205	113	49	28
209	110	53	28
218	110	49	27
228	111	45	26
235	112	42	26
243	115	39	26
251	119	37	28
256	124	43	30
260	130	42	31
261	136	42	32
261	139	40	34
258	146	39	33
250	151	41	34
243	156	41	32
230	160	34	31
216	162	39	31
204	161	40	30
194	163	36	27
186	160	35	32
181	158	29	31
175	156	26	28
170	152	27	28
165	150	28	27
162	147	29	27
160	145	28	27
158	146	28	27
157	147	28	26
158	150	29	27
160	152	27	27
161	155	27	28
164	159	27	29
169	160	25	32
173	162	26	33
180	165	25	35
188	167	24	34
196	170	27	32
206	170	30	32
219	170	30	30
232	169	32	28
243	165	37	26
254	158	39	26
266	148	37	25
273	135	40	25
280	121	41	29
283	105	40	30
285	92	39	27
285	79	39	24
287	67	39	23
286	57	39	26
285	50	39	26
284	44	39	25
284	39	37	26
282	37	37	25
282	37	37	25
282	39	36	24
279	41	36	24
277	45	35	24
275	51	36	23
273	59	36	24
271	68	35	23
270	78	35	23
267	91	34	22
266	103	34	25
263	112	35	26
257	120	36	27
252	128	36	23
248	134	35	24
241	140	38	24
235	145	37	24
231	150	36	24
230	154	33	24
224	157	34	24
225	161	30	23
226	165	27	22
225	167	28	24
226	167	29	24
233	167	25	24
241	163	24	23
247	156	27	25
251	148	32	22
256	137	38	24
257	136	38	24
263	120	39	28
266	103	37	32
273	94	34	25
277	80	31	31
282	69	29	28
282	62	33	24
282	52	35	26
285	43	32	32
286	43	33	26
290	38	25	31
289	39	28	26
287	42	34	22
285	44	35	25
288	46	30	31
287	53	26	30
289	60	24	30
287	73	27	26
284	84	31	24
284	94	31	25
283	104	29	27
280	112	26	26
276	120	28	26
272	127	31	27
266	135	36	26
262	139	37	25
260	143	37	24
258	145	36	24
254	146	38	24
252	145	39	24
250	143	41	24
249	141	40	24
248	137	41	26
250	134	39	26
250	129	41	28
253	125	39	29
261	120	35	31
263	116	36	32
269	113	33	28
271	108	34	25
273	103	35	26
275	99	35	28
273	103	40	25
271	101	39	31
276	104	40	26
278	108	32	26
277	111	32	25
281	117	27	23
282	121	23	22
281	123	22	24
281	127	22	24
279	129	22	25
279	132	23	25
277	135	24	26
276	136	23	26
273	135	24	27
271	134	24	26
267	133	25	26
263	128	24	26
257	124	25	28
250	122	27	27
243	121	28	28
236	122	28	29
226	124	31	29
211	123	36	28
195	121	33	29
182	118	35	31
173	119	36	29
164	119	38	29
154	120	37	32
144	121	38	33
137	123	37	33
133	125	35	35
130	128	32	33
129	130	30	34
127	132	31	35
127	134	30	35
129	136	28	35
128	138	29	36
131	139	28	37
133	140	28	36
134	140	28	38
136	140	28	38
139	140	31	40
143	142	32	38
148	143	31	38
150	146	32	39
164	149	32	39
192	151	30	38
218	151	30	36
261	159	29	34
305	162	31	33
347	166	30	30
383	174	30	28
426	188	30	26
482	249	33	27
507	257	33	27
551	327	33	27
597	354	33	27
