0.664553
0.044701
0.045870
0.047869
0.047559
0.048298
0.048856
0.048742
0.048172
0.048137
0.057528
0.048674
0.054547
0.049707
0.051895
0.059787
0.046951
0.051918
0.048456
0.047547
0.047185
0.035307
0.036359
0.035603
0.036974
0.037667
0.039718
0.051128
0.041930
0.050776
0.062458
0.036976
0.039983
0.049097
0.040459
0.050205
0.050906
0.046780
0.048440
0.048861
0.064565
0.048415
0.046786
0.036620
0.035748
0.035389
0.038341
0.037570
0.038558
0.038148
0.055134
0.038328
0.037941
0.037830
0.038422
0.038267
0.038206
0.039316
0.038353
0.037075
0.051683
0.035702
0.036304
0.035542
0.039688
0.037783
0.038138
0.037579
0.039045
0.039204
0.056928
0.038613
0.047515
0.045887
0.038064
0.039188
0.049975
0.038319
0.038621
0.038707
0.057476
0.037551
0.039028
0.040512
0.051080
0.050239
0.037810
0.039510
0.040299
0.050326
0.065191
0.049144
0.049648
0.037895
0.039006
0.038363
0.041693
0.047555
0.038283
0.038814
0.037212
0.037584
0.038910
0.039348
0.038753
0.047066
0.040273
0.039581
0.049325
0.038288
0.069848
0.047012
0.047695
0.039538
0.046147
0.049196
0.048154
0.049761
0.047226
0.039310
0.064245
0.040305
0.041389
0.049116
0.045280
0.045508
0.039485
0.050367
0.048172
0.044326
0.048386
0.037408
0.039559
0.035408
0.034810
0.034884
0.034693
0.036759
0.035801
0.035888
0.035657
0.034628
0.034964
0.034465
0.035123
0.034994
0.035023
0.034639
0.035176
0.036369
0.038357
0.037509
0.047950
0.038712
0.038478
0.037286
0.051639
0.039070
0.047553
0.048162
0.046660
0.045587
0.040376
0.047947
0.047040
0.049663
0.036604
0.037647
0.038233
0.037064
0.041543
0.049634
0.050039
0.049700
0.037410
0.038717
0.037178
0.037434
0.038190
0.036182
0.035879
0.039881
0.050009
0.039125
0.035474
0.035001
0.042312
0.047825
0.047479
0.041551
0.076705
0.041045
0.049309
0.039215
0.039010
0.038652
0.043044
0.050067
0.037505
0.037691
0.037358
0.040099
0.050932
0.051691
0.047328
0.048175
0.040555
0.041625
0.046436
0.048825
0.075182
0.041017
0.042943
0.048323
0.043632
0.054888
0.052619
0.051305
0.038505
0.039356
0.077993
0.039043
0.049015
0.050216
0.051064
0.039168
0.039736
0.036618
0.035145
0.035896
0.037949
0.037364
0.037565
0.036262
0.035396
0.035356
0.038055
0.038105
0.050109
0.049905
0.038586
0.037289
0.035003
0.036367
0.035691
0.037040
0.037325
0.046639
0.041595
0.049086
0.048719
0.051047
0.038396
0.047945
0.039435
0.049820
0.051978
0.045861
0.051544
0.047012
0.050344
0.050022
0.047473
0.052862
0.046999
0.043875
0.047496
0.071525
0.041150
0.064349
0.083138
0.052428
0.042328
0.039798
0.040508
0.051633
0.038325
0.048082
0.038135
0.039258
0.038149
0.037318
0.049484
0.049452
0.046573
0.038531
0.037751
0.037396
0.037307
0.034703
0.036025
0.034987
0.037208
0.035923
0.038185
0.037605
0.038075
0.036748
0.034868
0.035996
0.034386
0.016426
0.016303
0.016060
0.030126
0.038647
0.050395
0.050572
0.040679
0.049585
0.040848
0.039149
0.039269
0.039207
0.035270
0.030370
0.031697
0.029978
0.035784
0.039692
0.044683
0.040859
0.043229
0.039073
0.050099
0.032321
0.016681
0.016051
0.031448
0.037483
0.038451
0.041182
0.050852
0.053669
0.050233
0.040060
0.041721
0.050661
0.038733
0.037709
0.037684
0.040842
0.037985
0.041144
0.038092
0.045547
0.038942
0.037440
0.041410
0.045485
0.047162
0.049073
0.045399
0.035088
0.036613
0.036100
0.037562
0.034922
0.036797
0.037220
0.037796
0.038203
0.037338
0.038090
0.037960
0.038827
0.047623
0.047010
0.038134
0.047139
0.037897
0.038419
0.037516
0.039745
0.041939
0.035459
0.047973
0.046971
0.050159
0.035260
0.035862
0.035543
0.039219
0.040860
0.047268
0.050245
0.040270
0.040199
0.050150
0.040427
0.086599
0.039262
0.041638
0.046851
0.048336
0.051079
0.039171
0.049652
0.050521
0.050332
0.050779
0.035305
0.036563
0.035272
0.041140
0.044531
0.035199
0.037640
0.037447
0.037606
0.037524
0.035379
0.041825
0.038023
0.038886
0.037041
0.035435
0.034832
0.038538
0.046893
0.091184
0.050580
0.041859
0.035850
0.039583
0.047216
0.037537
0.036066
0.036047
0.036240
0.091079
0.050055
0.036213
0.041843
0.038322
0.038051
0.047972
0.036209
0.040539
0.039315
0.038838
0.040083
0.040045
0.038864
0.039361
0.039880
0.039418
0.040168
0.039623
0.040033
0.035532
0.039595
0.035450
0.041573
0.047708
0.037924
0.035691
0.035221
0.036204
0.035510
0.035887
0.034859
0.032202
0.016335
0.017083
0.029784
0.031551
0.016004
0.015850
0.015682
0.015869
0.016215
0.015874
0.016001
0.030274
0.032507
0.016342
0.028653
0.036501
0.035772
0.076616
0.035670
0.035813
0.035427
0.036033
0.035786
0.036074
0.035850
0.035826
0.035907
0.034872
0.035352
0.034904
0.035197
0.034818
0.036436
0.035906
0.035897
0.036185
0.038779
0.080679
0.038012
0.038114
0.041200
0.040732
0.041036
0.035787
0.035632
0.035492
0.035799
0.078699
0.041173
0.038014
0.035950
0.040195
0.040274
0.040028
0.039150
0.038703
0.037080
0.038886
0.039968
0.035881
0.037294
0.038882
0.039769
0.035304
0.038610
0.038032
0.037290
0.037381
0.037251
0.037062
0.037105
0.037737
0.037811
0.035861
0.038888
0.034588
0.040190
0.034728
0.038349
0.038469
0.034974
0.038794
0.039959
0.038813
0.048724
0.041883
0.038112
0.037509
0.037423
0.037400
0.037186
0.036855
0.036960
0.037445
0.039617
0.038329
0.034695
0.035650
0.034961
0.057578
0.035655
0.036119
0.035529
0.035877
0.035454
0.035028
0.034582
0.035436
0.034662
0.035164
0.034387
0.035009
0.034661
0.035074
0.035430
0.034681
0.035117
0.034714
0.035288
0.034819
0.035589
0.034635
0.038770
0.037079
0.037724
0.037792
0.039956
0.039230
0.039035
0.039280
0.040410
0.040306
0.039240
0.038037
0.039215
0.040116
0.039738
0.040245
0.038169
0.038178
0.038572
0.038545
0.035634
0.034936
0.049683
0.035281
0.036134
0.035172
0.035881
0.035463
0.045321
0.042674
0.048777
0.040382
0.040994
0.049257
0.039371
0.047854
0.050595
0.035558
0.039461
0.038966
0.037462
0.034771
0.035509
0.035082
0.037091
0.082622
0.036680
0.036802
0.034921
0.035225
0.036348
0.039422
0.035195
0.040465
0.036951
0.048229
0.042257
0.037475
0.036415
0.035777
0.039580
0.039078
0.039954
0.038939
0.038596
0.036958
0.039162
0.037582
0.039356
0.038960
0.038693
0.040052
0.039915
0.038681
0.041160
0.037319
0.037330
0.047304
0.040908
0.049648
0.047972
0.049664
0.035599
0.057747
0.034707
0.039694
0.047662
0.047832
0.038586
0.046030
0.035718
0.037153
0.040082
0.048872
0.037176
0.037457
0.047726
0.037875
0.037990
0.037593
0.038467
0.040401
0.040857
0.039952
0.049186
0.038310
0.037148
0.035653
0.034927
0.035868
0.046850
0.035397
0.035786
0.035273
0.035520
0.035170
0.035444
0.035144
0.035537
0.035432
0.035319
0.035053
0.035490
0.034893
0.035551
0.034996
0.035426
0.035019
0.035609
0.035367
0.036460
0.035645
0.035354
0.034877
0.037091
0.037544
0.038289
0.038910
0.047383
0.047449
0.048563
0.047630
0.047797
0.049938
0.038862
0.047837
0.035764
0.048188
0.050318
0.037720
0.038455
0.049133
0.039729
0.040837
0.037992
0.040143
0.041152
0.042311
0.021298
0.015992
0.015962
0.015957
0.016090
0.016103
0.015997
0.022291
0.021747
0.021635
0.021162
0.021109
0.023180
0.016217
0.015781
0.016063
0.015775
0.016098
0.016718
0.016640
0.016162
0.016164
0.016144
0.015910
0.015780
0.015973
0.015767
0.015898
0.015792
0.016194
0.016098
0.016174
0.016115
0.015918
0.016036
0.016008
0.016594
0.016535
