242	60	58	50
244	64	61	50
250	67	60	54
253	79	65	54
258	88	66	56
262	100	69	55
265	111	73	56
268	123	73	57
269	135	84	61
275	144	91	72
278	142	94	76
289	136	81	83
288	155	89	71
284	156	94	69
287	167	97	62
288	161	94	70
289	170	93	64
287	171	97	69
287	182	98	62
285	182	100	68
281	184	104	68
280	183	104	72
279	186	104	72
276	189	106	66
274	185	107	71
271	179	107	74
266	183	110	67
263	181	111	68
261	178	111	68
264	172	104	71
265	169	102	72
263	169	104	68
264	169	100	66
266	163	96	68
268	159	93	67
269	153	93	68
267	144	97	75
270	140	92	77
270	138	94	77
266	137	98	81
265	128	98	76
264	134	101	87
264	120	99	104
262	103	101	109
270	123	93	103
271	111	88	95
269	121	95	103
273	107	88	88
275	114	85	85
277	122	87	81
280	128	84	89
282	126	80	93
283	129	81	90
285	132	81	89
284	135	82	82
283	139	83	81
284	143	82	78
285	149	82	74
280	155	87	69
280	159	87	67
280	165	88	56
281	172	87	50
282	184	89	48
280	189	91	47
278	196	93	48
279	203	94	46
277	207	95	45
276	209	100	48
280	210	98	52
283	210	97	57
288	212	98	58
295	218	97	50
301	215	95	50
300	213	99	51
297	209	99	52
295	205	100	54
298	199	98	61
300	197	94	60
304	196	93	63
307	191	97	75
312	191	96	76
316	191	92	77
323	190	89	79
327	193	81	76
330	201	77	68
335	200	67	81
335	203	65	85
335	200	59	92
322	197	73	106
319	195	73	108
324	191	64	104
326	199	61	91
315	199	70	88
312	197	75	88
286	196	81	80
275	200	103	81
262	200	123	87
260	200	125	84
256	199	130	93
253	199	134	119
265	199	125	134
265	189	122	131
257	195	129	145
258	183	132	143
246	188	141	162
245	157	147	160
239	188	154	136
247	137	145	154
267	176	112	85
252	190	120	90
245	190	114	80
241	191	106	77
259	189	100	81
248	189	98	80
242	189	104	78
255	188	108	78
243	187	109	79
260	194	130	70
248	190	139	73
243	184	146	77
239	186	151	71
244	183	146	74
248	180	139	78
248	185	140	71
245	188	142	67
247	187	140	69
244	188	142	69
244	189	142	70
241	189	146	68
248	188	137	70
248	186	137	71
243	186	144	70
251	187	136	68
242	188	145	66
250	189	136	65
248	190	138	64
246	190	141	67
247	191	140	67
241	190	146	71
248	194	140	67
247	193	144	68
247	193	147	69
246	193	149	68
244	190	150	70
243	185	150	75
241	182	152	76
242	182	150	75
241	183	153	73
244	181	151	76
244	180	150	76
245	179	149	77
246	180	150	77
242	180	151	76
244	181	149	75
246	179	148	74
244	179	132	71
254	177	139	70
245	176	149	75
241	177	154	71
252	178	142	64
282	174	114	71
284	175	110	63
295	172	100	63
298	172	97	59
295	172	101	59
299	170	96	60
306	169	88	62
306	170	88	59
300	170	93	56
302	170	93	61
302	170	93	63
301	168	94	64
302	165	94	68
301	167	94	63
299	166	95	62
295	166	99	61
295	165	100	64
300	157	96	75
306	168	95	62
301	172	103	57
298	171	110	58
294	174	117	55
343	176	92	53
350	181	100	62
334	165	94	64
282	147	90	77
290	142	101	85
310	145	108	88
301	168	102	58
283	141	106	65
272	143	106	64
320	170	116	69
297	175	99	76
269	148	102	58
283	122	103	48
283	149	103	48
283	128	103	48
173	222	103	48
155	222	103	48
159	204	98	63
274	116	81	59
165	206	102	58
177	203	83	66
276	114	81	64
271	116	102	58
276	117	92	59
288	113	100	64
266	250	102	58
284	114	110	50
288	136	107	35
288	137	107	35
300	240	95	42
309	239	89	51
276	145	87	63
286	153	80	68
276	162	102	58
297	140	102	58
297	124	102	58
297	124	102	58
297	141	102	58
278	231	102	58
278	155	102	58
278	110	102	58
263	107	113	60
281	151	114	85
289	174	102	58
262	236	102	58
284	169	102	58
269	99	110	52
269	98	110	52
269	98	110	52
287	98	110	52
286	98	110	52
306	156	110	52
285	215	110	52
305	88	110	52
305	155	110	52
305	108	110	52
305	214	110	52
330	212	110	40
303	195	98	40
322	192	79	47
329	193	69	50
331	192	65	56
287	182	102	58
284	164	113	77
291	165	102	58
290	166	110	81
274	178	102	58
279	153	103	76
257	168	102	58
283	170	111	63
256	166	116	76
250	160	123	85
255	170	102	58
276	149	118	63
275	153	120	78
275	156	121	93
272	150	127	105
286	169	102	58
250	169	108	74
281	163	102	58
288	168	108	70
269	189	112	74
269	163	129	97
289	171	102	58
285	140	109	53
264	184	129	64
241	160	118	81
245	150	118	100
216	150	118	100
215	80	124	87
189	180	115	78
188	179	115	78
278	149	115	78
157	178	115	78
148	195	98	75
148	195	98	75
154	198	95	63
161	197	96	58
174	195	102	58
181	203	102	70
178	201	102	58
190	193	106	67
190	126	106	67
213	125	106	67
238	175	106	67
242	208	99	60
244	173	101	50
242	174	103	56
257	171	111	65
257	239	111	73
260	239	110	75
264	224	119	77
273	147	124	100
240	138	156	119
265	165	102	58
282	174	113	71
241	147	119	88
248	171	102	58
250	171	100	68
236	215	84	70
229	230	102	58
229	207	102	58
253	160	102	58
236	151	97	42
239	149	103	44
242	144	122	48
222	203	122	48
226	223	128	44
226	112	128	44
226	159	128	44
226	109	128	44
226	109	128	44
235	114	127	49
220	197	127	53
229	172	126	59
204	197	126	59
242	96	118	59
242	166	118	59
261	67	102	65
261	155	102	77
261	154	102	77
264	76	102	58
276	154	93	58
287	154	81	66
286	153	81	66
276	79	90	68
275	142	90	68
291	186	90	68
272	82	96	69
269	81	97	73
308	200	85	71
294	189	100	71
300	196	94	68
280	174	98	80
290	184	102	58
258	177	98	76
250	183	102	58
279	137	83	60
273	130	102	58
283	127	110	69
270	119	117	74
244	170	117	74
217	195	117	74
252	110	115	64
252	135	112	74
241	157	108	83
245	193	102	58
241	157	107	78
244	179	107	78
237	218	95	68
234	201	102	58
239	177	112	68
239	169	112	92
246	187	102	58
247	152	106	80
249	168	102	58
252	165	98	79
246	157	102	58
249	162	98	68
226	111	98	68
238	117	95	57
241	110	97	68
220	109	97	68
220	177	97	68
214	187	102	58
216	191	87	66
210	193	102	58
221	213	85	65
213	196	102	58
209	189	97	77
230	189	97	77
252	166	97	77
252	165	97	77
245	186	104	80
274	176	121	85
242	175	113	87
286	184	102	58
244	185	110	76
278	172	116	96
287	190	102	58
295	189	96	74
293	202	100	83
268	194	126	92
283	189	102	58
291	189	104	71
285	199	109	82
290	241	102	58
270	245	112	71
283	187	111	90
287	210	102	58
286	181	109	69
279	181	117	79
286	178	110	83
286	169	111	89
290	182	102	58
289	180	107	69
285	172	111	82
289	186	102	58
286	181	109	69
286	210	109	69
270	242	109	69
254	192	109	69
306	192	109	69
287	209	109	69
287	229	109	69
271	243	109	69
287	226	109	69
286	226	109	69
287	227	109	69
286	226	109	69
287	208	109	69
286	207	109	69
286	228	109	69
287	207	109	69
271	184	109	69
271	184	109	69
271	184	109	69
269	186	123	69
286	191	109	69
261	190	111	66
289	194	105	66
269	195	123	63
288	194	106	75
249	165	122	84
287	180	105	73
259	184	111	65
246	180	120	71
288	176	107	77
258	170	114	88
255	177	137	81
258	173	133	108
279	218	102	58
288	180	103	78
276	197	102	58
281	170	107	79
241	182	119	70
282	181	113	76
245	176	117	78
290	189	102	58
266	161	99	84
261	175	102	58
249	177	106	76
288	177	109	83
271	188	102	58
284	189	101	67
262	169	100	75
255	129	127	97
256	103	127	97
255	103	127	97
256	104	127	97
222	135	111	90
248	94	130	93
218	94	130	93
248	93	130	93
217	33	130	93
277	93	130	93
276	92	130	93
276	92	130	93
276	92	130	93
276	92	130	93
276	92	130	93
276	92	130	93
276	92	130	93
126	2	130	93
275	92	130	93
305	121	130	93
513	30	130	93
303	120	130	93
512	29	130	93
512	59	130	93
512	58	130	93
512	28	130	93
512	28	130	93
542	28	130	93
511	58	130	93
511	57	130	93
511	57	130	93
511	57	130	93
511	57	130	93
511	57	130	93
511	57	130	93
511	57	130	93
511	57	130	93
511	57	130	93
511	57	130	93
511	57	130	93
511	57	130	93
511	57	130	93
511	57	130	93
511	57	130	93
511	57	130	93
511	57	130	93
511	57	130	93
511	57	130	93
511	57	130	93
511	57	130	93
511	57	130	93
511	57	130	93
511	57	130	93
511	57	130	93
511	57	130	93
511	57	130	93
511	57	130	93
511	57	130	93
511	57	130	93
511	57	130	93
511	57	130	93
511	57	130	93
511	57	130	93
511	57	130	93
511	57	130	93
511	57	130	93
511	57	130	93
511	57	130	93
511	57	130	93
511	57	130	93
511	57	130	93
511	57	130	93
511	57	130	93
511	57	130	93
511	57	130	93
511	57	130	93
511	57	130	93
511	57	130	93
511	57	130	93
511	57	130	93
511	57	130	93
511	57	130	93
511	57	130	93
511	57	130	93
511	57	130	93
511	57	130	93
511	57	130	93
511	57	130	93
511	57	130	93
511	57	130	93
511	57	130	93
511	57	130	93
511	57	130	93
271	146	130	93
244	129	135	110
259	109	135	110
259	156	118	89
248	157	130	89
278	151	102	58
277	132	102	58
293	157	80	58
307	162	64	52
289	159	102	58
289	157	83	60
296	160	73	55
302	165	67	47
303	165	64	48
299	163	68	51
297	161	68	52
302	161	65	54
284	154	102	58
288	151	81	69
281	158	102	58
287	162	82	65
285	169	102	58
276	152	94	73
280	125	89	77
272	142	102	58
264	134	105	72
277	146	102	58
277	143	99	74
270	164	102	58
277	166	103	79
293	177	102	58
290	153	93	75
295	174	102	58
304	200	86	44
318	163	76	55
319	166	102	58
329	165	100	78
311	163	101	84
314	164	110	82
339	178	102	58
337	163	106	83
342	177	102	58
345	159	96	76
351	174	102	58
352	156	96	70
332	189	109	57
350	152	108	47
371	149	89	54
378	146	84	50
383	153	83	56
388	150	79	51
395	151	71	43
401	153	69	39
407	155	65	41
396	144	77	50
400	148	76	48
407	146	69	49
415	147	63	48
411	148	69	49
367	214	78	36
408	149	74	45
406	144	74	51
407	143	73	52
407	142	73	54
406	143	76	49
403	134	73	51
407	139	74	57
397	134	82	52
405	137	75	59
401	133	73	48
400	137	76	43
397	137	77	42
401	137	71	39
395	138	71	35
385	139	77	34
376	139	80	35
375	140	78	34
373	140	77	33
374	141	74	34
379	141	65	34
368	140	74	36
373	141	69	35
375	141	67	34
375	141	65	34
373	140	67	36
373	139	65	37
366	139	73	38
369	139	67	37
349	210	64	46
354	212	55	45
359	135	66	41
344	209	66	41
348	209	55	47
324	201	102	58
328	121	89	58
332	187	79	63
312	124	79	63
311	124	79	63
311	105	79	63
296	104	79	63
295	104	79	63
296	105	79	63
295	104	79	63
296	105	79	63
295	124	79	63
274	124	79	63
274	125	79	63
274	125	79	63
258	94	79	63
258	94	79	63
258	94	79	63
276	112	79	63
275	129	79	63
276	130	79	63
275	129	79	63
275	129	79	63
276	130	79	63
276	130	79	63
275	129	79	63
275	129	79	63
245	159	79	63
245	143	79	63
245	158	79	63
231	168	102	58
232	133	102	74
234	144	102	58
234	138	98	70
231	137	103	66
231	140	103	69
230	147	105	58
231	151	106	58
220	151	115	65
228	155	125	71
203	155	125	71
256	156	125	71
256	156	125	71
255	155	125	71
255	155	125	71
255	155	125	71
255	155	125	71
255	155	125	71
255	155	125	71
255	155	125	71
255	155	125	71
255	155	125	71
255	155	125	71
255	155	125	71
255	155	125	71
255	155	125	71
255	155	125	71
255	155	125	71
255	155	125	71
255	155	125	71
255	155	125	71
255	155	125	71
255	155	125	71
255	155	125	71
255	155	125	71
255	155	125	71
255	155	125	71
255	155	125	71
255	155	125	71
255	155	125	71
255	155	125	71
255	155	125	71
255	155	125	71
255	155	125	71
255	155	125	71
195	185	125	71
195	184	125	71
195	184	125	71
195	184	125	71
195	184	125	71
195	184	125	71
195	184	125	71
195	184	125	71
225	184	125	71
224	184	125	71
254	154	125	71
253	184	125	71
223	183	125	71
193	183	125	71
223	183	125	71
252	153	125	71
221	183	125	71
221	182	125	71
221	182	125	71
251	152	125	71
220	182	125	71
190	181	125	71
190	181	125	71
190	181	125	71
190	181	125	71
190	181	125	71
190	181	125	71
280	151	125	71
189	181	125	71
189	180	125	71
189	180	125	71
189	180	125	71
189	180	125	71
189	180	125	71
219	180	125	71
218	180	125	71
188	180	125	71
188	180	125	71
188	180	125	71
188	180	125	71
188	180	125	71
188	180	125	71
278	150	125	71
517	60	125	71
516	60	125	71
517	61	125	71
532	45	125	71
449	94	125	71
535	42	125	71
535	41	125	71
536	42	125	71
535	41	125	71
535	41	125	71
536	42	125	71
536	42	125	71
511	66	125	71
510	65	125	71
511	66	125	71
511	66	125	71
510	65	125	71
510	65	125	71
510	65	125	71
510	65	125	71
510	65	125	71
510	65	125	71
510	65	125	71
510	65	125	71
510	65	125	71
510	65	125	71
510	65	125	71
510	65	125	71
510	65	125	71
510	65	125	71
510	65	125	71
510	65	125	71
510	65	125	71
510	65	125	71
510	65	125	71
510	65	125	71
510	65	125	71
510	65	125	71
510	65	125	71
510	65	125	71
510	65	125	71
510	65	125	71
510	65	125	71
510	65	125	71
510	65	125	71
510	65	125	71
510	65	125	71
510	65	125	71
510	65	125	71
510	65	125	71
510	65	125	71
510	65	125	71
510	65	125	71
510	65	125	71
510	65	125	71
510	65	125	71
510	65	125	71
510	65	125	71
510	65	125	71
510	65	125	71
510	65	125	71
510	65	125	71
510	65	125	71
510	65	125	71
510	65	125	71
510	65	125	71
510	65	125	71
510	65	125	71
510	65	125	71
510	65	125	71
510	65	125	71
271	125	125	71
255	153	125	71
251	154	121	81
247	154	123	83
247	145	122	90
236	140	134	97
234	132	135	104
237	126	133	109
268	152	102	58
268	162	102	73
270	154	101	79
266	153	102	58
269	160	102	74
268	145	101	81
262	145	109	91
258	154	102	58
265	154	106	81
253	148	117	91
254	141	116	98
241	138	128	101
234	140	134	98
238	142	131	98
238	146	131	93
250	145	119	94
237	144	132	94
244	144	123	96
237	155	133	83
238	156	130	79
246	161	124	74
243	158	127	73
252	164	118	71
247	160	121	71
243	165	128	69
246	165	125	66
241	168	133	62
264	166	108	69
264	167	106	65
253	166	116	71
246	167	124	68
243	168	131	63
239	168	135	63
247	169	124	61
241	168	132	60
237	163	136	72
241	167	133	66
260	158	113	73
254	162	118	73
244	161	126	69
261	152	113	85
248	161	126	75
234	154	139	77
248	161	127	76
235	151	136	80
265	146	108	88
259	146	116	88
243	150	130	85
228	147	145	89
233	146	137	90
235	157	137	79
237	154	137	78
234	151	137	88
263	147	111	89
266	148	104	86
272	144	100	90
269	156	106	64
238	147	120	82
258	142	113	91
263	140	107	95
269	156	106	64
280	157	92	75
283	167	86	66
281	150	88	77
246	156	106	64
281	166	90	63
283	149	86	77
283	156	87	77
273	154	106	64
283	158	87	70
283	153	87	79
284	156	84	75
272	156	106	64
278	158	91	69
282	155	87	75
271	154	106	64
267	162	101	65
269	144	100	82
257	134	113	98
252	138	116	93
235	136	137	98
234	140	138	95
232	138	141	101
233	145	138	94
232	146	138	92
231	154	138	84
231	152	140	79
231	150	137	90
232	157	139	79
235	155	135	79
233	158	135	77
232	152	137	83
236	162	130	73
232	161	136	73
231	167	137	68
230	172	137	63
229	173	138	60
232	173	134	62
230	171	136	61
228	168	138	75
232	165	134	74
231	163	133	77
235	166	134	66
231	159	139	80
230	158	139	85
229	162	139	78
230	159	138	81
225	142	145	94
230	147	135	94
228	151	138	94
230	126	138	110
223	139	147	98
228	120	142	112
226	133	145	105
230	134	138	106
227	132	143	107
231	124	141	111
231	122	136	113
228	118	142	121
224	114	146	128
247	143	106	64
238	156	125	77
237	136	127	94
234	137	132	93
236	141	127	88
234	137	133	91
235	139	130	89
238	139	128	91
236	139	129	94
239	135	126	102
238	145	120	88
239	148	117	81
238	147	116	79
238	150	113	75
244	149	117	76
237	150	119	75
238	149	113	75
237	151	116	73
237	152	114	72
236	153	114	72
238	158	112	64
262	158	112	64
231	115	99	71
231	138	99	71
234	109	104	84
270	162	104	84
229	120	106	64
239	155	112	70
235	137	110	86
243	133	124	94
229	129	139	100
225	138	138	91
226	143	138	89
225	163	139	73
223	136	146	94
219	122	150	114
207	118	168	122
195	142	179	95
206	143	168	93
239	154	131	75
229	130	140	103
222	145	150	85
221	136	151	99
220	144	152	90
223	137	149	95
222	144	151	90
227	139	144	91
239	148	133	85
228	143	144	91
223	156	150	78
240	143	133	89
226	157	147	78
231	151	144	81
230	146	141	87
241	146	130	87
235	157	137	76
235	152	137	79
249	149	121	85
241	149	131	87
230	156	142	77
239	149	135	87
232	155	142	77
236	150	138	84
227	150	147	86
234	153	139	79
230	153	144	82
244	154	129	78
243	151	130	83
247	154	126	80
251	162	124	71
253	158	122	76
252	152	123	82
243	160	132	75
252	155	125	79
244	162	132	73
237	156	140	78
262	162	113	76
258	166	115	69
264	163	112	70
268	160	107	74
278	169	96	66
270	168	103	68
273	167	99	72
280	166	93	69
291	166	84	70
270	165	97	69
270	166	108	69
260	171	119	63
261	173	122	61
257	175	129	58
230	178	122	50
233	179	123	61
256	156	123	61
255	124	123	61
222	156	123	61
257	122	123	61
257	139	123	61
239	159	123	61
258	138	123	61
258	137	123	61
259	138	123	61
259	138	123	61
258	137	123	61
258	137	123	61
258	110	123	61
258	110	123	61
258	110	123	61
258	110	123	61
258	110	123	61
258	110	123	61
263	111	103	59
265	130	93	57
281	128	98	53
280	126	87	50
283	138	89	43
289	141	84	42
289	143	91	48
296	143	86	58
291	141	92	74
303	147	82	69
298	150	106	64
301	146	84	72
312	158	75	59
298	148	106	64
291	136	97	77
291	136	97	77
291	136	97	77
312	135	97	77
312	136	97	77
318	140	106	64
324	135	89	72
342	140	75	66
341	143	106	64
340	140	95	78
338	159	106	64
338	159	106	64
338	159	106	64
532	48	106	64
357	135	106	64
357	135	106	64
357	135	106	64
357	105	106	64
357	105	106	64
357	105	106	64
386	105	106	64
401	94	105	74
388	102	106	64
388	79	106	64
406	83	98	71
396	91	106	64
396	83	95	81
400	88	106	64
398	81	94	74
391	83	106	64
385	89	106	64
387	88	91	74
383	80	106	64
376	77	101	84
366	89	106	64
384	59	90	76
384	59	90	76
387	51	85	70
367	58	106	64
363	59	106	64
354	63	106	64
354	63	106	64
358	46	100	69
341	57	106	64
345	51	93	79
327	65	106	64
327	65	106	64
333	45	90	77
316	55	106	64
318	58	90	73
300	49	106	64
293	49	106	64
297	53	83	70
277	35	106	64
273	34	101	78
259	30	106	64
259	30	106	64
256	15	103	76
239	22	106	64
239	22	106	64
211	22	106	64
211	22	106	64
211	-7	106	64
91	201	106	64
180	51	106	64
180	51	106	64
150	141	106	64
179	50	106	64
149	140	106	64
178	49	106	64
148	169	106	64
118	168	106	64
118	168	106	64
147	168	106	64
176	108	106	64
176	78	106	64
176	108	106	64
176	107	106	64
176	107	106	64
176	107	106	64
205	137	106	64
234	166	106	64
234	165	106	64
234	165	106	64
204	165	106	64
204	165	106	64
204	188	106	64
229	219	93	57
221	213	81	64
230	223	69	55
230	225	67	54
223	227	76	50
223	221	75	56
224	232	76	46
226	234	75	44
229	239	70	40
240	241	60	36
240	232	60	44
238	233	65	44
234	236	70	41
234	233	70	44
231	228	72	49
230	221	72	55
234	219	70	60
231	216	70	62
229	218	74	61
233	217	68	61
233	217	69	61
232	218	69	59
234	217	69	61
233	220	69	60
233	218	70	61
235	219	67	60
233	218	70	60
234	220	69	58
