1.00
1.02
0.85
0.85
0.71
0.62
0.44
0.50
0.48
0.49
0.36
0.58
0.54
0.77
0.67
0.88
0.79
0.76
0.65
0.85
0.94
0.87
0.69
0.74
0.74
0.61
0.66
0.62
0.56
0.56
0.57
0.60
0.46
0.49
0.61
0.68
0.58
0.50
0.39
0.32
0.32
0.37
0.27
0.23
0.34
0.44
0.66
0.66
0.59
0.71
0.60
0.65
0.56
0.58
0.53
0.52
0.51
0.48
0.49
0.58
0.66
0.72
0.61
0.55
0.53
0.49
0.61
0.67
0.61
0.63
0.72
0.77
0.83
0.86
0.82
0.75
0.60
0.56
0.67
0.69
0.70
0.73
0.69
0.81
0.73
0.70
0.74
0.59
0.66
0.61
0.56
0.63
0.64
0.53
0.48
0.41
0.40
0.39
0.37
0.35
0.38
0.35
0.32
0.34
0.33
0.32
0.33
0.37
0.35
0.37
0.34
0.46
0.49
0.45
0.48
0.44
0.49
0.52
0.41
0.40
0.34
0.26
0.26
0.38
0.42
0.41
0.43
0.46
0.44
0.50
0.49
0.64
0.68
0.63
0.62
0.55
0.59
0.51
0.43
0.46
0.48
0.59
0.57
0.54
0.56
0.57
0.58
0.62
0.57
0.60
0.56
0.57
0.56
0.57
0.46
0.51
0.55
0.57
0.47
0.45
0.43
0.40
0.34
0.38
0.35
0.33
0.38
0.35
0.38
0.40
0.33
0.32
0.29
0.26
0.31
0.28
0.28
0.27
0.26
0.38
0.41
0.39
0.34
0.39
0.43
0.42
0.45
0.40
0.48
0.47
0.49
0.46
0.40
0.37
0.45
0.46
0.44
0.49
0.51
0.55
0.57
0.54
0.60
0.58
0.53
0.50
0.56
0.58
0.52
0.61
0.48
0.61
0.57
0.51
0.47
0.51
0.44
0.41
0.40
0.38
0.37
0.49
0.46
0.40
0.30
0.28
0.40
0.26
0.26
0.25
0.27
0.25
0.32
0.32
0.34
0.36
0.42
0.45
0.39
0.39
0.39
0.48
0.35
0.41
0.49
0.45
0.48
0.42
0.43
0.50
0.65
0.67
0.60
0.46
0.46
0.34
0.24
0.18
0.27
0.37
0.39
0.32
0.20
0.14
0.13
0.16
0.05
0.04
0.11
0.14
0.11
0.14
0.20
0.27
0.17
0.18
0.16
0.19
0.17
0.22
0.34
0.27
0.22
0.22
0.21
0.21
0.31
0.25
0.35
0.26
0.20
0.26
0.25
0.50
0.29
0.39
0.43
0.41
0.47
0.54
0.51
0.59
0.52
0.43
0.52
0.51
0.47
0.41
0.41
0.41
0.47
0.55
0.47
0.57
0.62
0.49
0.45
0.28
0.42
0.43
0.41
0.58
0.51
0.61
0.53
0.60
0.60
0.57
0.57
0.55
0.58
0.61
0.52
0.68
0.64
0.58
0.59
0.65
0.65
0.63
0.71
0.68
0.64
0.67
0.71
0.66
0.56
0.62
0.63
0.81
0.91
0.84
0.83
0.88
0.87
0.86
0.83
0.77
0.77
0.77
0.66
0.55
0.42
0.38
0.45
0.54
0.48
0.58
0.62
0.58
0.63
0.49
0.38
0.48
0.46
0.42
0.37
0.40
0.39
0.38
0.38
0.39
0.38
0.43
0.39
0.40
0.42
0.36
0.38
0.32
0.32
0.32
0.27
0.31
0.26
0.36
0.26
0.24
0.38
0.30
0.28
0.26
0.29
0.28
0.30
0.29
0.33
0.31
0.22
0.36
0.32
0.31
0.27
0.29
0.27
0.23
0.25
0.26
0.29
0.31
0.29
0.28
0.27
0.26
0.27
0.24
0.35
0.22
0.29
0.25
0.29
0.24
0.30
0.26
0.27
0.24
0.34
0.32
0.27
0.26
0.28
0.25
0.28
0.26
0.26
0.24
0.21
0.28
0.21
0.44
0.27
0.27
0.27
0.24
0.38
0.23
0.32
0.26
0.26
0.25
0.27
0.26
0.31
0.25
0.27
0.26
0.31
0.26
0.27
0.19
0.32
0.34
0.25
0.36
0.31
0.34
0.25
0.37
0.35
0.28
0.31
0.25
0.33
0.27
0.35
0.23
0.31
0.27
0.34
0.20
0.36
0.25
0.35
0.31
0.27
0.31
0.28
0.31
0.22
0.40
0.27
0.26
0.25
0.27
0.32
0.30
0.27
0.24
0.26
0.28
0.26
0.26
0.32
0.25
0.19
0.27
0.24
0.26
0.26
0.31
0.28
0.27
0.23
0.30
0.29
0.26
0.27
0.27
0.28
0.30
0.28
0.28
0.31
0.30
0.29
0.25
0.24
0.25
0.26
0.23
0.31
0.25
0.26
0.22
0.28
0.27
0.27
0.32
0.31
0.30
0.30
0.25
0.24
0.27
0.22
0.25
0.22
0.24
0.28
0.25
0.26
0.24
0.28
0.29
0.25
0.27
0.20
0.26
0.26
0.27
0.21
0.26
0.24
0.26
0.21
0.29
0.28
0.25
0.25
0.26
0.26
0.27
0.21
0.38
0.23
0.34
0.25
0.28
0.29
0.27
0.26
0.24
0.30
0.19
0.39
0.31
0.29
0.35
0.33
0.31
0.27
0.22
0.16
0.24
0.26
0.27
0.31
0.31
0.33
0.38
0.31
0.33
0.28
0.40
0.42
0.38
0.43
0.43
0.40
0.46
0.52
0.46
0.42
0.43
0.47
0.50
0.49
0.49
0.50
0.49
0.46
0.42
0.43
0.42
0.40
0.38
0.39
0.41
0.46
0.43
0.42
0.45
0.42
0.46
0.45
0.47
0.46
0.49
0.41
0.42
0.42
0.43
0.42
0.45
0.49
0.46
0.43
0.44
0.40
0.46
0.44
0.41
0.43
0.44
0.45
0.46
0.43
0.41
0.39
0.43
0.41
0.37
0.35
0.32
0.28
0.35
0.36
0.44
0.45
0.47
0.43
0.44
0.43
0.48
0.43
0.41
0.44
0.40
0.34
0.32
0.32
0.33
0.31
0.32
0.33
0.36
0.36
0.30
0.25
0.31
0.28
0.31
0.31
0.34
0.33
0.31
0.34
0.37
0.38
0.40
0.49
0.48
0.53
0.52
0.49
0.48
0.50
0.49
0.48
0.58
0.51
0.51
0.43
0.40
0.42
0.44
0.42
0.44
0.48
0.48
0.48
0.48
0.38
0.34
0.42
0.39
0.33
0.35
0.34
0.38
0.27
0.31
0.30
0.29
0.36
0.35
0.38
0.28
0.36
0.35
0.27
0.25
0.28
0.46
0.44
0.53
0.43
0.49
0.47
0.47
0.47
0.47
0.49
0.41
0.51
0.46
0.42
0.32
0.32
0.38
0.40
0.41
0.40
0.52
0.50
0.46
0.60
0.60
0.47
0.58
0.58
0.56
0.46
0.62
0.64
0.76
0.72
0.72
0.73
0.67
0.67
0.69
0.74
0.77
0.76
0.80
0.76
0.75
0.53
0.53
0.64
0.57
0.55
0.54
0.54
0.53
0.53
0.48
0.50
0.54
0.50
0.50
0.53
0.57
0.56
0.59
0.49
0.53
0.51
0.50
0.52
0.56
0.51
0.52
0.51
0.44
0.51
0.57
0.54
0.44
0.56
0.55
0.55
0.58
0.57
0.61
0.56
0.58
0.57
0.57
0.55
0.52
0.60
0.46
0.50
0.51
0.48
0.49
0.53
0.57
0.44
0.52
0.54
0.46
0.53
0.53
0.43
0.43
0.54
0.53
0.56
0.51
0.41
0.50
0.43
0.43
0.43
0.57
0.61
0.49
0.50
0.74
0.73
0.66
0.65
0.60
0.55
0.59
0.69
0.64
0.69
0.86
0.83
0.78
0.82
0.80
0.83
0.79
0.70
0.68
0.63
0.56
0.50
0.52
0.50
0.54
0.51
0.48
0.50
0.57
0.47
0.59
0.57
0.62
0.60
0.70
0.69
0.72
0.76
0.80
0.83
0.83
0.85
0.80
0.76
0.73
0.87
0.84
0.85
0.77
0.61
0.58
0.94
0.86
0.88
0.93
0.88
0.94
0.94
0.96
0.89
0.95
0.87
0.79
0.70
0.63
0.76
0.73
0.64
0.68
0.77
0.75
0.79
0.83
0.87
0.97
0.84
0.87
0.84
0.97
0.87
0.85
0.85
0.84
0.85
0.90
0.89
0.93
0.87
0.87
0.86
0.91
0.93
0.98
0.75
0.77
0.79
0.71
0.65
0.67
0.72
0.66
0.59
0.64
0.49
0.41
0.39
0.39
0.38
0.35
0.33
0.41
0.32
0.28
0.26
0.33
0.41
0.36
0.36
0.47
0.56
0.52
0.52
0.60
0.57
0.59
0.50
0.49
0.49
0.53
0.65
0.56
0.61
0.69
0.67
0.62
0.70
0.65
0.52
0.65
0.58
0.67
0.63
0.71
0.65
0.65
0.55
0.61
0.62
0.72
0.75
0.73
0.79
0.68
0.59
0.49
0.48
0.30
0.27
0.40
0.44
0.33
0.29
0.30
0.32
0.32
0.34
0.42
0.36
0.39
0.42
0.43
0.41
0.37
0.40
0.43
0.44
0.42
0.47
0.45
0.46
0.43
0.49
0.46
0.49
0.48
0.46
0.43
0.36
0.46
0.33
0.39
0.46
0.51
0.51
0.50
0.45
0.54
0.46
0.33
0.33
0.41
0.40
0.38
0.33
0.43
0.43
0.47
0.45
0.40
0.51
0.47
0.53
0.58
0.56
0.48
0.47
0.55
0.51
0.40
0.45
0.50
0.55
0.57
0.56
0.59
0.53
0.53
0.73
0.65
0.49
0.45
0.45
0.46
0.49
0.47
0.43
0.58
0.56
0.66
0.52
0.30
0.29
0.33
0.45
0.49
0.52
0.48
0.48
0.45
0.51
0.50
0.52
0.57
0.56
0.54
0.54
0.50
0.51
0.53
0.50
0.49
0.48
0.52
0.47
0.51
0.50
0.52
0.48
0.46
0.51
0.46
0.49
0.56
0.58
0.53
0.56
0.60
0.58
0.56
0.62
0.60
0.65
0.62
0.52
0.62
0.51
0.54
0.48
0.50
0.51
0.43
0.48
0.44
0.52
0.60
0.50
0.49
0.55
0.52
0.57
0.54
0.54
0.51
0.53
0.47
0.53
0.48
0.62
0.52
0.61
0.45
0.47
0.52
0.62
0.66
0.59
0.56
0.64
0.62
0.57
0.62
0.61
0.59
0.58
0.57
0.56
0.55
0.57
0.55
0.61
0.58
0.58
0.63
0.61
0.63
0.70
0.60
0.66
0.55
0.58
0.51
0.42
0.44
0.44
0.45
0.57
0.53
0.49
0.54
0.50
0.61
0.47
0.60
0.54
0.46
0.39
0.43
0.31
0.37
0.30
0.38
0.54
0.58
0.43
0.51
0.55
0.57
0.56
0.49
0.50
0.59
0.65
0.53
0.55
0.61
0.63
0.63
0.62
0.58
0.61
0.59
0.66
0.60
0.68
0.74
0.74
0.62
0.61
0.58
0.68
0.63
0.63
0.60
0.50
0.52
0.71
0.56
0.65
0.58
0.62
0.62
0.50
0.66
0.68
0.49
0.51
0.52
0.52
0.50
0.62
0.61
0.52
0.49
0.66
0.70
0.68
0.72
0.75
0.71
0.66
0.69
0.80
0.82
0.70
0.55
0.79
0.78
0.74
0.82
0.83
0.80
0.73
0.71
0.69
0.61
0.71
0.72
0.68
0.67
0.75
0.62
0.63
0.62
0.56
0.59
0.76
0.78
0.78
0.82
0.87
0.82
0.81
0.85
0.86
0.81
0.84
0.88
0.80
0.81
0.77
0.79
0.73
0.72
0.60
0.71
0.62
0.50
0.55
0.52
0.53
0.57
0.56
0.51
0.51
0.51
0.44
0.43
0.37
0.43
0.48
0.49
0.36
0.40
0.43
0.47
0.42
0.43
0.36
0.34
0.32
0.27
0.30
0.41
0.34
0.28
0.32
0.26
0.33
0.29
0.25
0.34
0.23
0.31
0.24
0.26
0.28
0.35
0.36
0.35
0.42
0.54
0.71
0.76
0.79
0.61
0.69
0.62
0.78
0.74
0.78
0.83
0.84
0.85
0.91
0.80
0.68
0.65
0.62
0.60
0.57
0.59
0.54
0.52
0.51
0.54
0.52
0.55
0.57
0.48
0.56
0.55
0.58
0.60
0.50
0.57
0.48
0.50
0.47
0.53
0.55
0.54
0.49
0.53
0.56
0.56
0.55
0.56
0.46
0.41
0.40
0.49
0.45
0.52
0.48
0.48
0.46
0.41
0.41
0.40
0.49
0.54
0.49
0.53
0.51
0.50
0.55
0.50
0.52
0.50
0.39
0.43
0.55
0.55
0.49
0.49
0.50
0.50
0.44
0.37
0.25
0.26
0.26
0.26
0.46
0.28
0.27
0.26
0.26
0.23
0.26
0.25
0.25
0.16
0.33
0.41
0.41
0.33
0.32
0.30
0.33
0.26
0.27
0.27
0.27
0.28
0.29
0.27
0.34
0.33
0.28
0.26
0.32
0.29
0.29
0.34
0.32
0.41
0.40
0.34
0.30
0.35
0.40
0.39
0.43
0.44
0.36
0.28
0.28
0.28
0.33
0.45
0.47
0.48
0.66
0.57
0.58
0.61
0.54
0.64
0.62
0.63
0.67
0.67
0.66
0.61
0.58
0.59
0.57
0.61
0.56
0.59
0.49
0.45
0.47
0.51
0.45
0.48
0.41
0.43
0.46
0.42
0.42
0.55
0.51
0.56
0.69
0.74
0.79
0.74
0.71
0.74
0.70
0.67
0.66
0.59
0.62
0.58
0.60
0.63
0.59
0.65
0.60
0.56
0.67
0.65
0.74
0.66
0.65
0.62
0.53
0.66
0.62
0.62
0.59
0.65
0.62
0.66
0.70
0.71
0.63
0.63
0.59
0.52
0.51
0.49
0.55
0.39
0.33
0.32
0.33
0.33
0.36
0.29
0.33
0.35
0.34
0.40
0.35
0.38
0.38
0.39
0.38
0.38
0.39
0.38
0.42
0.41
0.37
0.38
0.45
0.39
0.43
0.45
0.50
0.52
0.52
0.51
0.52
0.50
0.49
0.43
0.45
0.39
0.40
0.38
0.40
0.39
0.33
0.32
0.37
0.35
0.36
0.33
0.31
0.31
0.32
0.51
0.39
0.42
0.44
0.61
0.54
0.50
0.45
0.47
0.49
0.53
0.72
0.50
0.45
0.53
0.56
0.40
0.53
0.44
0.31
0.19
0.16
0.14
0.17
0.16
0.16
0.20
0.18
0.19
0.18
0.25
0.15
0.12
0.20
0.27
0.22
0.16
0.22
0.22
0.16
0.22
0.38
0.30
0.34
0.27
0.26
0.27
0.34
0.34
0.30
0.36
0.36
0.37
0.38
0.42
0.41
0.45
0.45
0.45
0.49
0.44
0.50
0.45
0.45
0.45
0.50
0.52
0.50
0.49
0.49
0.51
0.49
0.49
0.45
0.49
0.43
0.44
0.47
0.41
0.42
0.40
0.40
0.34
0.39
0.40
0.39
0.42
0.41
0.47
0.46
0.49
0.48
0.45
0.48
0.46
0.46
0.44
0.54
0.46
0.47
0.40
0.39
0.35
0.30
0.35
0.39
0.41
0.30
0.37
0.41
0.28
0.35
0.29
0.31
0.36
0.30
0.28
0.29
0.26
0.28
0.27
0.30
0.26
0.30
0.28
0.29
0.32
0.31
0.29
0.29
0.27
0.25
0.22
0.23
0.17
0.20
0.23
0.21
0.21
0.25
0.22
0.23
0.25
0.26
0.24
0.24
0.20
0.20
0.21
0.21
0.23
0.23
0.17
0.25
0.25
0.23
0.24
0.28
0.22
0.23
0.26
0.24
0.22
0.17
0.20
0.25
0.25
0.26
0.23
0.26
0.20
0.17
0.21
0.18
0.22
0.16
0.25
0.54
0.56
0.36
0.39
0.42
0.48
0.42
0.47
0.47
0.46
0.45
0.44
0.61
0.51
0.59
0.50
0.47
0.49
0.43
0.45
0.41
0.42
0.49
0.45
0.41
0.42
0.48
0.44
0.44
0.43
0.52
0.50
0.45
0.44
0.50
0.45
0.41
0.56
0.46
0.52
0.50
0.46
0.45
0.48
0.49
0.44
0.47
0.47
0.51
0.45
0.45
0.42
0.45
0.45
0.49
0.43
0.52
0.49
0.42
0.45
0.42
0.49
0.42
0.42
0.46
0.44
0.45
0.39
0.40
0.42
0.39
0.40
0.41
0.40
0.42
0.42
0.47
0.41
0.42
0.48
0.47
0.41
0.41
0.43
0.43
0.42
0.42
0.43
0.45
0.49
0.47
0.42
0.49
0.47
0.39
0.43
0.41
0.39
0.41
0.39
0.43
0.50
0.42
0.40
0.43
0.40
0.38
0.34
0.37
0.43
0.47
0.40
0.44
0.46
0.46
0.48
0.49
0.46
0.49
0.46
0.46
0.50
0.46
0.47
0.43
0.44
0.43
0.45
0.42
0.48
0.43
0.48
0.43
0.43
0.48
0.44
0.43
0.42
0.40
0.42
0.44
0.46
0.46
0.28
0.18
0.24
0.23
0.12
0.14
0.14
0.15
0.17
0.15
0.16
0.18
0.20
0.18
0.22
0.30
0.19
0.27
0.32
0.32
0.28
0.27
0.28
0.28
0.29
0.29
0.24
0.37
0.44
0.43
0.38
0.40
0.51
0.44
0.44
0.48
0.42
0.46
0.45
0.39
0.39
0.51
0.45
0.46
0.36
0.42
0.40
0.42
0.39
0.41
0.34
0.33
0.56
0.48
0.53
0.52
0.47
0.55
0.55
0.49
0.55
0.57
0.53
0.48
0.44
0.45
0.37
0.31
0.35
0.37
0.38
0.34
0.32
0.39
0.25
0.29
0.31
0.30
0.38
0.34
0.37
0.42
0.35
0.29
0.39
0.38
0.31
0.34
0.39
0.34
0.39
0.25
0.32
0.22
0.13
0.10
0.09
0.03
0.08
0.14
0.17
0.26
0.24
0.22
0.22
0.20
0.17
0.17
0.24
0.29
0.26
0.28
0.27
0.26
0.29
0.29
0.28
0.27
0.21
0.21
0.20
0.27
0.34
0.42
0.36
0.33
0.31
0.36
0.42
0.48
0.50
0.48
0.48
0.47
0.43
0.47
0.43
0.51
0.44
0.44
0.55
0.52
0.43
0.45
0.46
0.46
0.51
0.51
0.49
0.46
0.50
0.46
0.45
0.50
0.44
0.52
0.43
0.42
0.46
0.45
0.51
0.47
0.46
0.46
0.51
0.52
0.43
0.43
0.49
0.46
0.46
0.44
0.45
0.42
0.41
0.45
0.50
0.41
0.43
0.43
0.51
0.52
0.45
0.44
0.43
0.34
0.37
0.52
0.39
0.34
0.36
0.27
0.33
0.44
0.46
0.44
0.45
0.36
0.37
0.33
0.39
0.37
0.36
0.36
0.34
0.37
0.36
0.35
0.35
0.36
0.38
0.39
0.37
0.40
0.41
0.36
0.41
0.41
0.47
0.43
0.40
0.45
0.49
0.48
0.43
0.51
0.48
0.36
0.28
0.30
0.33
0.42
0.40
0.42
0.33
0.31
0.33
0.31
0.25
0.25
0.28
0.27
0.28
0.23
0.34
0.39
0.26
0.31
0.26
0.28
0.24
0.22
0.27
0.21
0.26
0.24
0.25
0.28
0.26
0.31
0.32
0.31
0.31
0.31
0.30
0.25
0.30
0.32
0.25
0.28
0.32
0.37
0.31
0.31
0.37
0.35
0.29
0.27
0.26
0.29
0.31
0.35
0.30
0.29
0.27
0.36
0.58
0.26
0.29
0.23
0.15
0.15
0.19
0.27
0.23
0.38
0.23
0.37
0.37
0.36
0.35
0.35
0.33
0.35
0.32
0.30
0.28
0.31
0.29
0.30
0.28
0.31
0.31
0.29
0.31
0.34
0.28
0.32
0.31
0.28
0.33
0.29
0.28
0.29
0.35
0.38
0.35
0.25
0.25
