341	162	29	86
341	164	29	86
338	163	30	83
338	166	30	77
335	163	32	81
332	166	34	79
329	166	40	78
321	160	42	84
330	164	45	81
326	157	49	86
334	157	44	90
334	156	37	88
331	159	42	86
322	158	48	87
334	162	42	86
325	154	50	93
306	153	57	91
308	148	63	96
329	156	48	90
331	157	42	89
323	157	47	89
314	150	49	92
321	159	51	86
305	153	56	92
306	151	63	94
296	150	67	94
299	152	68	94
301	155	69	91
303	158	69	88
309	156	65	88
301	153	59	90
307	155	55	90
310	154	56	86
318	156	53	89
332	158	44	88
331	158	53	89
333	150	49	96
338	153	51	90
343	146	46	101
329	148	60	100
326	150	68	98
331	156	67	94
319	155	75	91
319	155	75	91
321	157	70	92
316	154	68	93
312	146	70	102
310	143	75	104
311	138	70	110
312	130	68	116
304	123	74	124
302	123	72	123
300	121	73	128
295	119	78	128
296	121	76	127
297	121	80	125
294	118	82	129
290	120	89	131
292	119	88	128
294	121	85	128
291	123	89	126
288	123	92	126
286	127	95	123
306	124	77	128
294	128	88	119
295	128	88	121
295	130	88	119
294	140	85	108
292	143	87	106
298	144	80	104
300	150	74	98
302	152	72	94
305	154	62	90
303	154	62	92
304	152	58	93
314	151	55	98
308	139	54	108
307	146	55	103
318	138	51	115
309	147	56	104
312	146	61	106
305	152	66	100
304	164	63	85
317	177	61	72
307	182	69	67
292	184	83	63
311	157	69	75
317	153	66	95
316	148	66	104
301	152	80	100
322	150	64	102
315	150	69	101
307	150	80	100
308	147	92	105
306	148	107	109
309	147	104	109
315	147	99	112
323	151	91	107
341	154	73	103
349	155	62	99
352	156	63	96
338	151	95	108
341	158	76	99
353	156	62	99
362	157	52	102
364	155	51	101
365	154	51	105
365	154	51	107
367	154	50	108
366	154	51	107
368	155	51	106
369	155	48	106
367	157	52	105
367	156	51	104
367	157	54	105
368	157	51	105
359	158	59	99
372	159	44	103
377	157	39	96
385	156	30	86
386	156	29	86
382	161	32	87
369	163	45	93
360	163	53	87
360	163	54	87
364	163	51	89
358	163	56	89
361	162	53	89
361	163	55	89
359	164	58	89
360	166	57	88
356	167	62	90
360	169	59	89
356	172	63	87
360	172	61	88
364	173	58	88
376	173	47	89
382	176	42	80
385	176	38	74
384	177	39	70
381	176	40	74
383	177	38	74
384	178	38	71
385	179	38	69
386	180	36	66
384	179	38	70
387	179	35	72
388	180	36	71
388	182	38	70
383	182	45	75
386	184	40	74
384	184	40	74
391	184	34	66
395	183	31	61
394	183	36	62
394	183	37	70
395	182	37	65
397	183	35	58
396	183	39	57
396	183	39	59
396	183	41	59
399	187	40	62
397	185	46	72
397	187	49	68
400	186	50	70
399	185	53	72
399	185	51	73
402	185	45	75
402	187	46	71
406	188	43	70
406	187	44	71
410	188	38	70
408	188	39	69
410	188	35	70
411	188	33	69
412	187	31	70
403	182	50	84
401	170	50	84
398	189	43	69
395	191	46	63
395	192	42	58
395	192	38	55
385	200	45	60
373	190	56	67
385	190	44	61
369	186	58	69
365	184	64	69
370	180	59	71
371	175	55	74
362	175	62	75
372	171	52	75
374	169	47	72
381	171	39	63
383	173	36	65
385	175	34	63
386	177	34	60
383	178	39	61
382	177	40	62
379	176	43	65
376	174	46	67
375	173	48	67
372	171	55	76
371	170	56	80
374	167	58	87
370	167	66	91
371	165	68	93
372	167	69	86
375	167	68	91
373	166	66	89
374	166	64	95
373	172	61	85
371	174	59	86
370	171	54	89
372	172	50	86
360	166	57	90
351	164	64	88
352	162	61	96
356	158	57	99
346	146	64	112
333	129	68	127
354	152	58	118
354	158	55	101
349	161	62	96
340	166	72	92
333	170	80	85
333	170	80	85
316	159	91	95
311	146	93	108
310	140	84	112
310	140	84	112
338	140	84	112
337	140	84	112
337	140	84	112
310	142	106	115
321	135	95	123
325	138	92	120
334	132	80	126
339	123	73	133
346	113	68	145
339	134	79	144
343	123	72	137
348	108	69	150
358	138	53	84
347	165	67	89
340	162	76	92
340	158	77	95
339	158	78	94
340	156	77	96
324	162	61	92
335	164	44	83
336	163	40	81
337	164	38	82
336	164	38	78
338	163	36	78
336	166	37	77
328	165	53	84
328	165	53	84
361	165	53	84
360	165	53	84
378	151	53	84
380	166	57	93
380	180	57	93
365	209	57	93
334	163	57	93
269	243	57	93
371	176	57	93
371	158	57	93
408	27	57	93
545	-74	57	93
380	-10	57	93
230	161	57	93
275	138	57	93
441	185	57	93
266	161	57	93
292	135	57	93
292	135	57	93
291	134	57	93
291	134	57	93
291	162	57	93
291	161	57	93
278	162	57	93
279	156	53	84
279	170	53	84
264	170	53	84
232	170	53	84
233	170	53	84
232	170	53	84
247	170	53	84
278	170	53	84
303	159	54	84
332	173	54	84
440	157	54	84
455	190	54	84
455	155	54	84
456	155	67	90
509	138	59	91
505	136	66	106
518	137	55	114
512	134	62	128
496	139	77	124
485	139	85	121
490	139	80	119
503	143	68	118
482	149	81	111
490	149	81	111
496	150	76	110
484	154	70	113
497	147	79	116
456	137	93	125
447	130	88	132
442	117	82	146
447	127	76	140
441	122	64	141
447	146	53	84
433	151	59	101
432	140	54	103
438	147	53	84
412	145	62	88
403	147	75	91
398	142	79	97
394	131	93	113
352	128	96	125
391	125	96	126
359	115	79	141
353	105	80	151
345	103	82	162
330	104	93	156
315	101	106	155
314	101	107	155
305	102	115	155
332	120	120	140
333	118	85	146
315	102	97	151
309	94	98	160
301	94	103	161
299	94	108	160
331	93	81	163
335	125	76	105
338	113	67	121
342	108	62	130
335	123	76	105
339	113	67	121
341	112	65	128
338	111	69	133
340	110	68	140
339	108	68	143
336	128	76	105
339	119	69	129
340	122	66	131
342	127	62	123
345	124	61	126
347	127	54	124
343	128	59	123
343	129	57	117
343	133	58	115
344	133	61	116
346	135	63	119
346	141	64	112
350	140	65	115
354	143	61	112
359	141	63	118
370	152	51	107
379	146	47	111
389	143	41	114
325	138	59	118
320	153	59	112
406	145	79	107
411	144	75	108
413	146	75	106
420	143	68	110
428	143	61	110
434	157	55	98
431	167	57	82
432	168	55	80
433	167	52	83
425	169	61	88
429	168	57	86
430	167	57	85
434	168	48	77
438	170	46	76
308	175	52	69
323	182	39	61
317	182	42	62
326	185	42	60
320	182	45	62
313	183	50	60
321	184	48	62
312	181	53	62
335	188	39	58
338	192	35	54
341	187	30	55
345	190	25	49
342	189	25	49
344	193	27	48
339	188	27	48
343	191	29	49
344	190	25	49
334	191	25	49
343	192	28	49
342	192	28	46
345	191	25	49
345	191	26	48
344	191	26	49
343	191	27	49
345	191	25	49
343	191	27	49
345	190	26	49
346	189	24	51
336	189	24	51
342	192	28	49
343	191	28	48
344	192	26	48
343	191	27	49
345	193	25	46
343	196	29	45
343	196	29	45
342	195	29	45
342	195	29	45
332	184	32	53
341	186	27	57
342	192	27	48
343	192	26	48
342	192	26	48
343	194	27	47
328	179	27	47
337	188	27	47
342	188	24	52
342	188	24	52
343	188	23	53
342	187	23	53
343	189	24	51
343	189	24	51
343	191	25	50
342	191	25	50
327	176	25	50
338	186	25	50
340	188	29	53
341	191	27	49
342	193	29	47
341	192	29	47
331	193	29	47
341	193	29	47
343	199	27	42
344	198	27	41
344	198	27	41
333	197	27	41
342	196	27	41
345	202	25	38
347	205	25	38
340	192	30	46
344	195	24	44
344	195	24	44
332	183	24	44
351	202	24	44
342	192	27	48
343	192	27	48
343	193	26	47
343	194	28	46
342	194	28	46
342	194	28	46
330	182	28	46
340	192	28	46
342	192	27	49
343	193	26	46
332	182	26	46
341	193	26	46
343	194	28	47
344	197	27	42
344	197	27	42
343	197	27	42
335	185	28	56
343	189	25	51
342	188	25	51
343	194	27	47
339	189	27	47
342	190	28	50
331	190	28	50
337	190	32	51
340	191	31	50
339	188	31	52
343	193	28	47
342	193	28	47
344	196	27	44
339	191	27	44
345	195	26	44
344	195	26	44
345	197	26	43
340	191	26	43
345	196	25	43
339	199	25	43
342	190	28	49
331	190	28	49
341	191	30	50
343	191	26	49
341	190	26	49
341	193	30	49
337	189	30	49
344	190	24	51
348	199	24	51
342	188	27	53
342	192	28	48
342	192	28	48
342	192	28	48
333	188	36	55
338	188	33	56
341	189	28	54
342	191	28	51
341	190	28	51
343	192	27	49
329	178	27	49
329	178	27	49
339	188	27	49
342	189	28	52
343	190	25	49
343	191	25	49
343	193	27	49
328	177	27	49
328	178	27	49
338	188	27	49
343	189	26	51
342	189	26	51
327	190	26	51
338	190	26	51
339	187	29	55
341	190	29	51
340	189	29	51
339	191	32	53
338	176	32	53
338	176	32	53
338	187	32	53
335	186	35	59
335	188	35	56
337	187	33	56
337	189	33	54
341	193	27	48
343	195	27	45
343	195	27	45
343	195	27	45
331	183	27	45
340	192	27	45
343	193	27	47
328	192	27	47
328	177	27	47
338	194	27	47
343	189	25	53
342	188	25	53
338	189	25	53
338	187	30	56
338	187	31	54
339	188	31	53
341	189	28	51
343	195	28	45
343	195	28	45
331	184	28	45
341	194	28	45
341	193	28	45
326	194	28	45
340	194	28	45
340	193	28	45
340	194	28	45
340	178	28	45
340	178	28	45
340	192	28	45
344	193	26	47
328	192	26	47
328	193	26	47
338	192	26	47
340	188	29	52
342	190	22	51
342	190	22	51
342	191	22	51
342	190	26	50
342	190	26	50
327	190	26	50
338	190	26	50
342	192	25	49
341	191	25	49
342	177	25	49
341	196	25	49
343	190	24	50
328	190	24	50
328	190	24	50
347	199	24	50
341	190	24	50
341	198	24	50
342	191	24	50
342	190	24	50
334	189	31	51
337	191	31	53
339	192	30	50
341	192	24	49
341	191	24	49
343	193	22	49
347	202	22	49
339	189	27	53
420	202	27	46
422	197	24	47
425	205	25	42
426	206	23	40
426	206	23	39
425	207	22	38
425	207	22	38
416	216	22	38
347	206	22	38
336	196	22	38
336	204	22	38
340	195	24	48
322	189	34	54
318	189	38	55
328	192	39	53
314	190	44	55
310	188	49	56
309	191	53	54
382	195	44	54
380	194	51	67
381	195	49	67
383	197	49	63
385	195	46	64
385	194	45	65
385	190	42	68
387	191	43	66
384	188	44	70
382	184	46	73
380	180	51	77
377	174	49	83
367	171	58	85
360	169	66	87
357	167	69	89
352	176	76	80
358	154	59	118
365	156	63	101
379	175	54	83
382	180	50	77
388	180	44	79
395	181	37	80
401	176	29	84
339	165	29	80
337	170	34	79
336	180	40	74
330	175	45	73
333	186	44	67
339	181	38	70
387	176	40	73
393	180	36	78
334	170	41	78
331	180	47	70
392	184	39	77
338	179	34	71
340	190	38	63
316	183	42	60
340	192	38	55
316	181	44	63
343	194	35	52
400	191	32	56
395	188	35	55
403	191	27	63
401	190	30	69
345	189	30	60
399	192	32	65
394	191	37	71
404	186	27	71
403	191	29	67
400	193	35	66
395	186	40	58
400	190	35	61
401	189	33	61
403	192	31	64
405	191	28	66
398	188	34	70
404	190	28	67
405	193	26	63
400	190	31	67
400	189	31	70
403	189	28	71
396	184	34	75
398	185	32	72
398	184	33	74
399	186	35	71
402	190	34	66
404	192	33	66
399	191	40	68
401	191	36	67
402	192	36	65
399	190	36	69
399	191	35	67
398	194	37	64
403	194	32	64
398	197	38	61
405	200	30	58
405	202	32	54
407	203	29	54
407	204	28	55
407	204	29	53
407	204	28	54
409	201	27	56
408	202	29	54
407	201	30	56
408	198	31	60
408	192	32	66
408	192	32	66
408	192	32	66
406	192	36	64
401	197	44	58
403	198	45	58
402	202	49	56
303	188	51	56
405	196	52	59
328	187	49	57
314	189	55	56
307	179	51	63
310	181	56	64
333	191	48	59
337	191	44	53
342	191	37	48
345	193	33	45
341	191	36	47
344	191	34	48
345	191	34	48
341	191	37	49
344	191	35	47
344	192	35	46
344	192	34	48
345	191	33	48
343	191	34	48
345	191	33	48
344	192	34	48
345	191	34	48
345	190	33	48
342	191	35	47
346	186	31	53
342	189	35	49
345	191	33	48
346	191	32	48
346	190	31	49
344	190	31	49
345	192	32	46
343	188	32	51
345	185	29	54
345	186	31	53
346	190	31	49
344	185	32	54
347	187	29	52
345	184	30	55
344	183	30	55
347	184	28	57
343	184	28	57
347	183	30	57
337	181	39	61
335	174	40	63
348	179	49	72
362	113	49	82
363	84	51	76
362	96	52	75
326	166	50	81
317	165	59	81
305	170	71	79
313	155	59	118
305	137	56	113
309	137	62	116
305	136	56	116
376	78	61	131
375	77	62	142
304	134	62	130
302	139	72	113
381	87	63	125
386	87	59	126
394	93	49	124
394	96	54	129
361	138	53	121
301	140	64	111
340	141	84	115
339	137	84	118
357	112	86	131
383	114	100	136
346	116	99	130
368	115	119	138
376	128	59	118
361	114	69	134
354	116	75	137
353	121	72	136
342	129	83	123
342	129	78	120
344	131	73	123
348	136	66	121
336	141	76	113
344	143	65	113
344	147	63	104
336	152	73	99
339	152	69	101
338	156	66	98
341	158	68	93
321	155	86	96
337	154	77	100
340	149	73	105
338	149	75	108
344	145	70	114
347	143	71	114
342	141	79	115
360	139	64	120
348	136	76	120
343	134	85	123
342	130	88	127
336	122	96	138
330	115	104	143
325	109	109	150
309	107	126	151
291	98	148	158
293	97	146	156
297	109	141	146
294	97	141	157
299	105	137	149
294	112	144	144
305	108	132	146
303	114	136	141
312	100	123	150
299	100	140	157
302	106	139	149
299	106	143	146
344	125	59	118
358	122	80	124
338	113	102	140
332	113	110	142
316	118	127	135
345	126	59	118
358	115	81	128
366	111	70	146
359	110	79	143
354	120	85	135
350	126	90	128
348	113	87	144
344	111	92	145
343	120	96	136
346	126	94	132
350	132	92	125
346	133	93	123
344	136	90	122
345	136	89	122
359	143	75	115
343	135	87	124
343	140	89	118
343	141	89	114
343	151	88	107
344	158	86	96
342	162	86	92
343	162	84	93
344	161	82	93
345	162	79	92
345	158	78	96
345	149	75	101
345	145	73	107
317	139	98	113
316	131	103	122
309	124	114	132
311	127	118	128
336	128	93	131
347	130	79	127
348	128	75	129
323	120	98	134
319	123	104	134
315	125	110	130
338	127	85	133
351	131	70	129
347	134	79	122
342	137	84	119
347	139	78	116
339	138	88	117
310	141	113	112
304	134	119	121
326	143	95	113
312	147	106	107
330	155	85	98
340	171	74	82
342	174	68	78
341	173	66	75
339	172	74	80
341	174	69	75
340	173	72	79
344	171	68	79
343	169	66	81
345	161	61	89
346	156	61	92
345	149	60	100
350	142	53	106
347	139	56	111
348	134	57	119
347	132	60	118
349	124	60	129
351	119	59	135
349	112	61	143
348	109	62	144
345	108	64	144
345	99	66	153
348	97	63	153
347	101	65	156
350	91	63	165
352	94	62	166
355	97	60	161
347	147	59	114
351	106	60	133
343	118	56	134
344	106	70	146
345	105	67	151
347	107	64	147
323	131	67	137
339	117	67	136
342	118	65	135
335	126	73	128
339	131	64	116
338	134	69	113
331	139	71	110
329	141	70	110
329	142	68	108
334	143	60	110
335	138	56	115
336	137	53	112
323	133	59	118
310	137	70	112
306	132	68	118
305	131	67	118
305	131	65	119
301	132	74	120
304	127	68	125
304	127	69	124
302	127	73	126
306	128	74	125
306	127	75	127
308	120	75	132
311	121	70	134
315	127	70	125
315	131	71	124
311	132	77	122
323	127	66	126
334	119	59	131
338	117	55	130
340	117	52	132
323	143	54	106
325	150	50	97
326	149	48	97
319	147	56	98
306	146	70	101
296	149	81	102
324	137	57	112
327	137	51	112
327	130	52	119
317	134	61	114
300	148	69	100
299	152	66	93
300	151	67	96
305	148	65	100
300	149	66	96
299	147	66	100
304	146	60	99
301	147	64	99
301	150	64	97
304	150	61	98
300	154	66	94
302	142	68	105
303	144	63	104
305	148	60	99
303	143	65	104
313	135	58	113
305	135	66	114
303	136	72	113
306	150	56	97
307	145	54	100
326	136	50	113
319	133	57	115
310	140	62	106
310	136	69	111
313	135	67	114
308	138	71	112
313	145	70	105
316	136	71	117
333	139	52	111
341	141	45	112
343	141	46	112
343	140	46	111
345	140	44	110
346	142	44	107
347	143	43	106
333	156	55	99
346	144	44	107
374	97	41	95
376	97	39	88
332	156	43	95
336	147	57	100
361	97	52	90
347	149	46	94
359	146	51	110
353	96	50	105
356	103	51	123
350	117	53	135
338	104	66	148
337	102	68	149
334	102	73	150
337	101	68	155
336	102	75	158
344	104	67	165
344	108	66	148
350	107	59	158
349	108	61	149
360	123	52	138
351	113	58	144
350	113	60	143
349	113	61	144
350	115	63	143
349	113	66	143
348	105	67	152
349	124	69	136
352	110	64	145
355	116	63	142
343	108	75	150
349	121	71	158
358	110	63	152
368	145	58	108
372	135	53	126
365	137	65	123
367	144	62	113
369	149	60	111
366	155	65	106
365	164	68	97
370	161	61	96
366	161	66	97
367	172	56	86
371	176	43	75
376	177	46	76
378	179	42	61
384	185	38	68
386	179	40	74
386	175	45	82
386	181	57	80
375	176	70	84
387	175	63	83
392	168	61	91
419	167	70	92
418	160	72	97
405	156	86	100
404	155	87	96
404	150	86	99
406	145	85	110
401	139	89	118
408	137	85	119
403	137	82	122
410	166	72	135
415	135	74	124
409	139	78	120
412	147	72	113
403	137	86	123
398	134	91	122
396	133	95	125
402	142	82	116
403	140	86	115
401	138	86	117
407	136	83	123
409	136	78	123
411	147	71	114
403	137	87	122
390	134	68	122
401	143	89	113
378	146	94	111
392	141	100	112
393	144	98	109
397	136	96	118
405	140	83	116
411	146	81	111
404	142	87	118
397	139	91	119
376	129	78	125
383	124	65	130
394	139	50	112
369	150	66	117
427	140	63	108
399	138	53	110
415	151	62	95
413	150	74	106
414	136	78	121
409	138	78	116
405	132	86	124
402	130	89	128
331	116	117	141
384	131	104	127
351	113	87	140
343	118	92	139
332	124	104	135
377	142	98	115
343	127	93	128
341	111	96	148
365	113	76	143
378	109	63	146
405	134	71	124
388	123	74	129
403	128	85	126
395	139	86	115
401	140	84	116
406	132	75	123
409	125	55	128
409	122	55	130
409	122	69	134
411	119	62	129
405	134	60	97
305	156	62	96
402	123	55	107
402	122	60	97
401	113	54	84
303	161	61	86
402	112	47	77
404	116	45	91
310	162	49	87
331	164	46	88
331	178	50	75
335	188	46	64
393	141	50	75
381	170	50	86
314	176	65	86
302	162	64	78
298	176	70	70
300	176	70	71
296	162	70	86
352	150	81	102
346	147	87	106
339	149	91	105
321	151	111	102
337	151	95	101
341	151	86	100
343	150	84	102
341	148	88	105
339	151	91	103
340	148	91	106
342	147	92	105
344	145	92	107
342	143	97	112
339	144	107	107
387	136	101	113
351	140	103	115
393	132	93	121
380	131	93	124
395	131	79	124
401	131	82	124
294	126	67	127
409	128	78	130
294	135	71	114
294	147	75	101
293	155	76	96
297	159	69	89
298	165	73	84
296	162	73	84
309	174	66	76
299	173	75	73
300	177	78	70
296	157	72	87
300	170	73	81
298	173	78	74
299	172	76	76
301	172	72	76
302	175	74	71
301	178	77	68
298	163	74	85
302	179	73	69
303	180	74	66
300	164	66	85
303	169	68	82
298	160	71	88
300	159	67	89
301	163	65	84
309	169	61	81
304	176	65	72
306	179	67	69
302	182	76	69
300	166	70	82
301	163	66	83
300	166	73	82
301	173	73	74
303	181	73	67
299	165	72	81
296	178	82	71
304	185	75	62
303	179	70	67
306	169	68	77
302	179	74	70
301	166	69	80
303	182	76	68
303	184	76	64
305	185	73	61
311	167	60	97
305	153	56	94
304	158	64	91
300	156	68	92
301	158	66	85
301	156	67	92
300	153	68	94
301	154	67	92
300	156	68	89
298	155	70	91
300	156	69	90
301	152	65	96
299	152	67	94
299	152	69	95
301	152	64	96
300	154	66	93
301	153	63	94
299	159	67	88
300	158	64	88
304	158	62	91
300	157	66	91
300	160	66	85
301	163	66	84
302	167	72	82
300	173	74	73
304	177	67	68
315	180	62	70
302	177	69	69
315	182	63	68
308	186	68	60
310	168	60	97
298	154	69	94
295	152	71	95
296	160	73	89
296	156	74	91
292	157	76	91
293	169	83	80
297	174	75	72
308	166	60	97
313	147	62	102
296	154	69	92
296	159	71	87
301	169	72	78
300	177	69	64
312	185	66	60
306	154	60	97
314	162	57	100
378	162	58	93
369	161	71	93
362	158	79	98
366	154	68	104
367	150	68	107
358	145	78	111
344	137	91	119
342	129	94	125
341	123	95	132
335	122	107	132
326	112	113	138
321	107	123	142
330	105	110	117
302	139	96	112
341	106	98	132
344	104	92	145
347	102	87	152
345	99	88	152
343	96	89	159
377	106	85	150
345	98	87	155
377	95	97	167
343	94	88	159
378	108	72	146
344	104	90	151
351	114	80	138
344	108	87	147
356	108	73	149
370	135	60	97
350	152	76	106
347	159	78	100
352	129	70	126
349	116	73	142
366	112	59	144
367	123	60	131
346	120	81	135
359	111	67	145
346	108	78	149
355	107	68	151
345	111	78	145
350	110	81	147
366	113	62	145
347	116	82	141
346	110	78	148
348	112	74	144
366	137	60	97
375	167	51	91
371	170	58	86
373	170	53	87
371	153	51	101
374	140	49	118
368	142	60	97
376	138	50	112
356	132	71	120
351	123	80	130
343	114	86	141
337	111	88	147
340	110	88	148
346	111	79	149
349	111	78	147
343	110	88	149
346	117	87	143
349	116	84	144
345	116	88	144
347	120	82	140
338	121	91	137
349	134	77	121
351	137	67	120
346	142	72	114
344	146	69	111
342	147	73	105
339	151	71	99
337	153	72	97
336	157	70	92
340	159	60	86
338	158	56	91
338	159	51	91
341	157	48	94
338	149	54	99
337	135	63	114
336	126	69	123
308	129	75	123
308	113	88	137
314	104	89	146
318	103	77	150
326	122	71	107
292	149	85	101
288	158	86	89
297	162	69	83
308	170	67	76
307	176	67	69
308	170	64	73
309	167	59	78
308	169	60	76
305	170	65	76
305	167	61	75
306	166	55	78
308	169	59	75
306	170	56	76
308	174	60	71
306	172	54	70
327	181	50	65
338	186	41	60
340	188	38	55
339	174	36	65
341	183	36	58
344	190	32	49
343	191	34	48
345	191	32	46
345	189	31	45
344	191	33	48
343	192	34	47
345	190	32	51
344	191	32	49
345	188	32	54
344	191	34	48
347	191	30	48
348	187	29	54
342	192	37	48
344	185	35	54
339	183	40	59
340	181	42	58
342	180	42	60
340	179	48	62
316	187	49	56
333	188	43	57
338	191	33	48
341	191	28	48
340	190	31	50
345	192	24	47
346	192	22	47
336	187	43	59
335	176	43	59
340	185	33	54
340	188	29	52
344	184	27	57
343	172	27	57
371	168	42	62
331	185	39	60
338	187	29	56
343	184	29	56
370	174	38	52
358	174	38	52
370	179	42	48
370	165	42	48
370	179	42	48
356	185	54	55
354	168	59	58
352	170	61	63
356	171	60	74
347	145	66	87
340	146	71	98
338	145	68	102
339	146	64	103
343	148	54	99
342	149	56	100
343	151	53	99
323	150	68	97
330	151	58	99
331	154	53	96
320	150	59	99
313	147	64	102
310	146	67	104
310	146	67	105
315	144	62	105
311	143	59	106
330	144	47	106
319	156	54	92
314	145	56	101
314	147	58	98
323	149	50	99
317	152	57	93
318	154	56	90
318	155	55	89
323	155	49	90
320	156	56	90
312	151	62	96
309	152	68	95
320	157	54	89
365	158	52	96
311	152	64	96
306	153	70	95
305	153	71	96
315	153	60	97
330	157	61	96
318	154	55	94
311	159	65	86
323	156	53	94
310	151	64	97
309	152	68	96
332	155	60	96
323	149	57	102
343	168	74	88
345	163	74	94
317	150	60	100
342	172	53	85
345	173	49	82
339	175	40	70
334	179	46	60
335	179	41	57
348	181	42	65
336	179	39	58
338	180	39	55
338	179	37	55
344	179	41	58
339	178	37	53
344	177	38	54
340	176	36	51
345	176	38	53
339	185	41	62
340	175	35	69
341	173	32	66
339	174	35	61
337	175	37	56
337	174	38	55
336	176	40	56
334	176	41	53
332	176	44	60
329	176	45	56
339	180	36	50
334	179	41	53
335	180	41	56
332	180	45	53
338	180	40	50
339	183	37	58
335	180	40	55
332	182	45	49
340	183	39	51
340	184	37	50
350	185	25	51
349	185	26	53
349	185	26	53
349	185	26	53
349	184	26	53
353	185	27	52
358	186	24	51
361	185	24	51
347	163	59	94
346	162	59	94
358	162	59	94
346	162	59	94
371	162	59	94
370	174	59	94
388	174	59	94
367	174	62	88
361	185	64	71
352	190	72	61
360	192	68	62
351	194	76	62
364	197	69	62
352	195	78	65
364	201	71	59
369	185	59	94
361	191	72	88
376	205	83	78
393	194	59	94
403	207	77	94
370	190	95	92
402	193	59	94
364	203	62	77
342	188	68	81
335	192	76	76
326	194	84	71
343	192	65	74
347	193	63	65
350	194	72	61
359	185	59	94
355	195	64	75
350	190	64	70
346	189	55	67
344	190	48	65
340	191	42	67
337	191	40	66
339	191	39	65
344	192	35	63
346	193	31	61
347	192	27	58
347	190	26	61
331	172	59	94
335	171	43	86
337	176	37	81
345	175	34	77
334	160	59	94
337	159	52	92
340	162	47	96
335	162	59	94
340	161	52	95
344	160	46	94
349	160	55	96
344	162	57	93
339	161	70	97
337	160	75	98
337	159	75	99
335	160	79	100
333	159	81	97
332	158	84	98
330	157	84	100
334	160	80	95
330	157	84	99
329	157	84	99
309	152	70	102
322	157	59	94
325	162	52	88
341	167	49	84
340	169	63	85
334	173	60	81
332	176	58	78
330	176	64	82
327	177	65	84
330	179	58	84
327	178	57	85
318	178	60	80
312	172	64	79
312	175	65	89
301	168	74	96
297	164	77	101
293	152	80	113
288	151	84	118
285	151	87	119
289	154	82	116
289	153	81	114
286	154	86	116
286	151	85	119
286	155	88	113
284	156	89	112
287	156	86	113
290	139	76	135
288	137	77	140
287	143	82	131
289	116	74	159
293	132	59	94
292	129	67	91
312	152	59	110
302	139	62	129
295	140	76	133
294	111	76	155
292	95	78	169
303	129	59	94
301	127	71	99
302	163	69	100
302	148	69	120
303	154	71	112
304	148	70	118
301	158	76	108
302	146	73	123
304	159	72	109
303	141	74	132
299	130	81	143
303	116	74	156
298	102	82	169
311	138	59	94
311	129	71	100
310	168	73	105
311	164	73	109
326	148	59	119
315	119	69	151
311	107	69	159
316	135	59	94
318	172	67	94
320	172	69	96
317	173	73	90
332	171	60	95
329	173	65	92
324	172	71	91
326	169	72	94
329	173	73	87
334	168	66	95
336	170	67	91
334	168	72	92
334	166	73	96
335	166	71	95
332	167	76	92
333	169	74	90
335	166	75	93
333	171	76	89
334	169	73	88
334	167	75	96
333	168	78	94
335	169	75	91
338	169	74	94
336	167	77	92
339	169	73	94
338	167	76	94
341	168	73	93
343	170	73	88
342	167	75	92
343	167	69	85
344	166	71	88
341	162	75	92
340	159	78	95
338	167	78	84
335	165	79	86
334	173	73	76
334	172	78	76
331	170	71	76
330	169	75	80
328	166	75	82
322	175	67	70
317	175	66	70
315	175	62	68
315	180	61	68
315	179	56	65
311	180	62	68
308	183	69	65
306	182	74	64
302	184	76	63
304	170	77	81
304	181	71	66
301	181	75	65
302	182	74	64
300	176	78	72
299	179	75	66
301	180	70	65
303	183	63	61
306	183	57	65
304	181	61	68
299	185	70	64
298	174	75	77
297	183	68	65
302	184	61	65
304	184	66	65
304	185	61	63
303	187	60	63
318	179	61	69
314	184	64	63
320	175	56	75
325	165	54	87
325	165	54	87
325	144	54	87
325	143	54	87
347	166	54	87
347	166	54	87
347	141	54	87
423	166	54	87
423	166	54	87
395	138	54	87
395	137	54	87
422	137	54	87
441	176	54	87
455	205	54	87
440	159	54	87
440	175	54	87
440	175	54	87
440	175	54	87
440	175	54	87
303	175	54	87
303	175	54	87
303	153	54	87
317	167	54	87
311	166	53	79
304	171	59	73
323	181	51	66
324	187	37	56
325	187	37	56
337	182	37	56
334	190	42	55
341	194	37	53
328	189	32	55
339	195	40	48
325	189	36	55
338	196	41	48
325	189	36	56
335	187	42	55
335	193	43	53
332	188	45	59
337	194	42	52
326	187	37	59
336	191	42	56
326	189	36	54
337	194	41	51
336	191	41	53
322	187	41	59
334	192	45	53
332	189	46	58
335	193	45	52
331	190	46	56
335	194	44	52
335	192	43	53
337	193	42	54
326	190	36	55
335	192	43	53
338	196	41	50
327	190	35	55
336	192	42	53
328	191	33	53
338	191	40	49
330	190	30	54
332	190	27	55
333	190	26	54
332	190	28	54
330	190	29	54
331	191	27	53
340	191	36	53
328	189	33	55
338	191	39	56
336	193	41	54
333	188	45	59
334	192	44	54
335	191	43	55
337	195	42	51
327	190	34	55
338	194	39	52
325	188	36	56
334	187	42	57
337	194	42	52
336	194	42	50
326	189	35	57
331	190	29	56
333	189	25	56
334	190	23	54
333	190	25	56
332	191	27	54
331	190	28	54
334	190	23	54
332	190	27	55
332	190	27	54
333	191	24	52
331	190	28	56
333	190	25	54
333	191	25	53
331	190	28	56
329	190	30	55
332	190	28	56
332	190	25	54
333	190	25	54
328	188	32	58
340	175	32	58
340	175	32	58
339	175	32	58
339	189	32	58
339	189	32	58
333	191	35	53
332	191	26	53
332	191	26	53
332	190	26	52
331	189	26	52
332	189	26	51
331	189	26	51
316	190	26	51
327	190	26	51
311	189	26	51
388	144	26	51
388	144	26	51
371	160	26	51
371	161	26	51
366	147	26	51
351	146	26	51
336	147	26	51
336	163	26	51
319	163	26	51
319	163	26	51
301	163	26	51
314	149	26	51
314	148	26	51
299	164	26	51
299	147	26	51
282	164	26	51
282	165	26	51
264	165	26	51
263	178	26	51
263	178	26	51
263	179	26	51
247	179	26	51
247	179	26	51
247	179	26	51
247	137	26	51
247	151	26	51
232	181	26	51
248	149	26	51
231	166	26	51
231	153	26	51
216	181	26	51
216	182	26	51
216	182	26	51
216	182	26	51
201	196	26	51
201	196	26	51
201	196	26	51
201	195	26	51
186	196	26	51
186	196	26	51
186	196	26	51
186	196	26	51
317	177	26	51
337	190	26	51
333	191	28	55
329	188	31	56
345	193	33	52
334	193	39	51
338	190	39	54
335	197	45	48
339	192	39	56
325	190	36	55
339	195	39	53
325	190	41	55
324	183	48	62
326	190	46	55
329	192	48	55
330	191	48	54
337	195	43	52
321	189	42	56
338	195	41	52
323	188	39	57
339	195	40	51
328	189	34	58
336	194	42	54
338	195	41	54
328	190	33	56
337	195	41	52
322	188	39	57
338	195	41	52
326	190	36	55
336	192	42	50
332	193	46	53
331	191	48	54
339	196	40	48
328	189	37	57
324	187	36	60
339	194	39	55
326	188	36	59
335	184	41	60
337	193	42	56
332	190	45	55
336	193	43	54
336	193	42	54
337	191	41	55
334	192	43	55
335	192	44	57
336	195	42	52
335	193	43	53
336	193	42	54
335	193	43	53
336	195	43	51
336	194	42	52
336	196	43	50
336	195	43	50
335	193	43	54
334	192	43	57
341	195	38	53
329	190	43	56
333	192	43	53
338	195	40	52
324	190	38	54
336	195	42	51
335	193	43	54
337	195	42	53
336	194	42	52
335	192	43	55
334	193	45	53
323	189	39	57
337	194	41	49
325	189	39	56
326	189	35	56
338	194	40	53
327	188	35	58
327	189	33	56
338	194	40	51
324	189	38	56
337	193	42	52
323	186	39	59
336	192	42	54
336	195	42	51
335	193	43	52
333	192	45	52
339	196	40	49
326	190	35	55
336	192	42	52
336	193	43	52
327	190	34	55
336	194	42	50
335	194	43	51
335	194	43	52
333	193	45	52
331	188	47	57
335	194	45	51
321	188	43	55
332	193	47	52
339	196	41	51
324	188	37	57
337	193	41	51
326	190	35	57
338	193	40	52
327	189	34	57
336	193	42	56
333	192	45	55
338	198	42	47
327	191	33	55
337	193	40	50
327	188	35	58
332	188	29	59
333	190	26	57
331	191	28	56
327	190	35	57
335	193	43	52
338	196	40	51
327	189	35	58
336	194	42	52
336	193	42	53
335	194	44	52
335	194	42	54
337	194	42	54
335	192	42	57
337	194	43	54
336	193	41	54
333	189	44	57
336	194	44	53
335	192	42	53
338	196	41	50
336	194	42	50
327	188	34	58
340	194	39	53
326	188	36	58
334	193	44	52
336	189	42	57
336	194	41	53
341	195	38	51
327	187	35	60
336	192	41	55
334	190	44	55
337	196	43	51
336	194	42	50
339	195	39	48
327	189	33	55
328	190	34	56
328	190	34	57
337	193	41	53
340	193	39	55
339	178	39	55
339	178	39	55
340	163	39	55
340	164	39	55
357	164	39	55
357	164	39	55
245	201	39	55
245	201	39	55
245	201	39	55
245	201	39	55
245	201	39	55
245	201	39	55
420	176	39	55
420	176	39	55
255	203	39	55
282	190	39	55
296	189	39	55
311	190	39	55
311	190	39	55
328	191	28	50
328	191	28	50
331	190	28	53
332	191	26	54
330	190	29	54
332	191	26	53
316	170	59	94
316	169	59	94
311	170	60	77
309	176	60	68
309	182	59	62
322	191	54	53
329	192	48	52
330	188	47	58
332	192	47	52
330	191	48	53
334	191	45	53
321	189	39	55
338	194	40	52
328	188	33	59
327	188	33	58
336	178	35	67
334	186	43	62
336	190	37	56
336	188	40	56
337	192	41	54
326	186	35	59
340	194	38	53
328	189	33	56
332	187	28	59
328	191	31	54
316	170	59	94
309	157	55	92
309	151	51	91
308	151	51	93
303	149	55	93
307	148	51	91
311	170	61	75
305	172	66	72
307	176	61	67
321	187	54	57
328	191	48	54
332	192	46	54
328	192	51	51
332	193	46	53
337	194	42	52
325	187	37	59
328	190	33	53
336	192	41	54
319	187	43	58
335	193	45	52
323	187	39	59
326	188	35	56
335	182	42	60
324	190	36	54
325	188	35	57
336	189	43	54
323	189	39	54
333	187	43	56
332	192	46	52
332	190	46	54
330	190	48	53
327	189	51	57
334	192	46	51
320	187	41	58
335	191	37	55
333	189	44	54
322	187	40	56
338	193	41	52
323	187	39	59
334	192	45	54
321	187	40	56
323	188	37	56
324	188	37	56
323	188	37	56
308	173	37	56
292	270	37	56
293	270	37	56
328	182	37	56
329	181	37	56
329	181	37	56
329	181	37	56
307	181	37	56
307	181	37	56
307	181	37	56
282	206	37	56
255	233	37	56
435	191	37	56
434	190	37	56
435	190	37	56
435	190	37	56
428	194	29	64
427	194	29	64
428	194	29	64
428	194	29	64
428	199	30	61
430	201	28	59
431	201	26	56
427	199	31	60
426	199	31	60
426	199	31	60
426	199	31	60
335	186	31	60
334	185	31	60
333	189	32	59
331	184	31	63
331	191	31	57
325	189	37	56
339	187	39	57
325	184	37	63
334	192	44	57
339	191	39	57
325	189	35	57
326	186	36	61
341	193	38	56
323	189	38	57
339	194	39	55
335	192	42	56
341	197	38	49
326	190	41	57
323	189	49	56
323	187	38	58
339	193	39	55
337	193	41	52
336	195	41	51
336	197	43	47
336	194	42	51
335	195	43	51
334	193	44	53
336	196	44	49
334	193	44	53
338	193	41	52
325	187	37	58
336	193	42	52
335	193	43	52
335	193	43	53
340	195	38	51
325	189	36	56
337	191	41	54
336	195	43	50
334	193	44	53
332	192	46	49
335	195	44	48
335	195	43	49
335	193	43	52
331	190	46	56
337	196	42	50
327	189	36	56
334	193	43	51
336	194	42	50
333	191	45	52
338	196	41	49
323	189	39	56
337	195	41	48
337	196	41	48
335	192	44	51
335	194	44	51
336	191	42	51
326	191	35	53
339	193	38	52
324	189	37	55
335	192	43	54
336	196	43	48
335	196	44	48
333	192	45	50
339	197	40	46
328	191	38	54
320	181	39	62
336	177	41	67
338	177	56	68
347	175	63	73
359	177	60	74
369	176	54	75
313	186	55	61
315	187	49	57
320	188	41	56
336	194	42	52
324	190	37	54
339	196	39	52
326	190	36	56
326	190	34	54
341	194	36	56
327	190	35	57
325	191	35	53
340	195	37	53
327	191	34	57
329	191	32	55
328	191	33	56
325	191	35	56
342	196	36	53
329	190	39	59
327	191	51	58
335	195	43	53
337	193	42	56
326	190	35	57
332	191	27	57
331	191	31	58
330	191	32	57
327	191	35	57
328	190	33	58
329	191	32	56
341	193	36	56
328	190	38	59
329	187	48	59
331	182	48	65
306	165	55	80
321	174	55	76
332	179	46	77
313	163	49	70
328	188	54	62
340	186	60	55
348	184	67	61
356	169	57	65
355	169	63	78
359	147	56	79
359	144	58	73
324	189	58	59
334	194	48	52
322	196	58	49
332	197	47	48
366	165	47	48
367	165	42	47
335	152	37	43
375	192	37	43
387	201	37	43
386	188	41	54
342	158	42	52
342	158	42	52
356	158	42	52
360	157	51	53
359	157	51	53
359	157	51	53
389	157	51	53
328	189	51	53
397	161	51	53
353	146	51	53
353	161	51	53
325	189	51	53
325	189	51	53
316	189	47	56
335	195	41	52
322	192	38	52
322	196	38	49
316	196	42	50
329	195	42	50
375	155	38	50
329	212	33	38
380	172	33	38
383	166	37	34
334	204	38	42
336	204	38	42
341	201	37	47
332	204	40	40
337	203	42	44
327	204	40	41
330	206	32	40
334	210	29	37
335	209	23	35
338	210	24	40
337	207	23	43
337	210	23	39
336	208	23	39
337	208	23	41
338	212	21	38
337	210	21	38
394	209	21	38
375	182	21	38
398	204	21	34
372	200	27	27
391	213	24	26
375	205	24	26
350	222	24	26
341	187	24	26
350	214	24	26
398	204	24	26
406	182	24	26
397	212	31	31
397	212	31	31
402	194	33	42
402	193	31	50
404	195	29	56
330	187	31	58
399	198	33	58
399	199	31	56
401	199	29	57
401	199	31	55
402	200	32	55
402	199	31	56
403	200	30	55
404	200	31	55
330	190	30	57
343	188	34	61
327	188	35	61
325	185	36	63
341	193	39	58
325	188	48	63
323	187	53	65
319	176	52	76
317	187	60	65
317	179	61	74
383	190	59	69
394	195	47	63
399	200	41	57
400	198	37	59
324	188	36	63
399	197	34	62
389	195	42	61
377	195	44	62
353	194	51	56
348	198	42	53
