1.00
1.06
1.01
1.01
1.02
1.00
1.04
1.01
1.01
1.00
1.03
1.01
1.02
0.96
1.02
1.00
1.01
1.01
0.99
1.00
0.99
1.00
1.02
1.02
1.02
1.01
0.96
0.87
0.89
0.91
0.94
0.96
0.94
0.93
0.91
0.85
0.77
0.84
0.85
0.83
0.79
0.84
0.86
0.86
0.84
0.86
0.88
0.83
0.82
0.81
0.80
0.79
0.82
0.88
0.84
0.81
0.75
0.76
0.60
0.59
0.52
0.56
0.57
0.66
0.74
0.72
0.68
0.70
0.74
0.76
0.61
0.70
0.67
0.78
0.78
0.95
0.94
0.91
0.74
0.79
0.75
0.84
0.87
0.88
0.88
0.86
0.99
1.04
1.00
1.00
0.97
1.02
0.96
1.00
1.02
0.95
0.89
0.91
0.97
0.99
0.98
0.67
0.71
0.92
0.89
0.83
0.78
0.79
0.80
0.78
0.84
0.91
0.93
0.89
0.84
0.77
0.84
0.84
0.85
0.91
0.93
0.90
0.91
0.93
0.97
0.94
0.95
0.93
0.96
0.98
0.96
0.93
0.92
0.94
0.96
0.95
0.99
0.92
0.93
0.85
0.88
0.94
0.88
0.93
0.95
0.93
0.93
0.96
0.97
0.93
0.99
0.98
0.99
0.95
0.94
0.84
0.79
0.85
0.83
0.60
0.64
0.87
0.70
0.64
0.54
0.46
0.44
0.43
0.40
0.43
0.50
0.45
0.90
0.89
0.85
0.89
0.84
0.85
0.80
0.82
0.81
0.83
0.84
0.87
0.86
0.87
0.85
0.85
0.84
0.81
0.85
0.97
0.93
0.94
0.89
0.92
0.90
0.90
0.84
0.81
0.84
0.85
0.81
0.82
0.87
0.85
0.82
0.84
0.82
0.85
0.90
0.90
0.87
0.90
0.78
0.89
0.90
0.91
0.90
0.93
0.90
0.93
0.93
0.86
0.93
0.93
0.80
0.86
0.80
0.91
1.03
0.98
0.89
0.71
0.86
0.92
0.96
1.04
1.01
0.91
0.92
0.92
0.84
0.88
0.92
0.89
0.99
0.88
0.93
0.92
0.91
0.97
0.99
0.98
0.95
0.95
0.90
0.98
1.01
0.99
0.97
1.00
0.92
0.87
0.83
0.93
0.95
0.95
0.86
0.80
0.85
1.01
0.99
0.93
1.00
0.90
0.98
0.98
0.94
0.96
0.84
0.91
0.89
0.87
0.83
0.79
0.87
0.84
0.83
0.64
0.85
0.73
0.76
0.79
0.80
0.82
0.85
0.94
0.98
0.98
0.89
0.86
0.90
0.84
0.87
1.00
1.05
0.92
0.89
0.85
0.89
0.98
0.97
1.04
0.90
0.88
1.07
1.06
1.12
1.14
1.12
1.01
1.21
1.10
0.95
0.90
0.91
0.91
0.95
0.90
0.91
0.86
0.93
0.84
0.85
0.95
0.78
0.83
0.88
0.94
0.95
0.98
0.98
0.87
0.91
0.85
0.72
0.71
0.73
0.56
0.74
0.81
0.74
0.84
0.81
0.82
0.79
0.79
0.89
0.85
0.77
0.87
0.81
0.76
0.73
0.72
0.77
0.81
0.73
0.77
0.73
0.75
0.62
0.76
0.83
0.85
0.78
0.51
0.72
0.84
0.62
0.44
0.33
0.46
0.58
0.66
0.64
0.67
0.73
0.63
0.58
0.55
0.40
0.69
0.79
0.72
0.82
0.75
0.78
0.87
0.67
0.92
0.99
0.99
1.02
1.05
1.03
0.90
0.95
0.88
0.75
0.88
0.97
0.97
0.93
0.85
0.89
0.97
0.94
0.89
0.87
0.97
0.93
0.92
0.98
0.97
0.96
0.96
0.90
0.87
0.89
0.86
0.92
0.80
0.82
0.89
0.75
0.90
0.92
0.92
0.87
0.93
0.88
0.98
0.97
0.93
0.92
0.92
0.82
0.98
0.95
0.61
0.93
0.89
0.88
0.90
0.88
0.85
0.78
0.87
0.83
0.88
0.65
0.87
0.88
0.90
0.90
0.82
0.90
0.82
0.92
0.96
0.96
0.89
0.84
0.90
0.87
0.89
0.89
0.86
0.86
0.95
0.91
0.87
0.85
0.88
0.78
0.89
0.69
0.77
0.80
0.72
0.58
0.63
0.79
0.76
0.69
0.90
0.89
0.80
0.84
0.88
1.02
0.98
0.95
1.00
0.74
0.93
0.93
0.84
0.86
0.91
0.83
0.85
0.94
0.86
0.88
0.93
0.97
0.95
0.93
0.94
0.95
0.80
0.90
0.99
0.85
0.87
0.97
1.00
0.96
0.95
0.97
0.96
0.88
0.97
0.90
0.92
0.92
0.96
0.85
0.95
0.96
0.93
0.90
0.96
0.94
1.00
1.05
0.99
1.02
0.96
0.98
0.96
0.98
1.02
0.90
0.93
1.00
0.96
0.92
0.99
0.92
1.03
1.01
1.01
1.01
0.77
0.92
0.99
0.98
1.00
0.72
0.98
0.99
0.89
0.95
1.00
1.00
0.99
0.76
0.87
0.83
0.91
0.99
1.06
1.00
1.00
0.87
0.91
1.03
0.88
1.00
1.00
1.08
1.08
1.03
0.94
0.95
0.92
0.81
0.82
0.85
0.91
0.88
0.82
0.81
0.83
0.84
0.84
0.85
0.90
0.93
0.93
0.83
0.84
0.81
0.68
0.63
0.61
0.63
0.75
0.58
0.53
0.51
0.46
0.51
0.47
0.48
0.46
0.41
0.48
0.52
0.54
0.58
0.62
0.72
0.77
0.87
0.88
0.96
1.04
0.95
0.94
0.94
0.97
1.01
0.97
0.91
0.76
0.89
0.70
0.74
0.71
0.60
0.58
0.44
0.43
0.39
0.40
0.37
0.43
0.50
0.55
0.69
0.78
0.82
0.84
0.88
0.87
0.86
0.91
0.77
0.94
0.98
0.91
0.79
0.82
0.86
0.76
0.83
0.82
1.03
0.89
1.03
0.92
0.92
0.91
0.83
0.87
0.89
0.97
0.86
0.92
0.91
0.93
0.91
0.91
0.89
0.88
0.96
0.94
0.84
0.82
0.83
0.71
0.76
0.71
0.62
0.51
0.41
0.35
0.25
0.26
0.23
0.26
0.28
0.26
0.23
0.25
0.31
0.34
0.50
0.61
0.66
0.67
0.74
0.75
0.88
0.86
0.96
0.96
0.98
0.92
0.96
1.09
0.99
0.94
0.98
1.03
1.03
1.06
0.99
1.02
0.82
1.04
0.99
0.95
0.99
1.03
0.94
0.90
0.88
0.91
0.92
0.89
0.97
1.05
1.02
0.97
0.95
0.85
0.95
1.03
1.09
1.09
1.16
1.13
1.04
1.03
1.09
1.05
0.97
1.12
1.18
1.10
1.08
1.16
1.11
0.99
0.90
0.87
0.89
0.75
1.04
0.83
0.91
0.88
0.94
1.03
1.01
0.92
1.01
0.88
0.96
0.93
0.90
0.90
0.98
1.00
1.03
0.79
0.41
0.38
0.51
0.49
0.48
0.54
0.48
0.45
0.71
0.73
0.89
0.76
0.92
0.89
0.89
0.88
0.92
0.93
0.82
0.65
0.74
0.57
0.69
0.77
0.73
0.77
0.77
0.72
0.77
0.82
0.84
1.03
1.01
1.00
0.90
0.99
0.91
0.97
1.05
1.02
1.10
1.11
1.11
1.05
0.89
0.90
0.86
0.97
0.99
0.92
0.82
1.02
0.97
0.98
0.97
0.91
0.84
0.83
0.88
0.79
0.82
0.89
0.84
0.70
0.70
0.81
0.79
0.83
0.66
0.61
0.62
0.71
0.65
0.67
0.78
0.61
0.91
0.91
0.92
0.86
0.71
0.63
0.72
0.76
0.83
0.81
0.84
0.80
0.84
0.87
0.86
0.94
0.91
0.80
0.81
0.77
0.76
0.84
0.87
0.84
0.87
0.93
0.89
0.84
0.88
0.93
0.92
0.93
0.99
0.97
1.06
0.99
0.97
1.05
0.86
0.89
0.86
0.70
0.57
0.69
0.77
1.03
0.92
1.13
1.02
1.10
1.05
0.77
1.02
0.99
1.01
0.96
0.72
0.77
0.78
0.78
0.94
0.92
0.83
1.03
0.87
0.90
1.04
0.93
0.77
0.82
0.85
0.83
0.89
0.94
0.81
0.80
0.80
0.89
0.90
0.77
0.84
0.84
0.95
0.90
0.83
0.85
0.83
0.82
0.83
0.95
1.00
1.03
1.08
1.02
1.04
1.06
1.07
1.05
1.08
1.03
1.00
1.01
0.96
0.94
0.95
0.97
1.04
0.93
0.90
1.06
1.04
0.92
0.86
0.80
0.82
0.87
0.92
1.02
1.01
1.05
0.99
0.90
0.92
0.92
0.95
0.96
1.00
0.97
0.97
0.98
1.03
0.97
0.99
0.92
0.85
0.79
0.82
0.91
0.86
0.84
0.82
0.76
0.82
0.85
0.83
0.85
0.94
0.91
0.98
1.00
1.00
0.98
1.00
1.05
0.99
1.02
1.03
1.03
1.09
1.03
1.05
1.06
1.00
1.01
1.05
0.98
0.76
1.01
1.01
1.09
1.09
1.05
1.00
1.00
1.10
1.06
0.96
1.03
0.78
0.69
0.89
0.86
0.96
0.97
0.95
1.02
1.08
1.07
1.10
1.08
1.05
1.08
1.07
0.86
0.68
0.89
1.03
1.13
1.04
1.04
1.12
1.03
1.10
0.98
1.05
1.07
1.02
1.07
0.94
0.90
0.92
0.86
0.93
0.63
0.83
0.80
0.85
0.86
0.89
0.78
0.91
0.91
0.91
0.95
0.91
0.86
0.89
0.84
0.88
0.85
0.84
0.77
0.84
0.68
0.81
0.71
0.52
0.47
0.63
0.93
0.72
0.56
0.58
0.53
0.42
0.72
0.69
0.74
0.44
0.60
0.59
0.65
0.73
0.51
0.70
0.82
0.89
0.73
0.50
0.32
0.39
0.43
0.76
0.71
0.79
0.82
0.90
0.82
0.77
0.84
0.84
0.85
0.97
1.03
1.02
0.99
1.03
0.94
0.95
1.02
1.02
0.98
0.98
1.01
1.01
0.99
1.01
1.01
1.00
1.00
0.98
1.03
0.98
0.99
1.05
1.00
1.00
1.01
0.95
0.94
0.92
0.83
0.89
0.74
0.80
0.82
0.69
0.68
0.68
0.64
0.67
0.69
0.68
0.80
0.82
0.78
0.85
0.85
0.93
0.72
0.72
0.62
0.42
0.66
0.64
0.56
0.59
0.54
0.63
0.70
0.48
0.64
0.68
0.58
0.80
0.68
0.61
0.89
0.93
0.88
0.77
0.95
1.03
1.05
0.94
1.10
0.80
0.85
1.06
1.03
1.02
0.83
0.84
0.86
0.91
0.77
0.90
0.79
0.79
0.82
0.85
0.58
0.85
0.87
0.57
0.74
0.81
0.75
0.87
0.81
0.57
0.76
0.71
0.65
0.83
0.60
0.73
0.75
0.79
0.81
0.78
0.63
0.78
0.83
0.72
0.80
0.77
0.82
0.84
0.85
0.78
0.74
0.76
0.73
0.70
0.75
0.74
0.73
0.66
0.74
0.71
0.74
0.78
0.81
0.75
0.99
0.86
1.03
0.97
0.86
0.87
0.96
1.03
0.98
0.93
1.03
1.05
1.05
1.07
1.04
1.04
1.06
1.04
1.07
1.10
1.09
1.08
1.13
1.14
1.15
1.10
1.18
1.13
1.16
1.10
1.08
1.11
1.03
1.07
1.04
1.09
1.07
1.08
1.07
0.78
0.91
0.90
1.00
0.95
0.80
0.96
0.81
0.79
0.72
0.78
0.77
0.67
0.75
0.76
0.75
0.73
0.72
0.77
0.80
0.84
0.98
0.92
0.94
0.95
0.98
0.99
0.84
0.94
0.82
0.91
0.91
0.93
0.89
0.92
0.93
0.91
0.93
0.91
0.92
0.95
0.88
0.99
0.98
0.96
0.94
0.90
0.88
0.95
0.94
0.99
0.96
0.97
0.98
0.95
0.97
0.90
0.97
0.87
0.80
0.70
0.63
0.57
0.43
0.18
0.04
0.06
0.10
0.02
0.05
0.04
0.03
0.03
0.04
0.06
0.06
0.07
0.14
0.13
0.13
0.09
0.07
0.09
0.13
0.12
0.11
0.09
0.03
0.05
0.08
0.04
0.05
0.05
0.03
0.07
0.06
0.14
0.54
0.70
0.77
0.89
0.90
0.92
0.82
0.90
0.82
0.95
1.04
1.00
1.00
0.98
0.99
0.93
0.99
1.02
1.02
1.02
1.02
1.08
0.99
0.95
0.94
0.99
1.01
1.02
1.02
0.91
0.79
0.84
0.73
0.71
0.75
0.75
0.73
0.81
0.80
0.86
0.79
0.68
0.74
0.85
0.74
0.67
0.88
0.63
0.68
0.78
0.92
0.80
0.72
0.89
0.77
0.96
0.86
0.69
0.74
0.92
0.84
0.95
0.84
0.75
0.68
0.79
0.81
0.85
0.87
0.84
0.84
0.79
0.83
0.81
0.83
0.87
0.91
0.74
0.81
0.78
0.80
0.83
0.87
0.69
0.86
0.86
0.87
0.87
0.91
0.91
0.93
0.95
0.98
0.78
0.91
1.05
0.90
0.95
0.89
0.77
0.61
0.77
0.82
0.88
0.82
0.61
0.69
0.71
0.81
0.85
0.90
0.73
0.79
0.41
0.50
0.62
0.61
0.65
0.80
0.80
0.78
0.72
0.85
0.77
0.79
0.93
0.96
0.99
0.91
0.75
0.84
0.88
0.83
0.89
0.89
0.95
1.03
0.94
0.93
0.98
1.01
1.12
1.04
1.01
1.06
0.60
0.71
0.93
1.06
1.08
1.00
0.99
0.90
0.79
0.92
1.03
1.10
1.17
1.05
1.08
1.08
1.04
1.07
0.98
1.05
1.05
1.05
1.02
1.04
1.04
1.03
1.11
1.01
0.84
0.93
0.85
0.89
1.00
1.06
1.03
0.79
0.96
1.02
0.98
0.93
0.92
0.98
1.01
1.00
1.05
0.99
0.94
1.01
0.97
0.98
0.95
0.95
0.95
0.88
0.91
0.85
0.85
0.89
0.97
0.98
0.99
0.98
0.86
0.83
0.92
0.95
0.74
0.91
0.85
0.92
0.88
0.84
0.71
0.81
0.89
0.84
0.92
0.93
0.93
0.88
1.00
0.97
0.93
0.91
0.99
1.05
0.98
0.95
1.02
0.95
0.94
0.75
0.86
0.88
0.98
0.98
1.01
1.05
1.03
1.09
0.99
1.03
1.09
1.09
0.86
0.90
1.02
0.99
1.03
1.12
0.75
0.85
1.01
0.94
1.09
1.06
0.72
0.79
0.95
0.80
0.60
0.51
0.46
0.48
0.53
0.45
0.49
0.65
0.57
0.57
0.64
0.61
0.69
0.72
0.62
0.57
0.60
0.61
0.64
0.68
0.59
0.68
0.69
0.73
0.58
0.55
0.55
0.63
0.63
0.58
0.61
0.52
0.50
0.51
0.37
0.44
0.52
0.70
0.90
0.82
0.63
0.74
1.07
1.08
1.10
0.97
0.95
0.93
1.00
0.90
0.86
0.91
0.85
0.93
0.90
0.92
0.97
1.04
1.08
1.04
0.92
0.88
0.92
0.82
0.79
0.93
0.83
0.78
0.78
0.85
0.81
0.85
0.83
0.80
0.76
0.68
0.54
0.45
0.28
0.24
0.33
0.24
0.25
0.22
0.25
0.26
0.28
0.57
0.49
0.77
0.68
0.83
0.80
0.90
0.94
0.83
0.84
0.84
0.78
0.81
0.78
0.94
0.87
0.57
0.46
0.41
0.38
0.56
0.62
0.72
0.72
0.64
0.60
0.47
0.27
0.16
0.05
0.13
0.10
0.16
0.10
0.12
0.09
0.04
0.06
0.05
0.03
0.07
0.14
0.17
0.74
0.79
0.74
0.75
0.80
0.82
0.90
0.90
0.96
0.96
0.91
0.90
0.79
0.75
0.78
0.87
0.79
0.88
0.86
0.77
0.86
0.88
0.87
0.89
0.87
0.92
0.86
0.82
0.65
0.76
0.56
0.34
0.17
0.08
0.11
0.15
0.18
0.21
0.15
0.21
0.22
0.25
0.22
0.20
0.23
0.27
0.23
0.23
0.20
0.22
0.24
0.23
0.24
0.22
0.23
0.27
0.23
0.23
0.19
0.15
0.10
0.24
0.79
0.82
0.86
0.86
0.96
0.97
1.03
1.07
0.97
1.07
1.08
1.08
1.11
1.11
1.07
1.07
1.01
0.93
0.85
0.48
0.44
0.39
0.22
0.13
0.13
0.17
0.13
0.14
0.11
0.09
0.09
0.09
0.10
0.13
0.14
0.11
0.09
0.12
0.14
0.14
0.15
0.16
0.11
0.14
0.80
0.65
0.87
0.83
0.91
0.92
0.98
1.04
1.09
0.85
1.00
0.99
1.10
1.02
0.98
0.99
1.04
1.06
1.09
1.06
1.11
1.11
1.04
1.05
1.05
1.03
1.04
1.00
0.97
1.02
1.01
1.05
1.01
1.03
1.01
1.01
0.98
1.02
1.05
0.95
1.08
0.97
0.97
0.93
0.82
0.80
0.84
0.88
0.79
0.82
0.80
0.81
0.77
0.80
0.83
0.82
0.85
0.82
0.86
0.82
0.69
0.68
0.71
0.71
0.71
0.67
0.67
0.75
0.60
0.78
0.62
0.69
0.69
0.73
0.68
0.66
0.75
0.74
0.65
0.83
0.87
0.91
0.93
0.95
0.93
0.93
0.92
0.89
0.86
0.82
0.83
0.84
0.74
0.63
0.58
0.60
0.66
0.67
0.64
0.59
0.55
0.55
0.57
0.52
0.48
0.50
0.44
0.44
0.50
0.51
0.55
0.65
0.68
0.69
0.76
0.73
0.77
0.87
0.87
0.92
0.97
1.02
1.01
1.03
1.04
1.02
1.06
1.09
1.07
1.05
1.04
1.04
1.01
1.01
1.04
0.98
0.95
0.90
0.94
0.93
0.99
0.86
0.92
0.93
0.93
0.91
0.92
0.93
0.89
0.97
0.94
0.94
0.85
0.84
0.98
0.91
0.95
0.89
0.94
0.93
0.90
0.87
0.90
0.82
0.81
0.81
0.87
0.88
0.86
0.86
0.91
0.93
0.90
0.94
0.93
0.97
0.98
0.96
0.98
0.94
0.90
0.93
0.88
0.95
0.99
0.98
1.01
1.01
1.02
1.03
1.06
1.04
1.04
1.05
1.04
1.09
1.07
0.89
0.87
0.81
0.95
0.96
0.98
0.98
0.94
0.83
0.84
0.79
0.61
0.82
0.54
0.56
0.67
0.66
0.68
0.70
0.68
0.55
0.49
0.52
0.49
0.40
0.50
0.47
0.44
0.48
0.56
0.52
0.42
0.36
0.35
0.31
0.29
0.30
0.29
0.31
0.35
0.42
0.37
0.39
0.42
0.43
0.53
0.56
0.51
0.55
0.49
0.44
0.37
0.44
0.53
0.57
0.51
0.57
0.75
0.81
0.95
0.93
0.93
0.87
0.80
0.80
0.78
0.72
0.72
0.72
0.83
0.73
0.81
0.84
0.85
0.78
0.81
0.84
0.85
0.79
0.91
0.79
0.91
0.85
0.82
0.95
0.95
1.02
1.04
1.01
1.06
1.11
0.92
1.03
0.98
0.95
1.02
1.01
1.05
1.07
1.06
1.08
1.04
1.05
1.09
1.09
1.05
1.10
1.16
1.05
0.98
0.97
0.99
0.92
0.90
0.80
0.79
0.85
0.79
0.74
0.97
0.89
0.83
0.87
0.93
1.00
1.04
1.10
0.99
0.87
0.96
0.87
0.74
0.89
0.80
0.78
0.81
0.82
0.79
0.87
0.91
0.87
0.86
0.91
0.99
1.04
1.05
0.99
1.00
1.06
1.07
1.08
1.07
1.07
0.80
0.82
0.81
0.73
0.73
0.78
0.75
0.66
0.88
0.93
0.54
0.65
0.70
0.60
0.80
0.72
0.64
0.79
0.84
0.82
0.90
0.74
0.80
0.80
0.78
0.75
0.83
0.88
0.91
0.88
0.89
0.90
1.15
1.12
1.18
1.18
1.10
1.14
1.03
1.13
1.09
1.12
1.10
0.84
0.82
0.85
0.86
1.03
1.03
1.09
1.02
1.04
0.97
0.96
0.91
0.92
0.76
0.83
0.81
0.87
1.00
0.96
0.87
0.87
0.94
0.95
0.93
0.82
0.90
0.90
0.85
0.85
0.80
0.85
0.76
0.72
0.84
0.95
0.99
0.87
0.87
0.94
0.78
0.75
0.94
0.80
0.97
0.98
0.93
1.07
0.64
0.90
0.93
0.96
0.93
0.94
1.03
0.96
1.01
1.04
1.00
0.89
0.75
0.87
0.86
0.77
0.86
1.00
1.03
0.99
0.79
0.93
0.92
0.93
1.02
0.89
0.90
0.70
0.92
0.95
0.93
0.94
1.04
1.04
0.84
0.91
0.96
0.85
0.84
0.80
0.78
0.87
0.85
0.86
0.90
0.89
0.93
0.97
0.98
1.02
1.01
1.03
1.05
1.03
1.03
0.99
0.93
0.86
0.77
0.73
0.62
0.59
0.64
0.71
0.92
0.84
0.89
0.81
0.70
0.67
0.72
0.76
0.90
0.82
0.86
0.82
0.87
0.74
0.67
0.75
0.86
0.89
0.90
0.89
0.89
0.96
0.92
0.92
0.84
0.79
0.75
0.63
0.90
0.86
0.84
0.95
0.96
0.94
0.94
0.96
0.93
0.91
0.86
0.91
0.88
0.87
0.87
0.90
0.92
0.83
0.90
0.95
0.88
0.84
0.78
0.80
0.65
0.74
0.73
0.80
0.73
0.79
0.88
0.80
0.75
0.89
0.72
0.63
0.81
0.76
0.82
0.85
0.91
0.94
0.60
0.86
0.85
1.03
1.02
1.00
0.95
0.97
0.93
0.92
0.92
0.92
0.92
0.93
0.90
0.86
0.83
0.90
0.93
0.89
0.70
0.91
0.81
1.02
1.01
1.02
1.01
0.98
0.98
0.96
0.91
0.93
0.95
0.96
0.94
0.77
0.86
0.97
0.96
0.86
0.91
0.78
0.87
0.94
0.95
0.87
0.90
0.97
0.91
0.86
0.94
0.87
0.74
0.63
0.86
0.92
0.99
1.02
1.02
1.03
1.02
0.97
0.84
0.84
0.95
0.95
0.95
1.00
1.03
0.98
0.93
0.93
0.91
0.79
0.99
0.98
0.89
1.05
1.04
1.03
1.06
1.05
1.01
1.07
1.03
1.03
1.03
1.06
1.09
1.07
1.08
1.04
1.03
1.11
1.00
1.06
0.71
1.10
1.12
1.11
0.98
1.09
1.13
1.11
1.08
1.06
1.02
1.14
1.12
1.11
1.09
1.13
1.04
1.10
1.11
1.06
0.87
1.12
1.15
1.14
1.03
1.00
0.77
0.98
1.01
1.07
1.04
1.03
1.05
1.01
0.96
0.89
1.02
1.00
0.92
0.95
0.92
0.64
0.85
0.74
0.83
0.65
0.72
0.70
0.75
0.76
0.76
0.75
0.80
0.69
0.77
0.74
0.68
0.86
0.76
0.77
0.70
0.76
0.84
0.73
0.68
0.69
0.77
0.81
0.84
0.86
0.87
0.82
0.84
0.89
0.88
0.76
0.67
0.73
1.07
1.00
1.00
0.88
0.93
0.99
0.96
0.89
0.98
0.87
0.81
0.65
0.74
0.83
0.86
0.80
0.68
0.71
0.64
0.74
0.62
0.66
0.77
0.88
0.83
0.85
0.81
0.69
0.73
0.62
0.63
0.74
0.72
0.73
0.73
0.90
0.74
0.90
0.88
0.85
0.85
0.69
0.90
0.74
0.78
0.75
0.69
0.64
0.80
0.84
0.87
0.75
0.85
0.84
0.91
0.81
0.82
0.90
0.95
0.90
0.90
0.76
0.81
0.79
0.60
0.70
0.63
0.61
0.57
0.61
0.57
0.58
0.68
0.70
0.78
0.79
0.95
0.93
0.79
0.98
0.89
0.91
0.93
0.94
0.96
0.88
0.98
0.93
1.01
0.99
0.98
0.94
0.98
1.00
1.03
0.97
1.01
0.99
0.99
1.04
1.03
1.01
1.08
1.00
0.95
1.02
0.82
0.87
0.94
0.92
0.95
1.01
1.00
1.03
1.03
1.05
1.00
1.07
1.01
1.02
1.02
1.02
1.04
1.04
1.09
1.04
0.97
0.95
1.03
0.91
1.04
0.75
0.92
0.87
0.93
0.85
0.97
1.06
1.11
1.00
0.98
0.88
1.03
1.05
1.00
0.97
0.83
0.85
0.89
0.89
0.96
0.99
1.07
1.05
1.12
1.01
1.07
1.01
0.97
0.98
0.96
0.87
0.88
0.76
0.85
0.87
0.78
0.81
0.90
0.90
0.91
0.92
0.90
0.95
0.96
0.87
0.97
1.03
0.94
0.89
1.06
1.07
1.04
1.09
1.05
0.98
0.98
0.96
1.06
1.03
0.99
1.06
1.03
1.07
1.04
1.07
1.08
1.10
1.02
1.07
1.05
1.04
1.08
1.05
0.98
1.03
1.04
1.10
1.05
0.93
1.04
1.08
1.04
1.03
1.12
1.03
1.02
1.00
1.06
1.04
1.00
1.10
1.06
1.00
1.06
1.02
1.04
0.95
1.00
0.96
1.01
1.05
1.00
1.08
1.10
1.09
1.12
1.00
1.11
1.13
1.12
1.09
0.98
0.86
1.01
1.01
0.99
0.98
0.98
0.91
0.99
0.93
0.95
0.92
0.86
0.81
0.83
0.80
0.89
0.89
0.91
0.89
0.91
0.88
0.99
1.04
0.91
0.91
0.97
0.97
0.99
0.98
0.98
0.94
0.98
0.94
0.92
1.00
1.05
1.04
1.01
0.98
1.05
1.02
1.04
0.97
1.00
0.99
0.96
1.00
0.95
0.95
0.94
1.02
1.01
1.07
1.04
0.97
0.97
1.01
0.98
0.96
1.02
0.93
0.95
1.02
1.04
1.00
1.02
1.01
0.99
1.04
1.06
0.99
1.08
1.00
1.01
1.04
1.00
0.99
1.03
0.95
1.00
1.00
1.09
1.03
0.97
1.09
1.02
0.99
1.01
1.06
1.04
1.07
1.07
1.06
1.06
1.06
1.09
1.03
1.07
0.99
1.02
1.10
1.05
1.06
1.00
1.00
1.03
0.93
1.02
1.00
1.04
0.95
0.98
0.93
0.99
0.94
0.98
0.98
0.92
0.93
0.96
0.97
0.99
0.97
0.98
