375	92	103	115
373	90	103	120
373	89	105	122
374	89	102	124
374	88	105	127
373	89	104	122
372	90	104	120
375	90	100	120
372	90	103	122
373	92	100	113
372	90	96	119
370	90	98	115
369	89	103	117
368	89	99	115
365	89	102	116
364	87	100	122
365	86	99	123
365	86	101	116
368	85	99	118
367	83	99	122
363	89	103	118
361	95	103	118
353	100	103	120
343	105	102	118
339	103	103	120
335	103	102	114
332	101	97	112
326	102	101	119
324	108	100	119
321	111	100	123
320	119	97	116
317	124	101	113
318	126	99	109
323	127	98	110
327	126	98	111
338	127	97	110
350	123	99	113
369	125	104	114
382	125	103	109
392	121	106	110
406	121	103	112
414	123	105	116
415	124	102	115
410	128	102	115
407	132	105	112
407	135	100	109
403	134	102	113
402	138	101	107
392	138	102	108
388	138	104	108
386	139	102	107
379	139	104	105
376	135	105	106
377	131	104	111
377	128	102	111
379	125	105	108
387	120	105	108
390	117	108	106
400	113	107	106
417	108	106	112
439	101	103	109
456	90	111	118
488	81	103	117
498	75	112	113
498	71	125	119
499	66	128	122
494	60	137	126
495	61	136	122
493	63	135	121
498	67	134	126
494	72	130	133
492	73	131	126
483	79	118	129
486	81	115	126
475	86	111	122
471	86	119	120
470	91	116	119
470	90	116	117
457	94	115	123
442	99	115	119
428	107	106	112
408	112	111	111
391	116	104	114
375	121	102	113
357	123	105	121
336	131	108	115
327	128	104	118
319	128	102	117
302	130	112	114
291	131	111	118
290	126	112	124
286	125	108	130
282	122	109	132
291	125	106	125
297	125	112	124
300	123	116	127
301	120	115	125
305	119	112	132
310	119	114	136
318	119	116	131
330	123	119	124
363	121	107	127
407	122	109	120
434	118	135	128
433	115	138	130
439	108	143	131
446	98	136	127
440	95	135	126
426	94	128	126
413	94	131	118
405	87	126	114
393	84	121	113
391	80	116	108
378	81	115	112
362	84	118	112
350	80	114	109
333	77	109	108
315	74	111	108
301	75	114	113
298	79	112	114
297	87	109	111
298	96	106	112
302	106	107	107
305	113	105	107
309	118	102	108
308	124	100	102
310	129	97	99
311	127	97	107
312	131	99	95
314	132	104	94
316	131	97	101
314	135	100	100
312	136	99	94
311	135	100	99
313	131	107	100
313	123	108	103
313	115	108	101
316	104	115	103
316	91	109	107
304	94	108	103
289	91	113	103
285	75	113	108
289	60	117	107
296	46	122	113
304	36	122	118
312	27	121	122
320	22	117	127
327	21	121	128
340	22	129	127
357	19	126	133
366	18	122	125
355	20	122	128
344	20	120	133
331	30	123	135
334	40	121	126
341	62	121	120
349	77	118	116
354	80	112	121
345	84	108	106
335	73	111	103
319	50	107	106
315	24	113	107
325	4	119	108
331	-2	120	102
347	-3	107	99
364	-7	103	91
379	-8	100	93
392	-4	106	85
405	2	105	78
422	-1	93	79
432	-1	88	78
433	-1	91	79
457	3	94	98
455	4	108	111
451	19	110	107
448	31	111	107
444	39	110	112
441	51	108	106
440	61	109	105
438	69	110	109
435	82	112	104
434	92	111	100
436	94	106	103
434	95	109	105
434	95	109	105
434	95	113	103
435	92	111	107
438	92	109	109
438	93	109	110
439	97	108	106
440	101	108	100
441	100	108	104
443	101	107	103
443	103	112	105
447	104	109	109
446	104	110	110
447	110	117	105
449	112	113	105
455	115	110	108
457	122	113	106
460	128	117	108
467	131	111	108
474	134	109	106
479	138	114	101
486	140	115	103
491	141	116	105
499	144	109	110
502	149	112	106
501	154	114	109
507	159	107	106
504	162	107	106
504	167	106	104
504	167	108	106
505	162	106	116
506	163	108	107
504	161	112	111
505	158	108	106
505	153	116	111
511	152	107	109
511	150	111	109
513	148	107	108
515	148	114	110
517	148	112	112
519	148	112	111
522	149	110	114
522	150	109	108
516	151	111	106
506	152	114	105
498	157	110	102
491	156	103	103
485	155	104	101
480	158	98	96
472	157	99	100
457	160	102	96
447	160	99	94
433	158	101	92
425	157	95	93
417	157	92	88
409	154	95	92
401	156	90	91
393	156	89	94
384	158	92	93
377	162	87	92
370	165	88	94
364	169	87	90
361	168	80	92
364	169	80	95
367	172	79	88
361	172	83	91
365	171	78	91
365	170	81	91
363	168	84	92
364	167	80	90
360	167	81	92
358	168	81	88
359	165	84	91
365	164	85	87
370	162	81	87
371	159	81	91
375	160	84	87
379	163	81	88
382	166	81	85
391	169	79	91
389	177	81	92
382	185	83	93
390	193	78	84
397	194	79	86
398	194	85	93
400	190	86	97
411	188	81	94
417	184	83	95
420	182	83	95
417	180	88	90
419	183	87	94
419	183	88	96
426	187	82	98
424	189	87	96
426	190	87	92
427	193	88	91
427	193	88	94
434	190	86	98
438	191	87	99
442	196	88	96
447	198	85	100
450	195	88	107
460	198	87	98
462	196	88	101
466	192	89	100
487	191	79	104
493	197	97	99
500	198	97	99
502	190	104	102
515	181	108	103
516	171	113	96
519	158	115	93
518	146	119	99
515	135	109	103
512	129	115	106
508	131	128	99
495	127	127	102
484	124	105	112
472	120	98	101
460	107	100	108
449	97	100	103
440	88	102	99
435	78	96	103
420	73	102	109
414	79	98	104
397	83	108	109
389	86	99	103
378	89	99	108
372	93	97	104
366	93	97	109
360	98	106	109
354	103	101	106
339	97	103	107
346	97	104	112
342	97	108	114
356	97	106	116
355	98	108	116
366	99	107	113
377	102	110	118
385	102	110	120
386	100	112	124
376	101	112	128
349	100	110	129
322	98	109	127
292	99	115	127
270	94	117	135
254	96	118	127
233	96	119	124
209	100	128	125
198	102	126	129
216	100	128	126
235	103	129	130
232	108	131	125
216	109	136	120
197	106	136	122
183	105	141	123
173	102	141	122
165	100	142	127
161	104	146	121
165	105	143	132
166	109	156	128
174	114	147	119
178	116	153	129
194	123	155	129
220	136	142	125
232	148	145	122
269	159	139	129
270	181	151	127
286	184	144	124
297	188	153	119
310	184	150	126
317	177	154	123
324	170	157	123
333	168	167	117
350	162	161	118
358	157	164	123
369	155	162	126
371	150	167	124
373	148	175	125
377	149	174	130
371	142	179	132
368	138	182	130
365	131	182	132
367	134	187	125
365	134	188	132
358	131	181	134
354	140	173	136
341	152	178	128
332	157	176	112
309	147	165	111
275	139	178	121
269	143	168	113
264	142	158	119
274	134	137	115
276	163	132	114
267	182	137	112
259	181	151	117
271	181	134	110
218	181	139	101
183	189	136	98
125	196	133	101
104	188	127	104
84	162	139	116
74	149	141	120
77	141	134	123
86	141	133	123
104	141	127	118
110	132	140	111
126	105	138	106
126	78	149	110
169	61	140	115
167	57	151	112
182	49	167	116
204	44	168	123
211	48	171	119
246	44	160	118
262	41	170	122
276	36	171	119
282	31	174	119
291	29	166	122
289	27	164	118
292	28	165	120
299	31	159	124
294	34	159	116
282	37	159	116
273	37	156	126
260	47	161	127
237	59	166	125
218	71	168	122
213	78	161	120
205	85	156	116
201	88	149	119
195	89	141	119
171	95	158	114
180	96	138	113
163	94	149	118
161	91	146	116
167	88	132	119
170	87	125	114
160	87	134	112
161	81	130	114
159	75	132	120
155	70	131	118
148	64	134	120
144	59	136	119
139	59	136	117
139	57	134	114
134	57	134	120
121	57	146	123
132	58	136	119
124	60	139	121
115	63	140	123
119	67	137	124
99	71	156	129
110	73	141	126
123	77	133	128
117	75	140	129
110	83	143	120
109	81	147	123
104	85	149	124
111	89	156	128
114	91	144	129
115	95	144	121
117	102	148	124
116	108	144	124
117	116	140	125
116	124	147	129
116	135	143	120
116	142	137	118
114	147	145	122
118	146	139	126
112	148	142	127
110	150	144	127
115	149	139	117
115	147	136	120
114	149	139	120
116	145	133	123
114	143	133	119
116	142	134	120
117	141	137	122
117	139	135	122
122	137	132	119
123	134	137	125
122	129	135	124
120	120	137	124
120	115	142	120
80	105	178	122
73	93	188	128
66	80	197	134
60	70	210	133
70	58	200	135
71	53	202	133
76	44	200	136
83	39	198	137
91	33	192	137
100	33	184	138
97	31	190	130
96	29	192	143
103	32	191	137
112	32	181	135
114	40	186	134
118	40	189	142
125	50	184	128
130	54	177	130
133	57	171	133
121	62	164	135
93	69	168	134
84	68	175	141
80	79	183	138
97	98	182	139
123	117	165	134
140	123	161	128
161	125	162	135
184	141	164	130
199	146	156	134
215	143	154	123
227	138	158	121
239	134	155	122
247	131	156	122
245	129	158	126
250	127	154	126
251	131	163	124
252	129	161	122
237	127	156	124
222	121	150	130
207	118	157	134
194	112	150	137
166	108	157	139
124	103	161	140
98	88	173	156
107	77	178	147
106	66	171	151
96	49	172	154
102	46	162	154
101	37	183	153
117	25	180	163
134	25	162	159
148	22	165	159
164	30	158	159
172	41	150	159
181	53	147	156
186	58	150	151
200	67	149	145
200	79	144	146
183	96	145	145
173	104	143	144
174	108	146	150
167	117	151	148
166	123	143	142
153	126	144	139
142	131	153	143
135	140	153	152
132	151	150	139
134	151	144	141
134	151	150	142
133	150	147	132
124	142	154	131
115	127	152	138
121	116	150	138
124	107	144	138
123	101	146	143
121	96	145	140
123	86	153	139
132	76	150	127
145	68	139	129
159	57	137	135
171	53	135	132
184	46	134	131
196	40	123	134
200	38	125	142
201	39	125	135
198	37	127	131
205	31	122	134
216	28	123	137
226	31	121	134
232	31	117	134
240	34	117	133
247	38	113	134
241	35	118	135
248	40	116	131
243	39	124	131
252	41	116	126
262	44	114	129
268	49	117	124
283	51	115	130
293	54	117	132
304	60	110	127
308	61	110	123
314	63	111	120
321	67	106	121
327	73	107	119
331	79	111	122
343	85	109	122
351	90	106	119
358	94	106	120
369	97	102	114
378	101	107	116
388	107	106	115
399	109	112	118
413	111	111	115
420	114	113	118
423	120	109	113
422	121	113	115
419	127	112	110
418	123	119	106
425	119	119	109
433	118	120	104
434	114	124	109
440	105	127	116
455	103	121	113
457	107	114	115
459	104	115	116
463	104	115	111
464	101	119	112
468	97	122	113
470	94	127	113
481	89	124	114
491	84	128	121
499	80	136	121
512	76	121	121
512	78	126	122
515	73	125	129
518	75	120	127
517	77	122	126
515	82	125	125
508	84	131	128
506	88	129	125
501	92	135	123
497	99	134	120
494	100	131	121
490	103	129	124
482	111	136	127
480	121	134	127
480	136	130	124
475	153	135	121
470	171	138	130
469	194	126	125
465	217	124	122
462	231	122	122
459	248	123	103
455	256	122	98
460	268	115	87
443	273	128	84
443	277	124	83
437	279	129	79
435	280	123	78
434	280	121	76
431	280	122	76
428	282	120	74
427	282	119	74
425	276	121	82
424	276	122	84
427	269	119	88
427	262	120	91
424	255	117	96
420	245	123	107
423	234	116	114
426	226	108	119
420	218	114	126
418	210	114	120
417	201	114	119
414	193	116	118
414	184	120	115
417	173	121	116
420	163	125	115
421	148	130	120
423	130	130	121
427	103	131	129
436	80	131	129
440	53	132	137
445	31	134	149
452	8	143	140
457	-3	139	129
460	-3	132	101
472	0	116	92
477	0	112	84
480	2	108	78
481	0	108	84
479	-1	110	87
485	-1	104	91
484	-1	109	102
483	-1	110	111
470	-2	126	126
459	6	129	137
451	21	127	139
445	39	119	128
432	49	122	123
415	64	126	124
404	75	121	122
388	86	114	124
370	95	118	119
348	103	123	120
335	113	113	119
318	120	107	122
296	130	112	118
277	141	113	114
256	148	111	115
232	154	123	114
217	157	116	125
216	158	117	120
198	163	121	124
198	162	119	123
174	164	134	127
151	163	135	132
139	165	132	129
120	168	137	128
108	164	131	132
96	162	138	133
94	160	135	134
93	158	135	134
103	159	134	131
110	161	131	129
115	159	130	141
115	163	131	138
120	165	123	133
117	168	134	130
121	166	134	133
121	168	142	134
131	174	135	138
141	184	132	133
145	195	126	133
150	204	126	133
154	213	126	134
151	223	129	129
154	235	123	118
160	244	122	115
161	256	129	107
167	268	123	96
170	279	126	87
170	279	126	87
170	309	126	87
170	310	126	87
170	310	126	87
170	310	126	87
170	310	126	87
170	310	126	87
170	309	126	87
170	279	126	87
151	281	131	78
154	271	123	86
150	251	126	102
146	233	132	119
146	219	133	127
146	205	133	137
149	199	141	127
164	195	132	124
172	190	135	120
179	185	131	122
190	179	130	121
199	169	128	123
208	163	125	122
213	160	123	111
216	151	117	112
220	144	124	111
229	134	116	113
237	130	114	105
243	129	118	106
249	130	124	113
256	131	114	119
257	136	115	119
263	142	110	118
263	147	111	114
263	148	111	117
262	152	111	115
267	154	104	114
260	151	113	118
257	147	116	112
259	141	123	108
256	131	123	106
261	117	118	106
258	104	124	111
256	94	120	108
254	82	116	108
254	73	114	101
255	62	115	111
261	57	110	106
269	56	107	105
279	56	108	109
286	60	111	109
295	67	109	104
301	73	102	102
307	79	99	100
312	80	99	100
316	83	101	101
319	87	100	96
326	85	104	99
335	86	102	99
342	88	101	101
350	92	104	97
362	95	102	91
368	97	104	97
376	102	98	95
378	111	99	95
383	120	95	95
380	128	96	96
374	137	98	93
364	145	100	94
348	152	99	99
330	156	100	94
315	159	99	94
304	159	94	91
282	157	94	94
266	158	98	95
246	156	97	99
226	152	100	98
207	146	101	101
186	145	101	98
167	145	110	103
155	146	106	105
140	150	106	98
127	151	109	100
113	149	114	103
98	149	119	100
86	145	118	108
76	146	116	108
71	146	115	109
70	147	116	103
76	149	126	109
99	151	125	104
132	149	127	107
174	147	122	101
173	146	121	108
221	138	108	117
225	138	102	116
259	135	107	113
295	129	109	104
335	121	105	105
369	113	106	106
400	104	110	108
424	100	112	99
440	97	123	104
455	98	122	103
470	96	119	106
481	98	119	103
497	94	111	106
507	96	116	105
512	95	121	112
524	95	118	117
540	100	101	102
548	100	96	109
557	100	89	111
561	105	88	107
564	105	82	108
560	104	86	107
553	106	90	109
542	108	102	110
529	110	110	112
508	113	125	107
492	116	112	114
470	124	99	101
436	132	109	98
415	140	104	97
393	143	105	93
380	146	103	92
366	149	99	90
350	152	98	87
333	153	94	93
319	154	94	90
309	153	95	91
301	153	97	94
300	151	96	98
303	154	95	100
307	159	98	99
317	165	103	97
327	177	101	96
333	186	104	96
341	193	112	97
348	200	110	100
352	210	107	98
350	220	109	101
350	229	105	99
344	234	110	98
337	236	107	100
331	239	98	97
321	240	97	98
310	242	98	89
295	240	101	97
283	240	104	95
271	239	103	94
255	237	108	99
243	233	110	102
234	231	110	98
221	226	113	99
210	221	111	97
193	215	115	104
178	210	115	101
165	202	119	98
143	190	132	103
119	182	140	98
99	168	130	102
85	150	129	97
69	131	136	104
61	117	131	97
60	104	136	101
68	95	127	102
72	86	126	108
77	84	121	105
80	79	127	108
81	77	130	100
87	68	134	103
97	59	134	103
113	51	135	99
130	46	127	105
145	46	119	101
164	46	105	100
184	49	109	95
204	42	107	94
225	37	106	96
244	34	103	95
265	30	95	96
281	26	95	103
295	23	97	101
311	24	95	103
328	23	97	103
346	24	99	106
363	27	101	106
379	31	103	101
396	35	100	99
408	39	101	103
423	43	99	105
432	49	105	106
438	57	112	102
449	64	112	105
460	69	111	106
466	79	113	106
473	89	112	106
474	100	118	110
481	107	113	117
485	119	109	107
484	124	107	114
482	135	114	113
485	144	111	108
480	154	116	107
475	162	117	105
466	170	119	106
451	179	123	105
431	190	125	100
408	204	125	93
392	216	105	89
376	224	103	86
359	226	102	88
349	225	97	93
348	225	101	96
340	225	100	92
340	223	101	90
336	221	94	94
326	221	99	94
319	222	100	95
307	225	101	91
299	224	98	96
289	225	96	91
274	224	100	95
252	224	104	91
229	221	112	89
204	217	115	96
178	211	119	94
168	207	111	91
158	201	115	95
150	196	109	94
139	188	117	97
129	183	118	98
123	177	114	99
114	168	114	100
94	159	126	100
83	147	127	103
75	134	123	100
74	120	119	97
77	113	125	96
88	105	122	96
99	101	121	94
112	95	117	98
125	90	117	93
141	83	116	98
150	78	116	97
171	65	104	101
188	58	100	98
205	54	95	97
227	51	89	100
244	55	94	98
260	59	94	101
278	67	96	98
295	71	92	99
311	77	89	98
323	83	91	94
331	91	85	92
331	98	89	98
335	106	86	93
331	115	86	91
325	121	85	90
323	123	79	90
317	120	84	94
315	118	80	89
314	117	82	89
315	115	81	87
322	114	79	88
326	115	82	90
327	119	84	89
330	123	83	92
331	131	80	92
333	137	78	91
328	141	84	93
333	147	82	89
341	144	82	87
349	140	84	87
350	139	82	92
349	142	82	91
343	150	85	87
339	154	81	88
331	160	84	91
321	168	88	90
318	176	82	87
313	183	83	86
314	186	80	88
315	187	80	87
314	188	85	89
316	192	84	91
322	199	83	87
323	204	81	88
326	209	81	87
328	209	83	89
330	209	84	86
328	205	89	86
333	201	84	90
332	198	86	88
331	196	87	85
331	193	86	88
330	191	86	91
330	191	84	90
330	187	86	88
331	181	89	86
334	170	92	91
336	162	95	86
337	154	96	90
344	150	96	83
359	148	86	79
365	148	89	86
376	153	87	87
382	157	94	88
392	161	88	90
397	164	95	86
405	169	91	86
410	170	92	89
414	172	95	88
419	175	90	87
422	175	90	87
423	175	88	89
423	174	89	88
421	174	91	85
420	172	92	88
419	171	90	85
418	169	92	91
416	169	94	86
417	170	90	89
418	172	89	88
416	171	90	90
419	170	87	92
417	171	91	90
416	171	92	84
420	167	94	86
421	164	96	88
425	160	98	83
436	158	93	88
437	158	92	92
437	162	93	92
435	161	95	90
436	164	95	94
434	164	96	90
428	169	97	90
421	170	92	92
419	166	93	96
415	166	96	88
408	161	89	87
401	158	88	87
384	162	86	91
365	165	87	92
349	164	81	93
331	168	84	91
321	169	84	93
309	166	87	95
305	173	85	94
302	174	85	94
299	171	86	97
301	168	81	97
298	165	87	96
294	159	88	95
294	155	88	97
288	153	92	97
286	147	92	104
290	144	99	95
303	132	101	92
308	111	105	102
309	110	98	105
312	107	97	98
317	98	98	107
315	101	99	101
315	99	101	103
323	104	101	108
325	107	100	114
328	105	109	114
338	102	108	119
340	109	105	115
338	110	106	119
337	114	108	114
346	124	109	124
341	142	118	116
340	155	114	117
340	167	115	117
345	171	112	113
363	182	123	130
370	193	129	127
355	199	128	121
333	205	133	119
323	208	132	123
323	213	131	123
333	220	132	121
333	219	129	127
334	219	132	121
338	221	132	125
333	223	144	123
326	218	146	128
324	218	141	125
322	222	144	124
324	224	141	123
317	226	144	119
321	230	146	121
322	231	152	117
318	223	145	118
307	225	145	119
301	227	152	122
297	235	148	119
287	231	147	118
271	234	135	111
247	229	111	100
205	213	125	106
158	199	152	117
148	189	151	116
110	179	168	119
85	159	181	123
67	141	184	124
52	115	189	127
40	106	189	135
35	118	194	132
36	113	200	138
36	89	207	145
78	87	192	131
85	81	190	133
128	73	168	127
112	73	183	124
103	42	195	135
114	21	189	135
111	12	188	146
105	12	189	141
119	12	207	151
168	11	198	144
226	2	198	139
269	-6	208	136
334	-6	189	119
361	0	189	122
387	9	188	135
379	20	190	134
368	24	186	140
362	33	177	140
343	43	183	126
328	53	177	121
316	63	170	120
297	72	172	117
289	79	160	114
280	86	158	119
270	91	161	118
278	92	150	123
260	92	162	115
268	92	143	116
245	89	158	112
168	116	169	122
167	118	168	129
166	126	165	125
176	126	153	120
175	126	153	121
166	130	162	121
169	131	160	122
166	131	158	124
164	131	161	122
169	129	153	119
161	127	161	125
168	126	152	124
169	125	152	125
171	129	147	111
168	124	152	120
165	127	151	121
165	124	154	121
160	125	153	130
147	126	164	121
142	129	164	126
131	127	166	122
122	132	166	121
91	132	177	121
60	128	196	126
50	123	194	128
47	119	181	123
9	112	203	126
26	102	169	126
18	95	171	130
4	88	172	129
2	81	173	135
-1	77	169	129
0	73	166	131
1	69	168	132
1	68	159	127
1	60	166	129
1	55	171	133
4	47	168	137
1	40	175	138
2	29	174	135
5	20	180	144
6	14	183	142
6	3	184	151
4	-2	183	153
13	-5	172	124
21	-5	171	116
19	-6	177	111
7	-7	191	114
25	-2	179	103
32	-5	169	106
39	-6	163	102
56	-2	151	101
36	-3	176	110
46	-2	167	109
62	-4	151	117
46	-3	168	117
64	-4	153	121
69	-4	146	122
46	-3	169	122
62	-3	158	136
68	3	148	117
70	2	151	122
71	6	149	122
64	12	161	128
57	18	170	131
55	25	170	136
46	34	178	131
27	39	201	140
17	48	217	144
32	58	206	142
42	70	186	134
29	82	203	142
19	91	212	144
22	99	213	131
17	105	215	125
24	102	203	129
20	104	205	131
28	112	198	132
20	121	204	132
17	132	214	130
13	138	222	139
21	147	221	134
35	155	204	126
31	161	206	125
29	165	208	126
39	171	195	120
47	176	184	124
47	179	182	121
39	181	190	123
47	181	183	128
45	188	179	126
36	195	194	119
37	204	193	119
42	211	188	116
45	215	185	111
53	219	178	108
52	218	181	115
46	217	188	123
48	217	186	119
33	211	198	128
34	206	197	125
26	194	203	132
19	188	207	132
15	182	208	128
20	170	201	137
14	165	198	133
16	155	199	137
30	149	175	132
23	139	176	133
25	128	167	134
16	117	170	130
11	108	170	132
5	100	168	128
3	87	159	129
4	76	151	130
-1	72	148	132
-4	66	149	128
-5	60	148	131
0	52	142	138
-6	51	150	131
-2	49	147	136
-6	49	158	130
-7	50	164	134
-5	49	155	138
0	55	161	141
-2	55	166	137
-1	62	182	139
4	68	186	145
13	76	191	140
6	89	212	135
11	92	213	138
20	88	209	136
25	97	213	135
37	100	216	132
66	101	192	139
65	103	207	133
78	105	206	136
91	105	201	131
102	109	198	132
121	109	188	131
126	105	191	143
144	110	184	137
175	108	159	130
189	108	149	134
189	108	158	130
192	109	164	134
200	107	161	140
184	111	187	142
200	110	178	138
202	110	180	132
204	105	184	134
220	102	173	144
226	99	179	133
237	93	175	146
240	89	186	143
251	95	183	141
264	90	180	139
279	90	176	144
281	90	186	151
290	92	187	146
296	93	188	151
304	102	189	135
308	99	184	145
313	106	185	139
314	98	182	139
305	105	196	139
9	95	183	137
12	94	177	140
15	90	165	133
7	97	173	133
5	94	173	135
0	94	173	131
5	88	164	129
2	90	159	126
1	90	163	125
0	93	159	124
0	90	151	126
-1	92	148	124
0	93	152	126
-1	93	144	130
0	97	146	130
0	98	146	127
0	101	148	128
1	102	151	129
0	108	154	131
0	115	163	129
4	117	164	127
6	124	167	127
14	121	165	130
8	125	181	132
23	125	169	124
25	127	172	125
7	123	196	131
14	124	194	124
13	126	194	128
26	123	187	126
25	122	192	125
24	116	197	132
23	119	205	121
34	114	198	128
42	112	195	124
45	108	195	129
39	109	208	126
48	109	201	122
50	104	201	129
53	106	201	129
57	107	199	123
70	107	184	127
72	105	189	130
89	108	173	124
90	105	177	127
91	107	179	122
88	107	185	119
84	108	189	124
85	102	191	133
94	105	185	127
86	106	196	123
80	102	202	128
97	104	183	117
91	101	186	124
83	96	183	136
55	95	200	134
33	95	207	127
17	93	202	134
1	94	203	133
9	92	180	130
-1	92	173	129
-5	95	152	128
-14	97	126	118
-22	101	105	103
-59	136	105	103
-59	137	105	103
59	138	105	103
18	138	105	103
192	51	105	103
147	52	105	103
99	52	105	103
48	101	105	103
102	51	105	103
546	-2	105	103
138	-2	105	103
77	-2	105	103
77	-2	105	103
77	-2	105	103
77	-2	105	103
77	-2	105	103
77	-2	105	103
138	-2	105	103
137	-2	105	103
137	-2	105	103
137	-2	105	103
137	-2	105	103
137	-2	105	103
137	-2	105	103
137	58	105	103
137	57	105	103
137	118	105	103
77	238	105	103
259	56	105	103
257	115	105	103
318	54	105	103
317	115	105	103
-45	114	105	103
-13	144	105	103
22	126	118	108
41	123	134	123
43	117	154	134
34	114	186	132
39	108	207	128
60	99	203	140
64	94	213	132
84	94	208	136
102	94	196	132
109	95	200	137
121	91	193	140
129	96	193	140
136	100	192	135
140	103	198	138
148	104	196	134
154	106	194	139
162	108	191	138
166	115	192	136
172	114	191	134
164	120	202	137
171	127	193	140
164	135	192	141
157	145	186	136
134	148	194	141
129	146	189	142
132	145	188	135
140	148	183	134
148	153	179	133
168	159	170	130
190	159	162	137
210	164	156	124
223	161	161	124
234	153	165	126
252	144	166	123
271	130	161	135
281	124	160	136
299	120	152	130
313	113	150	136
324	110	153	133
333	111	154	136
339	115	162	130
361	117	150	135
367	125	156	146
361	147	144	147
341	162	140	144
334	167	144	129
348	156	145	132
373	139	148	128
390	122	154	138
390	126	160	139
380	131	158	147
367	133	160	128
369	133	154	123
357	110	142	135
353	111	152	131
338	112	152	141
318	124	148	129
304	124	132	130
283	124	141	133
273	129	131	133
258	128	137	132
243	121	145	131
228	113	145	126
199	103	138	123
165	83	148	127
164	59	141	128
162	40	140	135
156	33	136	146
160	34	132	133
144	35	134	145
137	42	138	143
144	49	142	139
146	52	135	137
146	52	135	129
139	54	132	131
128	47	132	144
128	51	133	138
127	54	131	143
127	62	128	141
141	71	125	134
145	80	122	127
139	79	115	135
133	88	120	133
138	99	118	131
143	112	120	127
151	116	111	134
161	128	106	116
159	135	106	114
157	137	102	116
151	139	105	116
148	146	103	117
148	150	101	112
143	145	96	112
121	139	100	105
121	134	101	108
125	140	100	105
129	147	106	105
145	153	100	106
157	159	105	106
173	171	100	103
186	185	87	99
180	199	90	100
174	212	89	99
182	226	89	98
197	236	92	97
210	247	94	92
222	250	90	89
230	252	90	90
243	251	76	86
248	246	78	85
252	239	80	82
254	221	88	83
292	204	81	76
320	189	79	85
340	178	82	77
354	161	86	82
372	150	80	84
378	143	80	84
386	137	75	83
388	131	85	80
404	125	77	81
406	122	81	81
412	116	82	85
426	115	80	87
426	118	83	90
426	123	80	88
424	127	77	85
421	133	77	83
413	138	79	85
409	146	77	85
409	159	79	85
406	173	77	86
408	185	75	80
412	194	76	81
413	201	75	80
417	204	74	81
414	213	75	83
414	222	71	82
419	230	70	77
422	235	70	80
425	240	69	82
428	243	73	77
432	242	71	82
430	238	76	77
436	226	78	75
447	209	75	79
452	203	73	75
453	196	70	79
455	194	70	78
459	190	68	77
461	182	70	81
464	176	73	80
469	166	77	80
477	158	74	80
483	151	68	81
481	149	70	79
480	148	71	81
472	150	72	81
472	151	71	79
476	152	70	79
473	153	70	80
474	151	78	81
481	153	76	82
483	156	71	80
483	158	73	80
480	162	71	81
476	166	73	81
473	167	72	84
473	168	71	82
472	169	72	83
467	174	77	81
466	178	73	79
458	184	72	77
456	184	77	83
450	190	72	83
448	191	77	85
444	195	73	82
445	196	73	80
440	196	72	81
437	196	70	83
431	192	71	85
424	191	73	78
419	188	70	78
412	184	70	76
407	178	74	79
400	175	76	79
397	172	75	80
392	169	80	80
388	166	77	83
385	164	77	82
383	158	84	89
385	156	81	90
383	158	80	88
383	157	83	90
385	157	81	88
386	158	85	89
388	157	88	90
396	157	87	93
401	162	87	92
410	161	85	102
416	169	86	100
422	173	85	106
423	178	92	105
424	178	97	108
431	180	95	107
434	182	96	102
435	180	99	105
437	176	101	105
441	178	100	107
440	178	101	115
440	174	103	113
443	173	102	118
442	174	108	115
440	176	115	109
444	178	107	109
443	181	112	107
439	186	113	106
436	189	109	116
434	192	111	108
435	193	106	112
433	193	110	110
433	193	109	109
434	192	111	107
438	195	104	109
436	195	103	112
433	195	105	109
432	192	102	108
432	187	102	108
431	184	97	108
431	182	94	108
428	186	93	102
424	188	93	98
419	190	96	97
419	186	89	95
417	182	89	89
418	170	90	92
423	162	89	88
433	158	82	90
431	154	86	92
433	155	82	92
428	161	78	85
425	160	79	87
424	158	85	84
431	152	81	87
437	148	82	85
446	146	84	84
455	147	78	86
461	146	85	84
475	149	85	84
484	152	85	90
490	158	84	94
498	167	81	95
497	176	81	92
498	179	82	92
507	178	88	86
524	173	87	85
522	171	90	86
519	166	90	92
518	169	87	95
512	171	91	88
504	168	91	87
491	160	89	87
489	141	91	95
488	129	94	95
472	119	98	98
447	109	116	109
416	103	119	110
391	94	109	109
356	86	107	110
332	74	93	108
301	68	93	106
273	60	100	109
241	63	106	100
207	63	113	111
174	64	112	117
136	72	130	116
98	73	139	131
66	82	138	125
43	88	152	124
5	81	168	151
0	91	157	141
-4	88	151	147
0	87	154	140
7	82	157	141
17	79	174	136
42	73	173	131
63	64	172	134
105	62	151	124
142	55	142	121
188	45	122	118
233	37	112	120
268	34	116	117
300	32	109	120
333	38	107	120
367	47	111	120
367	49	108	110
402	62	97	111
404	60	93	120
439	75	87	115
469	97	94	110
488	120	97	107
503	139	98	111
504	150	94	101
483	160	98	98
470	179	95	93
448	196	102	98
446	201	92	99
449	202	81	94
444	204	86	91
440	204	80	93
432	201	81	95
424	196	83	93
418	190	84	94
411	184	86	88
409	169	88	90
405	157	91	91
398	146	90	97
392	130	90	96
391	117	90	96
384	104	93	97
381	95	91	95
379	86	91	96
378	78	99	100
383	72	92	104
387	69	94	102
396	68	96	106
407	69	104	108
423	71	105	115
440	77	113	114
452	84	109	114
466	94	105	114
475	105	108	117
479	120	112	120
485	135	113	116
486	156	105	110
481	172	106	114
479	191	113	108
475	210	104	104
473	225	99	104
468	240	101	106
458	259	104	95
438	281	108	75
419	305	102	60
393	332	102	60
393	331	102	60
393	331	102	60
393	331	102	60
393	330	102	60
393	330	102	60
393	330	102	60
393	330	102	60
393	287	102	60
418	272	89	76
422	258	84	87
420	245	86	92
419	230	92	96
427	216	91	93
430	202	88	94
427	184	94	97
432	170	99	91
437	149	96	102
443	133	96	97
453	115	88	90
457	89	89	90
466	61	90	88
472	35	94	93
474	9	106	104
485	-2	108	102
498	-5	104	97
513	-5	92	87
525	-4	85	81
531	-2	90	83
533	-2	101	93
536	0	104	106
536	5	104	110
544	13	98	112
556	21	87	117
558	43	93	93
575	37	73	87
603	65	73	87
424	35	73	87
269	97	73	87
73	260	73	87
72	259	73	87
73	260	73	87
73	260	73	87
72	259	73	87
280	134	73	87
237	134	73	87
237	134	73	87
625	85	73	87
625	88	73	87
624	86	73	87
568	142	73	87
575	37	73	87
549	115	94	101
539	117	103	112
528	124	112	113
523	131	112	109
513	135	117	113
508	142	114	111
505	152	114	110
503	158	110	106
501	162	111	110
501	173	109	106
500	180	110	109
500	196	108	108
490	213	120	110
489	224	112	109
489	234	110	103
489	239	106	108
491	244	103	106
488	249	107	101
486	254	104	96
484	255	107	99
483	257	106	96
485	257	103	96
486	258	102	91
486	255	103	91
483	253	107	98
485	247	107	98
489	242	112	103
499	239	115	98
508	235	124	101
523	228	115	121
559	229	87	115
593	229	87	115
411	229	87	115
182	190	87	115
182	192	87	115
224	192	87	115
223	191	87	115
269	191	87	115
270	192	87	115
271	194	87	115
271	194	87	115
271	194	87	115
269	192	87	115
269	192	87	115
269	192	87	115
269	192	87	115
269	192	87	115
269	192	87	115
269	192	87	115
269	192	87	115
269	192	87	115
269	192	87	115
269	192	87	115
269	192	87	115
269	192	87	115
209	192	87	115
209	192	87	115
149	192	87	115
149	192	87	115
89	192	87	115
452	192	87	115
453	221	87	115
431	204	98	106
420	198	96	102
412	188	94	100
405	180	94	97
400	170	92	101
395	162	98	99
393	154	100	101
396	139	106	105
397	133	98	103
397	126	98	108
401	121	97	109
399	121	100	104
403	121	98	102
403	123	101	98
403	124	101	104
415	125	98	102
431	126	99	108
447	126	101	113
476	134	107	92
513	140	121	103
550	160	97	109
582	192	97	109
376	20	97	109
197	237	97	109
158	160	97	109
198	161	97	109
198	160	97	109
199	204	97	109
245	251	97	109
244	250	97	109
245	251	97	109
243	196	97	109
243	195	97	109
245	197	97	109
243	195	97	109
243	195	97	109
183	195	97	109
183	135	97	109
183	196	97	109
183	195	97	109
123	195	97	109
123	195	97	109
63	195	97	109
515	224	97	109
500	215	102	104
480	208	105	103
467	200	105	102
460	191	97	107
449	184	96	106
438	178	99	105
429	171	100	109
423	161	104	110
417	154	102	109
413	142	106	110
403	133	107	109
392	125	109	107
388	115	105	108
380	104	102	112
375	95	105	108
370	84	106	112
368	75	99	113
360	67	105	117
354	60	106	116
351	54	103	112
346	49	103	113
338	46	106	115
327	37	112	124
325	32	104	122
321	30	107	123
315	24	105	129
313	22	105	131
307	22	112	123
301	19	113	128
293	22	116	127
285	23	122	132
277	26	114	133
268	25	119	141
257	29	128	139
246	34	127	140
230	38	132	141
224	42	124	133
224	44	128	134
208	46	136	135
209	42	139	148
204	50	127	140
193	55	136	135
186	59	136	133
186	58	131	146
182	62	136	145
177	69	138	142
175	75	134	139
167	78	137	146
159	84	135	137
147	87	147	138
136	88	147	139
119	86	153	146
101	85	156	147
91	82	144	148
76	80	149	150
61	77	159	155
44	73	164	162
31	69	176	168
21	67	177	166
11	64	183	167
6	63	175	166
4	59	171	174
1	57	171	177
1	56	173	180
0	56	177	178
4	57	172	162
2	54	177	172
23	43	177	154
15	35	189	167
11	27	191	167
2	26	198	162
2	20	192	157
2	15	193	161
1	8	194	168
9	8	186	160
8	9	195	158
15	8	200	171
26	20	197	179
41	23	193	171
55	38	180	162
71	41	171	159
83	53	164	156
87	61	160	160
91	69	155	160
93	74	160	158
99	80	153	155
105	86	153	148
114	96	153	147
123	103	146	144
127	112	139	148
132	121	137	140
132	130	137	140
127	141	141	133
116	149	138	143
100	160	141	144
91	167	139	149
85	176	139	144
82	185	138	136
74	188	143	140
75	196	139	135
73	204	139	132
67	209	144	134
61	215	144	132
57	216	144	136
53	219	149	137
52	221	142	137
49	220	145	133
48	216	150	130
45	211	157	131
51	201	152	137
53	192	153	143
58	182	148	150
60	170	147	158
60	166	150	140
67	152	147	150
75	145	148	139
80	136	148	149
84	128	150	143
88	121	151	141
93	114	154	145
104	111	146	144
122	110	135	138
129	105	139	142
139	106	138	134
149	100	138	141
159	98	139	139
169	93	135	139
174	90	140	140
186	87	136	133
190	80	141	133
201	75	136	138
206	73	142	129
221	70	130	124
229	63	130	132
243	55	121	134
254	50	124	137
268	47	124	132
282	43	119	132
294	43	117	134
309	45	112	128
320	45	119	129
333	48	119	135
345	51	120	133
358	56	117	133
369	62	120	127
381	67	113	135
392	76	119	124
404	84	117	132
407	93	127	131
415	104	127	128
424	116	128	122
435	121	121	126
443	127	128	121
444	124	125	122
456	128	122	128
457	129	123	122
464	129	136	128
473	133	141	122
483	131	139	125
489	128	141	126
498	124	136	128
503	123	135	124
504	117	136	127
511	111	127	129
519	107	119	127
514	99	125	128
518	93	117	129
510	91	127	124
506	85	130	126
501	83	131	123
495	82	139	124
493	86	135	125
485	93	142	125
481	98	136	123
471	106	150	129
467	116	147	130
467	123	138	134
469	134	132	130
469	141	128	132
469	149	132	130
472	158	132	125
474	164	135	131
479	171	129	127
478	178	129	126
476	177	134	127
474	182	134	131
474	186	131	120
471	185	123	122
466	187	122	116
455	182	120	119
445	176	119	121
431	171	126	121
424	166	126	122
418	161	119	121
408	161	120	116
399	162	119	120
394	167	112	120
382	173	116	123
373	181	117	126
364	189	118	127
359	198	112	127
349	206	115	125
345	212	112	122
338	214	114	132
325	224	112	127
317	230	109	119
308	230	109	121
295	237	113	115
289	243	109	112
281	245	110	109
261	251	115	108
251	250	109	112
232	252	117	104
221	251	110	106
204	248	118	108
195	251	108	103
174	264	120	90
148	245	138	111
137	248	133	111
127	252	126	108
102	262	127	97
80	253	144	105
64	250	148	109
44	249	153	109
21	236	168	120
10	229	162	129
-5	221	166	130
-9	213	156	135
-3	203	132	138
-11	206	136	123
-3	181	117	146
-27	165	134	164
-8	149	112	163
-19	152	136	131
-12	132	118	143
-22	119	117	142
-6	104	105	147
-2	91	98	141
-23	82	136	131
-6	60	111	152
-1	45	111	149
-4	28	124	151
5	17	116	149
-3	3	139	157
-4	0	155	152
-3	-1	170	144
8	-4	171	137
28	-8	166	137
52	-4	153	127
75	-2	140	120
92	-4	135	119
109	-1	133	115
130	-2	124	121
139	0	129	122
150	0	133	126
158	-5	127	138
165	0	129	127
177	0	122	136
189	0	126	142
204	1	122	143
220	9	122	133
233	11	124	135
251	16	121	128
272	21	119	126
290	28	114	127
309	32	113	131
325	40	114	128
338	46	111	131
349	54	111	130
359	61	114	128
369	71	112	128
374	83	115	125
385	92	107	124
395	100	108	125
407	110	109	122
407	108	109	129
418	118	114	128
422	119	110	127
432	128	114	123
443	138	113	121
450	143	119	118
460	145	120	118
465	148	123	120
475	148	118	121
482	150	119	117
490	152	120	115
495	155	121	115
496	157	129	118
494	162	138	122
497	164	132	123
497	170	126	120
495	170	116	122
491	174	117	116
487	174	116	114
483	175	118	109
476	171	116	115
470	173	112	111
463	175	113	115
455	174	109	118
452	174	106	117
446	177	104	111
435	175	111	118
432	176	102	116
422	173	106	120
416	177	105	115
402	183	112	115
390	190	110	114
380	194	107	114
367	199	109	114
356	207	108	111
339	213	117	114
326	219	111	110
313	223	106	106
296	225	111	106
277	227	111	103
256	225	108	109
238	223	115	110
227	222	110	113
210	220	113	119
196	216	111	122
187	213	112	123
181	208	111	123
171	202	120	122
167	192	121	122
164	182	117	121
156	170	121	118
149	158	121	113
148	142	129	111
147	128	126	113
142	114	130	112
149	92	129	115
165	82	125	116
178	73	123	113
196	64	116	114
207	60	124	107
225	55	119	114
234	52	123	112
252	51	117	104
267	49	110	106
276	51	101	102
280	58	99	97
283	61	102	99
292	66	102	101
302	72	94	98
306	80	92	93
309	81	88	91
308	76	87	89
303	80	85	87
305	85	82	91
317	91	87	91
326	102	81	89
336	110	83	95
352	117	82	97
367	124	85	94
380	131	90	100
396	136	87	95
418	139	81	91
439	141	85	92
453	139	87	93
480	142	79	93
504	149	90	89
513	152	97	94
533	157	96	101
547	161	93	103
560	171	81	94
568	177	74	94
565	181	78	92
562	183	82	93
557	183	83	98
555	183	85	94
541	183	96	95
532	182	93	93
518	180	98	95
504	180	94	92
491	174	91	93
481	172	88	89
468	168	85	94
455	164	92	93
449	161	83	91
441	155	81	89
434	147	87	87
433	145	85	86
430	142	86	88
428	140	85	90
426	138	86	93
426	140	86	91
425	138	88	94
426	142	89	89
432	140	87	88
433	141	88	90
433	145	89	86
431	143	86	91
415	139	87	98
395	137	89	90
373	132	91	96
359	131	84	89
358	130	88	89
354	129	84	88
351	129	89	88
358	133	85	91
356	132	85	91
361	137	84	93
369	145	90	91
374	152	86	90
382	157	84	90
393	161	83	93
400	165	89	88
414	168	85	89
422	170	91	87
426	175	94	85
431	175	93	86
437	175	95	89
447	174	96	91
455	172	93	92
457	168	97	92
472	165	89	94
472	161	98	95
480	162	98	94
489	162	98	99
495	165	102	97
504	167	104	98
513	170	116	100
519	173	117	101
529	175	108	106
531	181	105	103
533	186	104	100
531	187	105	103
532	186	106	108
525	189	111	98
524	189	111	93
516	188	118	100
510	187	124	94
500	185	108	97
494	183	111	98
493	182	96	102
483	180	98	103
476	180	101	91
464	180	105	98
462	180	99	106
452	185	91	103
433	188	87	106
421	186	89	93
412	187	87	93
399	188	93	90
384	192	97	88
381	193	94	95
377	199	95	99
373	203	95	101
376	200	93	96
371	196	96	99
350	187	102	104
335	179	98	98
332	164	98	99
333	153	101	97
342	143	113	98
357	127	104	105
361	121	104	103
351	116	101	108
348	119	107	105
329	125	108	105
323	129	100	105
332	133	101	114
357	137	104	110
369	135	105	111
354	131	109	117
335	130	111	129
316	143	112	118
294	148	113	118
271	149	114	128
253	152	112	125
243	153	110	117
232	146	119	119
235	145	114	109
245	147	121	122
255	158	123	123
262	161	122	122
271	163	128	119
296	166	121	112
320	167	132	115
360	163	128	117
387	157	145	124
413	150	149	128
424	139	154	127
433	128	151	134
426	115	149	131
418	110	144	125
405	110	151	131
397	114	150	130
393	114	150	128
397	123	154	128
394	119	150	125
386	118	153	133
381	122	160	130
381	129	152	122
381	133	154	127
388	141	157	124
399	141	162	128
441	147	165	141
459	158	176	133
448	143	182	132
441	118	180	141
425	98	182	139
420	82	180	124
414	70	175	126
406	69	164	128
395	73	160	134
374	82	173	136
357	98	178	133
344	112	173	132
333	131	152	126
313	120	167	119
309	110	161	128
303	105	157	121
294	109	152	121
273	113	162	122
258	114	167	119
257	113	145	123
230	113	150	117
210	104	154	123
204	106	163	120
189	103	166	119
193	101	166	119
181	98	166	119
174	95	164	125
172	99	171	119
171	102	178	121
171	107	173	121
185	109	166	120
199	110	168	121
207	106	169	116
244	99	150	114
252	92	166	120
249	85	167	120
245	76	165	118
236	78	166	115
232	82	168	116
229	81	168	119
220	91	166	114
217	95	167	120
216	100	161	121
196	107	171	116
172	112	176	112
168	113	161	112
148	106	166	116
127	106	173	116
96	98	186	124
83	101	184	127
73	102	193	121
56	105	191	119
47	105	194	125
22	104	213	134
23	105	204	135
27	112	195	136
22	115	195	138
11	117	206	134
22	113	189	138
10	117	191	134
10	107	195	139
21	105	183	138
21	98	176	137
20	93	171	136
13	84	188	141
7	76	185	143
8	69	179	141
6	62	188	140
5	58	196	135
3	49	205	133
18	45	221	136
15	38	227	136
6	28	236	142
12	24	239	138
23	29	227	129
43	23	203	130
34	25	212	141
40	29	218	140
69	34	201	131
78	33	187	137
76	34	185	135
75	38	185	136
65	43	186	132
67	45	176	131
64	50	176	135
56	53	177	139
47	60	178	131
25	60	203	135
25	62	195	131
17	62	207	137
11	61	202	128
13	61	201	136
12	61	196	137
13	63	197	136
15	63	195	138
14	67	200	128
16	71	202	133
26	74	197	131
37	72	190	131
38	71	185	132
37	73	188	130
40	75	184	129
41	76	180	137
35	85	187	129
41	88	185	128
43	94	186	126
47	102	175	123
46	105	181	125
51	110	174	128
49	110	178	130
43	109	175	126
42	110	177	119
35	101	174	129
27	99	185	128
26	101	187	126
31	102	179	128
31	106	180	127
35	109	180	129
46	115	169	124
45	114	171	130
42	115	170	131
41	123	172	123
45	126	167	119
40	124	173	125
39	126	170	125
37	128	174	126
39	128	171	122
40	130	172	123
42	130	173	125
50	136	171	112
61	137	166	113
74	134	160	119
84	134	157	116
88	131	156	121
88	132	154	121
86	133	154	119
87	131	148	119
83	130	152	120
73	129	155	120
66	125	153	121
60	123	157	125
54	119	154	127
42	121	167	123
46	121	161	121
45	120	165	123
47	118	157	129
41	121	166	122
51	122	163	124
59	127	163	122
66	130	162	124
73	132	151	114
69	129	157	120
70	127	158	120
76	130	159	119
77	127	158	122
73	122	155	122
71	123	164	120
74	117	159	123
74	119	151	121
78	118	149	123
70	117	157	122
67	116	153	124
63	114	156	125
60	114	165	128
68	118	158	124
69	119	158	124
74	117	153	126
70	120	158	124
67	117	153	123
64	114	161	126
66	114	160	119
69	111	164	119
72	106	164	125
74	102	157	127
73	98	155	130
74	99	154	126
60	96	164	131
54	96	167	129
59	90	161	136
53	94	164	131
52	94	163	130
50	95	170	127
48	95	173	130
51	96	173	126
50	94	173	131
50	93	171	125
52	96	173	126
59	92	164	132
54	95	168	126
51	93	177	125
56	88	173	128
56	85	180	125
59	80	179	122
56	70	183	136
53	70	180	131
54	66	184	129
57	65	175	135
50	72	191	133
64	87	182	131
62	102	188	125
65	112	186	130
64	120	192	131
59	128	187	129
60	132	191	129
66	139	191	126
60	137	190	138
55	150	200	129
62	156	192	124
65	161	183	127
54	163	195	132
50	159	194	132
34	158	193	141
9	166	209	147
1	169	204	141
5	165	192	144
7	167	180	147
7	165	177	144
5	155	178	149
0	145	182	145
0	139	185	148
4	128	187	140
5	119	182	138
6	109	185	151
5	101	182	148
5	93	186	140
15	97	180	133
14	91	183	137
11	90	192	139
1	94	209	144
1	100	216	142
5	108	216	142
15	113	217	139
42	122	200	138
64	124	189	132
90	122	189	131
114	110	184	132
147	103	175	126
173	88	169	124
197	75	163	121
224	57	151	126
250	46	149	135
259	42	167	133
271	31	166	133
288	23	170	134
301	28	170	136
308	26	171	137
302	35	164	143
290	50	153	145
264	63	154	144
222	82	157	134
216	88	152	129
210	88	164	132
212	87	155	135
215	80	163	134
213	75	153	129
202	69	152	134
194	73	146	132
187	71	143	135
187	73	150	127
202	71	144	126
215	70	140	126
226	60	138	128
244	48	133	128
253	47	136	126
262	42	140	128
263	44	133	131
264	49	128	139
263	52	130	135
249	73	126	132
237	65	136	131
247	54	139	121
263	43	136	124
272	41	138	122
268	50	131	129
260	59	115	123
237	60	124	117
226	51	128	120
209	38	133	117
201	20	138	116
225	13	134	126
256	19	114	122
280	19	107	127
300	23	108	127
325	34	111	126
352	41	103	129
372	45	105	123
382	46	110	114
396	42	106	114
415	37	110	112
433	33	114	117
441	34	122	124
453	46	123	123
461	53	120	127
471	70	119	122
478	87	122	120
481	103	127	126
494	116	119	126
505	134	110	120
503	147	116	119
507	160	118	115
510	166	118	113
513	176	115	114
508	184	124	109
506	190	127	111
502	189	133	115
504	196	118	110
500	192	118	108
506	190	110	103
505	186	113	106
505	182	112	108
505	175	111	109
502	170	113	105
500	160	117	108
503	148	118	108
507	130	132	111
520	114	123	113
525	100	118	112
540	91	108	110
540	84	106	113
549	81	97	113
550	84	96	118
550	91	96	112
546	98	101	116
533	106	109	125
519	117	119	119
515	121	116	119
512	131	118	116
512	131	116	115
510	137	120	118
511	138	122	123
515	144	117	119
513	149	119	118
515	151	116	119
515	158	113	117
511	157	120	116
506	163	115	116
501	170	113	115
502	170	115	112
498	171	110	115
496	175	110	113
492	172	113	121
487	179	105	112
480	178	108	118
482	177	105	112
478	177	108	113
479	178	104	110
476	176	109	112
478	180	103	105
474	179	105	106
475	176	101	107
477	175	100	109
476	176	102	103
475	173	105	107
477	174	101	103
475	173	106	108
476	172	107	113
475	172	108	111
462	168	104	114
460	172	104	106
459	173	105	108
461	175	99	106
459	176	99	104
460	174	99	108
459	172	99	109
460	170	100	107
459	170	101	108
459	170	99	103
460	167	99	113
459	169	102	105
460	167	98	111
460	165	98	115
457	165	103	112
454	166	102	108
452	169	103	103
449	164	104	111
450	162	102	109
448	165	103	103
443	166	101	104
443	164	102	106
436	167	96	102
431	168	101	100
425	173	98	100
419	180	100	101
412	187	98	105
407	193	101	111
404	207	95	112
404	222	95	105
400	225	97	106
394	223	94	107
384	220	91	108
373	219	93	107
365	211	91	112
355	209	89	105
345	209	96	101
333	206	103	106
331	208	98	104
323	207	97	106
306	206	102	105
291	201	100	108
279	200	96	108
272	201	106	111
271	204	100	111
275	208	101	115
276	216	104	113
280	225	106	109
290	228	101	112
291	231	103	116
292	238	101	114
291	243	99	106
292	241	101	105
294	237	105	111
303	232	107	107
313	224	113	105
332	212	111	109
344	204	117	114
357	193	122	115
375	181	124	117
395	168	120	123
406	160	125	121
422	151	122	123
433	144	123	124
447	135	125	131
450	132	132	129
442	126	132	129
437	115	133	133
427	114	129	128
408	110	128	128
393	108	131	126
373	106	133	125
357	111	129	114
351	107	126	114
349	100	124	117
347	103	120	122
346	110	125	123
354	115	129	126
364	121	125	123
375	123	125	125
380	126	131	118
390	124	126	122
398	120	131	128
399	124	129	127
396	126	127	129
392	129	126	129
386	131	128	132
380	137	124	122
378	143	121	115
378	143	123	118
381	145	126	124
388	148	124	122
394	150	127	119
400	152	124	122
405	152	121	119
408	154	125	118
411	152	127	122
412	150	126	122
414	149	128	125
416	148	122	122
414	149	126	125
415	147	124	128
417	150	126	119
417	152	127	118
419	149	126	119
417	149	125	116
414	147	128	122
416	143	128	124
412	142	129	123
409	139	127	128
410	139	130	125
407	142	126	121
402	139	127	124
403	140	126	119
404	139	126	124
402	140	128	122
407	137	120	122
405	138	127	124
407	138	123	120
401	138	125	124
399	135	122	129
391	138	124	123
380	139	115	130
376	144	115	118
368	145	114	119
360	146	119	119
369	148	108	114
369	148	106	120
367	148	107	118
370	151	108	121
377	158	104	121
374	168	107	112
374	174	106	110
372	180	102	110
364	186	111	110
359	201	111	108
345	208	107	120
344	218	96	111
339	226	97	104
340	225	99	102
344	222	101	100
344	224	101	98
351	220	98	95
351	221	97	98
356	216	102	102
361	214	105	102
374	214	103	108
386	216	107	109
404	218	104	111
421	220	105	113
438	226	107	108
458	228	108	111
464	229	113	108
469	230	120	105
474	229	113	103
471	230	113	102
471	228	112	99
466	227	114	100
459	224	116	105
457	220	111	107
456	218	111	107
455	217	109	104
452	217	107	104
448	214	112	102
447	214	105	102
438	213	109	107
441	213	110	101
437	213	112	105
436	212	110	109
438	212	108	100
437	212	111	101
435	211	112	100
434	208	111	104
436	208	106	102
432	206	110	105
434	204	110	103
436	205	111	101
432	200	112	113
435	202	109	105
433	201	111	109
434	202	110	107
433	204	110	103
430	203	114	104
428	201	114	108
428	201	112	106
431	202	109	102
431	203	109	102
431	203	108	104
430	202	111	103
429	202	113	101
430	202	112	104
429	200	113	103
428	201	113	101
429	200	112	99
429	199	110	104
424	200	109	104
422	196	111	106
423	196	107	106
421	194	110	106
422	193	109	106
421	193	109	105
420	194	109	109
421	193	107	109
421	195	110	102
420	194	110	103
418	193	111	106
420	193	106	102
419	192	109	106
416	190	111	106
418	190	109	103
419	190	107	112
415	189	111	107
414	190	109	107
411	189	110	107
412	187	109	112
410	188	111	112
412	190	107	103
411	189	111	107
412	189	110	109
415	191	106	103
412	193	110	105
411	192	112	105
411	191	111	105
410	190	110	105
409	192	112	102
409	189	108	106
407	188	109	101
405	187	106	106
403	185	106	107
400	183	108	104
398	180	109	105
397	177	108	113
394	177	113	105
392	175	111	109
389	174	113	106
393	173	109	108
390	172	112	110
390	173	109	108
389	172	111	113
385	174	116	112
385	178	110	108
382	176	113	113
379	175	118	105
380	173	117	106
384	172	110	107
383	172	113	112
383	172	118	107
386	169	114	109
390	169	116	108
394	167	117	109
397	165	118	114
403	166	113	114
402	168	123	114
403	171	119	112
403	174	118	113
402	175	116	114
405	177	115	106
405	177	115	114
403	177	121	109
404	178	118	112
