0.841563
0.073908
0.068699
0.061114
0.068155
0.059894
0.071689
0.074302
0.058498
0.070950
0.063492
0.065131
0.064242
0.067268
0.063851
0.065927
0.063578
0.062221
0.063949
0.066123
0.068264
0.059930
0.059588
0.054851
0.053702
0.061883
0.059494
0.051266
0.061184
0.053618
0.078319
0.065942
0.059772
0.058511
0.051219
0.053331
0.059927
0.059514
0.057760
0.053347
0.068890
0.053048
0.060307
0.049026
0.063224
0.059185
0.063829
0.062672
0.058645
0.059301
0.077042
0.056576
0.054902
0.060610
0.058541
0.059755
0.052866
0.060024
0.049289
0.049664
0.080511
0.058397
0.060254
0.052598
0.047944
0.052953
0.046331
0.051525
0.054310
0.047519
0.073545
0.047992
0.050209
0.052953
0.059906
0.052582
0.053447
0.061362
0.060595
0.053815
0.089537
0.059731
0.059659
0.054954
0.059121
0.064316
0.060580
0.058170
0.056415
0.051765
0.085988
0.056806
0.055225
0.051340
0.052526
0.051449
0.050995
0.054226
0.048101
0.048220
0.073622
0.045096
0.057442
0.059256
0.049655
0.053927
0.054975
0.052047
0.056367
0.050736
0.050881
0.055737
0.065540
0.059903
0.052236
0.058502
0.059249
0.062193
0.068008
0.062654
0.079397
0.050658
0.049834
0.061208
0.057031
0.056878
0.054329
0.048630
0.050410
0.052148
0.079698
0.049716
0.050098
0.047951
0.051278
0.054747
0.050271
0.055492
0.049531
0.051615
0.056548
0.063468
0.060503
0.064255
0.052291
0.054793
0.053069
0.048600
0.055419
0.051807
0.074817
0.054501
0.052221
0.052979
0.054143
0.051416
0.055949
0.060852
0.060812
0.050824
0.048960
0.049989
0.049712
0.057635
0.050759
0.056302
0.051618
0.057502
0.048808
0.054273
0.049152
0.049454
0.050140
0.050483
0.051620
0.060519
0.056729
0.058257
0.050205
0.048048
0.078739
0.050532
0.053559
0.059377
0.050658
0.056003
0.062697
0.065358
0.052210
0.059440
0.085759
0.061610
0.048829
0.064078
0.051357
0.050379
0.059537
0.056792
0.050141
0.055407
0.094336
0.052151
0.052393
0.051737
0.052442
0.054168
0.058768
0.059669
0.054532
0.056205
0.088216
0.049182
0.050901
0.050964
0.060635
0.052621
0.053982
0.053681
0.059869
0.052696
0.092263
0.061321
0.052520
0.052561
0.050469
0.062936
0.052896
0.062461
0.062315
0.059505
0.088772
0.060263
0.053592
0.056785
0.051430
0.052114
0.052638
0.047943
0.056615
0.053555
0.086908
0.051906
0.051801
0.053517
0.045445
0.054185
0.056337
0.048305
0.049650
0.055392
0.092774
0.052076
0.053738
0.059302
0.054222
0.049443
0.056677
0.051387
0.055844
0.048023
0.093839
0.051495
0.056482
0.047782
0.045348
0.044547
0.046173
0.055622
0.054578
0.055764
0.091402
0.041579
0.057317
0.056868
0.057405
0.040686
0.039984
0.039439
0.040180
0.039400
0.079623
0.043384
0.056059
0.057059
0.057406
0.057937
0.057513
0.056200
0.048205
0.044771
0.087266
0.048641
0.061784
0.058826
0.060493
0.058539
0.058271
0.039882
0.041616
0.041192
0.079866
0.041462
0.040986
0.042305
0.043041
0.043096
0.042813
0.043435
0.040341
0.041150
0.081430
0.040691
0.042064
0.048014
0.041975
0.039692
0.040200
0.039844
0.041161
0.040838
0.079157
0.054926
0.044876
0.045502
0.044951
0.046493
0.050254
0.042649
0.040121
0.041099
0.091907
0.045806
0.052566
0.051727
0.040395
0.040155
0.041031
0.040234
0.042612
0.039507
0.080788
0.040267
0.052316
0.053064
0.039414
0.039351
0.054317
0.054525
0.053725
0.053626
0.080008
0.052554
0.039024
0.039068
0.037925
0.037485
0.038172
0.037516
0.040371
0.040642
0.078434
0.041610
0.044111
0.058057
0.041441
0.043608
0.053659
0.048828
0.055629
0.054698
0.094022
0.054551
0.042134
0.053692
0.042844
0.048360
0.050518
0.054023
0.053933
0.051365
0.083443
0.042671
0.047376
0.046939
0.046485
0.046866
0.042165
0.051234
0.041908
0.047871
0.093484
0.041266
0.042429
0.051739
0.052692
0.040154
0.040032
0.039800
0.039763
0.039952
0.081625
0.040199
0.040862
0.042984
0.055575
0.054504
0.054498
0.063004
0.056992
0.053196
0.080603
0.038095
0.038557
0.042709
0.042587
0.042262
0.054577
0.051839
0.053501
0.052834
0.090902
0.055921
0.060249
0.052743
0.054262
0.052150
0.053205
0.056060
0.046239
0.046149
0.094269
0.053712
0.053589
0.052928
0.053576
0.054271
0.051895
0.054121
0.053473
0.051501
0.092237
0.053138
0.053110
0.053639
0.052512
0.045995
0.053847
0.053425
0.046634
0.054301
0.092887
0.049331
0.047506
0.045986
0.049606
0.055381
0.054129
0.050099
0.053198
0.048827
0.092164
0.045327
0.054815
0.056210
0.051538
0.048859
0.048478
0.046345
0.051392
0.054243
0.048282
0.054236
0.054298
0.051678
0.046265
0.056278
0.054646
0.051770
0.049230
0.056374
0.096640
0.049879
0.053956
0.060089
0.054923
0.056094
0.055275
0.050661
0.053712
0.049803
0.095077
0.047490
0.052724
0.048599
0.046622
0.044485
0.046864
0.045094
0.051285
0.048190
0.093663
0.054186
0.052908
0.049116
0.050431
0.046827
0.054859
0.053998
0.051494
0.055351
0.095908
0.053107
0.049223
0.056895
0.049793
0.053330
0.052855
0.047755
0.053387
0.052833
0.090423
0.052555
0.047670
0.053164
0.054799
0.052042
0.054026
0.053495
0.054516
0.051849
0.091752
0.055863
0.054583
0.052371
0.055240
0.043724
0.050290
0.050720
0.054674
0.051037
0.089361
0.054336
0.052603
0.062807
0.056132
0.049025
0.055815
0.046072
0.056359
0.051988
0.096904
0.054435
0.053583
0.048150
0.055118
0.053376
0.053153
0.060669
0.046736
0.054945
0.087647
0.046562
0.045403
0.051791
0.055633
0.041807
0.043325
0.045509
0.047932
0.046170
0.097430
0.055612
0.061378
0.058190
0.058415
0.057134
0.056750
0.060972
0.056023
0.059780
0.100007
0.055388
0.056239
0.060295
0.054418
0.062591
0.053778
0.055245
0.061465
0.048193
0.091714
0.057304
0.041482
0.050828
0.054861
0.061125
0.063102
0.048166
0.060615
0.055985
0.092800
0.055672
0.042300
0.052714
0.054292
0.052161
0.048545
0.052017
0.042944
0.045898
0.100322
0.047982
0.049146
0.054163
0.055270
0.048057
0.051332
0.053930
0.047557
0.054557
0.098661
0.053779
0.047047
0.049990
0.056866
0.066625
0.054189
0.054417
0.060567
0.056355
0.092856
0.050492
0.050760
0.057041
0.059721
0.053675
0.045638
0.053073
0.058885
0.058523
0.095499
0.054432
0.055713
0.063673
0.054359
0.053415
0.052544
0.061852
0.058477
0.051064
0.090553
0.044796
0.047948
0.047881
0.050176
0.054842
0.058197
0.053215
0.047926
0.050344
0.098744
0.051983
0.061083
0.058453
0.060151
0.061226
0.052913
0.054169
0.047383
0.047607
0.090057
0.046315
0.052799
0.060746
0.061796
0.054636
0.061422
0.061058
0.060899
0.056532
0.096503
0.059633
0.046797
0.060384
0.056701
0.047266
0.054722
0.047252
0.049666
0.047046
0.055390
0.043120
0.054612
0.044914
0.043080
0.044433
0.041976
0.042835
0.054494
0.052374
0.092782
0.050646
0.049688
0.050081
0.047323
0.050403
0.045272
0.042751
0.060259
0.061152
0.104416
0.053495
0.034991
0.088998
0.075651
0.075534
0.082150
0.074131
0.065663
0.051074
0.043505
0.051711
0.052858
0.056357
0.047249
0.053581
0.053468
0.054138
0.054976
0.049264
0.092509
0.049529
0.056715
0.050439
0.053603
0.063266
0.060391
0.060172
0.048912
0.049605
0.053287
0.050282
0.053559
0.057285
0.064146
0.054926
0.059695
0.047418
0.057016
0.050989
0.098743
0.051204
0.060223
0.069877
0.050018
0.052390
0.052583
0.061754
0.053865
0.057533
0.054470
0.052480
0.054380
0.051941
0.054249
0.058387
0.062377
0.048217
0.053147
0.054526
0.055153
0.060487
0.059608
0.052509
0.057332
0.055730
0.050197
0.053668
0.051077
0.056336
0.055274
0.052387
0.049476
0.060960
0.054312
0.059847
0.056559
0.051312
0.053850
0.059708
0.115273
0.049728
0.048092
0.050145
0.062251
0.056720
0.057383
0.059159
0.066719
0.050771
0.100416
0.057267
0.061407
0.061956
0.055536
0.056161
0.057930
0.053884
0.059258
0.048561
0.052837
0.046949
0.054256
0.059656
0.060857
0.062057
0.065942
0.059192
0.060631
0.051555
0.103373
0.062487
0.053468
0.062253
0.046597
0.049287
0.050514
0.056716
0.060971
0.053673
0.098607
0.056836
0.057132
0.053930
0.057950
0.054013
0.053079
0.054261
0.056957
0.051656
0.100233
0.060737
0.060858
0.056247
0.055606
0.048624
0.055121
0.051472
0.052706
0.050758
0.092403
0.061937
0.054409
0.049443
0.059522
0.051831
0.048351
0.048291
0.054554
0.049113
0.092757
0.059817
0.049446
0.064587
0.057013
0.055197
0.052152
0.059382
0.055851
0.055567
0.101912
0.053215
0.064647
0.052863
0.055748
0.052170
0.062295
0.059912
0.052155
0.060395
0.100685
0.064257
0.059057
0.057729
0.060508
0.060691
0.055122
0.060428
0.058622
0.051828
0.092600
0.055807
0.062973
0.050647
0.051824
0.044717
0.056962
0.048613
0.057219
0.057024
0.093750
0.055092
0.052893
0.050187
0.048909
0.059530
0.049496
0.060128
0.061696
0.051895
0.094160
0.061893
0.057804
0.063227
0.055451
0.054799
0.068325
0.052727
0.050757
0.050049
0.061678
0.063905
0.059870
0.051039
0.062224
0.048461
0.049961
0.046881
0.049276
0.052022
0.098505
0.055641
0.045733
0.050789
0.051876
0.054348
0.051646
0.053975
0.059674
0.060896
0.047306
0.047104
0.049656
0.050268
0.051470
0.057518
0.058570
0.049878
0.057190
0.051092
0.102039
0.050613
0.060832
0.048593
0.047907
0.051963
0.050599
0.051591
0.061054
0.057112
0.095667
0.046349
0.045994
0.057862
0.046966
0.049490
0.051720
0.049168
0.049324
0.058476
0.092545
0.055415
0.049856
0.059385
0.057376
0.059596
0.057736
0.050018
0.047816
0.053964
0.098756
0.050227
0.048293
0.045270
0.051724
0.047580
0.048876
0.061268
0.059711
0.055430
0.101855
0.050330
0.051666
0.051282
0.061873
0.051476
0.060015
0.055930
0.059774
0.047376
0.092682
0.057584
0.053391
0.052054
0.057356
0.058119
0.059110
0.054101
0.060338
0.056802
0.098542
0.056499
0.055916
0.056671
0.059796
0.056232
0.050757
0.052171
0.056016
0.050504
0.095200
0.055778
0.054329
0.048817
0.052813
0.047643
0.057866
0.051446
0.058735
0.054598
0.098148
0.052320
0.053878
0.053493
0.052946
0.056180
0.058267
0.053369
0.055820
0.057594
0.104211
0.056655
0.051472
0.056290
0.057365
0.052190
0.051652
0.052233
0.051846
0.058035
0.095016
0.058410
0.060666
0.057881
0.057371
0.056208
0.058549
0.053065
0.054955
0.060145
0.098273
0.054986
0.052196
0.057853
0.048996
0.048869
0.051173
0.055154
0.055363
0.059955
0.057716
0.058684
0.057560
0.060476
0.054275
0.057757
0.057729
0.059332
0.054209
0.058975
0.096036
0.059484
0.055040
0.058378
0.052583
0.050761
0.060544
0.052486
0.057542
0.061153
0.102438
0.060230
0.055950
0.047744
0.046232
0.055547
0.050557
0.055293
0.052940
0.044769
0.098020
0.046574
0.050102
0.045858
0.046699
0.045075
0.044564
0.044969
0.044261
0.053744
0.086163
0.053019
0.048021
0.046519
0.044111
0.048473
0.052354
0.050741
0.048732
0.047502
0.098600
0.054272
0.050664
0.056070
0.054414
0.059054
0.059244
0.057137
0.054670
0.043511
0.087989
0.054808
0.055328
0.055209
0.054640
0.050142
0.046897
0.053670
0.057000
0.058449
0.089281
0.051500
0.056980
0.057297
0.055719
0.056592
0.053595
0.055980
0.047201
0.046404
0.088911
0.052795
0.052944
0.047102
0.053652
0.054132
0.053040
0.048272
0.055424
0.053952
0.096714
0.058279
0.053233
0.053500
0.047575
0.046391
0.049634
0.049262
0.048554
0.059338
0.089586
0.053051
0.052252
0.051505
0.049625
0.051623
0.052763
0.056142
0.054620
0.051742
0.092506
0.048544
0.053456
0.052057
0.056346
0.044336
0.044406
0.047453
0.056278
0.044364
0.099118
0.053202
0.049420
0.048747
0.055534
0.051774
0.042504
0.050827
0.055932
0.055142
0.094423
0.048167
0.046819
0.047902
0.049283
0.049272
0.047188
0.057475
0.051207
0.046509
0.098501
0.052849
0.053714
0.054942
0.053713
0.046779
0.062232
0.054152
0.055979
0.055017
0.088739
0.045758
0.050606
0.046122
0.054557
0.049816
0.047567
0.047505
0.051915
0.048716
0.098641
0.044395
0.051166
0.055908
0.060577
0.056976
0.052621
0.049968
0.053931
0.048255
0.091124
0.045692
0.047014
0.053139
0.052665
0.046868
0.059309
0.054677
0.049484
0.053405
0.096693
0.054647
0.051038
0.048702
0.052210
0.056327
0.053345
0.047785
0.057496
0.050390
0.092866
0.057117
0.056559
0.048656
0.052160
0.052713
0.052045
0.048694
0.051152
0.051606
0.095217
0.051533
0.053858
0.049394
0.050287
0.047662
0.047815
0.058286
0.050844
0.047088
0.087615
0.045823
0.044880
0.053892
0.055794
0.058492
0.057836
0.056044
0.056681
0.055565
0.091485
0.046103
0.048336
0.047267
0.056679
0.045663
0.049224
0.055238
0.056527
0.049164
0.093046
0.052842
0.054743
0.052676
0.055016
0.054274
0.051249
0.055532
0.048387
0.055004
0.099111
0.062637
0.057172
0.054182
0.053687
0.044440
0.048210
0.059121
0.055030
0.051343
0.055913
0.055468
0.051115
0.050449
0.054696
0.050143
0.054935
0.048142
0.050914
0.053025
0.095999
0.054869
0.054041
0.054452
0.054020
0.052955
0.059183
0.053765
0.056031
0.052054
0.095012
0.044123
0.049045
0.048140
0.049128
0.047191
0.049495
0.054013
0.052652
0.057197
0.096411
0.056040
0.055141
0.055153
0.057548
0.046816
0.048209
0.046493
0.050206
0.047370
0.089981
0.045002
0.055570
0.046917
0.053188
0.046458
0.049491
0.054257
0.050502
0.046488
0.095134
0.046117
0.050170
0.049086
0.046622
0.045177
0.054815
0.055714
0.058584
0.053518
0.090813
0.048100
0.054757
0.050126
0.051860
0.054780
0.043336
0.019714
0.019651
0.018588
0.018754
0.019911
0.021610
0.020166
0.023316
0.019996
0.021861
0.020082
0.020143
0.020390
0.023772
0.024341
0.023854
0.019111
0.019423
0.019698
0.020152
0.023430
0.022150
0.020323
0.020339
0.020930
0.020005
0.017909
0.023158
0.020097
0.022077
0.021016
0.020195
0.036761
0.100117
0.050601
0.049449
0.045677
0.046148
0.046516
0.052274
0.055275
0.048116
0.051697
0.098439
0.053163
0.049874
0.049995
0.053186
0.054500
0.059154
0.049212
0.051354
0.049363
0.087082
0.045321
0.050644
0.048592
0.048343
0.046141
0.046439
0.050034
0.049919
0.049984
0.095950
0.050254
0.050683
0.056147
0.056442
0.053646
0.052572
0.055224
0.052912
0.057799
0.088291
0.056794
0.054552
0.048040
0.055091
0.048018
0.051774
0.042858
0.046375
0.050003
0.091839
0.052805
0.051048
0.056693
0.053767
0.048100
0.050354
0.051198
0.055465
0.053068
0.091390
0.054013
0.050416
0.054872
0.054466
0.054855
0.050765
0.045202
0.047888
0.052747
0.095832
0.048580
0.053761
0.047213
0.052817
0.051970
0.053233
0.050054
0.050185
0.050281
0.094626
0.053633
0.046704
0.046100
0.049568
0.044739
0.043124
0.056274
0.063048
0.060925
0.093840
0.052932
0.052928
0.047952
0.056992
0.048264
0.048318
0.049482
0.056112
0.049163
0.055435
0.050852
0.058115
0.050683
0.049255
0.047233
0.050915
0.050116
0.053431
0.047700
0.052591
0.047028
0.048737
0.044893
0.054361
0.053465
0.056496
0.053589
0.047807
0.051761
0.101033
0.059721
0.057645
0.057783
0.055918
0.056718
0.052811
0.049169
0.052637
0.053396
0.046339
0.049344
0.045748
0.044516
0.051876
0.049736
0.050590
0.046967
0.044801
0.054179
0.100584
0.048247
0.054471
0.056254
0.054832
0.050864
0.053416
0.055632
0.055157
0.051592
0.091759
0.054774
0.051904
0.048301
0.056385
0.054485
0.054335
0.047234
0.055918
0.051542
0.090504
0.055537
0.058045
0.050590
0.051783
0.049347
0.056764
0.054967
0.055969
0.056108
0.090920
0.057379
0.056708
0.053768
0.059910
0.054525
0.055402
0.052963
0.045515
0.049046
0.051375
0.053513
0.048979
0.054109
0.048609
0.048944
0.055099
0.055925
0.053338
0.053351
0.055442
0.057036
0.053054
0.049182
0.056181
0.050744
0.046796
0.054725
0.056009
0.053285
0.050190
0.058015
0.052106
0.060021
0.061068
0.051454
0.051776
0.056728
0.047750
0.047740
0.110802
0.056223
0.054373
0.054720
0.056900
0.055899
0.058045
0.052925
0.062315
0.057744
0.100325
0.050269
0.056657
0.056804
0.058477
0.061836
0.058772
0.051270
0.058440
0.058721
0.056546
0.055261
0.056013
0.058226
0.058885
0.057574
0.055497
0.051526
0.055952
0.057825
0.057012
0.054290
0.052589
0.050644
0.057067
0.056721
0.056175
0.047018
0.046916
0.049391
0.089073
0.059855
0.055497
0.046033
0.054820
0.057729
0.056083
0.049904
0.058590
0.049302
0.099938
0.050320
0.056150
0.046463
0.049227
0.048584
0.045631
0.047988
0.058617
0.051666
0.055133
0.056707
0.056905
0.047405
0.048324
0.048772
0.051128
0.045836
0.049714
0.047266
0.047418
0.054144
0.055006
0.050381
0.046860
0.057848
0.047686
0.052429
0.053442
0.053590
0.058288
0.058463
0.050678
0.048079
0.048870
0.050127
0.058079
0.058113
0.062315
0.056388
0.049113
0.057977
0.056735
0.052359
0.045381
0.046212
0.049335
0.049221
0.047343
0.054768
0.055687
0.056720
0.057470
0.056325
0.046188
0.045503
0.048485
0.051193
0.048657
0.050148
0.055295
0.060009
0.057062
0.059139
0.052261
0.060504
0.060058
0.053587
0.052421
0.060545
0.095155
0.061754
0.055015
0.056873
0.063449
0.053614
0.051015
0.062654
0.063404
0.050349
0.049564
0.054353
0.049589
0.042904
0.041147
0.051335
0.022313
0.020018
0.018466
0.019011
0.027481
0.052091
0.055751
0.044861
0.045992
0.047496
0.051401
0.048885
0.050402
0.050289
0.094608
0.057259
0.057117
0.054544
0.059647
0.054173
0.049257
0.056414
0.058968
0.048438
0.051359
0.059907
0.054195
0.054505
0.056170
0.052648
0.057560
0.051868
0.053440
0.051523
0.022680
0.023907
0.027176
0.024958
0.024608
0.023323
0.024023
0.023952
0.025455
0.020173
0.020902
0.023443
0.020543
0.019192
0.044632
0.053919
0.050460
0.059257
0.053869
0.047661
0.101130
0.051059
0.067137
0.055797
0.059936
0.059260
0.047302
0.052818
0.062038
0.058943
0.092842
0.049899
0.049517
0.051744
0.053124
0.055803
0.063280
0.051728
0.059429
0.063571
0.103628
0.054654
0.054107
0.050383
0.053287
0.051711
0.047361
0.021595
0.018732
0.019987
0.020413
0.019585
0.025078
0.025970
0.022957
0.024056
0.023309
0.023338
0.023981
0.022145
0.021112
0.021981
0.021054
0.021315
0.021435
0.023354
0.020416
0.019382
0.017781
0.018836
0.024916
0.019143
0.022601
0.022626
0.022720
0.017443
0.033327
0.055634
0.054723
0.053396
0.083263
0.042587
0.042283
0.042289
0.042454
0.044236
0.044620
0.052886
0.043383
0.044582
0.087155
0.046161
0.045210
0.044836
0.046816
0.045805
0.047762
0.053738
0.042075
0.017685
0.017639
0.017776
0.018070
0.018032
0.018075
0.017016
0.017315
0.016609
0.016750
0.017185
0.017023
0.018109
0.017720
0.017633
0.017551
0.017262
0.017276
0.017574
0.017397
0.016856
0.032900
0.042937
0.042681
0.043174
0.044561
0.042737
0.043086
0.058006
0.042493
0.053416
0.100286
0.056169
0.056082
0.044837
0.056525
0.056838
0.055928
0.053938
0.054874
0.057469
0.085891
0.045516
0.057697
0.047008
0.047208
0.058150
0.059261
0.043553
0.044997
0.046102
0.057213
0.049674
0.045376
0.045265
0.037615
0.042540
0.052330
0.050590
0.040455
0.051017
0.090070
0.037635
0.036892
0.036404
0.036598
0.036959
0.037149
0.039586
0.040057
0.040654
0.082663
0.041900
0.053370
0.052502
0.053424
0.052786
0.040435
0.040350
0.040759
0.038008
0.040682
0.040893
0.040897
0.040299
0.040448
0.040497
0.041172
0.040752
0.046623
0.040920
0.081917
0.039979
0.051325
0.053591
0.042548
0.044072
0.044059
0.038782
0.042885
0.053061
0.091069
0.046895
0.038761
0.040866
0.039240
0.043883
0.041484
0.040742
0.061250
0.055221
0.097758
0.052919
0.046770
0.061337
0.053006
0.048389
0.041984
0.042029
0.044236
0.040483
0.084270
0.045108
0.042307
0.040591
0.040047
0.040614
0.040592
0.041673
0.041226
0.041655
0.082174
0.041887
0.042663
0.042816
0.040412
0.040501
0.040813
0.039948
0.040302
0.042402
0.091303
0.039816
0.053182
0.039518
0.043255
0.051458
0.039551
0.052127
0.052757
0.039908
0.078669
0.040093
0.040651
0.040329
0.040743
0.039742
0.038130
0.037173
0.041154
0.041221
0.083539
0.059278
0.051611
0.040090
0.039722
0.039455
0.040394
0.041547
0.050743
0.039434
0.079856
0.040877
0.047559
0.042418
0.049994
0.042469
0.039819
0.040037
0.040057
0.039743
0.080160
0.039695
0.040051
0.040443
0.040267
0.039623
0.040570
0.051941
0.052568
0.040401
0.077101
0.037886
0.037683
0.040986
0.039919
0.040004
0.040195
0.051222
0.052242
0.049749
0.081272
0.039998
0.051497
0.052830
0.039514
0.041692
0.039639
0.043143
0.052784
0.050920
0.087522
0.045763
0.059184
0.051693
0.040249
0.047758
0.044806
0.044431
0.044956
0.044530
0.079885
0.040106
0.046007
0.048078
0.045214
0.044179
0.057506
0.041827
0.041821
0.041522
0.085971
0.043284
0.044560
0.045271
0.061289
0.045761
0.045807
0.053176
0.060089
0.053287
0.053104
0.053131
0.056597
0.048225
0.039616
0.036391
0.040700
0.052487
0.053842
0.044257
0.049119
0.051300
0.041384
0.053602
0.042850
0.052806
0.040568
0.042910
0.040859
0.045064
0.056286
0.040717
0.052083
0.051044
0.051270
0.050349
0.044779
0.039757
0.039708
0.040403
0.042820
0.039863
0.041870
0.049638
0.036459
0.036536
0.040244
0.040650
0.049555
0.036524
0.037121
0.036620
0.036879
0.041343
0.040199
0.040063
0.046058
0.039520
0.039403
0.041562
0.088523
0.043323
0.047696
0.063036
0.060052
0.061470
0.060116
0.051329
0.045089
0.048433
0.093900
0.047727
0.050644
0.050869
0.051848
0.042582
0.046073
0.044127
0.044523
0.040426
0.083472
0.042039
0.053808
0.060142
0.047723
0.043312
0.061030
0.044654
0.045078
0.044462
0.085129
0.045206
0.044650
0.045760
0.044811
0.044791
0.043880
0.044193
0.043644
0.041471
0.081781
0.043041
0.043394
0.047941
0.059506
0.057935
0.058278
0.059401
0.043933
0.044492
0.086265
0.045577
0.045945
0.059316
0.050732
0.053675
0.045775
0.061611
0.063471
0.061515
0.100357
0.048193
0.041756
0.047010
0.046875
0.046377
0.045434
0.046503
0.046351
0.042994
0.042936
0.043134
0.041217
0.039501
0.039159
0.039115
0.039968
0.040916
0.041758
0.041801
0.040781
0.041298
0.041097
0.042259
0.050606
0.054025
0.056505
0.053830
0.054855
0.056723
0.101972
0.056942
0.057132
0.054418
0.057610
0.057710
0.057997
0.054615
0.055882
0.055010
0.099596
0.045032
0.045582
0.056632
0.055984
0.053916
0.056286
0.046448
0.049488
0.046236
0.099185
0.043053
0.045611
0.053198
0.048314
0.051187
0.042387
0.042437
0.045739
0.057572
0.093139
0.057975
0.044697
0.044428
0.044869
0.043755
0.043713
0.043142
0.053872
0.056698
0.099243
0.042277
0.043508
0.046237
0.053914
0.055932
0.047084
0.053544
0.048488
0.055173
0.088519
0.044119
0.044372
0.044408
0.044484
0.044439
0.042238
0.042578
0.044610
0.044191
0.099738
0.041197
0.054852
0.046685
0.041456
0.041967
0.040814
0.041694
0.040978
0.045588
0.081565
0.040120
0.041435
0.042159
0.042810
0.041852
0.040420
0.040838
0.040297
0.040982
0.082174
0.039794
0.040045
0.040896
0.040559
0.039792
0.041777
0.041515
0.042868
0.042550
0.098120
0.041813
0.040188
0.041888
0.043044
0.048374
0.044299
0.057915
0.040455
0.041079
0.084204
0.040703
0.039767
0.054946
0.054146
0.055368
0.058825
0.059819
0.049032
0.061171
0.081707
0.045325
0.044450
0.044276
0.043271
0.039568
0.049655
0.052193
0.039513
0.044947
0.078625
0.053092
0.041296
0.036788
0.036744
0.037683
0.037917
0.037992
0.052820
0.051660
0.050037
0.040899
0.041066
0.040437
0.040848
0.040298
0.040154
0.040109
0.052731
0.040885
0.080342
0.051973
0.052627
0.044580
0.041807
0.040294
0.040530
0.040056
0.038165
0.037875
0.077183
0.038486
0.044882
0.053362
0.040901
0.041033
0.040515
0.040774
0.052532
0.039907
0.080672
0.042534
0.040653
0.041409
0.041225
0.040443
0.040937
0.041883
0.051044
0.051894
0.085456
0.041495
0.041607
0.049247
0.053628
0.052372
0.039747
0.040597
0.037732
0.037735
0.092525
0.044551
0.044953
0.050921
0.054363
0.053546
0.053964
0.055316
0.048002
0.038008
0.081907
0.038816
0.041367
0.040987
0.041198
0.040766
0.040693
0.041104
0.040786
0.039985
0.078851
0.054666
0.055335
0.054012
0.053275
0.040464
0.042153
0.041111
0.041983
0.055621
0.092631
0.040256
0.039942
0.055204
0.043457
0.044379
0.055247
0.043478
0.042934
0.048596
0.083684
0.051531
0.052631
0.042755
0.042993
0.043166
0.043387
0.044230
0.055008
0.045694
0.083840
0.043411
0.052951
0.043588
0.043715
0.054569
0.052640
0.055567
0.043177
0.045473
0.084436
0.054758
0.054989
0.051599
0.053981
0.054328
0.053767
0.052734
0.044909
0.049503
0.078916
0.045797
0.057745
0.056973
0.042027
0.055165
0.040754
0.040363
0.047269
0.055903
0.094717
0.055577
0.040447
0.042098
0.042985
0.037807
0.037954
0.038043
0.037827
0.037523
0.075443
0.040919
0.040257
0.040626
0.041855
0.051164
0.052803
0.042519
0.037718
0.038077
0.078092
0.044820
0.049741
0.040501
0.040167
0.050961
0.054897
0.047728
0.038839
0.038566
0.081181
0.052403
0.047226
0.053353
0.053551
0.054213
0.038651
0.041744
0.049159
0.049647
0.092370
0.054759
0.054668
0.048067
0.048331
0.052110
0.053250
0.053249
0.044889
0.042996
0.085289
0.045958
0.042669
0.043874
0.050544
0.055084
0.052880
0.053850
0.041005
0.044631
0.081398
0.043061
0.054676
0.054538
0.044425
0.053361
0.053926
0.052715
0.045102
0.053021
0.091592
0.054662
0.044058
0.042649
0.055170
0.045909
0.052305
0.051523
0.043033
0.053033
0.084605
0.043971
0.044240
0.053114
0.043089
0.043006
0.042644
0.054005
0.043756
0.046223
0.088438
0.044968
0.045237
0.051992
0.049522
0.042135
0.041564
0.041299
0.040813
0.053866
0.091570
0.040980
0.051144
0.042502
0.039262
0.038351
0.038431
0.041392
0.041447
0.053631
0.079501
0.038307
0.052986
0.052324
0.052723
0.054091
0.042092
0.042768
0.047003
0.041411
0.092372
0.045142
0.043848
0.042593
0.042629
0.043166
0.042867
0.051189
0.053051
0.043456
0.091656
0.052565
0.045574
0.048983
0.057436
0.049240
0.040323
0.040135
0.040941
0.042905
0.090292
0.043659
0.041955
0.052204
0.051909
0.041542
0.040181
0.040315
0.039896
0.039546
0.077588
0.040886
0.042395
0.045970
0.040128
0.038895
0.052388
0.037478
0.037803
0.043476
0.101594
0.059124
0.044778
0.041384
0.040741
0.040185
0.039960
0.041750
0.041380
0.037389
0.077573
0.037002
0.041899
0.038746
0.039583
0.039627
0.057135
0.043782
0.041598
0.042048
0.082077
0.042179
0.043859
0.039734
0.044744
0.044330
0.056717
0.043532
0.043494
0.043646
0.087608
0.045140
0.045257
0.041180
0.060683
0.059900
0.047417
0.046369
0.040444
0.040438
0.078665
0.041338
0.041917
0.056773
0.042566
0.041816
0.041845
0.048318
0.037902
0.041656
0.082892
0.041744
0.043028
0.043734
0.041497
0.041202
0.054854
0.041196
0.041082
0.041593
0.098745
0.041255
0.040798
0.040769
0.044595
0.041241
0.041141
0.041169
0.054423
0.042261
0.086675
0.049318
0.050558
0.040663
0.046206
0.044937
0.044898
0.046385
0.044582
0.043952
0.085184
0.045928
0.040619
0.059006
0.044780
0.047152
0.049669
0.058005
0.051118
0.042574
0.083365
0.040466
0.040619
0.042073
0.045204
0.040684
0.058837
0.057990
0.040164
0.041352
0.080883
0.044628
0.046664
0.047845
0.040482
0.040672
0.040145
0.040187
0.039980
0.039991
0.080763
0.039707
0.040338
0.040291
0.040285
0.040029
0.039453
0.039796
0.041150
0.041266
0.081224
0.040687
0.044758
0.040721
0.043979
0.046169
0.040710
0.044286
0.040528
0.041015
0.081925
0.040959
0.046513
0.059144
0.048726
0.060383
0.041079
0.037681
0.037688
0.049661
0.049987
0.045225
0.040559
0.052273
0.055676
0.053403
0.053380
0.058665
0.039232
0.045547
0.082530
0.042799
0.053291
0.053654
0.039057
0.040541
0.041151
0.051918
0.043490
0.037890
0.081157
0.037153
0.037960
0.038542
0.041887
0.045093
0.039299
0.039355
0.039534
0.039528
0.084807
0.040027
0.041303
0.047411
0.037189
0.037196
0.037088
0.037220
0.037609
0.037232
0.077573
0.041892
0.037428
0.036829
0.037647
0.036813
0.037363
0.037094
0.039944
0.039619
0.078916
0.040276
0.039719
0.037981
0.037237
0.037648
0.037575
0.036017
0.035932
0.040562
0.040450
0.041473
0.041513
0.041096
0.041090
0.040307
0.040263
0.039848
0.041074
0.039548
0.084879
0.040860
0.044994
0.042578
0.040248
0.044298
0.044483
0.044516
0.044247
0.043920
0.096913
0.061307
0.059648
0.060682
0.052289
0.059538
0.057185
0.056344
0.059047
0.056790
0.084161
0.043744
0.043570
0.047613
0.053590
0.043719
0.058523
0.060364
0.044739
0.043482
0.083961
0.045523
0.048905
0.042863
0.041140
0.044658
0.040613
0.056843
0.041029
0.043478
0.088928
0.044737
0.040657
0.048175
0.046663
0.042319
0.057291
0.045882
0.047126
0.045830
0.098725
0.043091
0.057160
0.044724
0.054038
0.054329
0.059646
0.055933
0.044826
0.044779
0.095848
0.053076
0.041848
0.044715
0.058036
0.051966
0.059649
0.042930
0.044876
0.047742
0.100244
0.044458
0.043057
0.044117
0.047784
0.057993
0.056143
0.043329
0.044525
0.041993
0.087348
0.044287
0.046947
0.045424
0.058924
0.059433
0.060004
0.060372
0.055848
0.048018
0.087094
0.056120
0.055516
0.043978
0.043656
0.045073
0.048235
0.060687
0.045531
0.047555
0.102995
0.055433
0.055156
0.057068
0.047794
0.058502
0.056077
0.048369
0.049582
0.046176
0.101140
0.047537
0.050218
0.060828
0.049573
0.053329
0.055653
0.047381
0.057109
0.058180
0.100832
0.058271
0.049262
0.058539
0.058661
