0.668646
0.058448
0.058274
0.048198
0.049399
0.051923
0.057363
0.045867
0.047262
0.049633
0.049685
0.052007
0.052537
0.063044
0.052897
0.052458
0.053101
0.061037
0.051317
0.050411
0.050946
0.048795
0.038873
0.042599
0.041403
0.040357
0.045837
0.049181
0.048586
0.048573
0.062455
0.037789
0.036496
0.036749
0.047954
0.038595
0.049030
0.039527
0.039107
0.039639
0.054084
0.038777
0.042239
0.051994
0.040783
0.042049
0.040665
0.048712
0.049053
0.051903
0.066653
0.046641
0.038416
0.038498
0.040078
0.051119
0.042016
0.051197
0.052144
0.051821
0.057961
0.041474
0.040864
0.041872
0.048970
0.040812
0.040922
0.042048
0.041606
0.041148
0.061318
0.040793
0.040517
0.036718
0.036694
0.043058
0.038930
0.039264
0.038744
0.040198
0.065092
0.038967
0.047390
0.052037
0.036074
0.036507
0.038931
0.036733
0.040417
0.051126
0.073317
0.050230
0.047353
0.052048
0.050937
0.038975
0.039427
0.036637
0.036829
0.035653
0.037862
0.038074
0.039552
0.039708
0.042266
0.042550
0.041614
0.038492
0.039704
0.038353
0.038208
0.037802
0.040859
0.047273
0.038755
0.040951
0.038810
0.038375
0.039496
0.039188
0.038374
0.038541
0.037480
0.037845
0.038204
0.037749
0.038646
0.050956
0.050191
0.051365
0.048502
0.048122
0.038048
0.037842
0.037784
0.037989
0.037782
0.050280
0.050291
0.048827
0.042752
0.047835
0.045699
0.048058
0.046673
0.050871
0.050645
0.048590
0.042060
0.047047
0.047783
0.046536
0.045580
0.049756
0.038575
0.041715
0.040780
0.039673
0.037528
0.037569
0.038390
0.038109
0.053088
0.038819
0.052708
0.037767
0.037955
0.038586
0.038931
0.038149
0.038015
0.035315
0.032376
0.016629
0.016217
0.016419
0.016483
0.018034
0.016726
0.016299
0.023430
0.016641
0.016461
0.017895
0.016829
0.017291
0.016592
0.016525
0.017271
0.016477
0.017518
0.016837
0.016763
0.016520
0.017368
0.016481
0.017359
0.017536
0.017324
0.016639
0.016516
0.017397
0.017395
0.017224
0.017406
0.017193
0.017327
0.016461
0.016550
0.017490
0.016729
0.017451
0.017550
0.016603
0.016585
0.016573
0.017559
0.016751
0.017116
0.017533
0.016904
0.016514
0.016543
0.016569
0.016740
0.016623
0.022767
0.017635
0.018436
0.016673
0.017715
0.016860
0.017547
0.016524
0.016860
0.016509
0.016595
0.017246
0.016618
0.016660
0.016759
0.016695
0.016648
0.016631
0.016617
0.016518
0.016522
0.016666
0.016935
0.016733
0.016948
0.016606
0.016730
0.016608
0.017019
0.016629
0.016719
0.016505
0.016511
0.016755
0.016538
0.016936
0.017069
0.016963
0.017184
0.017075
0.016695
0.016621
0.016748
0.016479
0.016504
0.016487
0.017184
0.016505
0.017205
0.017456
0.016744
0.017047
0.016979
0.016652
0.016632
0.017318
0.016547
0.016643
0.016561
0.016596
0.017826
0.017269
0.017219
0.016972
0.017590
0.018185
0.019003
0.017036
0.017014
0.016742
0.017117
0.017020
0.017130
0.016926
0.016736
0.016666
0.016976
0.023997
0.023971
0.021241
0.020026
0.017386
0.020405
0.022413
0.022938
0.022963
0.022753
0.022779
0.016703
0.022498
0.016978
0.022192
0.022284
0.019316
0.017027
0.016740
0.017258
0.016768
0.016600
0.016523
0.016571
0.016440
0.017088
0.017030
0.016560
0.016719
0.016568
0.017003
0.016809
0.016529
0.016530
0.016527
0.016726
0.016425
0.017021
0.016833
0.017007
0.016799
0.016742
0.016940
0.016652
0.016530
0.017972
0.017061
0.016618
0.017181
0.016671
0.016519
0.016544
0.016686
0.016757
0.017926
0.017828
0.016618
0.016709
0.016639
0.016672
0.016471
0.016572
0.016653
0.016618
0.016649
0.016908
0.017888
0.017065
0.016982
0.016926
0.016999
0.016906
0.016811
0.017618
0.017173
0.017045
0.016997
0.017738
0.016936
0.016654
0.017076
0.017111
0.016768
0.016799
0.017498
0.017058
0.017058
0.016852
0.017201
0.017558
0.017180
0.017591
0.017349
0.017196
0.016960
0.017241
0.016822
0.016911
0.016909
0.016923
0.017019
0.016995
0.017577
0.017206
0.017425
0.017437
0.017434
0.017226
0.017260
0.016643
0.016535
0.017756
0.016962
0.017667
0.016986
0.017120
0.016932
0.017000
0.016911
0.017017
0.017278
0.016826
0.016742
0.017018
0.016869
0.017093
0.016879
0.016946
0.016859
0.017098
0.016846
0.017004
0.016653
0.016676
0.017328
0.017278
0.017281
0.017079
0.017130
0.017176
0.016838
0.017238
0.016968
0.016762
0.016629
0.019531
0.017080
0.016557
0.016901
0.016686
0.018085
0.017776
0.017232
0.017008
0.016562
0.016544
0.016475
0.016732
0.017630
0.017516
0.017117
0.017075
0.016989
0.016944
0.016734
0.016562
0.016536
0.016627
0.016804
0.016879
0.020371
0.017453
0.016986
0.017215
0.016719
0.016660
0.017308
0.016588
0.017582
0.016773
0.016489
0.017057
0.016775
0.016700
0.016490
0.016710
0.016423
0.016723
0.016527
0.016546
0.016621
0.016605
0.016602
0.016868
0.016703
0.016544
0.016675
0.016612
0.016437
0.016804
0.017063
0.016826
0.016520
0.016682
0.016806
0.016783
0.016536
0.016536
0.016551
0.016555
0.016624
0.016660
0.016633
0.016540
0.016721
0.016589
0.016939
0.016646
0.016539
0.016549
0.016540
0.016597
0.016511
0.016985
0.017061
0.017309
0.016974
0.017064
0.017505
0.017454
0.017171
0.017007
0.016996
0.016980
0.016855
0.016958
0.016809
0.016787
0.016530
0.017136
0.016733
0.016620
0.016525
0.016556
0.016510
0.016710
0.016460
0.016743
0.016553
0.016735
0.016542
0.017100
0.016578
0.016701
0.016729
0.016617
0.016837
0.016566
0.016650
0.017155
0.016857
0.016526
0.016925
0.016947
0.016493
0.016741
0.016549
0.016767
0.016468
0.016809
0.016826
0.016649
0.016505
0.016547
0.017020
0.016711
0.016592
0.016570
0.016516
0.016766
0.017949
0.017525
0.016686
0.016853
0.016575
0.017002
0.016973
0.017106
0.016619
0.016627
0.016524
0.016948
0.023684
0.017199
0.017280
0.017159
0.016715
0.016515
0.016684
0.016799
0.016668
0.016798
0.016951
0.016730
0.016896
0.016642
0.017501
0.017023
0.016568
0.016914
0.016566
0.016738
0.016457
0.016781
0.016510
0.023002
0.022744
0.022753
0.021879
0.022000
0.022166
0.022456
0.016938
0.016853
0.016755
0.016793
0.017004
0.016992
0.016930
0.016733
0.016618
0.016549
0.016676
0.016512
0.016499
0.016654
0.016819
0.017057
0.016978
0.017064
0.016810
0.017205
0.022812
0.022141
0.016622
0.016524
0.016501
0.016736
0.017822
0.022288
0.021336
0.016962
0.016763
0.016698
0.016480
0.016652
0.016500
0.016818
0.016957
0.017036
0.016700
0.016920
0.016721
0.016747
0.017171
0.017243
0.017358
0.017414
0.017428
0.017699
0.017511
0.017066
0.017309
0.017307
0.017505
0.017380
0.016761
0.016648
0.016635
0.016590
0.016653
0.017516
0.016891
0.016584
0.016466
0.016763
0.016495
0.016691
0.016510
0.016552
0.016654
0.016638
0.017198
0.016797
0.016727
0.016580
0.016586
0.016623
0.017090
0.016857
0.016500
0.016597
0.016521
0.016774
0.016897
0.016785
0.016531
0.016544
0.016474
0.016593
0.016502
0.016531
0.016687
0.016552
0.016612
0.016947
0.016733
0.016579
0.016516
0.016641
0.016464
0.016746
0.016528
0.016674
0.016666
0.017258
0.016796
0.016748
0.016708
0.016550
0.016636
0.016572
0.016512
0.016520
0.016485
0.016516
0.017230
0.016921
0.016484
0.016747
0.016495
0.016523
0.016495
0.016558
0.016613
0.016591
0.016711
0.016995
0.016781
0.016613
0.016479
0.016567
0.016515
0.016698
0.020955
0.019356
0.016841
0.016616
0.016927
0.016879
0.016695
0.016583
0.016804
0.016832
0.017038
0.017090
0.016953
0.017201
0.016815
0.017143
0.017384
0.017067
0.016840
0.016851
0.016792
0.016746
0.016778
0.016557
0.016628
0.016616
0.016498
0.016656
0.016867
0.017049
0.017790
0.017126
0.016799
0.016983
0.016694
0.016693
0.016574
0.016636
0.016456
0.017766
0.017103
0.016871
0.016953
0.016784
0.016573
0.017011
0.016856
0.017005
0.016890
0.017031
0.016952
0.016956
0.016787
0.016606
0.016670
0.016583
0.016656
0.016572
0.017054
0.020880
0.017620
0.016942
0.017064
0.016805
0.021484
0.017414
0.023202
0.016998
0.016496
0.016604
0.016558
0.016549
0.017039
0.016955
0.016766
0.017174
0.016832
0.016856
0.017005
0.017108
0.017012
0.017074
0.017184
0.017308
0.016986
0.016683
0.016719
0.017208
0.016792
0.016687
0.016634
0.016776
0.016874
0.019598
0.018060
0.016911
0.016546
0.016783
0.016998
0.017296
0.017212
0.016716
0.016649
0.016924
0.016542
0.016867
0.016558
0.017661
0.016880
0.016631
0.016453
0.016588
0.016664
0.016548
0.023017
0.022430
0.022475
0.022389
0.016845
0.016537
0.016652
0.016571
0.016447
0.016573
0.016774
0.016813
0.016489
0.016870
0.016481
0.016636
0.016557
0.016510
0.017040
0.017041
0.016811
0.016739
0.016731
0.022802
0.018996
0.016602
0.017159
0.016875
0.016813
0.018734
0.017691
0.016844
0.017001
0.018938
0.024108
0.023885
0.023362
0.023122
0.016564
0.016662
0.018415
0.016804
0.017478
0.016605
0.016671
0.016669
0.017308
0.016582
0.016524
0.016648
0.016528
0.016741
0.016987
0.016845
0.017017
0.016922
0.017317
0.016721
0.017275
0.016553
0.016509
0.016953
0.016553
0.017474
0.017876
0.016605
0.016700
0.016608
0.017207
0.016661
0.016696
0.016661
0.016557
0.016636
0.016535
0.017223
0.016843
0.016708
0.016561
0.016808
0.016446
0.016659
0.016568
0.016972
0.016876
0.016869
0.016660
0.017123
0.016784
0.016542
0.016588
0.016560
0.016483
0.016623
0.016520
0.016667
0.016491
0.016768
0.016461
0.017073
0.016581
0.016585
0.016924
0.017325
0.017365
0.016592
0.016660
0.016621
0.016496
0.016594
0.016863
0.016752
0.016585
0.017239
0.017109
0.016800
0.016476
0.017356
0.017273
0.017254
0.016476
0.016780
0.016955
0.017331
0.017413
0.016551
0.016500
0.016569
0.016531
0.016595
0.016545
0.016732
0.016519
0.017824
0.016613
0.017354
0.016496
0.016660
0.017143
0.017130
0.016763
0.017266
0.017045
0.017823
0.016830
0.016550
0.016437
0.016577
0.016482
0.016531
0.016473
0.016694
0.016706
0.016889
0.017390
0.016873
0.016537
0.016621
0.016454
0.016580
0.016663
0.016532
0.016638
0.016576
0.016620
0.017288
0.017673
0.017417
0.016483
0.017477
0.017670
0.017080
0.016626
0.016700
0.016463
0.016572
0.016452
0.017396
0.016831
0.017273
0.016682
0.016584
0.016592
0.016594
0.016615
0.016553
0.016480
0.016566
0.017216
0.017959
0.016649
0.017409
0.016574
0.016609
0.016456
0.016615
0.017245
0.016521
0.016673
0.016682
0.017977
0.018543
0.017311
0.016517
0.016561
0.016734
0.016434
0.017489
0.016521
0.016679
0.017241
0.016671
0.017625
0.017464
0.016714
0.017282
0.017486
0.016580
0.017352
0.017325
0.017219
0.016519
0.017455
0.017369
0.017328
0.016813
0.017258
0.017515
0.018707
0.017711
0.017769
0.017459
0.017437
0.016596
0.016632
0.016905
0.016489
0.017324
0.017256
0.016717
0.017238
0.016815
0.016514
0.017565
0.016585
0.017777
0.017874
0.017214
0.018254
0.017117
0.017838
0.016848
0.016791
0.017867
0.017211
0.017289
0.017062
0.017282
0.017441
0.017054
0.017469
0.016906
0.016781
0.017819
0.017241
0.018008
0.018053
0.017043
0.017654
0.017249
0.016888
0.017777
0.016789
0.018075
0.017123
0.017932
0.017885
0.017192
0.017241
0.017291
0.018529
0.017284
0.017166
0.017925
0.017260
0.017451
0.017691
0.017499
0.018286
0.018339
0.016898
0.016881
0.016958
0.017579
0.017689
0.017659
0.016845
0.016826
0.016772
0.016973
0.017109
0.017289
0.016971
0.017955
0.017591
0.017605
0.016892
0.016829
0.016875
0.016860
0.017066
0.016781
0.017166
0.017535
0.017192
0.017819
0.016877
0.017008
0.016789
0.017619
0.016723
0.017237
0.017529
0.017886
0.017323
0.016888
0.018271
0.017668
0.016797
0.016774
0.016799
0.017016
0.017498
0.017005
0.017241
0.017108
0.016820
0.017576
0.016852
0.016889
0.016866
0.017585
0.017259
0.018088
0.016861
0.017792
0.017147
0.016976
0.016780
0.017548
0.016721
0.016875
0.017029
0.017561
0.016944
0.017607
0.017462
0.017469
0.016912
0.017667
0.016767
0.017734
0.017236
0.016880
0.017683
0.017527
0.016997
0.016860
0.018030
0.017754
0.017361
0.017492
0.016953
0.017081
0.016741
0.017624
0.016806
0.016843
0.016919
0.024090
0.016873
0.017791
0.017604
0.016997
0.016802
0.016913
0.017484
0.016816
0.016786
0.017565
0.017612
0.016936
0.016901
0.017905
0.017233
0.017131
0.017112
0.017128
0.017722
0.023405
0.017414
0.017866
0.018431
0.023239
0.017397
0.017285
0.017316
0.018061
0.017201
0.017237
0.017194
0.017494
0.024467
0.018176
0.018053
0.018207
0.017892
0.022757
0.018301
0.017149
0.017430
0.017160
0.016860
0.017648
0.017872
0.017015
0.016772
0.022814
0.016764
0.022518
0.018115
0.022632
0.023327
0.024400
0.022010
0.017105
0.022118
0.022352
0.024246
0.022885
0.016768
0.022262
0.023145
0.018046
0.023088
0.017587
0.023624
0.024406
0.017046
0.022407
0.022205
0.025359
0.023671
0.022371
0.022710
0.023717
0.018364
0.022988
0.022243
0.025498
0.022297
0.022529
0.023756
0.022043
0.018349
0.022304
0.016764
0.016639
0.017213
0.017969
0.016809
0.016540
0.017214
0.016670
0.017209
0.017211
0.017461
0.022118
0.017545
0.017354
0.017560
0.017768
0.017446
0.016879
0.017750
0.018069
0.018315
0.016922
0.017533
0.017626
0.016761
0.016914
0.016765
0.016813
0.017441
0.016840
0.017794
0.017207
0.016802
0.017630
0.016757
0.017643
0.016840
0.016958
0.017560
0.020242
0.017647
0.017874
0.017801
0.017730
0.021683
0.018532
0.016987
0.017271
0.017023
0.017229
0.017130
0.017088
0.017633
0.017240
0.018149
0.016990
0.016787
0.016879
0.018076
0.017977
0.017511
0.017769
0.016785
0.017173
0.016837
0.016887
0.016972
0.017616
0.017637
0.017546
0.017476
0.017556
0.017674
0.017746
0.017920
0.017760
0.017457
0.017796
0.017611
0.017747
0.017509
0.017550
0.017402
0.017567
0.018053
0.018273
0.017722
0.017574
0.017486
0.017743
0.017628
0.016971
0.017475
0.017568
0.017558
0.030394
0.032466
0.016734
0.016324
0.016514
0.016310
0.016402
0.016318
0.016638
0.016524
0.020372
0.018086
0.017349
0.029946
0.032755
0.016468
0.016295
0.017116
0.016632
0.016476
0.016483
0.017279
0.016554
0.017500
0.017275
0.016792
0.017596
0.029864
0.032525
0.016726
0.016354
0.016813
0.016585
0.016285
0.016453
0.016598
0.017372
0.016548
0.017360
0.017391
0.029782
0.032661
0.016801
0.016421
0.016757
0.016602
0.016798
0.016325
0.016707
0.016523
0.017072
0.016484
0.016647
0.017695
0.030315
0.032622
0.016669
0.017031
0.016600
0.016237
0.016523
0.016866
0.016761
0.030745
0.033026
0.016456
0.017235
0.016281
0.016339
0.016300
0.016404
0.016344
0.016936
0.017725
0.018196
0.017789
0.030014
0.033086
0.016644
0.016318
0.016369
0.016437
0.016389
0.016548
0.016500
0.017131
0.017424
0.016483
0.017323
0.029850
0.032562
0.016624
0.017102
0.016422
0.016298
0.016361
0.016954
0.016390
0.016692
0.017492
0.017105
0.016804
0.017223
0.017557
0.017602
0.017621
0.017593
0.030376
0.032788
0.016522
0.016432
0.016334
0.016385
0.016403
0.016428
0.016593
0.016476
0.017672
0.016845
0.016759
0.017383
0.030159
0.033503
0.016677
0.016501
0.016549
0.016786
0.017399
0.016583
0.016634
0.016839
0.016902
0.017533
0.016728
0.017434
0.017969
0.018036
0.024073
0.018341
0.030248
0.032740
0.016552
0.016349
0.016245
0.016392
0.016474
0.016413
0.017565
0.017674
0.017036
0.017235
0.016804
0.017655
0.030486
0.032610
0.016537
0.016313
0.016262
0.016560
0.016325
0.016582
0.016379
0.016627
0.016550
0.016876
0.016728
0.017591
0.017683
0.017629
0.017723
0.017622
0.029921
0.032668
0.018374
0.018153
0.017620
0.016781
0.016471
0.016455
0.016434
0.016910
0.016718
0.016790
0.016546
0.030056
0.032546
0.016531
0.016381
0.016423
0.016282
0.016471
0.016410
0.016482
0.016468
0.016851
0.016507
0.016741
0.017700
0.030268
0.033659
0.016734
0.016329
0.016519
0.016224
0.016419
0.016313
0.016475
0.017125
0.016968
0.016754
0.016602
0.016801
0.017782
0.029925
0.033079
0.016504
0.017111
0.016438
0.017030
0.016921
0.016787
0.016649
0.016582
0.016576
0.016539
0.017367
0.017864
0.029899
0.032549
0.016859
0.017414
0.016780
0.016493
0.016448
0.016672
0.016894
0.016821
0.016483
0.016616
0.016543
0.017386
0.030057
0.032640
0.016794
0.016746
0.018519
0.016891
0.016421
0.016678
0.017119
0.016527
0.017443
0.016818
0.016582
0.017669
0.017476
0.021593
0.017328
0.017617
0.017658
0.017964
0.017679
0.018080
0.030143
0.043103
0.016536
0.016337
0.018115
0.016748
0.017006
0.016705
0.016512
0.016524
0.017413
0.016578
0.016726
0.016721
0.017617
0.017586
0.030107
0.032566
0.016460
0.016524
0.016319
0.016350
0.016474
0.016635
0.016644
0.020931
0.016958
0.016601
0.016609
0.017410
0.029911
0.033215
0.016595
0.016515
0.016374
0.016364
0.016284
0.016567
0.016411
0.016476
0.016459
0.017392
0.016564
0.017375
0.030239
0.033310
0.016495
0.016467
0.016264
0.016512
0.016411
0.016547
0.016442
0.016794
0.016835
0.017488
0.016744
0.017474
0.029953
0.032657
0.016537
0.016346
0.016308
0.016375
0.016588
0.016459
0.016717
0.017184
0.017258
0.029846
0.032254
0.016584
0.016253
0.016462
0.016508
0.016376
0.016565
0.016670
0.017273
0.017263
0.017582
0.017604
0.030042
0.033033
0.016667
0.016347
0.016248
0.016580
0.016335
0.016405
0.016435
0.016765
0.017239
0.017425
0.016519
0.029798
0.032416
0.016563
0.017149
0.016354
0.016370
0.016420
0.016318
0.016712
0.016528
0.018094
0.017689
0.017500
0.017936
0.030577
0.033102
0.016747
0.016972
0.016536
0.016284
0.016388
0.016331
0.016659
0.016701
0.017393
0.017519
0.016613
0.017378
0.030146
0.032463
0.016536
0.021873
0.016624
0.016562
0.016680
0.016744
0.016717
0.016479
0.016701
0.017721
0.017674
0.017452
0.030126
0.032504
0.016593
0.016288
0.016397
0.016258
0.016498
0.016397
0.016824
0.016729
0.017717
0.016732
0.017526
0.030129
0.032430
0.016641
0.017313
0.016450
0.016644
0.016473
0.016768
0.016653
0.016622
0.017313
0.018010
0.017821
0.017530
0.030153
0.032730
0.016504
0.016317
0.016421
0.016542
0.016470
0.016551
0.016580
0.016494
0.017234
0.017263
0.017280
0.030041
0.032382
0.016513
0.016426
0.016349
0.016308
0.016477
0.016376
0.016476
0.016446
0.016489
0.017545
0.017823
0.017456
0.029999
0.032742
0.016655
0.016244
0.016523
0.016382
0.016515
0.016376
0.016628
0.016407
0.029670
0.032419
0.016809
0.016257
0.016380
0.016309
0.016539
0.016368
0.017229
0.016558
0.017317
0.017300
0.017332
0.017613
0.030466
0.033080
0.016803
0.016284
0.016348
0.016331
0.016423
0.016310
0.016711
0.016688
0.017442
0.017553
0.017321
0.017557
0.029920
0.032280
0.016504
0.016267
0.016375
0.016254
0.016430
0.016706
0.016577
0.017469
0.017347
0.016675
0.016622
0.017385
0.030351
0.032885
0.016832
0.016553
0.016683
0.016550
0.016647
0.016589
0.016694
0.016660
0.030120
0.033683
0.016824
0.016536
0.016664
0.016788
0.016678
0.016586
0.016523
0.017537
0.030093
0.033630
0.016858
0.016418
0.016513
0.016509
0.016906
0.016944
0.016681
0.016652
0.016557
0.029808
0.033364
0.016637
0.016504
0.016429
0.016344
0.016320
0.016490
0.016374
0.016543
0.016534
0.017331
0.017474
0.029794
0.033130
0.022046
0.016493
0.016512
0.016382
0.016476
0.016579
0.016470
0.016455
0.018050
0.031707
0.034100
0.016938
0.017373
0.016609
0.016480
0.018464
0.017245
0.018423
0.019319
0.018306
0.030748
0.032915
0.016504
0.016288
0.016356
0.016241
0.016693
0.016490
0.016621
0.017265
0.017418
0.017244
0.016788
0.017389
0.030051
0.033690
0.016677
0.016308
0.016518
0.016218
0.016634
0.016394
0.017131
0.016508
0.017310
0.030012
0.032575
0.016470
0.016304
0.016224
0.016346
0.016309
0.016572
0.016346
0.017124
0.017338
0.017435
0.017255
0.029989
0.032639
0.016624
0.016257
0.016605
0.016729
0.016970
0.021407
0.018267
0.017848
0.018828
0.017733
0.017447
0.029917
0.032801
0.016525
0.016371
0.016395
0.016368
0.016291
0.016414
0.016544
0.021833
0.029938
0.032777
0.016584
0.016388
0.016648
0.016383
0.016500
0.016435
0.016685
0.017735
0.017731
