153	182	111	108
154	178	115	120
155	180	115	118
154	180	113	112
156	182	109	99
150	171	116	99
149	173	118	86
149	168	117	86
152	169	112	79
154	164	102	83
159	144	94	99
161	126	93	105
155	120	98	109
152	113	100	95
148	107	103	89
144	98	108	89
140	90	109	94
135	83	112	91
126	74	124	91
118	60	135	103
112	56	139	103
103	57	152	95
94	52	157	99
84	52	174	83
123	41	139	98
138	37	113	86
150	23	107	95
159	11	106	104
163	4	103	110
172	8	99	102
190	2	88	102
197	2	89	98
211	8	80	88
225	3	72	93
218	3	81	95
221	4	78	91
221	13	86	90
246	21	77	93
247	25	74	92
270	27	66	89
269	28	66	88
283	29	69	88
288	30	63	87
305	35	61	83
304	35	62	84
312	36	69	85
312	35	70	85
315	37	82	79
313	38	86	83
317	35	84	77
317	33	82	80
321	25	83	78
320	31	82	75
316	24	85	78
316	25	87	79
314	25	81	71
314	24	75	74
312	22	83	67
312	18	84	75
316	16	81	72
315	14	78	74
317	14	78	67
317	9	81	72
317	9	76	69
317	7	74	69
317	3	79	70
318	4	77	68
317	1	77	64
318	2	80	66
321	0	69	66
320	1	68	64
323	-6	63	59
321	0	66	52
397	0	73	56
399	1	71	55
405	1	70	52
403	3	73	50
402	3	74	51
405	2	74	58
406	4	74	55
410	4	72	67
410	2	72	69
410	6	73	72
409	1	74	78
411	1	71	80
411	2	72	79
411	2	72	79
411	2	72	79
409	0	72	78
408	0	73	79
409	3	78	80
407	3	78	78
412	4	87	81
414	6	82	83
422	4	84	85
424	8	81	82
428	8	83	83
427	11	84	79
427	11	84	79
427	11	84	79
322	12	75	78
324	15	74	76
334	12	73	81
334	13	74	79
342	14	78	85
342	15	80	80
348	19	78	85
347	14	84	86
350	20	81	85
350	20	82	85
353	20	78	87
353	19	77	88
352	24	72	83
353	25	72	80
346	21	67	81
347	23	68	80
339	27	64	76
339	25	63	77
324	31	62	74
325	32	59	72
370	85	72	71
369	84	74	73
368	100	70	67
368	99	73	67
303	67	72	66
308	66	64	71
313	83	60	67
312	87	61	64
392	149	63	71
389	141	67	85
392	155	60	92
391	153	61	97
381	167	74	94
382	168	72	91
323	154	67	75
378	170	72	77
325	169	72	76
325	170	70	71
328	172	69	73
328	174	68	70
336	174	69	79
338	175	65	81
348	179	68	81
348	178	68	82
359	190	70	75
358	187	68	76
366	193	76	75
360	192	93	73
360	187	104	73
360	179	120	79
362	172	118	84
362	172	118	84
362	172	118	84
358	167	128	89
349	174	118	84
349	171	122	89
343	177	91	92
348	184	77	82
341	193	74	73
342	194	67	72
335	195	64	67
335	197	62	66
330	195	71	64
331	193	73	65
329	190	74	68
329	187	71	72
328	181	75	79
331	182	70	78
333	178	72	80
330	177	79	83
336	177	75	81
341	178	68	81
341	178	75	83
338	178	79	83
333	181	84	81
332	182	85	80
339	191	69	70
338	187	69	74
282	136	70	73
282	137	72	71
276	131	74	76
277	129	72	77
267	123	74	78
269	125	70	76
262	123	73	74
263	123	70	76
263	119	68	78
262	117	68	79
258	117	76	82
260	119	76	81
258	115	81	85
257	114	83	84
259	119	87	83
259	121	84	77
264	119	86	83
264	119	86	82
272	113	80	90
272	112	83	91
280	105	71	94
280	105	73	92
281	108	72	83
281	108	71	80
284	107	73	77
285	107	73	72
352	142	67	76
297	102	61	68
303	95	65	65
302	90	62	74
352	133	78	75
348	124	86	87
348	120	84	88
346	116	87	93
347	113	88	90
339	111	96	93
346	109	96	87
282	69	99	99
268	60	119	111
270	59	110	117
260	52	131	125
261	52	130	117
275	51	157	112
256	48	178	126
255	45	219	137
249	36	231	158
244	23	239	181
244	16	240	182
245	9	238	194
240	9	241	182
238	6	244	199
238	7	241	191
239	5	245	192
236	2	246	196
234	1	247	194
235	0	247	192
229	11	254	174
232	4	247	189
222	2	259	194
219	0	267	195
216	8	259	173
217	12	260	168
216	13	260	168
282	-4	247	175
202	14	271	161
203	15	271	161
251	-1	312	165
187	-3	312	165
242	4	329	178
174	-27	329	178
236	-8	335	185
167	-8	335	185
201	5	365	178
160	-27	365	178
223	-12	335	184
153	-14	335	184
175	-1	367	194
134	12	304	177
135	13	304	177
218	1	308	180
147	7	277	191
151	1	269	196
153	3	269	196
242	-38	269	204
177	-3	269	204
224	-69	294	251
140	-23	289	224
137	-22	289	224
225	-73	312	246
71	-73	312	246
232	-80	314	245
78	-80	314	245
207	-65	343	228
52	-62	343	228
210	-62	343	228
179	-54	370	206
211	-54	370	206
210	-54	370	206
57	-51	370	206
216	-51	370	206
249	-51	370	206
323	-15	319	178
128	0	302	159
147	13	272	143
147	13	272	143
335	1	230	157
167	4	251	154
166	5	251	154
351	-1	222	181
230	-35	222	181
301	-11	235	175
352	4	229	167
289	4	229	167
293	-10	237	168
239	-9	237	168
259	15	276	133
213	27	250	147
228	28	242	147
243	32	294	145
244	30	294	145
250	53	283	132
240	30	283	132
381	81	282	146
228	49	282	146
268	74	267	125
268	75	267	125
284	74	257	134
285	73	257	134
357	105	129	116
300	81	157	130
342	82	157	130
337	130	175	107
341	132	206	100
311	96	197	112
316	98	170	132
320	99	173	137
323	93	163	142
313	137	190	120
321	116	173	135
321	118	173	135
337	119	162	124
335	150	162	124
351	151	148	97
362	154	134	93
365	152	131	89
362	155	137	89
362	156	138	86
362	154	139	91
372	155	130	92
372	154	127	91
373	155	130	92
379	155	110	103
382	154	105	102
382	160	98	106
382	156	100	111
380	153	98	112
383	155	93	108
381	161	96	103
378	158	99	107
361	146	106	125
366	148	102	120
361	166	92	113
367	169	86	109
347	156	100	118
341	150	114	129
326	155	122	143
328	160	119	137
333	162	118	138
340	166	108	133
313	186	141	116
328	182	122	127
314	159	118	143
306	172	141	116
302	173	138	123
303	177	108	117
293	181	109	115
295	186	102	107
288	187	108	109
285	177	108	121
279	180	114	116
279	179	115	117
285	169	111	117
285	165	111	119
276	160	122	125
275	156	123	129
281	149	124	132
278	151	126	129
283	157	124	121
284	153	121	127
296	159	125	118
298	155	122	119
308	155	126	116
312	163	120	107
324	155	128	112
327	159	121	106
333	154	124	110
331	148	129	116
327	148	141	113
328	148	138	114
332	144	132	116
331	135	144	126
327	139	149	116
328	143	151	113
317	135	152	115
326	136	158	117
319	128	158	123
325	134	168	118
319	128	151	122
320	130	168	122
325	131	151	126
321	126	150	130
319	130	162	129
324	140	153	118
326	137	143	127
324	137	145	128
340	141	135	132
333	142	142	129
301	71	113	128
372	152	122	123
320	78	102	135
304	91	130	111
336	98	103	118
335	97	104	124
343	100	112	121
342	99	114	125
329	89	113	126
330	88	111	125
307	81	106	119
303	75	112	136
386	141	124	143
269	78	130	111
268	71	110	110
270	72	100	86
264	75	77	85
268	73	66	77
291	158	130	111
289	155	149	132
291	141	159	153
290	143	164	149
295	129	164	155
294	117	160	170
303	97	158	195
298	90	171	205
306	103	167	178
307	101	157	180
303	112	162	153
306	121	171	139
290	120	171	131
290	122	181	130
270	105	185	152
276	114	175	144
260	101	157	147
265	103	147	142
265	108	139	128
265	105	133	127
265	106	141	118
259	103	141	119
278	104	131	122
281	107	129	121
284	117	116	113
287	129	115	100
275	130	115	106
278	134	109	104
263	138	107	101
253	128	122	108
225	128	123	117
234	138	104	109
202	140	107	115
201	139	107	111
178	134	106	110
165	123	121	125
158	129	112	118
156	127	116	120
144	128	120	108
139	128	127	107
145	122	144	99
146	122	150	98
155	111	128	104
160	116	119	97
169	109	114	100
170	110	111	97
280	116	98	104
280	109	99	113
187	97	92	101
189	99	90	99
269	119	98	100
270	118	95	101
273	126	99	97
270	128	100	93
278	126	102	90
277	129	105	87
293	119	97	95
288	123	104	90
308	121	93	97
312	123	91	97
317	129	84	97
317	132	82	92
312	143	89	94
310	146	93	89
313	150	95	86
312	151	94	84
320	170	95	87
263	164	86	90
340	191	86	90
340	222	86	90
340	222	86	90
344	211	95	107
343	241	95	107
343	241	95	107
310	-26	95	107
309	255	95	107
346	255	95	107
345	255	95	107
59	-30	95	107
315	12	95	107
316	12	95	107
315	11	95	107
316	12	95	107
318	12	95	107
318	12	95	107
318	-45	95	107
316	-46	95	107
316	14	95	107
316	13	95	107
316	13	95	107
316	13	95	107
316	13	95	107
316	13	95	107
316	13	95	107
316	13	95	107
316	13	95	107
316	13	95	107
316	13	95	107
316	13	95	107
316	13	95	107
316	13	95	107
195	257	95	107
315	13	95	107
70	135	95	107
192	255	95	107
190	253	95	107
190	253	95	107
129	253	95	107
130	253	95	107
130	253	95	107
130	253	95	107
130	253	95	107
130	253	95	107
130	253	95	107
130	253	95	107
191	10	95	107
190	10	95	107
160	253	95	107
144	247	110	111
151	262	98	95
151	261	98	95
151	6	98	95
185	274	98	95
-1	82	98	95
221	241	98	95
-13	73	98	95
-14	73	98	95
133	36	98	95
133	35	98	95
296	116	98	95
124	-10	98	95
124	125	98	95
123	30	98	95
75	32	98	95
128	137	98	95
75	29	98	95
76	30	98	95
75	28	98	95
75	28	98	95
75	28	98	95
75	28	98	95
75	28	98	95
75	28	98	95
75	28	98	95
75	28	98	95
196	211	98	95
195	211	98	95
195	211	98	95
195	211	98	95
42	150	98	95
40	160	103	97
204	214	112	120
203	201	116	131
39	89	146	123
28	86	164	131
46	80	165	123
47	58	154	140
88	59	154	140
87	58	154	140
88	18	154	140
99	11	134	133
98	59	155	154
108	8	155	191
127	1	164	196
131	-1	160	198
148	-3	150	183
164	38	122	105
163	31	130	118
164	21	127	139
179	0	133	153
169	-4	140	163
192	0	133	174
197	35	122	105
201	28	138	129
205	13	134	147
214	5	133	149
216	9	129	149
202	5	144	156
206	7	136	156
205	44	122	105
206	45	119	120
203	55	122	105
202	62	116	111
196	86	119	118
194	82	115	125
197	107	117	121
196	111	116	119
203	151	129	111
202	157	122	103
132	-17	122	103
131	-18	122	103
171	-17	122	103
171	-18	122	103
215	-17	122	103
170	-18	122	103
216	-18	122	103
216	-17	122	103
