0.649246
0.049134
0.048701
0.046178
0.047117
0.047554
0.047387
0.048028
0.047992
0.048166
0.047985
0.048298
0.048299
0.051006
0.055487
0.061180
0.054519
0.061920
0.051408
0.048922
0.048956
0.037546
0.037494
0.037475
0.040728
0.052680
0.042948
0.043210
0.053862
0.042484
0.056847
0.042419
0.047885
0.042355
0.045366
0.045747
0.051929
0.053586
0.052188
0.051510
0.065531
0.053269
0.049901
0.051438
0.050783
0.052761
0.050088
0.052876
0.051401
0.052524
0.056548
0.051914
0.050067
0.046073
0.052168
0.047633
0.048462
0.049562
0.042378
0.044342
0.063713
0.043977
0.049604
0.040062
0.042886
0.052219
0.040359
0.040091
0.050131
0.048227
0.062719
0.041369
0.043495
0.049564
0.043020
0.039344
0.039544
0.039250
0.039982
0.039340
0.056973
0.036139
0.050538
0.051900
0.050772
0.036679
0.036783
0.036344
0.037108
0.036620
0.058925
0.036427
0.037487
0.037157
0.038483
0.053293
0.051630
0.052984
0.040240
0.051858
0.051715
0.036229
0.036771
0.036482
0.036143
0.037606
0.038809
0.040694
0.041515
0.053017
0.042077
0.049283
0.050123
0.048677
0.041075
0.048042
0.051768
0.040395
0.040631
0.040054
0.040637
0.039925
0.040760
0.040302
0.040158
0.040147
0.039887
0.040058
0.039767
0.039865
0.043715
0.047239
0.038018
0.047402
0.047375
0.047286
0.038884
0.038445
0.048670
0.047974
0.037046
0.047852
0.045882
0.048177
0.051440
0.039424
0.040327
0.036066
0.036472
0.035712
0.035793
0.035927
0.039592
0.040848
0.038938
0.038932
0.037759
0.037007
0.036419
0.037067
0.061963
0.035958
0.036518
0.036560
0.037125
0.053017
0.050397
0.051106
0.051514
0.052210
0.067155
0.042007
0.051967
0.054019
0.051389
0.039032
0.039267
0.040112
0.049462
0.044174
0.077526
0.051363
0.039062
0.038397
0.036892
0.039915
0.036487
0.036427
0.036912
0.038414
0.077783
0.046112
0.049706
0.039428
0.041932
0.048589
0.049257
0.049034
0.045825
0.036848
0.066352
0.039020
0.038875
0.038897
0.039004
0.039008
0.038956
0.039101
0.039983
0.050411
0.070179
0.038972
0.039490
0.039464
0.040585
0.039871
0.040641
0.040241
0.042192
0.048294
0.072115
0.039480
0.039187
0.038975
0.039297
0.039027
0.039854
0.048803
0.050608
0.041244
0.083045
0.051746
0.050850
0.038206
0.040086
0.039522
0.049301
0.037745
0.041828
0.047330
0.049634
0.047816
0.052245
0.049334
0.052272
0.039525
0.047757
0.039335
0.046364
0.049205
0.047721
0.050463
0.038371
0.041222
0.052492
0.036285
0.038702
0.037790
0.049019
0.048209
0.045703
0.055560
0.054352
0.040114
0.052449
0.036456
0.039862
0.047050
0.036098
0.036516
0.035986
0.036356
0.035822
0.037005
0.035965
0.035710
0.035874
0.039480
0.038262
0.037988
0.074810
0.039157
0.039175
0.039267
0.041590
0.041767
0.047482
0.047971
0.043135
0.039886
0.050761
0.049677
0.050841
0.039615
0.046249
0.043916
0.048616
0.054532
0.050055
0.050477
0.039111
0.050783
0.054751
0.052246
0.053292
0.051568
0.054485
0.050846
0.052962
0.051667
0.053467
0.051819
0.042565
0.039116
0.042281
0.046955
0.042457
0.039988
0.051654
0.054779
0.044731
0.044095
0.055035
0.050245
0.040409
0.045026
0.052547
0.052329
0.050783
0.052833
0.053873
0.041981
0.054660
0.044365
0.049245
0.037532
0.051023
0.050574
0.053855
0.053656
0.051352
0.040547
0.049914
0.048976
0.038872
0.038177
0.051769
0.051373
0.050750
0.044728
0.040000
0.040935
0.036052
0.035980
0.036204
0.035505
0.036387
0.035406
0.041300
0.048735
0.039953
0.042168
0.038645
0.050228
0.040098
0.036690
0.039866
0.047184
0.040554
0.048988
0.089459
0.039850
0.039794
0.039154
0.042169
0.046717
0.038756
0.043274
0.046503
0.040213
0.051212
0.040781
0.045211
0.049582
0.051533
0.049979
0.048655
0.050138
0.051268
0.047726
0.047672
0.048849
0.039417
0.039240
0.038426
0.038303
0.038124
0.038485
0.038271
0.038518
0.038000
0.036982
0.036125
0.036254
0.036894
0.038635
0.036418
0.040151
0.040262
0.038728
0.039962
0.038702
0.039438
0.039427
0.040081
0.044906
0.052141
0.049505
0.048385
0.052154
0.040372
0.038228
0.039625
0.039456
0.040855
0.050395
0.051481
0.041223
0.041716
0.049445
0.091721
0.040998
0.044372
0.036700
0.036460
0.036619
0.035922
0.036735
0.036132
0.036447
0.036050
0.038811
0.041208
0.048740
0.048907
0.051766
0.036252
0.047498
0.049302
0.050516
0.084902
0.040505
0.039056
0.047908
0.039684
0.040288
0.041160
0.036273
0.042081
0.038607
0.049438
0.051331
0.038885
0.039783
0.048381
0.050403
0.040329
0.039874
0.039807
0.040011
0.039870
0.052657
0.037885
0.040494
0.039842
0.037202
0.035997
0.038821
0.038630
0.038476
0.038512
0.036570
0.039835
0.035876
0.039936
0.039838
0.039734
0.041486
0.035671
0.035923
0.036168
0.035981
0.038548
0.038539
0.038424
0.039161
0.049147
0.039559
0.051953
0.040330
0.036258
0.051735
0.040881
0.036234
0.039890
0.040377
0.043273
0.042165
0.044502
0.038625
0.048568
0.038668
0.047795
0.045000
0.051081
0.051166
0.047364
0.055156
0.045100
0.050062
0.093298
0.039968
0.051415
0.040128
0.050583
0.050661
0.051749
0.040462
0.051602
0.042649
0.041196
0.045924
0.036200
0.036965
0.038262
0.036287
0.036368
0.035636
0.040810
0.041504
0.038377
0.038257
0.038786
0.041856
0.038088
0.037882
0.038520
0.036416
0.040058
0.036004
0.040978
0.036301
0.040141
0.039478
0.037736
0.040267
0.040255
0.051598
0.050825
0.035892
0.040704
0.042319
0.049782
0.038859
0.038203
0.038832
0.039211
0.039172
0.041325
0.038467
0.038343
0.040008
0.037519
0.042357
0.041899
0.050497
0.039923
0.038435
0.038740
0.048198
0.041069
0.048417
0.051209
0.038545
0.040373
0.051132
0.043490
0.039247
0.042314
0.044639
0.079563
0.037772
0.039681
0.040153
0.036535
0.039957
0.039216
0.037810
0.041142
0.044325
0.082997
0.042287
0.050484
0.051068
0.043450
0.040134
0.042346
0.052924
0.052653
0.037441
0.078484
0.050615
0.049031
0.051826
0.050617
0.048878
0.036332
0.037308
0.039151
0.038836
0.038410
0.038537
0.038487
0.039031
0.035726
0.036120
0.037328
0.039678
0.039246
0.039602
0.083795
0.040775
0.040181
0.039896
0.038423
0.038812
0.040671
0.049903
0.050118
0.049055
0.049296
0.046815
0.040800
0.038357
0.039150
0.040661
0.038104
0.037292
0.037393
0.036376
0.039007
0.039947
0.040629
0.041073
0.048703
0.051675
0.049888
0.052212
0.051978
0.039136
0.093066
0.053426
0.052068
0.050034
0.041392
0.040371
0.044415
0.048818
0.048814
0.040744
0.047695
0.041449
0.048442
0.048808
0.039064
0.040756
0.042763
0.050756
0.052660
0.051391
0.086215
0.052111
0.042384
0.039706
0.038941
0.038893
0.051426
0.051684
0.051514
0.040542
0.039159
0.055641
0.039037
0.040298
0.055816
0.052392
0.039604
0.039503
0.039402
0.039468
0.038524
0.049993
0.038327
0.035911
0.042717
0.051006
0.040729
0.045338
0.050507
0.049079
0.040607
0.038937
0.037250
0.048549
0.038512
0.039467
0.039062
0.039250
0.038933
0.039770
0.084471
0.037057
0.040435
0.039207
0.037630
0.037100
0.037621
0.036811
0.036445
0.035922
0.036360
0.035716
0.036726
0.037231
0.037384
0.036073
0.037508
0.036798
0.037928
0.037199
0.082713
0.039496
0.039640
0.039644
0.041329
0.038825
0.039084
0.037240
0.050600
0.053146
0.083299
0.040111
0.053624
0.052583
0.037301
0.043647
0.037055
0.037560
0.036944
0.036988
0.077010
0.042863
0.053158
0.052048
0.047340
0.052388
0.051684
0.036173
0.037651
0.036250
0.039240
0.053987
0.052140
0.048779
0.037104
0.039688
0.038577
0.039220
0.038441
0.039227
0.038587
0.040295
0.042033
0.042098
0.050837
0.050031
0.052872
0.041210
0.038111
0.037413
0.080044
0.034385
0.038098
0.037678
0.053611
0.050486
0.049643
0.042414
0.052964
0.040362
0.083805
0.041035
0.039957
0.039497
0.038577
0.037277
0.036794
0.036975
0.036013
0.036534
0.035786
0.036270
0.036606
0.037045
0.035821
0.037575
0.038252
0.037044
0.037262
0.036700
0.075758
0.037147
0.038829
0.039420
0.039675
0.039544
0.039815
0.037280
0.037556
0.037364
0.079398
0.036263
0.037785
0.036925
0.038415
0.038346
0.039304
0.040055
0.053428
0.041452
0.083676
0.041571
0.049268
0.037594
0.039308
0.053768
0.049198
0.050104
0.051463
0.052471
0.052237
0.036546
0.041343
0.038718
0.042660
0.040426
0.039828
0.036849
0.036827
0.040766
0.079252
0.042898
0.038225
0.041820
0.041954
0.037627
0.043300
0.041664
0.039386
0.038804
0.040189
0.040472
0.049443
0.047848
0.038508
0.038306
0.045748
0.039679
0.037734
0.052417
0.039768
0.049653
0.040500
0.049512
0.048477
0.050019
0.050018
0.039342
0.047684
0.038034
0.047802
0.039456
0.037882
0.038162
0.041811
0.038836
0.038389
0.039645
0.038801
0.038895
0.038270
0.038650
0.037134
0.040443
0.044398
0.041064
0.036915
0.037262
0.038420
0.039593
0.078490
0.037956
0.036988
0.037088
0.036079
0.036179
0.036086
0.040341
0.039453
0.040113
0.036276
0.035551
0.038612
0.038323
0.038723
0.036407
0.035655
0.036074
0.040971
0.039673
0.051324
0.039313
0.035782
0.039483
0.035569
0.039548
0.051224
0.039618
0.039879
0.050672
0.035646
0.038072
0.038727
0.036394
0.036320
0.053866
0.037709
0.039700
0.049400
0.035493
0.036546
0.035916
0.036474
0.036331
0.041254
0.036880
0.038120
0.037753
0.039180
0.052310
0.092394
0.040977
0.040056
0.039768
0.038915
0.039593
0.041392
0.038928
0.038156
0.037966
0.040051
0.048230
0.036192
0.037421
0.043976
0.048506
0.041405
0.036345
0.036848
0.038053
0.037916
0.048059
0.038998
0.036629
0.036224
0.035775
0.041784
0.044326
0.038328
0.038212
0.038632
0.038373
0.037359
0.036529
0.036128
0.036739
0.036208
0.051497
0.037334
0.039373
0.040323
0.052304
0.042400
0.038909
0.044512
0.041527
0.034139
0.041193
0.052248
0.042003
0.036563
0.051145
0.048860
0.051908
0.051293
0.051113
0.051036
0.055095
0.049177
0.035947
0.048083
0.035609
0.039910
0.046738
0.050799
0.036795
0.036940
0.036751
0.043603
0.049377
0.039089
0.039214
0.039239
0.038244
0.051161
0.043900
0.051019
0.041321
0.045824
0.050667
0.048542
0.045918
0.040373
0.040327
0.040647
0.040921
0.040253
0.040884
0.040888
0.041157
0.041040
0.040968
0.041219
0.049795
0.052428
0.039643
0.040013
0.039810
0.039556
0.038106
0.036930
0.036459
0.036597
0.036172
0.036532
0.035844
0.036316
0.035813
0.037618
0.036789
0.048675
0.050863
0.040995
0.036181
0.036128
0.035899
0.035644
0.035751
0.035541
0.035383
0.035810
0.035459
0.035848
0.035250
0.036148
0.035430
0.035876
0.035553
0.035605
0.035106
0.035884
0.036802
0.042717
0.018818
0.016028
0.015893
0.016026
0.015954
0.016252
0.016021
0.016299
0.016056
0.016182
0.016201
0.016336
0.016487
0.016396
0.016590
0.016547
0.016482
0.016618
0.016655
0.017062
0.016842
0.017233
0.016972
0.017200
0.017223
0.017500
0.018315
0.024840
0.024367
0.025425
0.018151
0.018116
0.018100
0.018180
0.018005
0.018169
0.018180
0.018145
0.018185
0.018137
0.017984
0.018347
0.018040
0.018205
0.018093
0.018234
0.018202
0.018214
0.018047
0.018622
0.018015
0.018869
0.018463
0.018664
0.018734
0.018296
0.018595
0.018308
0.018092
0.018436
0.018090
0.018304
0.018115
0.018229
0.021454
0.018517
0.018451
0.018481
0.018306
0.018433
0.018699
0.018689
0.018327
0.018813
0.018342
0.018686
0.018632
0.018464
0.018614
0.018876
0.018669
0.018681
0.025326
0.025544
0.018513
0.019103
0.018646
0.018818
0.018765
0.018778
0.018447
0.023041
0.024738
0.025006
0.018594
0.018487
0.018429
0.018587
0.018328
0.018447
0.018290
0.018484
0.018323
0.018484
0.018806
0.025596
0.024576
0.025015
0.025275
0.024722
0.027562
0.025182
0.018401
0.018484
0.018303
0.018451
0.018464
0.018493
0.018267
0.018464
0.018316
0.018614
0.024595
0.018547
0.018429
0.018442
0.018520
0.018454
0.019348
0.018798
0.018339
0.018505
0.024745
0.024704
0.018446
0.018622
0.018301
0.025102
0.024752
0.019324
0.018332
0.018432
0.018320
0.018575
0.018416
0.018583
0.018312
0.018471
0.018741
0.018423
0.018539
0.018411
0.018643
0.019512
0.018410
0.018736
0.018338
0.018414
0.018351
0.018420
0.018419
0.018716
0.018340
0.018481
0.018906
0.018624
0.018316
0.018639
0.018386
0.018456
0.018315
0.018502
0.018809
0.018622
0.018553
0.018681
0.018530
0.018692
0.018471
0.018840
0.019113
0.018821
0.018757
0.018684
0.018526
0.018886
0.018592
0.018820
0.018548
0.018663
0.018542
0.018641
0.018715
0.018668
0.018697
0.018675
0.018521
0.018833
0.018545
0.018678
0.018639
0.018644
0.018643
0.018730
0.018560
0.018627
0.018560
0.019372
0.032814
0.048982
0.050480
0.049303
0.051412
0.051726
0.050938
0.051815
0.051739
0.049214
0.045382
0.049035
0.047120
0.049078
0.048630
0.048248
0.049454
0.051623
0.048422
0.049167
0.048085
0.043009
0.051623
0.041131
0.047271
0.048209
0.043291
0.047563
0.047201
0.047273
0.041363
0.046524
0.048095
0.048065
0.048386
0.047240
0.048421
0.047683
0.048122
0.050675
0.048208
0.038748
0.053232
0.049478
0.039653
0.049462
0.051756
0.046641
0.047066
0.046103
0.052469
0.051161
0.051060
0.049196
0.048003
0.041826
0.048138
0.049465
0.040273
0.096793
0.050572
0.052372
0.052748
0.051531
0.049597
0.051123
0.049678
0.051971
0.051476
0.052505
0.052085
0.051975
0.049598
0.051366
0.049481
0.054559
0.049194
0.043041
0.046003
0.096006
0.053483
0.052779
0.048418
0.049422
0.052483
0.050077
0.053372
0.052310
0.051937
0.099590
0.051763
0.052309
0.052413
0.052546
0.050966
0.051446
0.051073
0.051291
0.049912
0.095649
0.045667
0.051764
0.052714
0.052264
0.047282
0.051471
0.052402
0.051659
0.052419
0.096630
0.052491
0.052724
0.055754
0.052401
0.053161
0.048470
0.050535
0.053004
0.051182
0.096357
0.048265
0.052395
0.047446
0.052035
0.051196
0.051570
0.052818
0.052550
0.042657
0.096769
0.050212
0.047482
0.050927
0.051559
0.038927
0.040016
0.039366
0.036929
0.037882
0.080554
0.038567
0.039680
0.052245
0.038796
0.037508
0.037035
0.036592
0.041075
0.037079
0.080202
0.038468
0.040804
0.036954
0.050680
0.050647
0.050939
0.051129
0.037423
0.036697
0.080609
0.036677
0.038307
0.038541
0.039246
0.038578
0.040101
0.036406
0.040426
0.042822
0.080691
0.051617
0.049318
0.051856
0.039541
0.040571
0.041459
0.039846
0.051766
0.038962
0.036745
0.035934
0.037037
0.036458
0.037402
0.037420
0.037591
0.037479
0.037875
0.037687
0.079224
0.044142
0.048234
0.053267
0.055161
0.040423
0.023988
0.034419
0.039391
0.018387
0.025448
0.019227
0.018708
0.025602
0.018885
0.025709
0.047670
0.052200
0.056528
0.040370
0.070322
0.040687
0.054096
0.051877
0.045734
0.042449
0.042376
0.041553
0.039173
0.040607
0.038066
0.037034
0.037284
0.037935
0.037780
0.037635
0.037643
0.037349
0.038086
0.038826
0.037803
0.037957
0.037923
0.037348
0.036980
0.038055
0.039712
0.037742
0.042882
0.049335
0.039392
0.039056
0.041323
0.040728
0.041576
0.039865
0.041004
0.044563
0.050912
0.043004
0.091745
0.041205
0.040246
0.042130
0.050194
0.050303
0.053453
0.048317
0.042793
0.053073
0.052502
0.052071
0.048902
0.053137
0.041053
0.040809
0.053176
0.050798
0.041714
0.043473
0.090328
0.044710
0.045707
0.050638
0.041789
0.041353
0.041188
0.041270
0.040699
0.039477
0.037999
0.037155
0.038767
0.049296
0.033886
0.037341
0.036779
0.036719
0.037825
0.037713
0.039778
0.038646
0.038239
0.036361
0.037488
0.036468
0.037685
0.038897
0.039754
0.040928
0.087998
0.041145
0.040706
0.040514
0.040647
0.039949
0.039944
0.042003
0.042848
0.043516
0.042828
0.041361
0.039000
0.054151
0.039231
0.041946
0.041548
0.043203
0.047760
0.040890
0.041102
0.041251
0.041145
0.040677
0.052757
0.054073
0.041419
0.047699
0.055288
0.041836
0.042660
0.041335
0.042011
0.041278
0.041522
0.042250
0.041227
0.041160
0.040868
0.041679
0.038977
0.039116
0.039046
0.039150
0.038643
0.043691
0.055684
0.042832
0.052480
0.054609
0.095840
0.044404
0.041780
0.040907
0.041643
0.042495
0.041507
0.040545
0.041330
0.043569
0.095428
0.041621
0.040411
0.043127
0.051590
0.040278
0.042799
0.041379
0.056605
0.044762
0.095863
0.042094
0.041250
0.041423
0.040536
0.041349
0.041838
0.042040
0.042194
0.055535
0.096221
0.043061
0.040970
0.040945
0.041273
0.040857
0.043215
0.040336
0.047891
0.053708
0.089107
0.041956
0.042915
0.054831
0.041823
0.040798
0.040837
0.040984
0.041748
0.042000
0.086357
0.042419
0.043938
0.042719
0.041484
0.042075
0.040675
0.041271
0.041761
0.041364
0.043189
0.041628
0.041111
0.039616
0.042795
0.040343
0.040129
0.040144
0.043448
0.042808
0.042740
0.054407
0.041367
0.051204
0.052352
0.041503
0.040476
0.042956
0.046833
0.055198
0.086257
0.046449
0.044561
0.055840
0.041820
0.040905
0.044523
0.050306
0.042776
0.042971
0.083203
0.052269
0.049770
0.042772
0.055554
0.042954
0.042370
0.042413
0.041679
0.041165
0.078967
0.038447
0.039159
0.038831
0.040120
0.053882
0.055556
0.040159
0.038836
0.040504
0.078315
0.038249
0.038460
0.037129
0.037567
0.037717
0.038606
0.038054
0.038237
0.038038
0.081324
0.041509
0.041162
0.040337
0.040758
0.040887
0.041696
0.052972
0.053230
0.055560
0.085649
0.040199
0.044255
0.056713
0.044226
0.053371
0.039245
0.044106
0.050690
0.057752
0.046034
0.052984
0.052734
0.054008
0.053367
0.052037
0.059856
0.046492
0.058036
0.051532
0.019784
0.019811
0.020005
0.019638
0.019786
0.019851
0.019703
0.020225
0.021227
0.020434
0.020680
0.021999
0.021000
0.020013
0.019432
0.018870
0.018978
0.019520
0.018862
0.019157
0.019615
0.019442
0.019763
0.019649
0.018910
0.018524
0.018773
0.018426
0.019006
0.018839
0.018880
0.018802
0.018645
0.018545
0.034964
0.038804
0.045460
0.045986
0.039896
0.038512
0.038326
0.038876
0.038409
0.039312
0.043061
0.041797
0.055691
0.058571
0.058398
0.044582
0.063283
0.036916
0.040805
0.036965
0.037166
0.036889
0.037208
0.036730
0.039385
0.044852
0.088933
0.040675
0.046349
0.042095
0.041224
0.040517
0.041108
0.042027
0.042138
0.043800
0.087940
0.044113
0.044287
0.045331
0.057122
0.061361
0.020437
0.034672
0.017010
0.016752
0.018099
0.023916
0.024690
0.017411
0.019799
0.018442
0.017771
0.024569
0.019111
0.018599
0.019049
0.018213
0.018944
0.018216
0.018460
0.018190
0.019055
0.018470
0.018271
0.018238
0.019075
0.020864
0.019259
0.019465
0.019826
0.018181
0.018249
0.018181
0.018172
0.018193
0.018212
0.018629
0.018308
0.018287
0.019598
0.018292
0.018375
0.018097
0.018486
0.018212
0.018181
0.018197
0.018229
0.018302
0.018694
0.019866
0.018280
0.018153
0.018506
0.018192
0.018475
0.018915
0.018226
0.022858
0.018574
0.018278
0.018904
0.018256
0.018634
0.018370
0.019046
0.018448
0.019146
0.018450
0.018366
0.018964
0.018574
0.019125
0.018682
0.018991
0.018838
0.018693
0.018838
0.018542
0.018628
0.018369
0.018598
0.018345
0.018592
0.018687
0.018628
0.018575
0.018358
0.018562
0.018410
0.018260
0.018575
0.019198
0.019254
0.018974
0.018757
0.018625
0.018538
0.018536
0.018455
0.018349
0.018445
0.018766
0.019678
0.019984
0.025976
0.025787
0.018637
0.018368
0.018520
0.018650
0.018433
0.019253
0.018597
0.018514
0.019013
0.018703
0.018836
0.018687
0.018718
0.018600
0.018540
0.018890
0.018529
0.018712
0.018820
0.018395
0.018488
0.018997
0.018788
0.025390
0.024739
0.018513
0.018815
0.020002
0.018751
0.018787
0.018624
0.018516
0.018582
0.018407
0.018492
0.018725
0.018742
0.018711
0.019020
0.018415
0.018786
0.018671
0.018691
0.018368
0.018559
0.018774
0.018702
0.018844
0.018681
0.018978
0.018710
0.018674
0.022647
0.022346
0.019181
0.019163
0.020086
0.018597
0.018949
0.018830
0.018798
0.022506
0.018754
0.018761
0.019780
0.018592
0.018457
0.018635
0.018545
0.018642
0.018419
0.018421
0.018775
0.018457
0.018646
0.019439
0.018864
0.018656
0.018473
0.019663
0.018658
0.018642
0.018454
0.018543
0.018469
0.019082
0.018779
0.018412
0.018648
0.019047
0.018611
0.018377
0.019191
0.018613
0.020109
0.018692
0.018877
0.018632
0.018665
0.018518
0.018450
0.018473
0.018780
0.023827
0.018721
0.018526
0.018408
0.018590
0.018540
0.018637
0.018583
0.018835
0.018647
0.018400
0.018590
0.018297
0.018429
0.018351
0.018385
0.018451
0.018390
0.018675
0.018592
0.018354
0.020478
0.019940
0.019555
0.018604
0.019487
0.018825
0.021010
0.019158
0.019166
0.018531
0.019648
0.018491
0.018559
0.018685
0.018354
0.018542
0.018414
0.018478
0.019257
0.018486
0.018353
0.019205
0.018981
0.019175
0.018796
0.020376
0.018811
0.021003
0.019775
0.018729
0.019225
0.018868
0.019249
0.019001
0.018903
0.018471
0.018461
0.018450
0.018454
0.018536
0.018450
0.018506
0.018576
0.018316
0.018673
0.018312
0.018426
0.018430
0.018351
0.018476
0.018458
0.018271
0.018414
0.018388
0.018524
0.018434
0.018456
0.018259
0.018409
0.018485
0.018367
0.019268
0.018965
0.018363
0.018457
0.018375
0.018572
0.018730
0.018403
0.018550
0.018451
0.018678
0.018381
0.018418
0.018533
0.018724
0.018945
0.018494
0.018391
0.018361
0.018481
0.018732
0.018611
0.018629
0.018546
0.018702
0.018478
0.018794
0.019317
0.018888
0.018756
0.018479
0.018412
0.018357
0.018517
0.018548
0.018434
0.018554
0.018751
0.018703
0.018744
0.018518
0.018673
0.018481
0.018680
0.018543
0.018859
0.018960
0.018730
0.018726
0.019006
0.018494
0.018572
0.018829
0.018929
0.018819
0.019505
0.018701
0.018706
0.018479
0.018574
0.018528
0.018562
0.019048
0.018610
0.018687
0.019013
0.018583
0.018718
