1.00
1.05
1.00
1.03
1.01
0.99
1.02
1.05
1.02
1.06
1.02
1.04
1.04
1.05
1.04
1.02
1.05
1.00
1.03
1.06
1.06
1.00
1.03
1.03
1.00
1.02
0.96
0.90
0.87
0.85
0.80
0.77
0.78
0.76
0.75
0.80
0.75
0.77
0.78
0.78
0.78
0.80
0.83
0.79
0.79
0.77
0.77
0.80
0.78
0.74
0.73
0.78
0.79
0.80
0.77
0.79
0.75
0.72
0.69
0.68
0.69
0.73
0.74
0.75
0.74
0.69
0.70
0.70
0.66
0.72
0.70
0.74
0.72
0.67
0.68
0.63
0.62
0.63
0.60
0.57
0.62
0.60
0.61
0.60
0.64
0.64
0.65
0.69
0.70
0.69
0.73
0.83
0.84
0.91
0.85
0.82
0.84
0.87
0.83
0.80
0.78
0.82
0.88
0.87
0.88
0.84
0.80
0.73
0.69
0.66
0.54
0.48
0.52
0.45
0.48
0.44
0.49
0.50
0.55
0.57
0.54
0.56
0.62
0.70
0.68
0.67
0.69
0.71
0.69
0.69
0.70
0.71
0.70
0.72
0.69
0.71
0.70
0.70
0.68
0.67
0.70
0.72
0.66
0.70
0.67
0.71
0.68
0.71
0.67
0.70
0.67
0.69
0.66
0.70
0.69
0.67
0.68
0.68
0.69
0.70
0.67
0.70
0.68
0.67
0.66
0.66
0.70
0.68
0.68
0.69
0.66
0.70
0.70
0.68
0.71
0.68
0.73
0.73
0.71
0.72
0.71
0.70
0.72
0.70
0.69
0.67
0.70
0.62
0.55
0.60
0.51
0.51
0.53
0.60
0.57
0.49
0.44
0.48
0.49
0.57
0.61
0.65
0.75
0.79
0.84
0.74
0.78
0.77
0.82
0.83
0.82
0.87
0.80
0.79
0.68
0.60
0.58
0.63
0.61
0.60
0.57
0.60
0.58
0.53
0.60
0.57
0.59
0.66
0.70
0.64
0.65
0.63
0.66
0.59
0.53
0.55
0.56
0.69
0.75
0.83
0.97
1.13
1.04
1.03
1.05
1.07
1.06
1.09
1.06
1.05
1.08
1.02
1.02
1.03
1.02
1.04
1.04
1.01
1.02
1.05
1.02
1.02
1.04
1.00
1.03
1.02
1.04
1.02
1.03
1.02
1.03
1.04
1.02
1.04
1.04
0.98
1.04
1.04
1.04
1.04
1.04
1.00
1.02
1.04
1.02
1.03
1.03
1.02
1.01
1.05
1.04
1.11
1.04
1.05
1.03
1.02
1.10
1.07
1.05
1.09
1.02
1.05
1.04
1.10
1.04
1.08
1.02
1.03
1.04
1.06
1.02
1.08
1.02
1.07
1.07
1.04
1.05
1.06
1.03
1.05
1.06
1.05
1.04
1.07
1.05
1.09
1.08
1.07
1.03
1.04
1.07
1.04
1.04
1.04
0.99
1.08
1.00
1.05
1.03
1.04
1.02
1.05
0.99
0.89
0.90
0.98
0.89
0.86
0.88
0.88
0.89
0.93
0.84
0.92
0.91
0.90
0.89
0.91
0.89
0.94
0.93
0.96
1.01
0.96
1.04
0.98
1.08
1.00
1.05
0.98
1.00
0.94
0.91
0.83
0.86
0.83
0.81
0.77
0.72
0.69
0.69
0.65
0.66
0.61
0.59
0.64
0.66
0.71
0.71
0.74
0.77
0.76
0.70
0.66
0.64
0.58
0.56
0.55
0.52
0.51
0.50
0.51
0.50
0.36
0.43
0.47
0.42
0.44
0.44
0.52
0.52
0.50
0.57
0.50
0.51
0.52
0.51
0.52
0.50
0.41
0.39
0.41
0.44
0.43
0.43
0.46
0.47
0.43
0.37
0.46
0.51
0.51
0.53
0.61
0.64
0.67
0.65
0.70
0.64
0.69
0.66
0.60
0.62
0.69
0.72
0.76
0.80
0.86
0.90
0.90
0.95
0.91
0.90
0.93
0.95
0.95
0.96
1.01
0.99
1.01
0.94
0.94
1.04
1.02
0.99
1.00
0.96
1.05
1.03
1.06
1.07
1.04
1.02
1.02
1.04
1.00
1.00
1.02
0.99
1.00
1.00
1.06
1.05
1.01
1.04
1.02
1.06
1.01
1.01
1.02
1.01
1.01
1.04
1.05
1.01
1.01
1.00
1.03
1.02
1.02
1.02
1.04
1.00
1.01
1.03
1.01
1.04
1.02
1.06
1.04
1.09
1.05
1.05
1.04
1.03
1.01
0.99
0.93
0.99
1.00
0.96
1.01
1.01
1.02
1.01
1.01
0.98
1.01
1.00
1.00
0.99
1.03
1.03
1.07
1.02
1.00
1.02
1.06
1.02
1.03
1.02
1.07
1.01
1.03
1.02
1.05
1.03
1.01
1.04
1.04
1.01
1.06
1.03
1.03
1.02
1.01
0.99
1.01
0.99
1.02
1.06
1.10
1.02
1.05
1.03
0.99
0.93
0.91
0.89
0.78
0.76
0.77
0.80
0.77
0.81
0.80
0.77
0.72
0.72
0.77
0.76
0.69
0.68
0.63
0.49
0.35
0.24
0.19
0.19
0.16
0.15
0.13
0.31
0.32
0.23
0.23
0.26
0.38
0.43
0.36
0.39
0.42
0.40
0.31
0.37
0.38
0.41
0.41
0.45
0.44
0.38
0.45
0.38
0.45
0.45
0.44
0.44
0.49
0.47
0.46
0.47
0.51
0.48
0.45
0.43
0.43
0.26
0.29
0.25
0.26
0.22
0.20
0.23
0.22
0.21
0.23
0.20
0.19
0.20
0.20
0.20
0.22
0.26
0.27
0.32
0.30
0.30
0.25
0.28
0.31
0.36
0.36
0.35
0.30
0.28
0.39
0.51
0.57
0.56
0.59
0.57
0.62
0.57
0.55
0.56
0.56
0.59
0.59
0.61
0.56
0.54
0.58
0.60
0.54
0.50
0.47
0.48
0.49
0.54
0.54
0.53
0.57
0.55
0.55
0.57
0.53
0.64
0.59
0.61
0.64
0.59
0.62
0.65
0.64
0.62
0.61
0.66
0.65
0.65
0.66
0.65
0.66
0.66
0.57
0.68
0.61
0.65
0.63
0.60
0.58
0.62
0.56
0.58
0.47
0.53
0.51
0.54
0.55
0.52
0.57
0.53
0.50
0.50
0.59
0.60
0.62
0.56
0.55
0.54
0.52
0.45
0.42
0.42
0.51
0.48
0.47
0.92
1.14
1.15
1.22
1.16
1.14
1.14
1.14
1.12
1.09
1.05
1.07
1.05
1.04
1.01
0.96
0.93
0.83
0.76
0.82
0.85
0.86
0.94
0.97
0.93
0.91
0.91
0.90
0.96
0.94
0.99
0.98
0.89
0.87
0.85
0.85
0.80
0.78
0.74
0.72
0.71
0.69
0.61
0.55
0.48
0.49
0.42
0.41
0.38
0.40
0.40
0.42
0.41
0.31
0.27
0.25
0.26
0.25
0.40
0.49
0.42
0.35
0.36
0.40
0.34
0.36
0.31
0.30
0.27
0.31
0.35
0.44
0.38
0.35
0.46
0.56
0.51
0.53
0.59
0.61
0.65
0.65
0.67
0.64
0.60
0.71
0.71
0.71
0.69
0.72
0.71
0.74
0.69
0.76
0.71
0.82
0.78
0.79
0.79
0.82
0.79
0.78
0.76
0.73
0.73
0.71
0.74
0.69
0.69
0.67
0.72
0.70
0.72
0.74
0.78
0.85
0.84
0.81
0.87
0.81
0.83
0.81
0.84
0.81
0.82
0.82
0.86
0.79
0.70
0.66
0.56
0.67
0.78
0.74
0.68
0.60
0.63
0.60
0.57
0.32
0.13
0.20
0.58
0.52
0.56
0.52
0.52
0.52
0.51
0.51
0.53
0.50
0.47
0.51
0.48
0.45
0.45
0.51
0.45
0.46
0.50
0.51
0.53
0.53
0.50
0.42
0.51
0.66
0.66
0.72
0.71
0.68
0.68
0.72
0.72
0.68
0.73
0.75
0.78
0.83
0.75
0.79
0.80
0.82
0.82
0.79
0.82
0.79
0.78
0.83
0.77
0.75
0.74
0.70
0.66
0.68
0.66
0.55
0.57
0.59
0.63
0.70
0.66
0.68
0.70
0.72
0.66
0.62
0.53
0.51
0.49
0.50
0.48
0.45
0.34
0.21
0.27
0.38
0.37
0.48
0.52
0.61
0.70
0.77
0.71
0.74
0.72
0.71
0.70
0.64
0.65
0.67
0.63
0.64
0.59
0.58
0.72
0.74
0.74
0.71
0.68
0.70
0.71
0.66
0.72
0.76
0.69
0.64
0.65
0.59
0.71
0.74
0.79
0.69
0.78
0.77
0.80
0.78
0.80
0.83
0.78
0.73
0.70
0.86
0.93
0.93
0.96
1.02
0.96
0.96
0.96
0.89
0.91
0.90
0.89
0.94
0.90
0.91
0.85
0.79
0.75
0.65
0.62
0.54
0.43
0.58
0.53
0.65
0.68
0.63
0.66
0.72
0.78
0.69
0.56
0.58
0.68
0.80
0.74
0.70
0.65
0.59
0.58
0.64
0.70
0.79
0.74
0.69
0.68
0.73
0.73
0.82
0.81
0.67
0.81
0.97
0.98
0.97
0.84
0.77
0.82
0.90
0.86
0.83
0.89
0.90
0.87
0.89
0.95
0.94
0.91
0.95
0.92
0.95
0.97
0.96
1.02
1.02
0.95
1.05
0.99
1.02
1.04
1.03
1.00
1.02
1.03
1.03
1.02
1.04
1.00
1.03
1.02
1.03
1.03
1.06
1.02
1.02
0.98
0.99
1.03
1.07
1.01
1.03
1.05
1.03
1.01
1.01
1.02
1.04
1.05
1.02
0.97
0.87
0.70
0.66
0.87
1.00
0.98
1.04
1.02
1.05
1.02
1.03
1.03
1.00
1.05
1.04
1.04
1.00
1.03
1.01
0.98
0.96
0.98
0.96
0.94
0.93
0.93
0.92
0.90
0.93
0.90
0.91
0.90
0.94
0.98
0.94
0.96
0.96
1.01
0.92
0.94
0.91
0.87
0.95
0.93
0.81
0.85
0.74
0.82
0.93
0.89
0.91
0.92
0.94
0.84
0.65
0.48
0.63
0.64
0.70
0.66
0.66
0.65
0.74
0.87
0.90
0.84
0.83
0.70
0.66
0.81
0.90
0.94
0.96
0.95
0.97
0.96
0.91
0.90
0.93
0.92
0.95
0.92
0.91
0.89
0.88
0.91
0.89
0.91
0.91
0.89
0.87
0.88
0.91
0.85
0.88
0.84
0.84
0.87
0.90
0.90
0.87
0.87
0.89
0.83
0.88
0.88
0.92
0.91
0.99
0.94
1.02
0.98
0.95
0.90
0.84
0.89
0.83
0.79
0.81
0.83
0.87
0.83
0.82
0.80
0.88
0.84
0.86
0.84
0.88
0.85
0.90
0.91
0.91
0.96
0.96
0.97
0.93
0.99
1.04
1.07
1.06
1.02
0.96
1.02
1.01
1.01
1.07
1.04
0.98
1.01
1.00
0.92
0.94
0.92
0.96
0.88
0.94
0.86
0.74
0.58
0.69
0.86
0.98
0.95
0.94
0.98
0.97
0.94
0.94
0.96
0.94
0.93
1.00
0.93
0.95
0.93
0.99
0.97
0.98
0.97
0.92
0.91
0.87
0.97
0.98
0.98
0.96
0.96
1.02
1.01
0.94
0.91
0.95
0.86
0.88
0.91
0.84
0.81
0.78
0.72
0.78
0.76
0.76
0.76
0.74
0.74
0.65
0.58
0.59
0.54
0.55
0.48
0.17
0.32
0.45
0.48
0.57
0.59
0.60
0.72
0.84
0.79
0.93
0.95
0.90
0.85
0.85
0.89
0.92
0.94
0.95
0.91
0.97
0.96
0.93
0.94
0.91
0.91
0.88
0.85
0.82
0.84
0.87
0.85
0.88
0.94
0.90
1.05
1.06
0.88
0.81
0.80
0.87
0.85
0.78
0.83
0.84
0.82
0.83
0.81
0.79
0.75
0.81
0.82
0.76
0.76
0.78
0.83
0.86
0.92
0.95
0.99
0.93
0.78
0.74
0.75
0.67
0.67
0.66
0.67
0.71
0.71
0.76
0.81
0.77
0.81
0.81
0.83
0.89
0.86
0.88
0.88
0.91
0.92
0.92
0.92
0.92
0.91
0.89
0.91
0.93
0.93
0.98
0.98
0.99
0.98
1.00
0.97
0.98
1.00
1.01
0.99
1.02
1.01
1.03
1.03
1.06
1.10
1.03
0.92
0.91
0.88
0.78
0.59
0.55
0.38
0.26
0.22
0.21
0.17
0.17
0.16
0.18
0.26
0.57
0.55
0.44
0.38
0.45
0.49
0.60
0.56
0.57
0.57
0.53
0.50
0.53
0.61
0.63
0.67
0.71
0.61
0.92
0.88
0.89
0.85
0.93
0.96
0.97
1.05
0.97
0.95
0.99
1.05
0.95
0.86
0.75
0.66
0.57
0.45
0.37
0.29
0.27
0.35
0.33
0.27
0.36
0.28
0.26
0.27
0.29
0.27
0.25
0.27
0.34
0.28
0.33
0.31
0.32
0.27
0.21
0.22
0.20
0.24
0.20
0.19
0.17
0.15
0.12
0.08
0.10
0.10
0.22
0.21
0.18
0.20
0.19
0.18
0.19
0.17
0.20
0.18
0.17
0.16
0.24
0.69
0.68
0.55
0.52
0.52
0.64
0.66
0.69
0.70
0.73
0.73
0.72
0.68
0.71
0.70
0.49
0.49
0.60
0.55
0.59
0.63
0.60
0.63
0.63
0.63
0.61
0.63
0.61
0.65
0.64
0.62
0.63
0.66
0.64
0.66
0.69
0.65
0.62
0.62
0.63
0.66
0.62
0.57
0.63
0.63
0.59
0.54
0.55
0.57
0.58
0.53
0.53
0.50
0.50
0.48
0.49
0.43
0.50
0.66
0.65
0.66
0.69
0.74
0.73
0.65
0.69
0.72
0.75
0.74
0.77
0.78
0.91
1.01
0.95
0.95
0.90
0.86
0.81
0.68
0.58
0.41
0.38
0.41
0.38
0.42
0.36
0.40
0.45
0.44
0.50
0.51
0.54
0.52
0.55
0.52
0.62
0.56
0.56
0.52
0.57
0.52
0.63
0.60
0.66
0.64
0.73
0.71
0.70
0.66
0.64
0.62
0.61
0.68
0.74
0.73
0.82
0.81
0.85
0.73
0.63
0.56
0.52
0.56
0.73
0.74
0.86
0.82
0.89
0.79
0.86
0.92
0.57
0.55
0.50
0.43
0.37
0.26
0.27
0.28
0.27
0.26
0.30
0.55
0.66
0.65
0.73
0.85
0.85
0.89
0.85
0.84
0.84
0.81
0.91
0.90
0.82
0.75
0.84
0.83
0.78
0.85
0.96
0.98
0.97
0.93
0.95
0.99
1.04
0.99
1.01
1.01
1.05
1.06
1.05
1.07
1.07
1.09
1.01
1.01
1.07
1.00
1.05
1.02
1.01
1.06
1.05
1.06
1.05
1.00
1.05
1.07
1.05
1.07
1.02
1.08
1.09
1.05
1.08
1.05
1.06
1.04
1.04
1.08
1.08
1.09
1.05
1.08
1.08
1.10
1.07
1.11
1.09
1.10
1.08
1.09
1.13
1.13
1.06
1.10
1.13
1.08
1.07
1.08
1.08
1.08
1.10
1.07
1.09
1.09
1.11
1.11
1.09
1.10
1.12
