1.00
1.00
1.01
0.99
1.02
0.94
0.83
0.63
0.54
0.38
0.43
0.50
0.62
0.60
0.49
0.43
0.53
0.64
0.56
0.52
0.50
0.61
0.58
0.53
0.55
0.62
0.66
0.78
0.69
0.69
0.61
0.57
0.56
0.60
0.78
0.83
0.86
0.80
0.80
0.74
0.69
0.77
0.75
0.79
0.81
0.76
0.79
0.76
0.79
0.80
0.79
0.88
0.86
0.84
0.86
0.82
0.83
0.84
0.75
0.78
0.76
0.81
0.79
0.83
0.84
0.85
0.83
0.75
0.73
0.64
0.61
0.65
0.64
0.58
0.63
0.56
0.55
0.63
0.61
0.77
0.83
0.88
0.90
0.91
0.92
0.82
0.81
0.74
0.59
0.55
0.56
0.55
0.62
0.71
0.78
0.62
0.70
0.71
0.89
1.02
0.96
0.92
0.73
0.63
0.70
0.76
0.79
0.79
0.75
0.54
0.81
0.89
0.88
0.78
0.69
0.73
0.70
0.71
0.73
0.67
0.59
0.64
0.47
0.67
0.75
0.78
0.74
0.62
0.51
0.55
0.75
0.81
0.89
0.78
0.78
0.76
0.72
0.67
0.62
0.53
0.44
0.50
0.48
0.53
0.56
0.67
0.75
0.66
0.73
0.76
0.86
0.80
0.87
0.96
0.95
0.96
0.91
0.91
0.98
0.90
0.97
0.96
0.88
0.76
0.78
0.75
0.82
0.92
0.89
0.89
0.88
0.85
0.85
0.80
0.85
0.89
0.97
1.00
1.00
0.95
0.91
1.02
1.03
1.05
1.06
1.09
1.08
1.07
1.07
1.04
1.07
1.09
1.09
1.08
1.10
1.11
1.07
1.09
1.09
1.11
1.12
1.07
1.13
1.11
1.11
1.08
1.06
1.08
1.08
1.10
1.06
1.13
1.14
1.15
1.16
1.16
1.12
1.17
1.13
1.15
1.18
1.12
1.17
1.18
1.17
1.15
1.18
1.16
1.19
1.17
1.16
1.18
1.17
1.12
1.07
1.04
1.01
0.91
0.92
0.91
0.82
0.74
0.70
0.57
0.60
0.53
0.59
0.64
0.79
0.74
0.80
0.84
0.92
0.86
0.83
0.85
0.86
0.91
0.91
0.84
0.75
0.74
0.83
0.81
0.75
0.86
0.80
0.80
0.81
0.81
0.71
0.78
0.79
0.82
0.87
0.97
0.99
0.90
0.89
0.85
0.75
0.79
0.74
0.79
0.79
0.70
0.72
0.81
0.70
0.58
0.58
0.69
0.75
0.73
0.80
0.73
0.76
0.81
0.86
0.88
0.82
0.83
0.79
0.82
0.81
0.95
0.86
0.94
0.82
0.77
0.69
0.66
0.45
0.67
0.78
0.74
0.76
0.76
0.93
0.88
0.85
0.94
0.96
0.99
1.07
0.94
0.90
0.85
0.74
0.72
0.68
0.72
0.69
0.72
0.62
0.81
0.67
0.67
0.75
0.79
0.77
0.77
0.72
0.76
0.79
0.86
0.82
0.87
0.82
0.83
0.77
0.74
0.75
0.79
0.83
0.85
0.77
0.71
0.65
0.61
0.67
0.72
0.72
0.85
0.82
0.88
1.04
1.09
0.98
0.95
1.00
1.10
1.02
0.94
0.80
0.80
0.80
0.71
0.68
0.67
0.62
0.51
0.54
0.59
0.66
0.77
0.71
0.78
0.77
0.76
0.75
0.69
0.72
0.70
0.71
0.71
0.76
0.77
0.81
0.86
0.90
0.93
0.94
0.88
0.81
0.91
0.84
0.86
0.81
0.89
0.85
0.87
1.00
1.13
1.07
0.98
1.04
1.08
1.08
1.08
1.13
1.10
1.01
0.93
0.86
0.91
0.97
0.75
0.97
0.86
0.81
0.76
0.68
0.75
0.82
0.83
0.99
1.03
1.07
1.05
0.98
0.90
0.91
0.92
0.88
0.94
0.87
0.88
0.87
0.71
0.77
0.74
0.80
0.86
0.92
0.95
1.00
1.01
1.03
1.15
1.19
1.22
1.16
1.18
1.15
1.11
1.08
1.07
1.03
1.07
1.05
1.07
1.05
1.02
0.99
1.06
1.09
1.02
1.12
1.07
1.14
0.99
0.98
0.89
0.86
0.75
0.60
0.56
0.51
0.47
0.48
0.48
0.50
0.51
0.46
0.47
0.44
0.47
0.44
0.49
0.57
0.55
0.57
0.66
0.69
0.76
0.88
0.97
0.94
0.97
0.97
0.98
0.98
0.99
0.92
0.98
1.00
1.06
1.14
1.13
1.10
1.13
1.17
1.12
1.07
1.03
0.99
0.91
0.85
0.83
0.77
0.65
0.58
0.49
0.44
0.42
0.57
0.55
0.62
0.55
0.56
0.65
0.58
0.68
0.71
0.69
0.77
0.79
0.78
0.83
0.88
0.87
0.90
0.81
0.87
0.79
0.79
0.82
0.86
0.95
1.01
1.02
1.00
1.02
1.01
0.97
1.03
1.00
1.00
0.97
0.90
0.98
0.94
0.92
0.83
0.85
0.82
0.83
0.74
0.75
0.74
0.77
0.83
0.81
0.78
0.77
0.81
0.89
0.88
0.84
0.89
0.82
0.80
0.88
0.82
0.90
0.94
0.92
0.96
0.87
1.00
1.01
0.94
0.96
0.90
0.94
0.91
0.79
0.82
0.80
0.97
0.88
0.92
1.00
1.07
1.02
1.06
1.08
1.07
1.05
1.04
1.01
1.03
0.99
0.99
0.91
0.96
0.98
0.86
0.93
0.80
0.86
0.93
0.96
1.02
0.98
0.97
0.97
0.91
0.94
0.96
1.00
1.02
1.07
0.96
0.97
0.94
0.91
0.96
0.97
0.91
0.92
0.97
0.97
0.97
1.01
0.96
0.93
0.93
0.90
0.94
0.94
0.83
0.81
0.78
0.81
0.78
0.75
0.74
0.96
0.78
1.03
0.85
1.08
0.97
0.96
0.96
0.93
0.99
0.98
0.95
0.96
1.00
0.98
0.97
1.15
1.17
1.07
0.88
0.87
0.90
0.83
0.89
0.84
0.88
0.88
0.90
0.92
0.87
0.96
1.01
1.01
1.01
1.00
1.01
1.03
0.98
0.97
1.02
1.01
0.94
0.87
0.83
0.83
0.81
0.86
0.85
0.89
0.88
0.83
0.90
0.86
0.90
0.96
0.92
1.05
0.99
1.10
1.15
1.00
1.06
1.02
0.99
1.05
1.02
0.98
0.95
1.04
1.04
1.10
1.09
1.03
1.12
1.09
1.10
1.11
1.08
1.11
1.04
1.06
1.04
1.08
1.06
1.03
1.07
1.06
1.07
1.10
0.99
0.87
0.88
0.91
1.03
0.97
1.01
0.98
1.03
0.98
0.99
0.99
0.98
0.92
0.94
0.93
0.86
0.90
0.90
0.83
0.92
0.81
0.80
0.85
0.83
0.86
0.91
0.97
0.85
0.92
1.04
1.02
0.95
0.91
0.89
0.82
0.84
0.78
0.75
0.66
0.62
0.61
0.60
0.55
0.55
0.72
0.85
0.64
0.67
0.93
0.98
1.07
1.18
1.13
1.21
1.21
1.22
1.21
1.19
1.15
1.14
1.10
1.20
1.19
1.21
1.06
1.16
1.13
1.02
0.88
0.71
0.88
0.88
0.91
0.90
0.99
0.92
0.96
0.85
0.85
0.80
0.80
0.79
0.95
1.05
1.00
0.91
0.83
0.92
0.99
1.00
0.90
0.86
0.75
0.77
0.87
0.89
0.99
1.03
1.09
1.20
0.96
0.87
0.74
0.84
0.67
0.79
0.80
0.65
0.70
0.62
0.57
0.68
0.59
0.53
0.49
0.56
0.52
0.54
0.49
0.48
0.46
0.53
0.51
0.57
0.57
0.53
0.56
0.64
0.69
0.72
0.67
0.71
0.74
0.72
0.88
0.84
0.97
0.83
0.78
0.70
0.66
0.82
0.97
0.72
0.93
1.02
1.01
1.04
0.96
0.87
0.76
0.62
0.56
0.69
0.88
0.87
0.79
0.84
0.76
0.72
0.47
0.52
0.62
0.58
0.77
0.76
0.67
0.70
0.74
0.76
0.71
0.68
0.61
0.58
0.55
0.59
0.69
0.51
0.47
0.48
0.29
0.37
0.43
0.50
0.56
0.49
0.41
0.58
0.75
0.78
0.88
0.82
0.77
0.65
0.94
0.96
0.88
0.81
0.73
0.77
0.70
0.44
0.61
0.65
0.83
0.67
0.56
0.62
0.68
0.87
0.90
0.93
0.80
0.78
0.87
0.87
0.79
0.92
0.92
0.83
0.86
0.85
0.87
0.86
0.78
0.93
0.84
0.61
0.58
0.37
0.44
0.51
0.61
0.54
0.53
0.46
0.52
0.41
0.50
0.67
0.78
0.76
0.74
0.67
0.70
0.61
0.58
0.63
0.47
0.43
0.54
0.52
0.67
0.46
0.30
0.60
0.60
0.78
0.90
0.90
0.86
0.88
0.88
0.92
0.94
0.92
0.99
1.02
1.03
1.05
1.16
1.04
1.03
0.95
0.94
0.85
0.78
0.83
0.75
0.67
0.53
0.47
0.48
0.54
0.62
0.53
0.66
0.71
0.77
0.71
0.71
0.66
0.66
0.62
0.66
0.72
0.71
0.73
0.68
0.68
0.68
0.74
0.76
0.86
0.89
0.97
0.99
1.05
1.04
1.11
1.10
1.09
1.12
1.04
1.08
1.02
1.09
1.01
0.98
0.91
0.94
0.79
0.95
0.90
0.95
0.95
0.84
0.74
0.77
0.61
0.56
0.56
0.32
0.21
-0.03
0.00
0.10
0.07
0.06
0.04
0.06
0.05
0.03
0.17
0.17
0.19
0.16
0.16
0.13
0.12
0.14
0.21
0.09
0.05
0.05
0.08
0.06
0.08
0.09
0.11
0.10
0.12
0.12
0.11
0.12
0.12
0.12
0.10
0.11
0.12
0.12
0.11
0.12
0.12
0.13
0.12
0.12
0.12
0.12
0.10
0.11
0.10
0.10
0.12
0.11
0.12
0.10
0.12
0.11
0.12
0.11
0.12
0.12
0.11
0.13
0.11
0.14
0.14
0.14
0.12
0.12
0.10
0.12
0.11
0.10
0.10
0.10
0.10
0.12
0.11
0.11
0.10
0.12
0.11
0.10
0.11
0.13
0.11
0.09
0.14
0.08
0.11
0.11
0.12
0.13
0.12
0.08
0.11
0.12
0.11
0.11
0.11
0.11
0.09
0.10
0.12
0.08
0.13
0.10
0.10
0.11
0.09
0.08
0.11
0.11
0.11
0.09
0.10
0.10
0.11
0.10
0.11
0.12
0.12
0.10
0.09
0.12
0.13
0.12
0.10
0.10
0.10
0.12
0.10
0.11
0.11
0.13
0.12
0.11
0.10
0.12
0.12
0.10
0.13
0.11
0.10
0.11
0.11
0.11
0.11
0.10
0.11
0.10
0.10
0.10
0.10
0.10
0.10
0.11
0.10
0.11
0.09
0.09
0.10
0.10
0.11
0.10
0.10
0.10
0.08
0.11
0.13
0.11
0.12
0.11
0.09
0.08
0.15
0.13
0.13
0.13
0.13
0.13
0.12
0.12
0.14
0.24
0.21
0.16
0.16
0.16
0.16
0.10
0.12
0.14
0.18
0.20
0.17
0.19
0.16
0.18
0.16
0.18
0.15
0.12
0.12
0.12
0.13
0.14
0.19
0.22
0.24
0.52
0.56
0.76
0.78
0.68
0.63
0.76
0.75
0.91
1.05
0.90
0.94
1.04
1.07
0.99
0.97
0.97
0.96
0.82
0.77
0.78
0.63
0.55
0.46
0.47
0.47
0.55
0.59
0.59
0.63
0.73
0.92
0.86
0.86
0.77
0.79
0.69
0.68
0.67
0.61
0.60
0.65
0.77
0.49
0.55
0.53
0.53
0.48
0.60
0.51
0.67
0.51
0.56
0.91
0.99
0.91
0.85
0.77
0.86
0.79
0.81
0.81
0.89
0.91
0.82
0.74
0.66
0.82
0.84
0.78
0.75
0.82
0.86
0.96
0.93
0.95
0.88
0.82
0.76
0.78
0.76
0.71
0.73
0.78
0.81
0.79
0.75
0.70
0.65
0.70
0.75
0.85
0.79
0.86
0.79
0.70
0.65
0.73
0.77
0.57
0.57
0.67
0.66
0.66
0.68
0.76
0.80
0.69
0.65
0.71
0.77
0.89
0.84
0.97
0.98
0.99
1.02
1.01
1.00
0.99
1.09
1.03
0.99
1.03
0.98
0.88
0.90
0.90
0.93
0.88
0.90
0.93
1.02
1.07
1.10
1.06
1.01
1.00
1.04
1.05
1.07
1.08
1.13
1.10
1.08
1.06
1.02
1.01
0.99
1.01
1.03
1.04
1.00
1.04
1.01
1.00
1.04
1.01
0.92
1.03
1.08
1.04
1.04
1.02
1.03
1.05
1.03
1.00
1.00
1.03
1.04
1.08
1.05
0.95
0.98
0.96
0.93
0.87
0.88
0.90
0.98
0.92
0.88
0.82
0.78
0.73
0.75
0.60
0.63
0.56
0.65
0.61
0.41
0.31
0.28
0.23
0.20
0.23
0.21
0.24
0.25
0.24
0.23
0.24
0.24
0.23
0.63
0.23
0.57
0.25
0.72
0.37
0.39
0.31
0.50
0.69
0.77
0.95
0.51
0.59
0.78
1.01
0.42
0.67
0.56
0.75
0.90
0.37
0.52
0.77
0.50
0.55
0.59
0.94
0.31
0.50
0.60
0.67
0.52
0.67
0.97
0.57
0.77
0.94
0.81
0.92
0.86
0.82
0.96
0.99
0.95
0.91
0.85
0.86
0.81
0.60
0.69
0.52
0.71
0.72
0.68
0.78
0.80
0.97
0.90
0.97
0.94
0.97
0.91
0.90
0.86
0.91
0.90
0.85
0.91
0.84
0.94
0.87
0.91
0.95
0.97
1.13
0.90
1.01
0.98
0.90
1.03
0.97
0.92
0.79
0.76
0.81
0.92
0.96
0.92
0.89
0.94
0.95
0.95
1.03
0.95
0.88
0.91
0.88
0.85
0.72
0.71
0.68
0.67
0.73
0.72
0.77
0.73
0.76
0.72
0.68
0.69
0.67
0.69
0.69
0.72
0.62
0.61
0.63
0.56
0.55
0.51
0.38
0.43
0.48
0.56
0.58
0.56
0.56
0.53
0.63
0.68
0.73
0.70
0.81
0.88
0.94
0.96
0.93
0.91
0.99
0.99
0.99
1.00
0.99
0.92
0.84
0.81
0.73
0.69
0.67
0.68
0.58
0.53
0.50
0.51
0.45
0.53
0.58
0.61
0.60
0.59
0.62
0.63
0.70
0.71
0.84
0.87
0.84
0.74
0.67
0.62
0.62
0.56
0.52
0.52
0.42
0.53
0.58
0.69
0.74
0.72
0.69
0.73
0.75
0.83
0.84
0.88
0.75
0.96
0.97
0.94
0.76
0.83
0.77
0.72
0.69
0.71
0.64
0.56
0.52
0.53
0.57
0.54
0.74
0.72
0.74
0.77
0.78
0.87
0.82
0.90
0.79
0.74
0.63
0.72
0.75
0.70
0.72
0.73
0.75
0.85
0.80
0.83
0.94
0.95
0.94
0.95
1.03
1.08
1.12
0.91
0.99
1.04
1.00
0.92
0.82
0.87
0.88
0.84
0.81
0.98
0.91
0.88
0.92
0.88
0.87
0.96
0.98
0.94
0.99
1.00
0.99
1.05
0.98
1.03
0.98
1.00
1.06
1.06
1.08
1.12
0.98
0.87
0.85
0.78
0.82
0.90
0.85
0.88
0.78
0.74
0.88
0.94
0.93
0.96
0.91
0.88
0.88
0.83
0.65
0.61
0.66
0.55
0.63
0.63
0.51
0.40
0.35
0.46
0.56
0.49
0.37
0.27
0.18
0.11
0.19
0.20
0.19
0.18
0.18
0.20
0.22
0.22
0.21
0.20
0.20
0.19
0.17
0.14
0.14
0.17
0.18
0.16
0.15
0.14
0.13
0.15
0.16
0.17
0.14
0.16
0.17
0.14
0.14
0.15
0.17
0.17
0.54
0.57
0.48
0.52
0.70
0.73
0.80
0.83
0.77
0.81
0.64
0.58
0.50
0.53
0.56
0.44
0.31
1.07
0.39
1.00
1.06
1.17
1.18
0.99
0.97
1.00
0.97
0.93
0.90
0.72
0.77
0.68
0.60
0.55
0.58
0.55
0.66
0.56
0.37
0.46
0.32
0.36
0.21
0.13
0.15
0.09
0.05
0.03
0.04
0.04
0.05
0.04
0.04
0.08
0.09
0.06
0.06
0.07
0.08
0.09
0.08
0.11
0.10
0.09
0.07
0.08
0.08
0.09
0.09
0.11
0.09
0.10
0.10
0.08
0.10
0.09
0.07
0.08
0.10
0.09
0.08
0.06
0.11
0.09
0.09
0.10
0.09
0.10
0.11
0.11
0.11
0.07
0.07
0.04
0.05
0.06
0.06
0.06
0.07
0.06
0.07
0.05
0.05
0.05
0.07
0.07
0.05
0.05
0.05
0.05
0.05
0.05
0.07
0.05
0.05
0.07
0.07
0.06
0.06
0.07
0.07
0.07
0.08
0.09
0.08
0.08
0.08
0.08
0.08
0.08
0.07
0.07
0.08
0.08
0.07
0.08
0.06
0.06
0.07
0.08
0.06
0.10
0.08
0.07
0.07
0.06
0.08
0.08
0.10
0.08
0.08
0.05
0.06
0.10
0.10
0.07
0.05
0.08
0.06
0.07
0.07
0.07
0.05
0.10
0.08
0.08
0.07
0.06
0.07
0.08
0.07
0.07
0.06
0.08
0.08
0.08
0.09
0.06
0.09
0.09
0.08
0.08
0.10
0.07
0.08
0.08
0.08
0.04
0.06
0.07
0.05
0.06
0.07
0.09
0.06
0.08
0.07
0.05
0.06
0.09
0.07
0.07
0.06
0.09
0.06
0.06
0.06
0.09
0.09
0.04
0.08
0.09
0.07
0.08
0.07
0.06
0.08
0.09
0.07
0.05
0.08
0.07
0.06
0.09
0.07
0.07
0.07
0.06
0.07
0.08
0.07
0.07
0.07
0.08
0.05
0.06
0.07
0.05
0.07
0.07
0.07
0.07
0.08
0.05
0.07
0.07
0.06
0.05
0.07
0.07
0.05
0.09
0.05
0.06
0.05
0.10
0.05
0.08
0.08
0.09
0.07
0.07
0.08
0.08
0.04
0.07
0.05
0.10
0.07
0.06
0.07
0.08
0.08
0.07
0.08
0.06
0.09
0.09
0.04
0.04
0.04
0.06
0.04
0.04
0.04
0.04
0.04
0.05
0.06
0.04
0.05
0.06
0.09
0.07
0.07
0.07
0.08
0.08
0.09
0.09
0.09
0.08
0.06
0.05
0.08
0.08
0.07
0.07
0.08
0.08
0.06
0.06
0.07
0.08
0.06
0.08
0.08
0.06
0.08
0.06
0.07
0.09
0.07
0.06
0.07
0.06
0.08
0.09
0.06
0.08
0.09
0.07
0.07
0.08
0.09
0.07
0.07
0.07
0.07
0.07
0.06
0.07
0.08
0.09
0.07
0.07
0.08
0.09
0.04
0.09
0.06
0.09
0.07
0.09
0.06
0.07
0.09
0.08
0.09
0.09
0.08
0.08
0.07
0.04
0.07
0.07
0.08
0.08
0.11
0.08
0.09
0.05
0.07
0.09
0.09
0.10
0.09
0.08
0.08
0.09
0.09
0.09
0.08
0.09
0.09
0.08
0.09
0.08
0.08
0.09
0.09
0.09
0.08
0.09
0.09
0.10
0.09
0.09
0.09
0.09
0.10
