1.00
1.09
1.00
0.89
0.81
0.69
0.65
0.66
0.73
0.68
0.71
0.80
0.79
0.81
0.70
0.44
0.36
0.36
0.29
0.39
0.35
0.33
0.38
0.38
0.39
0.31
0.24
0.21
0.14
0.15
0.13
0.16
0.16
0.16
0.16
0.18
0.20
0.18
0.19
0.17
0.16
0.55
0.26
0.31
0.21
0.24
0.21
0.26
0.33
0.23
0.23
0.25
0.23
0.25
0.27
0.26
0.22
0.23
0.29
0.24
0.23
0.25
0.22
0.23
0.23
0.25
0.20
0.21
0.20
0.21
0.22
0.20
0.20
0.16
0.17
0.18
0.15
0.16
0.20
0.16
0.16
0.19
0.56
0.24
0.18
0.22
0.15
0.15
0.16
0.15
0.16
0.19
0.17
0.20
0.20
0.51
0.22
0.24
0.21
0.26
0.25
0.23
0.26
0.26
0.22
0.22
0.15
0.16
0.17
0.15
0.16
0.16
0.17
0.16
0.18
0.19
0.50
0.59
0.61
0.60
0.52
0.61
0.62
0.59
0.59
0.59
0.59
0.54
0.58
0.57
0.60
0.58
0.59
0.57
0.59
0.56
0.58
0.58
0.56
0.59
0.59
0.58
0.59
0.60
0.58
0.60
0.60
0.58
0.56
0.55
0.60
0.59
0.58
0.57
0.57
0.59
0.57
0.59
0.54
0.59
0.55
0.59
0.60
0.59
0.60
0.59
0.59
0.58
0.59
0.58
0.57
0.59
0.55
0.60
0.58
0.57
0.56
0.60
0.61
0.58
0.59
0.59
0.61
0.58
0.60
0.56
0.58
0.60
0.60
0.59
0.60
0.59
0.60
0.59
0.62
0.60
0.59
0.60
0.60
0.56
0.57
0.59
0.57
0.61
0.59
0.58
0.60
0.58
0.58
0.59
0.58
0.59
0.58
0.60
0.58
0.59
0.57
0.57
0.59
0.60
0.58
0.58
0.60
0.58
0.58
0.54
0.60
0.59
0.57
0.60
0.57
0.59
0.58
0.59
0.59
0.60
0.61
0.57
0.59
0.59
0.59
0.59
0.60
0.59
0.59
0.59
0.56
0.50
0.52
0.47
0.46
0.43
0.44
0.42
0.34
0.36
0.35
0.43
0.33
0.34
0.43
0.40
0.41
0.39
0.52
0.55
0.54
0.58
0.60
0.60
0.57
0.58
0.60
0.57
0.60
0.57
0.59
0.59
0.58
0.61
0.56
0.60
0.56
0.58
0.59
0.54
0.60
0.59
0.60
0.60
0.58
0.59
0.60
0.57
0.59
0.53
0.50
0.52
0.52
0.53
0.48
0.44
0.55
0.60
0.55
0.61
0.58
0.58
0.60
0.58
0.57
0.59
0.58
0.61
0.59
0.60
0.58
0.59
0.61
0.59
0.55
0.58
0.59
0.56
0.60
0.58
0.58
0.58
0.60
0.57
0.57
0.60
0.57
0.60
0.59
0.59
0.61
0.58
0.62
0.55
0.57
0.60
0.46
0.73
0.44
0.50
0.54
0.58
0.61
0.58
0.59
0.61
0.58
0.57
0.58
0.60
0.57
0.57
0.58
0.59
0.58
0.59
0.60
0.56
0.61
0.59
0.57
0.59
0.58
0.57
0.58
0.59
0.53
0.53
0.51
0.62
0.56
0.48
0.48
0.50
0.57
0.57
0.60
0.56
0.59
0.58
0.59
0.58
0.60
0.57
0.57
0.59
0.61
0.59
0.58
0.61
0.57
0.54
0.58
0.60
0.58
0.60
0.59
0.59
0.59
0.61
0.59
0.59
0.60
0.59
0.59
0.58
0.57
0.57
0.58
0.57
0.54
0.48
0.49
0.65
0.68
0.57
0.65
0.67
0.60
0.57
0.46
0.45
0.45
0.52
0.45
0.45
0.38
0.21
0.10
0.44
0.55
0.58
0.54
0.60
0.57
0.58
0.56
0.58
0.59
0.57
0.59
0.57
0.57
0.57
0.59
0.58
0.58
0.59
0.60
0.59
0.54
0.58
0.57
0.61
0.57
0.61
0.59
0.58
0.57
0.60
0.55
0.52
0.54
0.52
0.72
0.68
0.68
0.59
0.55
0.50
0.46
0.41
0.46
0.42
0.46
0.42
0.47
0.46
0.54
0.66
0.67
0.55
0.60
0.60
0.66
0.58
0.55
0.58
0.55
0.50
0.59
0.58
0.47
0.45
0.51
0.35
0.13
0.10
0.39
0.48
0.52
0.59
0.59
0.58
0.59
0.61
0.60
0.58
0.61
0.58
0.59
0.58
0.60
0.57
0.60
0.59
0.61
0.60
0.56
0.63
0.59
0.60
0.58
0.57
0.60
0.59
0.60
0.58
0.61
0.60
0.58
0.59
0.57
0.57
0.59
0.58
0.58
0.60
0.58
0.58
0.59
0.56
0.60
0.60
0.61
0.59
0.58
0.56
0.60
0.59
0.58
0.59
0.60
0.56
0.58
0.60
0.59
0.59
0.58
0.61
0.58
0.59
0.59
0.59
0.61
0.57
0.58
0.56
0.59
0.58
0.60
0.57
0.59
0.59
0.57
0.56
0.57
0.58
0.60
0.59
0.60
0.56
0.62
0.61
0.57
0.58
0.60
0.58
0.55
0.57
0.51
0.50
0.55
0.58
0.51
0.45
0.58
0.61
0.53
0.60
0.59
0.56
0.60
0.60
0.58
0.60
0.58
0.54
0.58
0.57
0.57
0.59
0.60
0.56
0.60
0.58
0.60
0.61
0.55
0.57
0.60
0.60
0.58
0.60
0.56
0.57
0.56
0.53
0.52
0.51
0.48
0.53
0.51
0.53
0.53
0.49
0.53
0.53
0.53
0.50
0.50
0.53
0.53
0.52
0.51
0.53
0.53
0.50
0.53
0.54
0.53
0.53
0.54
0.53
0.52
0.52
0.53
0.52
0.51
0.50
0.53
0.52
0.51
0.54
0.52
0.53
0.53
0.52
0.53
0.51
0.52
0.52
0.52
0.55
0.56
0.54
0.53
0.57
0.55
0.58
0.59
0.59
0.58
0.59
0.58
0.58
0.60
0.55
0.60
0.59
0.59
0.61
0.58
0.58
0.59
0.58
0.60
0.59
0.58
0.61
0.58
0.58
0.57
0.59
0.59
0.60
0.61
0.59
0.60
0.56
0.61
0.60
0.60
0.57
0.57
0.61
0.59
0.59
0.59
0.59
0.59
0.57
0.61
0.60
0.58
0.59
0.61
0.59
0.59
0.61
0.58
0.58
0.57
0.59
0.56
0.59
0.59
0.59
0.61
0.56
0.63
0.59
0.60
0.58
0.60
0.56
0.57
0.59
0.59
0.57
0.58
0.58
0.60
0.57
0.58
0.60
0.60
0.57
0.59
0.58
0.59
0.53
0.60
0.61
0.58
0.59
0.57
0.60
0.59
0.62
0.58
0.60
0.60
0.59
0.58
0.62
0.60
0.58
0.60
0.60
0.59
0.58
0.57
0.58
0.60
0.57
0.58
0.60
0.57
0.60
0.58
0.56
0.58
0.60
0.56
0.61
0.60
0.58
0.58
0.61
0.57
0.57
0.59
0.56
0.58
0.58
0.60
0.59
0.59
0.58
0.59
0.57
0.62
0.62
0.59
0.62
0.60
0.58
0.59
0.55
0.55
0.53
0.53
0.52
0.56
0.53
0.55
0.55
0.54
0.54
0.55
0.50
0.57
0.52
0.52
0.55
0.54
0.54
0.50
0.54
0.56
0.50
0.54
0.55
0.52
0.55
0.52
0.55
0.52
0.52
0.52
0.54
0.55
0.58
0.57
0.54
0.55
0.58
0.54
0.59
0.58
0.59
0.58
0.58
0.55
0.59
0.60
0.59
0.59
0.57
0.57
0.59
0.61
0.57
0.61
0.61
0.59
0.59
0.61
0.58
0.57
0.59
0.60
0.60
0.58
0.60
0.61
0.58
0.58
0.58
0.61
0.56
0.61
0.57
0.58
0.61
0.55
0.62
0.57
0.60
0.60
0.60
0.59
0.59
0.55
0.59
0.60
0.60
0.59
0.59
0.58
0.60
0.60
0.59
0.57
0.58
0.58
0.58
0.59
0.62
0.58
0.60
0.56
0.58
0.59
0.60
0.59
0.58
0.61
0.57
0.57
0.59
0.59
0.60
0.57
0.59
0.56
0.57
0.61
0.59
0.61
0.61
0.60
0.60
0.60
0.58
0.57
0.57
0.60
0.58
0.54
0.58
0.59
0.58
0.55
0.57
0.59
0.58
0.56
0.57
0.56
0.53
0.59
0.55
0.57
0.54
0.53
0.55
0.54
0.52
0.52
0.53
0.51
0.54
0.52
0.51
0.52
0.55
0.56
0.51
0.54
0.51
0.54
0.52
0.55
0.52
0.52
0.54
0.53
0.56
0.52
0.50
0.53
0.54
0.53
0.55
0.54
0.55
0.58
0.58
