378	158	50	43
377	158	49	42
377	157	50	46
379	157	53	49
380	156	53	50
383	157	54	50
389	151	52	51
393	147	52	50
395	143	53	47
398	137	54	54
401	136	54	56
404	132	51	60
405	138	54	53
406	140	54	53
407	141	55	60
408	143	57	65
411	147	57	63
412	147	56	65
412	149	59	64
412	150	56	54
414	149	58	54
414	151	60	51
413	150	60	53
415	155	56	47
415	152	58	49
417	149	58	54
419	151	57	53
421	152	59	54
424	153	60	58
425	153	59	58
428	156	59	52
429	155	56	49
430	155	59	48
431	160	55	44
431	157	57	47
432	154	53	49
434	154	48	45
434	151	48	47
435	149	50	48
435	150	49	48
435	148	49	49
437	148	47	50
436	148	49	48
438	145	47	51
439	142	47	55
439	143	49	55
439	143	48	54
440	142	47	54
441	141	48	51
442	143	46	49
442	140	48	53
442	140	50	52
443	142	44	46
444	139	44	47
445	138	45	48
444	137	46	54
444	137	46	55
444	137	46	56
444	135	46	57
442	135	51	55
442	135	53	51
442	134	52	52
443	135	50	52
442	136	55	54
441	132	57	58
441	133	53	55
441	132	59	54
441	132	60	53
441	134	55	52
443	133	54	53
445	134	54	56
448	141	56	55
449	139	60	56
450	139	62	56
452	140	58	56
453	137	64	61
455	138	59	58
456	142	63	56
456	143	65	57
458	145	64	55
458	147	62	53
458	146	65	54
456	146	70	56
455	150	68	54
453	151	66	56
450	155	66	54
447	156	64	54
444	151	67	61
446	158	70	55
450	156	71	56
456	159	66	54
457	163	67	55
460	167	64	51
460	161	64	54
459	159	60	53
456	160	64	52
454	161	65	52
452	162	60	52
450	166	60	50
448	165	60	51
447	166	59	50
448	166	56	49
449	166	54	50
448	166	58	51
450	163	51	51
450	162	54	54
452	159	51	54
454	160	49	52
455	159	51	52
457	158	46	54
456	158	49	54
457	156	48	53
459	156	48	52
460	158	48	52
461	158	45	50
461	159	41	50
460	158	44	52
457	158	44	53
455	162	42	49
452	163	44	49
450	166	46	50
452	166	47	50
456	165	47	49
463	166	46	49
469	169	49	50
474	172	49	50
477	167	47	49
479	159	45	51
478	157	47	49
475	156	46	49
472	158	47	50
469	158	46	53
467	162	43	53
465	168	40	50
463	169	40	51
460	171	42	51
458	174	45	49
457	172	46	50
456	175	45	47
456	174	46	48
457	175	43	46
458	174	43	50
459	173	44	51
460	174	44	50
462	174	42	49
463	174	43	49
464	172	43	51
466	173	44	51
464	173	46	50
466	173	45	49
467	174	45	47
466	174	45	47
466	173	47	49
466	173	48	49
462	171	53	51
461	175	50	46
461	174	49	48
463	174	48	49
466	174	46	48
470	175	44	49
464	179	50	44
454	175	58	49
446	174	66	50
442	179	70	47
567	223	72	58
569	221	71	66
546	212	83	74
540	203	97	88
533	203	101	92
527	203	107	93
519	197	119	107
517	206	117	93
511	202	128	97
509	200	129	97
511	196	126	102
510	198	130	101
516	199	124	99
403	141	111	86
406	172	97	59
398	175	90	49
415	176	80	47
405	168	73	52
411	166	65	51
413	167	59	51
411	169	58	49
411	169	51	48
407	170	52	51
406	166	49	52
403	164	50	54
400	168	50	54
407	169	40	53
409	170	38	54
410	172	36	52
412	173	36	50
413	171	35	50
414	172	34	48
413	171	37	50
413	171	36	50
411	168	39	52
411	166	39	54
413	166	37	54
413	166	37	55
414	170	35	46
411	171	34	47
411	171	34	50
409	171	36	51
408	170	37	51
408	171	37	48
409	169	35	52
408	173	37	49
412	173	36	47
412	172	35	46
412	171	38	46
411	172	39	45
410	171	40	47
409	171	40	49
410	170	40	52
413	174	35	51
410	177	36	50
410	177	36	50
410	177	36	50
396	177	36	50
439	220	36	50
439	220	36	50
391	172	36	50
458	223	36	50
581	169	36	50
581	169	36	50
587	171	41	43
572	167	51	47
567	165	57	50
566	161	58	55
567	158	62	60
567	158	62	60
569	156	61	64
569	156	61	64
571	155	60	65
571	156	60	65
572	154	65	66
480	227	65	66
407	168	51	56
407	168	41	56
410	168	38	56
409	169	40	54
407	167	41	55
408	167	39	56
406	169	40	53
406	168	39	53
403	167	41	53
402	165	39	57
403	167	40	56
403	168	43	54
402	166	43	56
404	166	40	53
405	167	37	51
404	168	38	52
401	166	42	54
399	163	43	56
398	161	44	56
400	162	42	57
398	164	42	55
398	161	43	58
398	162	44	56
397	161	43	57
398	163	43	54
399	165	41	51
399	163	42	52
399	162	42	53
399	161	43	54
399	158	43	57
399	158	42	58
397	159	45	58
398	159	43	56
397	160	45	57
398	163	42	54
398	162	43	55
396	164	45	52
394	161	47	54
396	165	47	51
393	163	49	55
395	160	47	57
396	160	45	56
396	158	44	58
394	160	46	57
390	160	50	55
392	159	47	56
389	162	49	53
389	162	49	53
391	164	49	51
389	161	49	55
388	161	50	55
388	161	50	53
386	162	51	55
383	162	53	54
383	162	53	56
385	161	50	56
387	163	48	53
386	163	48	53
384	162	49	54
383	165	50	52
381	163	51	53
381	166	50	52
381	170	50	48
380	170	51	49
378	171	54	49
377	170	52	50
383	171	45	49
381	172	48	49
382	172	47	48
382	173	48	50
377	173	52	51
377	172	52	51
375	173	55	50
374	175	54	51
368	179	62	50
369	182	58	47
368	181	59	50
367	180	59	52
364	184	61	47
363	183	63	48
368	181	61	50
368	179	56	51
364	185	57	47
363	188	56	45
366	187	55	45
365	185	56	48
364	187	55	46
367	185	55	49
370	179	50	51
370	179	51	51
367	182	52	47
366	180	53	50
367	180	53	51
367	180	54	50
366	183	54	47
365	182	54	50
363	181	54	52
366	183	48	48
363	183	49	49
361	189	49	46
358	189	48	46
354	190	51	48
357	190	51	49
366	191	52	50
370	194	53	48
378	190	53	53
382	194	50	49
382	195	51	48
384	190	53	49
385	190	51	48
387	182	50	50
382	181	50	49
379	181	52	48
380	180	53	49
374	184	60	49
371	182	58	51
372	186	62	50
371	184	56	51
375	181	57	52
371	185	55	48
366	184	61	50
367	182	60	50
363	181	60	52
366	181	51	48
367	179	53	48
361	180	60	50
357	180	60	50
357	173	66	56
353	171	70	59
346	172	86	58
348	175	84	55
344	178	79	51
345	179	79	47
344	179	82	48
340	181	81	45
341	179	80	49
339	180	82	47
341	179	81	48
344	179	80	47
355	177	79	48
353	178	77	50
353	176	75	52
357	177	73	49
355	181	79	46
357	181	78	48
361	182	76	46
361	184	73	46
361	185	73	48
359	187	78	48
358	189	83	49
356	192	90	47
368	190	82	48
372	189	82	50
369	185	86	49
376	180	80	50
372	177	82	50
370	179	84	50
373	179	74	52
376	187	71	45
362	190	73	43
362	187	72	47
356	187	77	49
352	187	78	48
352	185	76	48
355	184	74	49
353	180	79	55
357	183	84	51
355	181	90	54
348	176	94	57
340	181	105	53
343	181	102	53
348	180	92	57
354	180	76	56
353	184	74	53
362	192	66	43
366	192	60	45
354	188	69	50
350	193	75	47
342	195	77	47
336	197	82	43
335	197	82	43
361	184	82	43
358	194	80	49
366	193	69	56
366	191	57	51
367	189	56	48
369	191	50	46
369	194	52	42
369	193	52	44
367	194	54	45
364	195	62	43
363	196	61	44
361	194	64	45
360	193	67	44
360	193	67	47
359	194	66	45
359	196	62	43
360	195	62	44
359	195	65	46
359	196	66	45
358	196	67	42
360	194	65	46
360	193	67	44
360	194	64	42
360	195	64	38
361	198	63	40
358	197	65	41
357	197	65	41
352	194	68	44
349	194	72	46
349	194	72	46
468	192	69	58
466	190	64	61
465	191	67	60
467	188	74	67
467	188	78	65
469	198	66	42
473	190	65	59
475	195	66	42
480	194	68	53
482	184	73	61
485	182	74	65
487	183	77	67
493	198	66	42
496	200	75	51
478	182	75	51
491	195	75	51
491	195	75	51
490	194	75	51
491	195	75	51
491	181	75	51
491	181	75	51
495	185	70	49
495	185	70	49
495	186	70	49
480	171	70	49
480	171	70	49
497	171	70	49
513	188	70	49
499	187	70	49
513	188	70	49
515	184	72	54
516	181	78	67
524	189	66	42
522	183	63	57
517	178	66	42
517	173	62	49
524	163	66	42
528	162	59	55
522	166	66	42
526	166	58	51
521	171	66	42
