0.663511
0.049696
0.049784
0.049971
0.050308
0.050582
0.050804
0.050459
0.050619
0.050309
0.050872
0.061399
0.060898
0.051509
0.051730
0.049486
0.055405
0.052556
0.053877
0.052562
0.052437
0.039179
0.038826
0.041306
0.049870
0.039532
0.042114
0.041397
0.041157
0.041856
0.053450
0.039624
0.040894
0.039374
0.039548
0.038750
0.040071
0.039454
0.039958
0.038664
0.054301
0.038913
0.041263
0.042383
0.041051
0.037881
0.041513
0.041609
0.039714
0.039456
0.054606
0.036918
0.037361
0.040885
0.040840
0.040968
0.038571
0.037956
0.037487
0.039299
0.057622
0.040430
0.040233
0.044384
0.052222
0.039883
0.051031
0.037858
0.037639
0.036857
0.063645
0.038499
0.042406
0.036945
0.042107
0.036884
0.043166
0.042830
0.041762
0.042930
0.062701
0.036994
0.038601
0.041127
0.052300
0.041117
0.037525
0.041498
0.042135
0.039066
0.064675
0.037167
0.038937
0.041197
0.037543
0.038245
0.040820
0.054943
0.041376
0.037149
0.074026
0.050643
0.049393
0.052190
0.039071
0.039486
0.039196
0.040836
0.040007
0.042423
0.079299
0.053784
0.041473
0.039591
0.040502
0.041392
0.041135
0.036855
0.041191
0.051391
0.068059
0.040483
0.040990
0.051847
0.051191
0.049367
0.049354
0.036982
0.037268
0.036804
0.067105
0.036781
0.037312
0.036883
0.037330
0.040533
0.052685
0.052465
0.036884
0.038275
0.072127
0.036890
0.052048
0.036890
0.037040
0.040925
0.038516
0.042418
0.039542
0.041384
0.079434
0.039534
0.040423
0.041888
0.049764
0.050112
0.049763
0.049663
0.051453
0.039306
0.072150
0.039650
0.053143
0.058662
0.039289
0.040932
0.040428
0.039968
0.041066
0.042894
0.041962
0.042946
0.045667
0.055935
0.059054
0.043977
0.043229
0.042774
0.041988
0.040464
0.041035
0.062605
0.068638
0.041220
0.041794
0.053387
0.040338
0.039693
0.040851
0.040123
0.061121
0.040802
0.041771
0.043415
0.039142
0.048789
0.048842
0.050697
0.051821
0.053601
0.091772
0.046007
0.052935
0.039400
0.042607
0.042981
0.043109
0.052696
0.036965
0.051456
0.091175
0.049983
0.051284
0.052434
0.052598
0.042501
0.036875
0.041493
0.038066
0.033147
0.016599
0.016587
0.016588
0.016600
0.014992
0.017314
0.016746
0.030815
0.038512
0.040073
0.038649
0.040471
0.038909
0.050332
0.038590
0.048910
0.038995
0.050813
0.040002
0.050460
0.084511
0.035999
0.037069
0.040932
0.051375
0.043792
0.041860
0.052884
0.036778
0.037167
0.080154
0.036677
0.041499
0.036682
0.037228
0.036750
0.036973
0.036700
0.063473
0.052070
0.081511
0.036706
0.037997
0.041159
0.070593
0.037068
0.040729
0.036703
0.037456
0.036658
0.079921
0.041870
0.037262
0.037265
0.040944
0.037040
0.040993
0.040788
0.037409
0.052198
0.086463
0.038657
0.038211
0.037186
0.040936
0.051775
0.049654
0.040320
0.040361
0.039348
0.084576
0.040385
0.050433
0.052908
0.039079
0.039366
0.039449
0.041625
0.051355
0.053566
0.082377
0.042470
0.052886
0.040845
0.045628
0.041086
0.041198
0.041590
0.052179
0.037035
0.079796
0.053353
0.051543
0.041324
0.048837
0.037423
0.037391
0.037257
0.038089
0.037121
0.094377
0.037585
0.038741
0.037001
0.037186
0.037127
0.037215
0.036857
0.049126
0.037749
0.080861
0.039535
0.040751
0.038943
0.039960
0.039484
0.039736
0.038990
0.042144
0.049123
0.089095
0.040237
0.041289
0.050161
0.039583
0.039226
0.039602
0.038740
0.039990
0.039416
0.082242
0.039943
0.044303
0.050736
0.052149
0.043019
0.052367
0.053206
0.051971
0.050349
0.083586
0.042339
0.048272
0.053242
0.052680
0.042404
0.054503
0.042105
0.042332
0.042471
0.085501
0.043049
0.054112
0.053387
0.053653
0.051157
0.051143
0.039413
0.039216
0.040002
0.082986
0.039609
0.039538
0.039902
0.043710
0.054427
0.040432
0.040146
0.040037
0.040259
0.038543
0.053805
0.055146
0.055588
0.054431
0.046399
0.041992
0.040076
0.040278
0.040171
0.079875
0.037655
0.050838
0.041173
0.047184
0.049457
0.040033
0.040888
0.043446
0.051240
0.052017
0.052835
0.040811
0.041413
0.052634
0.038768
0.037950
0.037295
0.038276
0.038500
0.048365
0.047943
0.037730
0.040494
0.050602
0.051737
0.037091
0.049040
0.051012
0.046462
0.036254
0.038371
0.040361
0.039890
0.040466
0.052457
0.050256
0.052159
0.042980
0.042346
0.083472
0.040049
0.040138
0.040169
0.040768
0.041370
0.041404
0.039551
0.037786
0.037254
0.021816
0.037434
0.038741
0.038392
0.053212
0.054170
0.045259
0.051036
0.054111
0.051063
0.053300
0.039866
0.040029
0.040539
0.040488
0.052233
0.035750
0.029990
0.034849
0.029766
0.049845
0.050041
0.037052
0.035640
0.018399
0.016657
0.017351
0.017329
0.030317
0.033724
0.030936
0.035708
0.038851
0.039778
0.048835
0.052918
0.048339
0.036520
0.039802
0.039134
0.042558
0.052258
