1.00
0.81
0.74
0.74
0.74
0.71
0.89
0.87
0.70
0.93
0.71
0.69
0.86
0.72
0.80
0.82
0.76
0.67
0.73
0.87
0.87
0.83
0.81
0.76
0.74
0.75
0.77
0.71
0.70
0.78
0.71
0.75
0.74
0.74
0.75
0.72
0.68
0.68
0.68
0.63
0.52
0.41
0.42
0.44
0.41
0.39
0.32
0.30
0.28
0.26
0.25
0.38
0.37
0.52
0.44
0.49
0.44
0.47
0.45
0.39
0.42
0.40
0.41
0.30
0.34
0.38
0.36
0.36
0.37
0.47
0.57
0.65
0.55
0.57
0.63
0.64
0.62
0.62
0.49
0.43
0.37
0.39
0.42
0.31
0.31
0.31
0.34
0.42
0.41
0.30
0.37
0.32
0.32
0.36
0.34
0.38
0.40
0.38
0.43
0.39
0.40
0.36
0.38
0.35
0.38
0.35
0.43
0.45
0.39
0.26
0.32
0.31
0.31
0.30
0.30
0.34
0.27
0.32
0.22
0.21
0.19
0.19
0.26
0.27
0.49
0.35
0.51
0.49
0.39
0.47
0.50
0.51
0.54
0.60
0.43
0.59
0.56
0.62
0.60
0.53
0.58
0.60
0.60
0.58
0.51
0.54
0.47
0.44
0.35
0.32
0.34
0.35
0.29
0.34
0.35
0.34
0.27
0.48
0.38
0.46
0.26
0.31
0.40
0.40
0.33
0.36
0.40
0.41
0.33
0.38
0.34
0.43
0.43
0.47
0.41
0.42
0.39
0.40
0.39
0.38
0.27
0.28
0.26
0.21
0.22
0.21
0.23
0.19
0.15
0.11
0.12
0.13
0.14
0.14
0.19
0.21
0.19
0.19
0.19
0.19
0.17
0.17
0.22
0.22
0.23
0.23
0.22
0.22
0.24
0.24
0.27
0.27
0.22
0.22
0.19
0.19
0.17
0.17
0.18
0.18
0.14
0.14
0.09
0.09
0.10
0.10
0.08
0.08
0.07
0.07
0.07
0.07
0.08
0.10
0.09
0.09
0.12
0.12
0.08
0.08
0.10
0.09
0.15
0.15
0.12
0.12
0.14
0.14
0.16
0.16
0.19
0.19
0.18
0.18
0.15
0.15
0.20
0.20
0.18
0.18
0.14
0.14
0.14
0.13
0.16
0.14
0.14
0.14
0.14
0.14
0.17
0.17
0.18
0.18
0.17
0.17
0.14
0.13
0.16
0.16
0.12
0.12
0.12
0.12
0.11
0.11
0.10
0.10
0.15
0.15
0.14
0.14
0.12
0.12
0.10
0.10
0.08
0.08
0.09
0.08
0.08
0.08
0.11
0.11
0.15
0.15
0.14
0.14
0.14
0.14
0.12
0.12
0.12
0.12
0.12
0.11
0.11
0.10
0.07
0.11
0.09
0.09
0.09
0.08
0.08
0.08
0.08
0.08
0.08
0.08
0.08
0.09
0.09
0.11
0.17
0.14
0.13
0.16
0.16
0.19
0.19
0.16
0.16
0.18
0.18
0.19
0.18
0.19
0.19
0.15
0.15
0.13
0.13
0.13
0.13
0.16
0.16
0.19
0.19
0.20
0.20
0.25
0.25
0.33
0.35
0.34
0.30
0.29
0.31
0.40
0.51
0.42
0.39
0.38
0.32
0.36
0.35
0.30
0.29
0.29
0.30
0.25
0.31
0.23
0.20
0.16
0.14
0.19
0.23
0.43
0.39
0.41
0.54
0.53
0.59
0.51
0.63
0.58
0.65
0.60
0.58
0.60
0.61
0.64
0.62
0.68
0.71
0.69
0.74
0.67
0.74
0.73
0.69
0.74
0.78
0.68
0.71
0.69
0.69
0.67
0.72
0.67
0.70
0.59
0.69
0.66
0.64
0.58
0.67
0.70
0.71
0.69
0.65
0.56
0.44
0.27
0.37
0.42
0.43
0.40
0.42
0.50
0.52
0.53
0.53
0.52
0.52
0.58
0.49
0.44
0.44
0.41
0.37
0.38
0.41
0.46
0.44
0.45
0.51
0.52
0.53
0.44
0.48
0.38
0.46
0.54
0.55
0.61
0.59
0.55
0.46
0.37
0.51
0.50
0.54
0.47
0.55
0.47
0.56
0.45
0.55
0.56
0.61
0.56
0.62
0.61
0.62
0.66
0.60
0.60
0.66
0.62
0.65
0.60
0.57
0.63
0.62
0.64
0.58
0.67
0.66
0.54
0.61
0.56
0.65
0.60
0.67
0.60
0.66
0.64
0.74
0.72
0.71
0.70
0.64
0.69
0.71
0.69
0.73
0.70
0.71
0.60
0.68
0.55
0.55
0.54
0.61
0.58
0.57
0.65
0.63
0.71
0.65
0.65
0.62
0.63
0.60
0.60
0.68
0.65
0.46
0.41
0.49
0.53
0.62
0.57
0.64
0.61
0.64
0.62
0.61
0.39
0.25
0.23
0.30
0.28
0.32
0.30
0.38
0.36
0.53
0.54
0.57
0.58
0.60
0.59
0.64
0.67
0.63
0.69
0.51
0.53
0.60
0.73
0.57
0.70
0.46
0.61
0.34
0.35
0.31
0.31
0.26
0.27
0.32
0.32
0.35
0.41
0.38
0.38
0.47
0.40
0.44
0.43
0.45
0.57
0.48
0.51
0.45
0.46
0.52
0.48
0.55
0.43
0.43
0.46
0.55
0.51
0.46
0.53
0.39
0.37
0.41
0.57
0.49
0.54
0.51
0.51
0.53
0.47
0.50
0.50
0.48
0.59
0.65
0.62
0.71
0.58
0.57
0.67
0.60
0.67
0.65
0.59
0.63
0.67
0.56
0.62
0.64
0.56
0.60
0.64
0.59
0.35
0.30
0.30
0.46
0.52
0.40
0.39
0.36
0.38
0.32
0.39
0.34
0.52
0.51
0.46
0.47
0.48
0.48
0.46
0.56
0.38
0.37
0.43
0.45
0.43
0.47
0.45
0.42
0.44
0.45
0.41
0.37
0.36
0.36
0.43
0.42
0.50
0.43
0.54
0.50
0.32
0.51
0.45
0.53
0.55
0.62
0.56
0.52
0.53
0.46
0.45
0.50
0.38
0.41
0.32
0.33
0.31
0.36
0.31
0.37
0.28
0.28
0.32
0.26
0.28
0.28
0.24
0.25
0.25
0.28
0.25
0.25
0.18
0.14
0.18
0.16
0.12
0.15
0.10
0.11
0.09
0.16
0.15
0.17
0.18
0.20
0.20
0.19
0.16
0.16
0.09
0.09
0.09
0.09
0.10
0.09
0.08
0.09
0.09
0.10
0.10
0.11
0.11
0.19
0.19
0.26
0.26
0.28
0.23
0.23
0.41
0.41
0.50
0.48
0.41
0.46
0.39
0.30
0.31
0.06
0.09
0.07
0.10
0.11
0.11
0.13
0.49
0.38
0.48
0.43
0.26
0.25
0.25
0.25
0.16
0.11
0.13
0.25
0.28
0.35
0.34
0.37
0.38
0.38
0.29
0.42
0.47
0.50
0.44
0.45
0.32
0.32
0.34
0.36
0.24
0.17
0.23
0.21
0.23
0.13
0.16
0.23
0.21
0.34
0.49
0.52
0.39
0.34
0.28
0.25
0.14
0.13
0.17
0.10
0.12
0.20
0.21
0.22
0.22
0.23
0.28
0.22
0.16
0.16
0.14
0.14
0.14
0.15
0.15
0.15
0.14
0.14
0.15
0.18
0.18
0.20
0.20
0.18
0.18
0.11
0.11
0.10
0.12
0.12
0.25
0.26
0.20
0.20
0.20
0.20
0.16
0.16
0.13
0.12
0.12
0.12
0.11
0.16
0.17
0.16
0.16
0.20
0.21
0.21
0.19
0.19
0.15
0.15
0.17
0.15
0.18
0.27
0.27
0.24
0.24
0.22
0.22
0.25
0.25
0.51
0.49
0.53
0.53
0.50
0.45
0.45
0.41
0.40
0.43
0.49
0.45
0.40
0.46
0.36
0.41
0.32
0.34
0.26
0.16
0.16
0.24
0.21
0.32
0.28
0.40
0.38
0.35
0.43
0.34
0.25
0.24
0.22
0.22
0.19
0.19
0.28
0.27
0.46
0.34
0.32
0.36
0.38
0.34
0.40
0.29
0.35
0.30
0.27
0.31
0.17
0.16
0.16
0.16
0.19
0.18
0.24
0.25
0.23
0.36
0.31
0.33
0.40
0.38
0.34
0.39
0.38
0.41
0.51
0.50
0.52
0.64
0.48
0.60
0.60
0.61
0.59
0.56
0.56
0.55
0.65
0.57
0.64
0.54
0.63
0.50
0.46
0.69
0.58
0.66
0.60
0.49
0.60
0.54
0.77
0.72
0.74
0.72
0.77
0.70
0.73
0.73
0.70
0.66
0.63
0.63
0.49
0.52
0.55
0.61
0.55
0.55
0.46
0.53
0.48
0.48
0.49
0.48
0.49
0.28
0.31
0.13
0.14
0.11
0.23
0.22
0.40
0.29
0.36
0.37
0.38
0.39
0.47
0.48
0.47
0.45
0.49
0.50
0.45
0.58
0.55
0.58
0.40
0.33
0.25
0.28
0.16
0.16
0.20
0.19
0.07
0.07
0.20
0.16
0.15
0.10
0.12
0.15
0.13
0.13
0.15
0.13
0.16
0.16
0.17
0.17
0.16
0.16
0.16
0.16
0.17
0.17
0.17
0.18
