0.659176
0.052324
0.062542
0.047060
0.053439
0.063125
0.053988
0.059168
0.055460
0.059184
0.048254
0.048506
0.049213
0.064585
0.064602
0.065171
0.054885
0.063962
0.066493
0.052181
0.057326
0.050249
0.052131
0.052569
0.043984
0.043204
0.043286
0.043486
0.055017
0.043446
0.057021
0.043469
0.043771
0.049213
0.053241
0.051363
0.053809
0.054125
0.054647
0.051722
0.067264
0.048942
0.051599
0.053864
0.052382
0.053609
0.053939
0.043162
0.041802
0.041463
0.041364
0.042099
0.042671
0.043070
0.043441
0.043324
0.043724
0.043082
0.041535
0.039933
0.068620
0.055468
0.055948
0.055049
0.054664
0.038230
0.038381
0.037643
0.037787
0.037745
0.056323
0.040951
0.040310
0.040369
0.040170
0.040310
0.040762
0.040791
0.040849
0.039473
0.057553
0.039307
0.040237
0.040398
0.039763
0.038122
0.038383
0.038628
0.037799
0.037399
0.059359
0.038464
0.039330
0.039621
0.040532
0.039224
0.042746
0.051908
0.053798
0.053487
0.040920
0.042384
0.051599
0.051780
0.040730
0.040723
0.040702
0.041174
0.041394
0.042690
0.043448
0.052645
0.042822
0.053886
0.043281
0.051114
0.051635
0.041209
0.038613
0.018998
0.018812
0.018939
0.018859
0.020015
0.033565
0.037300
0.038374
0.038968
0.039689
0.040118
0.051238
0.037379
0.042336
0.043036
0.050653
0.050569
0.039721
0.047220
0.039877
0.039014
0.041104
0.042350
0.050572
0.042661
0.047369
0.051693
0.051188
0.041163
0.043380
0.042607
0.047367
0.043269
0.045983
0.044893
0.037498
0.037166
0.042103
0.037541
0.055835
0.041295
0.048112
0.038148
0.042819
0.042469
0.043509
0.042447
0.045284
0.042830
0.041851
0.041584
0.040705
0.036827
0.039249
0.038181
0.039354
0.039924
0.050105
0.048541
0.038955
0.039507
0.046445
0.017602
0.018427
0.016835
0.017114
0.017003
0.017238
0.017317
0.017632
0.017717
0.018017
0.018826
0.018867
0.020435
0.017142
0.017309
0.017000
0.016795
0.017061
0.016894
0.016903
0.017182
0.017288
0.017549
0.018070
0.017830
0.017776
0.017607
0.017370
0.016872
0.017598
0.017727
0.017002
0.017326
0.016945
0.016860
0.017462
0.017181
0.016898
0.017203
0.016917
0.016807
0.016651
0.018800
0.016834
0.016958
0.016716
0.016525
0.016605
0.016497
0.016659
0.016479
0.016942
0.016873
0.016764
0.016853
0.016781
0.017477
0.016732
0.016640
0.016837
0.016915
0.016731
0.016758
0.016728
0.018454
0.024155
0.017507
0.017273
0.016865
0.017056
0.016945
0.017292
0.017224
0.016736
0.016978
0.016724
0.016599
0.016858
0.017840
0.018045
0.017756
0.017148
0.016756
0.016804
0.016846
0.016883
0.016723
0.016869
0.016988
0.016886
0.016884
0.016748
0.016944
0.016931
0.017061
0.016954
0.016908
0.017013
0.017061
0.016758
0.020436
0.017704
0.016627
0.018895
0.017365
0.016647
0.017041
0.016516
0.017037
0.016558
0.016849
0.016650
0.017377
0.017150
0.016955
0.017176
0.017010
0.017144
0.016833
0.016916
0.016952
0.016963
0.017105
0.017086
0.018224
0.018288
0.017495
0.017271
0.017359
0.018058
0.017690
0.017407
0.017283
0.017297
0.017052
0.017249
0.017054
0.016864
0.017102
0.016872
0.018222
0.017394
0.017449
0.017091
0.016762
0.017458
0.017303
0.016866
0.016850
0.016860
0.016925
0.016915
0.016926
0.016892
0.017015
0.016820
0.017147
0.017511
0.017665
0.017399
0.016834
0.016926
0.016771
0.016919
0.016856
0.017073
0.016820
0.016817
0.017450
0.017138
0.016840
0.016851
0.016915
0.017098
0.017515
0.017253
0.017191
0.016871
0.017027
0.017321
0.017772
0.017320
0.031899
0.040640
0.040382
0.040241
0.040474
0.052462
0.042732
0.044000
0.044412
0.043640
0.051973
0.043741
0.053123
0.048016
0.041129
0.042067
0.043749
0.053298
0.050937
0.041142
0.038414
0.018696
0.018663
0.018826
0.034639
0.036332
0.032939
0.041054
0.053449
0.053488
0.038527
0.053426
0.049177
0.036401
0.043417
0.049891
0.049123
0.048470
0.048531
0.052133
0.049792
0.036361
0.049002
0.051562
0.048005
0.051464
0.051812
0.051538
0.052474
0.052338
0.051640
0.051967
0.052216
0.041806
0.051546
0.051861
0.048481
0.050132
0.051110
0.043251
0.050962
0.051699
0.051911
0.048572
0.049623
0.049213
0.048630
0.047619
0.038930
0.038209
0.038410
0.051181
0.041658
0.040591
0.042573
0.038062
0.041215
0.041426
0.038024
0.037308
0.037940
0.041424
0.041281
0.039463
0.044284
0.055537
0.040792
0.041416
0.043062
0.041724
0.044478
0.042050
0.043783
0.043200
0.040779
0.039308
0.051472
0.038864
0.041868
0.040415
0.036902
0.036457
0.036218
0.036328
0.036291
0.040066
0.036265
0.040555
0.049839
0.043118
0.040740
0.041604
0.054071
0.053328
0.042041
0.041921
0.038135
0.054643
0.042763
0.044312
0.052685
0.042387
0.045389
0.043241
0.044476
0.060518
0.060252
0.057788
0.055268
0.058291
0.062851
0.064091
0.063422
0.058571
0.054904
0.056898
0.053556
0.040607
0.042411
0.041626
0.058915
0.041126
0.051104
0.038091
0.040120
0.039880
0.040578
0.041627
0.053080
0.053032
0.050221
0.040653
0.039235
0.039601
0.039742
0.053655
0.041313
0.041259
0.042340
0.044087
0.045117
0.042410
0.052528
0.045732
0.058065
0.040092
0.039953
0.042633
0.052495
0.041772
0.039140
0.038256
0.040757
0.042539
0.039777
0.039680
0.054381
0.053653
0.053530
0.051600
0.050699
0.042329
0.041425
0.041665
0.040541
0.042218
0.040572
0.051279
0.054990
0.037723
0.018397
0.034342
0.040050
0.040945
0.041163
0.040963
0.041901
0.041353
0.041085
0.043010
0.051400
0.050498
0.052727
0.040392
0.039879
0.039769
0.040076
0.041219
0.050335
0.051634
0.040012
0.039347
0.039253
0.040637
0.039729
0.039898
0.037715
0.038267
0.037083
0.037497
0.037477
0.038425
0.037857
0.038392
0.038098
0.040032
0.040377
0.040874
0.042502
0.042538
0.040543
0.041476
0.039368
0.039491
0.038743
0.039275
0.038005
0.038612
0.039145
0.039405
0.042182
0.049802
0.037725
0.037232
0.050161
0.037370
0.041250
0.050046
0.042099
0.039459
0.039561
0.040461
0.043027
0.050285
0.048443
0.038912
0.040023
0.039459
0.041354
0.050361
0.037287
0.038577
0.036853
0.037767
0.054081
0.048335
0.038199
0.038697
0.041415
0.039842
0.039527
0.040644
0.039389
0.044940
0.055042
0.052365
0.055213
0.051639
0.054030
0.041113
0.052430
0.052120
0.048357
0.055032
0.052152
0.054974
0.055307
0.041013
0.040941
0.040254
0.041094
0.042034
0.041346
0.041180
0.053776
0.057296
0.054379
0.054114
0.052048
0.041267
0.041777
0.041021
0.040431
0.041125
0.055877
0.055154
0.055542
0.038471
0.039307
0.039075
0.039717
0.038652
0.054376
0.043365
0.051580
0.050117
0.048818
0.082973
0.044600
0.042727
0.040085
0.038125
0.038583
0.040860
0.039344
0.039577
0.038680
0.054014
0.039820
0.055819
0.056694
0.039618
0.039732
0.039299
0.038544
0.043209
0.041556
0.043728
0.054783
0.041770
0.041455
0.041094
0.041523
0.042639
0.040568
0.037242
0.032263
0.021515
0.021950
0.041219
0.023257
0.035940
0.017605
0.017709
0.018015
0.018357
0.018119
0.018753
0.018738
0.018838
0.018770
0.016898
0.017161
0.016899
0.016847
0.016904
0.016891
0.017058
0.016828
0.016865
0.016840
0.018411
0.017304
0.016891
0.016999
0.016890
0.016880
0.016900
0.016887
0.016998
0.016860
0.017087
0.018467
0.017221
0.017069
0.017639
0.017740
0.017631
0.016888
0.016929
0.032307
0.039928
0.042596
0.041685
0.041630
0.041923
0.042469
0.041544
0.039719
0.054173
0.018892
0.019211
0.020510
0.016734
0.016762
0.016785
0.032971
0.040981
0.051002
0.036824
0.036918
0.034980
0.017877
0.017170
0.017825
0.017473
0.017359
0.031385
0.037456
0.037898
0.036864
0.037356
0.036880
0.036453
0.035988
0.038111
0.036962
0.037519
0.036420
0.038114
0.036709
0.049508
0.048013
0.037061
0.035030
0.017370
0.017761
0.017633
0.017299
0.017663
0.017612
0.017702
0.017822
0.033279
0.037137
0.037862
0.052819
0.053376
0.049029
0.049885
0.024086
0.021403
0.018379
0.018439
0.018445
0.018827
0.019053
0.019109
0.017207
0.016908
0.017665
0.017072
0.017558
0.017372
0.017534
0.017238
0.016925
0.016918
0.017025
0.017384
0.016990
0.016926
0.016877
0.017799
0.017192
0.017040
0.016858
0.016938
0.016900
0.016889
0.016991
0.016933
0.017051
0.016874
0.017784
0.017903
0.016933
0.017056
0.016860
0.017026
0.017397
0.017298
0.017798
0.017246
0.017067
0.017075
0.017261
0.016883
0.017045
0.016844
0.016895
0.017025
0.016998
0.017054
0.016865
0.016885
0.016874
0.017608
0.017152
0.016989
0.017070
0.017622
0.017847
0.016991
0.016863
0.016839
0.017123
0.017398
0.016884
0.033823
0.038175
0.037556
0.038021
0.036440
0.052540
0.036513
0.037464
0.036360
0.037140
0.036176
0.037252
0.037509
0.037759
0.037239
0.037761
0.036989
0.038713
0.039276
0.034882
0.017344
0.017233
0.017208
0.031482
0.037302
0.036530
0.036124
0.049652
0.051940
0.052396
0.053317
0.046053
0.017359
0.018187
0.017704
0.017345
0.018497
0.018964
0.032826
0.040803
0.048522
0.049805
0.049766
0.045804
0.038257
0.037151
0.037468
0.037338
0.050335
0.044497
0.035055
0.017248
0.017191
0.017296
0.017272
0.018010
0.018087
0.018525
0.017953
0.032580
0.037285
0.036283
0.036427
0.036470
0.037399
0.036557
0.037923
0.036492
0.037341
0.036598
0.037284
0.037864
0.037651
0.037029
0.040662
0.039998
0.039964
0.050532
0.049798
0.052338
0.037399
0.049718
0.040033
0.040952
0.040646
0.040550
0.040239
0.053800
0.049294
0.043056
0.040194
0.038050
0.038536
0.037959
0.042053
0.050884
0.050079
0.052811
0.053574
0.053503
0.040651
0.037850
0.036922
0.040312
0.054704
0.052177
0.052205
0.051948
0.050140
0.053879
0.052824
0.051782
0.050050
0.044613
0.055284
0.054934
0.055522
0.049505
0.054990
0.046402
0.055095
0.049983
0.024340
0.019234
0.019804
0.019909
0.036007
0.039758
0.050462
0.051890
0.049439
0.051900
0.038866
0.039788
0.039878
0.041783
0.041022
0.038792
0.041110
0.052020
0.051274
0.041254
0.049016
0.041054
0.053408
0.037320
0.049963
0.018044
0.017739
0.017626
0.018842
0.018118
0.018004
0.018941
0.026273
0.025302
0.018909
0.019048
0.016999
0.016783
0.017686
0.018880
0.018839
0.017338
0.016888
0.016948
0.016896
0.017032
0.024775
0.023165
0.022537
0.022752
0.022503
0.024060
