408	156	66	85
408	154	63	85
408	150	62	91
408	144	61	94
408	148	59	91
409	145	62	89
407	146	60	92
405	142	60	93
407	141	61	95
403	139	61	96
405	137	59	99
403	134	62	100
406	138	61	95
403	139	63	94
404	136	61	97
400	138	64	92
403	138	65	90
402	129	61	100
400	132	64	91
399	131	64	86
400	130	63	90
398	128	62	83
399	128	61	83
396	125	62	82
398	124	60	84
395	123	62	81
393	124	66	79
393	121	63	83
393	122	66	78
390	119	65	81
391	118	64	84
389	116	64	82
391	117	64	82
390	115	67	81
391	118	65	80
388	114	66	83
390	112	63	85
388	112	64	84
389	112	62	85
391	110	60	83
389	109	63	86
390	109	63	84
390	116	64	77
389	121	69	70
389	123	69	67
392	132	66	59
392	121	64	71
388	125	65	68
389	129	65	62
384	130	65	62
386	130	65	63
381	115	62	79
381	111	63	87
372	101	67	100
374	95	64	107
370	90	63	120
370	86	62	124
368	99	58	129
368	87	59	133
370	102	46	138
363	89	55	143
363	118	52	130
365	123	51	125
365	154	50	104
366	161	50	91
356	164	58	97
364	165	49	91
364	186	50	88
365	187	49	87
349	184	57	99
351	191	56	98
345	205	57	95
349	213	53	87
346	216	52	84
341	197	53	94
340	203	53	93
340	213	55	87
335	189	56	76
341	209	49	68
338	186	49	66
336	179	50	73
343	175	58	89
338	161	53	101
338	139	57	96
335	140	60	88
341	128	64	96
338	123	61	102
343	111	55	94
340	110	61	95
347	95	72	99
346	95	65	87
353	67	57	97
355	61	54	104
360	45	52	103
358	50	59	98
363	34	65	101
365	22	70	114
365	19	69	105
366	20	71	104
365	11	70	104
365	10	69	107
363	12	78	101
363	11	78	101
362	14	79	97
363	12	78	100
358	30	91	82
363	29	74	83
362	29	81	82
364	23	85	95
365	27	70	100
365	26	70	103
366	42	62	98
366	37	60	102
364	37	64	102
359	74	70	85
359	69	68	92
358	84	65	95
355	81	70	100
331	104	70	100
330	104	70	100
330	129	70	100
330	129	70	100
358	157	70	100
329	157	70	100
328	157	70	100
331	161	63	86
326	167	59	75
327	168	58	66
317	185	61	68
320	178	57	76
313	199	57	81
320	174	47	68
319	178	43	65
320	185	41	56
309	193	48	59
311	183	47	62
304	191	54	75
306	186	51	74
308	183	47	72
305	192	52	77
305	188	50	79
306	184	49	79
306	177	47	82
307	174	47	90
306	172	47	86
305	175	49	86
305	169	48	89
306	171	47	86
308	145	44	93
303	158	49	99
306	134	48	108
305	131	48	111
305	125	50	104
307	128	47	102
305	119	49	89
303	124	52	84
305	113	51	83
304	113	51	83
303	105	57	74
303	106	55	72
302	98	57	66
303	97	55	66
303	87	54	66
302	82	55	71
302	73	54	78
302	72	53	78
302	64	51	84
303	63	52	85
302	59	52	88
300	61	54	84
300	57	55	78
303	58	51	71
305	59	50	68
303	58	53	71
304	59	50	68
304	60	47	65
305	62	49	63
303	59	51	66
305	60	51	71
305	61	51	68
304	61	51	68
304	61	51	68
305	80	51	68
304	80	51	68
304	101	51	68
304	101	51	68
304	101	51	68
305	101	51	68
305	101	51	68
305	101	51	68
305	130	51	68
335	190	51	68
366	190	51	68
366	190	51	68
366	191	51	68
366	191	51	68
366	191	51	68
365	190	51	68
366	191	51	68
366	191	51	68
324	191	51	68
365	191	51	68
324	191	51	68
324	191	51	68
324	191	51	68
324	191	51	68
324	191	51	68
324	191	51	68
324	191	51	68
324	191	51	68
324	191	51	68
324	191	51	68
324	191	51	68
324	191	51	68
324	191	51	68
324	191	51	68
365	191	51	68
366	191	51	68
366	191	51	68
366	191	51	68
366	191	51	68
366	191	51	68
366	191	51	68
366	191	51	68
366	191	51	68
366	191	51	68
366	191	51	68
366	191	51	68
407	191	51	68
408	191	51	68
408	66	51	68
408	67	51	68
366	25	51	68
366	25	51	68
366	25	51	68
366	25	51	68
366	25	51	68
366	25	51	68
366	25	51	68
366	25	51	68
407	25	51	68
408	25	51	68
408	25	51	68
408	25	51	68
408	25	51	68
408	25	51	68
408	25	51	68
408	25	51	68
408	25	51	68
408	25	51	68
408	25	51	68
408	25	51	68
408	25	51	68
408	25	51	68
408	191	51	68
408	191	51	68
408	191	51	68
408	191	51	68
408	191	51	68
408	191	51	68
408	66	51	68
408	192	51	68
408	68	51	68
408	194	51	68
408	195	51	68
408	195	51	68
408	29	51	68
408	29	51	68
408	29	51	68
408	29	51	68
408	195	51	68
408	195	51	68
408	195	51	68
408	195	51	68
408	195	51	68
408	195	51	68
408	29	51	68
408	29	51	68
408	195	51	68
408	195	51	68
408	195	51	68
408	195	51	68
408	195	51	68
408	195	51	68
408	195	51	68
408	195	51	68
408	195	51	68
408	195	51	68
449	195	51	68
450	195	51	68
450	195	51	68
450	195	51	68
450	153	51	68
450	153	51	68
450	195	51	68
450	195	51	68
450	237	51	68
450	237	51	68
450	195	51	68
450	195	51	68
450	195	51	68
450	195	51	68
450	195	51	68
450	195	51	68
450	195	51	68
450	195	51	68
450	195	51	68
450	195	51	68
450	195	51	68
450	195	51	68
491	195	51	68
492	195	51	68
492	153	51	68
492	153	51	68
575	195	51	68
493	195	51	68
494	195	51	68
161	195	51	68
494	153	51	68
161	195	51	68
162	195	51	68
162	195	51	68
162	195	51	68
162	195	51	68
162	195	51	68
162	195	51	68
162	195	51	68
162	195	51	68
162	195	51	68
162	195	51	68
162	195	51	68
162	195	51	68
162	195	51	68
494	153	51	68
535	153	51	68
494	195	51	68
494	195	51	68
494	195	51	68
494	195	51	68
494	195	51	68
494	195	51	68
494	153	51	68
494	153	51	68
494	153	51	68
494	153	51	68
494	195	51	68
494	195	51	68
494	195	51	68
494	195	51	68
494	195	51	68
494	195	51	68
494	153	51	68
494	153	51	68
494	153	51	68
494	153	51	68
494	153	51	68
494	153	51	68
494	153	51	68
494	153	51	68
494	153	51	68
494	153	51	68
494	153	51	68
494	153	51	68
477	153	51	68
475	173	56	77
478	160	55	77
481	165	56	83
473	150	72	86
466	168	81	102
461	156	82	108
457	163	87	107
457	166	83	108
454	167	86	106
453	169	84	108
452	167	85	108
454	170	84	104
454	169	82	106
454	172	79	107
453	174	81	106
454	177	76	104
450	167	82	102
448	177	79	109
445	167	85	116
444	167	85	116
444	167	85	116
444	137	85	116
445	137	85	116
411	164	85	116
390	142	85	116
390	163	85	116
403	149	58	104
404	170	44	92
404	172	40	82
400	171	41	84
399	173	41	75
393	171	41	70
394	171	38	68
388	171	37	62
389	170	34	62
386	167	35	60
386	167	33	65
382	166	35	67
383	168	35	64
382	165	33	69
381	163	32	70
379	162	31	71
380	161	32	72
378	164	32	70
378	163	32	69
377	162	30	71
377	164	31	69
376	168	31	67
376	166	31	68
374	168	32	65
374	168	32	64
372	171	32	61
372	169	31	64
369	171	32	63
370	171	31	63
368	173	31	61
367	171	31	63
364	172	32	64
364	171	32	63
361	175	32	59
361	175	33	61
358	173	32	60
358	173	31	58
356	178	29	57
357	174	29	60
356	175	27	60
356	173	27	62
357	176	25	59
336	153	67	104
330	158	68	99
316	171	84	96
320	165	78	81
322	170	75	66
320	172	78	64
322	172	76	65
319	173	77	63
323	173	73	61
321	174	74	61
321	173	74	64
319	172	73	64
321	172	71	64
322	174	68	62
323	175	63	60
321	172	68	65
320	173	71	62
319	173	72	63
318	172	72	67
314	190	76	71
317	171	71	67
315	186	69	72
318	177	64	82
317	171	70	85
319	172	63	79
322	191	55	62
322	196	42	51
326	199	40	51
327	198	39	51
327	212	43	46
327	205	41	53
333	221	39	44
334	221	39	45
337	219	46	52
335	214	48	59
341	213	47	62
343	206	45	72
351	203	41	78
352	197	37	83
358	198	39	88
358	195	39	91
364	198	42	91
363	197	45	92
368	201	47	89
369	206	49	85
374	190	49	88
374	194	49	96
379	200	57	96
375	194	61	97
380	194	58	116
379	186	62	127
388	182	54	124
388	186	54	123
389	191	62	123
388	177	77	137
391	181	84	142
384	185	92	137
393	173	78	151
393	184	81	142
399	170	74	152
398	180	77	147
400	182	77	147
405	194	67	104
405	201	73	127
408	180	68	149
414	200	67	104
413	210	68	118
420	193	68	135
419	178	70	152
428	182	66	149
428	201	67	104
437	205	66	98
436	212	68	80
445	220	67	68
446	215	65	74
450	220	69	66
448	208	71	78
460	215	66	73
461	216	65	71
463	223	69	63
465	212	65	76
464	220	76	70
467	222	72	68
467	227	78	63
470	217	72	77
471	217	82	90
472	211	77	98
478	193	75	112
475	204	83	124
481	185	78	144
483	166	74	163
491	194	67	104
486	196	74	129
492	179	70	143
495	179	67	104
502	143	59	110
500	178	62	92
503	170	68	77
510	176	59	68
518	160	51	59
522	158	52	65
516	156	58	78
513	143	61	66
518	161	63	72
511	161	72	75
510	163	75	76
505	162	75	76
504	162	76	68
502	164	71	60
504	177	68	53
500	158	67	104
491	177	79	102
490	166	79	112
481	174	88	117
482	196	77	96
467	207	73	83
468	184	68	69
450	199	74	78
448	199	81	88
439	202	81	101
414	177	81	101
414	177	81	101
386	177	81	101
419	184	64	109
409	187	60	113
408	189	60	110
403	187	59	115
403	179	58	125
397	179	59	123
398	183	54	124
400	168	48	106
396	171	50	99
395	175	50	97
390	181	55	95
390	185	55	90
390	187	52	86
389	189	52	81
388	193	52	83
388	196	43	83
389	197	44	78
391	195	41	80
390	196	41	80
373	187	67	104
374	187	58	105
368	188	67	104
373	189	50	103
365	176	67	104
370	187	57	93
377	193	46	93
354	177	49	102
345	186	57	103
342	195	57	99
366	180	60	102
343	192	58	100
339	190	61	103
336	191	65	101
336	197	64	93
323	179	74	102
310	184	80	111
330	193	98	95
307	201	79	93
335	180	69	90
322	195	60	72
335	194	45	69
332	195	38	60
335	190	36	54
326	197	36	54
312	199	44	61
314	193	42	68
311	188	38	71
313	179	37	77
303	175	43	83
306	168	39	79
295	177	43	80
295	178	41	78
288	175	44	78
278	173	48	80
278	171	49	82
268	171	53	80
268	171	52	82
258	173	55	80
261	170	55	82
251	172	55	83
251	173	57	83
246	177	53	81
250	167	49	82
240	173	53	88
232	180	56	90
233	173	54	94
226	175	52	91
226	196	57	89
219	175	54	92
220	171	49	85
212	183	54	93
211	182	57	102
206	183	55	98
200	186	56	84
197	199	58	82
193	204	55	68
190	218	61	72
188	209	57	67
185	223	62	69
178	224	67	57
179	211	62	68
171	226	70	65
167	204	67	104
168	204	65	101
166	197	56	95
167	198	53	87
163	193	55	79
167	210	51	60
161	208	52	52
152	187	67	104
151	177	60	111
140	172	61	113
144	164	64	108
140	153	63	106
142	152	64	98
139	139	67	92
138	138	68	79
126	142	72	87
130	130	75	102
127	117	80	99
127	102	81	107
128	100	79	118
133	78	74	129
135	77	70	143
138	84	67	104
133	79	77	94
143	48	70	108
144	48	67	107
145	39	74	106
153	32	63	112
158	27	67	109
162	31	76	99
166	30	73	101
173	31	78	96
169	36	82	90
177	41	84	82
175	45	87	76
182	48	85	73
183	49	83	73
190	59	82	71
198	68	84	72
202	55	78	87
214	59	84	89
213	71	86	76
228	70	85	83
223	76	94	78
238	82	90	88
239	81	88	89
254	102	83	79
272	99	83	92
272	90	83	102
291	102	80	100
291	105	82	100
309	111	78	107
308	110	79	106
322	120	77	106
317	132	88	83
322	146	107	88
321	142	112	90
320	139	115	94
331	150	102	76
339	147	91	79
339	146	94	76
342	144	87	77
341	139	91	78
340	133	93	85
340	123	91	90
340	126	91	85
336	122	89	79
326	114	90	79
325	113	92	82
319	106	89	77
321	107	85	74
321	106	85	74
321	107	85	74
321	107	85	74
321	107	85	74
293	86	83	70
293	86	83	70
292	86	83	70
292	86	83	70
293	86	83	70
267	86	83	70
267	86	83	70
267	-52	83	70
266	-51	83	70
205	101	83	70
107	230	83	70
242	263	83	70
208	122	83	70
208	122	83	70
207	121	83	70
207	121	83	70
208	122	83	70
208	122	83	70
208	122	83	70
208	122	83	70
208	122	83	70
208	122	83	70
208	122	83	70
208	122	83	70
208	122	83	70
332	-1	83	70
334	-1	83	70
375	40	83	70
376	40	83	70
376	40	83	70
376	165	83	70
376	166	83	70
334	166	83	70
334	166	83	70
375	166	83	70
376	166	83	70
376	166	83	70
376	166	83	70
376	166	83	70
376	166	83	70
376	166	83	70
376	188	83	70
393	189	95	75
390	188	100	92
399	190	90	100
380	173	95	92
377	184	112	90
385	177	104	101
392	167	96	102
399	184	88	80
283	184	88	80
100	275	88	80
355	20	88	80
388	20	88	80
389	21	88	80
389	21	88	80
388	20	88	80
348	21	88	80
361	31	67	66
362	37	61	59
360	40	63	55
354	52	67	50
354	35	67	50
353	53	67	50
354	53	67	50
353	53	67	50
353	179	67	50
354	179	67	50
370	195	67	50
369	190	78	58
350	195	82	48
352	197	73	44
354	201	70	41
354	210	68	31
345	189	88	80
357	197	78	69
358	198	69	60
361	197	64	53
363	197	64	49
366	199	62	46
364	197	63	47
368	194	63	50
366	194	64	49
379	206	70	53
376	197	71	61
375	196	71	61
301	196	71	61
301	197	71	61
300	196	71	61
301	197	71	61
300	196	71	61
373	54	71	61
372	53	71	61
373	54	71	61
355	54	71	61
370	51	72	70
368	53	61	71
364	48	66	85
355	44	88	80
363	48	88	77
363	48	88	77
363	47	88	77
363	48	88	77
363	48	88	77
363	47	88	77
363	47	88	77
392	167	88	77
392	167	88	77
392	167	88	77
392	166	88	77
357	167	88	77
357	167	88	77
357	167	88	77
357	167	88	77
357	167	88	77
357	167	88	77
357	167	88	77
399	84	88	77
399	85	88	77
399	43	88	77
399	43	88	77
399	43	88	77
399	43	88	77
399	43	88	77
399	43	88	77
399	43	88	77
399	43	88	77
399	43	88	77
399	43	88	77
399	43	88	77
399	43	88	77
399	43	88	77
399	43	88	77
399	84	88	77
399	85	88	77
399	168	88	77
399	169	88	77
399	169	88	77
399	169	88	77
399	169	88	77
399	169	88	77
399	169	88	77
399	169	88	77
399	169	88	77
399	169	88	77
399	169	88	77
399	86	88	77
399	87	88	77
399	128	88	77
399	129	88	77
399	129	88	77
399	129	88	77
399	129	88	77
399	129	88	77
399	129	88	77
399	129	88	77
399	129	88	77
399	87	88	77
399	87	88	77
399	170	88	77
399	171	88	77
399	171	88	77
399	171	88	77
399	171	88	77
399	171	88	77
399	171	88	77
358	171	88	77
357	171	88	77
357	171	88	77
357	171	88	77
380	170	88	77
371	174	72	75
375	174	65	68
374	174	55	60
377	176	50	53
364	177	52	56
364	178	54	55
355	177	55	55
355	179	55	53
347	179	56	54
340	178	57	56
324	180	71	55
323	173	66	64
321	179	71	64
321	173	64	62
323	174	61	61
317	158	63	61
320	161	58	59
319	147	56	51
318	215	56	51
318	214	56	51
299	82	56	51
299	83	56	51
314	77	56	51
326	75	47	42
315	69	54	45
315	71	55	41
316	60	58	53
315	47	58	67
318	50	59	68
330	169	57	71
330	150	57	71
330	189	57	71
330	189	57	71
351	145	57	71
351	145	57	71
375	168	57	71
375	169	57	71
401	169	57	71
422	174	72	63
423	192	78	60
428	184	78	53
437	167	67	65
456	175	62	57
454	177	69	56
465	167	66	50
463	159	69	57
478	139	61	56
484	117	61	58
475	118	72	59
493	100	72	59
492	101	72	59
492	62	72	59
492	62	72	59
492	40	72	59
492	40	72	59
492	17	72	59
492	17	72	59
492	16	72	59
483	7	72	59
484	8	56	55
476	22	56	48
476	16	56	53
467	28	55	56
468	28	54	56
454	58	58	48
442	82	64	48
442	78	62	53
432	95	64	59
435	94	58	58
422	100	62	66
422	103	62	62
408	116	69	59
408	117	69	56
396	119	70	58
398	116	67	61
384	120	63	58
370	121	61	59
369	121	59	57
355	115	62	69
356	114	58	72
340	116	61	74
339	114	62	80
325	122	66	78
324	125	67	74
312	122	69	87
297	142	73	73
296	141	71	72
288	146	68	75
288	142	69	77
281	141	67	87
283	143	67	80
275	150	65	77
276	158	65	73
272	155	66	67
274	153	64	66
274	149	65	71
276	146	65	73
278	139	64	82
283	148	54	71
284	150	53	68
272	143	88	80
275	141	70	75
274	152	65	63
294	154	48	57
301	156	42	55
284	144	88	80
291	148	73	67
287	149	69	63
305	148	57	63
303	141	88	80
302	149	86	66
317	142	103	74
299	145	83	69
343	136	89	79
340	138	100	83
342	142	105	84
360	139	97	100
359	122	93	112
382	128	75	91
391	124	65	83
414	148	65	83
414	148	65	83
254	255	65	83
450	198	65	83
450	198	65	83
460	198	65	83
468	191	58	75
485	208	51	60
486	209	49	58
497	214	48	59
493	215	53	55
503	226	57	62
486	224	88	80
490	206	85	102
482	209	88	80
489	207	65	77
474	209	88	80
482	213	76	87
484	217	70	79
481	220	76	75
465	199	69	86
441	192	88	80
453	193	66	80
443	191	57	74
430	188	88	80
411	169	88	80
411	169	88	80
368	84	88	80
368	84	88	80
392	154	88	80
391	154	88	80
237	-51	88	80
236	-50	88	80
236	-50	88	80
355	158	88	80
136	251	88	80
136	250	88	80
136	250	88	80
210	-38	88	80
133	227	88	80
133	267	88	80
133	267	88	80
133	267	88	80
133	267	88	80
133	267	88	80
133	267	88	80
133	267	88	80
133	267	88	80
133	267	88	80
133	267	88	80
133	267	88	80
133	267	88	80
133	226	88	80
