0.689831
0.055637
0.062993
0.049762
0.050036
0.050273
0.050199
0.051094
0.050272
0.050417
0.050388
0.056294
0.069074
0.066832
0.065609
0.066933
0.053385
0.068051
0.064369
0.063013
0.069075
0.049319
0.054741
0.042798
0.056440
0.057067
0.053962
0.057213
0.050098
0.051549
0.069560
0.051299
0.055491
0.055165
0.056722
0.054689
0.057772
0.057440
0.055120
0.055566
0.072106
0.053118
0.050018
0.044809
0.044745
0.052438
0.057647
0.042732
0.042816
0.047350
0.063609
0.045234
0.043846
0.042383
0.059679
0.044896
0.061290
0.041326
0.038973
0.038271
0.062977
0.041343
0.041679
0.041919
0.037944
0.050418
0.041950
0.054468
0.054368
0.040740
0.065722
0.041498
0.042519
0.038084
0.039456
0.037197
0.037362
0.041122
0.054304
0.038330
0.063361
0.040430
0.041887
0.039998
0.040663
0.040678
0.040814
0.040037
0.040242
0.040948
0.066995
0.040721
0.041266
0.040916
0.040923
0.040792
0.041068
0.042459
0.042671
0.042078
0.071151
0.038174
0.041199
0.048187
0.040970
0.041177
0.041616
0.044266
0.038339
0.042611
0.081809
0.051506
0.040684
0.040699
0.040882
0.040920
0.041129
0.052119
0.051129
0.040456
0.086223
0.040269
0.041063
0.040334
0.041146
0.039608
0.042975
0.053551
0.042085
0.041801
0.070229
0.037682
0.043179
0.038021
0.043314
0.038050
0.044916
0.054266
0.042798
0.046692
0.074348
0.040191
0.049333
0.038674
0.043089
0.043069
0.038990
0.038717
0.038844
0.039584
0.075189
0.039917
0.044287
0.037264
0.038340
0.038225
0.041091
0.040370
0.040973
0.040762
0.040890
0.038832
0.044511
0.038180
0.040726
0.040388
0.040832
0.052612
0.041009
0.041717
0.039724
0.041487
0.042334
0.053629
0.038037
0.038447
0.038031
0.038826
0.037963
0.038720
0.037946
0.038721
0.038666
0.038837
0.037994
0.043197
0.045207
0.042307
0.052189
0.041456
0.041359
0.045237
0.041765
0.039984
0.039964
0.040109
0.040896
0.040600
0.040143
0.040882
0.039762
0.040734
0.039710
0.040837
0.040121
0.040896
0.039704
0.040077
0.040103
0.039881
0.039699
0.039398
0.039093
0.039643
0.039613
0.037717
0.037399
0.040716
0.045345
0.040899
0.078584
0.040852
0.043597
0.053924
0.054981
0.054735
0.054773
0.053779
0.053329
0.051573
0.087610
0.053820
0.046374
0.043624
0.052974
0.042384
0.053947
0.053825
0.041047
0.041432
0.083929
0.042478
0.055381
0.041961
0.051563
0.048613
0.054229
0.041304
0.041174
0.055148
0.085048
0.043705
0.056600
0.053013
0.053032
0.053651
0.052580
0.055475
0.054243
0.056435
0.098091
0.043173
0.050248
0.050131
0.051344
0.056099
0.039975
0.041809
0.041661
0.045368
0.098567
0.042656
0.054453
0.045451
0.052091
0.041804
0.042112
0.042306
0.042031
0.042115
0.084942
0.052377
0.049767
0.052071
0.040650
0.039859
0.039610
0.053151
0.054037
0.053611
0.096646
0.042341
0.049074
0.052404
0.053706
0.053502
0.053016
0.054091
0.053503
0.053740
0.097183
0.044729
0.053880
0.051159
0.053655
0.053502
0.053210
0.052598
0.043093
0.043158
0.096798
0.053535
0.053315
0.053554
0.053665
0.053588
0.053538
0.054025
0.054195
0.040426
0.089442
0.044744
0.051760
0.043325
0.051898
0.052231
0.053530
0.040867
0.041397
0.042285
0.085948
0.042260
0.042338
0.042193
0.042666
0.041798
0.042367
0.042444
0.051671
0.043344
0.050756
0.047340
0.045349
0.051479
0.050872
0.040221
0.040232
0.040177
0.051847
0.043715
0.090690
0.053033
0.053207
0.040597
0.040464
0.040744
0.040828
0.040850
0.054250
0.054458
0.095730
0.043791
0.052229
0.042374
0.043200
0.042446
0.042390
0.042664
0.042370
0.040881
0.084141
0.039453
0.044774
0.048483
0.051100
0.052493
0.053350
0.037643
0.038095
0.038025
0.080373
0.047107
0.052741
0.053852
0.054974
0.054955
0.053269
0.042339
0.048331
0.055155
0.094600
0.043537
0.044983
0.055108
0.053534
0.051259
0.054305
0.053237
0.053175
0.054571
0.093658
0.038326
0.042019
0.041166
0.043139
0.047877
0.055263
0.040886
0.040910
0.041087
0.040376
0.041310
0.040012
0.053891
0.039847
0.038929
0.038479
0.038723
0.038555
0.041014
0.084833
0.042439
0.041849
0.052881
0.040234
0.039130
0.038836
0.039410
0.037273
0.037417
0.080364
0.040303
0.042263
0.053204
0.053513
0.053100
0.054993
0.055375
0.055904
0.043107
0.095644
0.040145
0.039196
0.053754
0.042830
0.042125
0.043465
0.037653
0.040093
0.039811
0.080483
0.038589
0.038142
0.037855
0.037745
0.037688
0.037869
0.037774
0.040164
0.040303
0.082594
0.040209
0.041495
0.040367
0.043125
0.052950
0.041406
0.040020
0.040438
0.040590
0.082745
0.039931
0.037787
0.038120
0.038142
0.038581
0.038582
0.038775
0.038431
0.038925
0.079701
0.038290
0.037569
0.037984
0.037921
0.038124
0.037767
0.037988
0.038172
0.038014
0.079640
0.037992
0.039853
0.039997
0.052151
0.052087
0.051545
0.052380
0.051018
0.050883
0.094109
0.041598
0.040710
0.040979
0.040437
0.040996
0.040278
0.040850
0.040436
0.040899
0.082415
0.041376
0.052062
0.040316
0.040448
0.040501
0.040378
0.040942
0.053202
0.040910
0.081835
0.042213
0.042536
0.040937
0.052474
0.039952
0.040102
0.040674
0.043016
0.040811
0.079704
0.040384
0.039429
0.038055
0.037730
0.037565
0.037307
0.037450
0.037494
0.041940
0.092806
0.042127
0.043863
0.039110
0.037453
0.037956
0.038800
0.037617
0.038969
0.037237
0.080486
0.044720
0.055315
0.055849
0.042890
0.048918
0.054821
0.053989
0.042208
0.053376
0.087056
0.045483
0.055554
0.043286
0.048970
0.051224
0.050291
0.052833
0.054402
0.054494
0.093644
0.043706
0.052889
0.052866
0.052883
0.043192
0.048671
0.053277
0.052943
0.054353
0.092264
0.044364
0.048409
0.050383
0.050035
0.051281
0.054505
0.053895
0.054251
0.054371
0.086378
0.046304
0.054478
0.044132
0.044674
0.044907
0.054043
0.043597
0.043811
0.043565
0.092781
0.052880
0.043245
0.042949
0.052167
0.045652
0.042067
0.042722
0.041129
0.052390
0.091923
0.042601
0.045732
0.042902
0.043221
0.043304
0.043016
0.043067
0.042924
0.042398
0.081011
0.042351
0.054163
0.052739
0.053283
0.053583
0.037896
0.038293
0.038167
0.040544
0.093561
0.044376
0.050504
0.042509
0.042350
0.042323
0.042402
0.042608
0.042629
0.042253
0.081725
0.051033
0.040888
0.039595
0.039798
0.041667
0.049975
0.038904
0.042820
0.053789
0.037223
0.039984
0.040259
0.039808
0.040357
0.041049
0.040596
0.042388
0.040207
0.040718
0.081540
0.041809
0.052388
0.052593
0.040452
0.041898
0.048260
0.040710
0.040471
0.041531
0.082180
0.042714
0.050501
0.049469
0.042845
0.042437
0.043700
0.043673
0.054130
0.049045
0.085761
0.046232
0.056105
0.054820
0.054153
0.054292
0.054430
0.049958
0.051180
0.053859
0.081960
0.039438
0.038721
0.052075
0.046337
0.041486
0.049507
0.041271
0.053415
0.042558
0.080913
0.053251
0.052874
0.052894
0.043740
0.053021
0.052407
0.043008
0.050450
0.040630
0.085685
0.041858
0.040105
0.039759
0.039988
0.041563
0.041608
0.038641
0.042810
0.054338
0.079845
0.036871
0.043988
0.050066
0.046193
0.047191
0.055047
0.054182
0.053450
0.054091
0.094001
0.051089
0.049946
0.054770
0.054905
0.055538
0.052065
0.055482
0.051184
0.053849
0.091782
0.038875
0.040267
0.037863
0.039267
0.037002
0.052414
0.041891
0.039036
0.051340
0.094094
0.050254
0.053701
0.050976
0.039597
0.041044
0.041629
0.053121
0.053140
0.041928
0.098307
0.053590
0.041993
0.052413
0.043511
0.040381
0.040256
0.041230
0.052957
0.039947
0.087309
0.042225
0.047035
0.052627
0.043469
0.049494
0.041975
0.041880
0.041695
0.055872
0.099400
0.045517
0.043598
0.041736
0.041860
0.039981
0.041904
0.037214
0.042533
0.050625
0.095170
0.040827
0.052795
0.041790
0.037219
0.037282
0.037746
0.037151
0.039972
0.039136
0.080106
0.042336
0.052726
0.053536
0.052316
0.052850
0.053334
0.053626
0.053091
0.050602
0.093451
0.037266
0.037437
0.037469
0.052567
0.053239
0.051859
0.040146
0.039772
0.040243
0.083138
0.040201
0.040259
0.040447
0.040144
0.041111
0.051573
0.053385
0.052288
0.053460
0.082789
0.040096
0.039259
0.038292
0.037812
0.053193
0.053657
0.048974
0.037702
0.037937
0.080389
0.037643
0.037924
0.037805
0.038653
0.041576
0.053489
0.041675
0.052722
0.042326
0.083179
0.040219
0.042480
0.048558
0.042153
0.049715
0.042238
0.042360
0.052099
0.051687
0.086027
0.042990
0.041635
0.040714
0.041609
0.041738
0.040056
0.038691
0.041892
0.053329
0.094038
0.037461
0.053534
0.038765
0.037778
0.038451
0.054622
0.053301
0.040234
0.039944
0.083445
0.042274
0.042092
0.040093
0.040337
0.040193
0.039736
0.043646
0.053419
0.037946
0.078651
0.040146
0.052561
0.053090
0.052104
0.050517
0.041836
0.041800
0.042592
0.044574
0.091358
0.042705
0.042667
0.053435
0.054929
0.043591
0.053672
0.045133
0.043237
0.040779
0.095276
0.044271
0.042419
0.041118
0.041717
0.041112
0.053994
0.043072
0.043225
0.047538
0.089142
0.053197
0.042687
0.042669
0.042375
0.042942
0.042446
0.041771
0.053607
0.040964
0.083332
0.039930
0.041748
0.043925
0.053289
0.053626
0.052713
0.053002
0.051670
0.051437
0.083252
0.039975
0.039946
0.051794
0.041958
0.042473
0.040368
0.051739
0.052091
0.046518
0.083693
0.051449
0.040821
0.051724
0.054011
0.052227
0.052071
0.052001
0.037761
0.041645
0.083846
0.040870
0.051411
0.041564
0.041425
0.042034
0.041032
0.041568
0.040828
0.039392
0.080046
0.041737
0.040622
0.041470
0.051594
0.050282
0.050719
0.053391
0.053691
0.053572
0.093493
0.037546
0.043478
0.041877
0.053441
0.041722
0.037638
0.037573
0.038701
0.052253
0.085749
0.051907
0.043542
0.055427
0.041279
0.049696
0.042697
0.037920
0.042777
0.041853
0.093578
0.041149
0.036490
0.038177
0.040577
0.046102
0.049337
0.040127
0.045015
0.053864
0.094423
0.043596
0.047391
0.054106
0.045024
0.040533
0.044037
0.052460
0.044694
0.053485
0.088202
0.039906
0.037876
0.036795
0.037051
0.036505
0.038227
0.037936
0.038034
0.038199
0.078136
0.037948
0.037938
0.037050
0.038108
0.038090
0.038918
0.054912
0.052708
0.040173
0.050574
0.052471
0.039737
0.039505
0.038706
0.041205
0.041121
0.040222
0.040469
0.040427
0.082484
0.041735
0.040481
0.041239
0.053123
0.040744
0.046579
0.040283
0.040892
0.040646
0.082402
0.040261
0.040862
0.041924
0.039921
0.041980
0.043180
0.053131
0.042823
0.052327
0.094883
0.045943
0.043174
0.043637
0.052001
0.052543
0.055273
0.055328
0.052866
0.041528
0.089807
0.040976
0.041128
0.039528
0.043527
0.052903
0.054293
0.049335
0.041554
0.043007
