1.00
1.01
1.03
1.03
0.92
1.01
0.94
1.01
1.02
0.92
0.96
0.97
1.02
0.98
0.95
1.00
0.92
0.97
0.96
0.98
1.00
1.00
0.98
0.92
0.98
0.97
0.94
0.88
0.96
0.93
0.94
0.89
0.84
0.81
0.72
0.69
0.57
0.53
0.48
0.42
0.34
0.34
0.26
0.34
0.33
0.39
0.35
0.45
0.40
0.37
0.38
0.28
0.25
0.35
0.30
0.29
0.35
0.40
0.30
0.25
0.28
0.35
0.44
0.33
0.26
0.22
0.28
0.32
0.24
0.31
0.40
0.28
0.27
0.31
0.40
0.40
0.41
0.44
0.41
0.40
0.41
0.55
0.56
0.46
0.45
0.50
0.50
0.52
0.47
0.56
0.45
0.46
0.56
0.40
0.35
0.37
0.38
0.45
0.45
0.40
0.38
0.37
0.32
0.33
0.27
0.30
0.25
0.24
0.22
0.24
0.25
0.23
0.17
0.06
0.14
0.16
0.15
0.16
0.15
0.17
0.16
0.17
0.17
0.17
0.16
0.16
0.17
0.20
0.18
0.20
0.25
0.24
0.23
0.35
0.38
0.36
0.42
0.37
0.39
0.38
0.40
0.52
0.61
0.60
0.59
0.56
0.60
0.56
0.56
0.49
0.47
0.63
0.58
0.54
0.33
0.32
0.38
0.37
0.39
0.53
0.33
0.34
0.33
0.32
0.44
0.31
0.41
0.36
0.38
0.45
0.41
0.38
0.33
0.32
0.40
0.42
0.35
0.36
0.35
0.31
0.36
0.27
0.32
0.31
0.31
0.25
0.32
0.40
0.38
0.34
0.26
0.29
0.28
0.28
0.27
0.26
0.28
0.26
0.27
0.26
0.23
0.22
0.27
0.26
0.30
0.27
0.26
0.30
0.28
0.36
0.43
0.45
0.35
0.37
0.42
0.42
0.37
0.46
0.48
0.50
0.61
0.60
0.59
0.55
0.65
0.58
0.69
0.56
0.47
0.80
0.72
0.72
0.66
0.64
0.56
0.54
0.70
0.55
0.73
0.65
0.68
0.58
0.63
0.51
0.61
0.72
0.58
0.72
0.78
0.74
0.51
0.48
0.45
0.58
0.69
0.64
0.66
0.65
0.59
0.64
0.52
0.63
0.52
0.53
0.73
0.72
0.64
0.66
0.49
0.52
0.49
0.52
0.48
0.55
0.41
0.36
0.38
0.29
0.32
0.32
0.32
0.45
0.40
0.33
0.26
0.29
0.35
0.39
0.36
0.31
0.33
0.34
0.32
0.32
0.33
0.31
0.27
0.28
0.29
0.32
0.35
0.33
0.37
0.38
0.38
0.33
0.27
0.42
0.25
0.37
0.29
0.30
0.37
0.29
0.25
0.24
0.26
0.24
0.20
0.22
0.22
0.24
0.25
0.23
0.19
0.21
0.21
0.26
0.17
0.17
0.23
0.26
0.25
0.23
0.24
0.25
0.25
0.21
0.25
0.27
0.28
0.23
0.23
0.21
0.23
0.23
0.18
0.17
0.18
0.19
0.17
0.18
0.17
0.15
0.17
0.21
0.23
0.28
0.24
0.29
0.41
0.26
0.34
0.39
0.38
0.32
0.28
0.32
0.35
0.36
0.31
0.35
0.43
0.32
0.43
0.52
0.49
0.46
0.44
0.38
0.38
0.42
0.34
0.39
0.32
0.23
0.21
0.17
0.15
0.17
0.16
0.17
0.16
0.16
0.15
0.19
0.15
0.20
0.24
0.22
0.20
0.18
0.22
0.25
0.28
0.28
0.37
0.37
0.37
0.42
0.36
0.35
0.28
0.25
0.28
0.27
0.33
0.30
0.31
0.28
0.34
0.30
0.27
0.33
0.39
0.33
0.29
0.33
0.31
0.29
0.28
0.27
0.25
0.21
0.23
0.18
0.18
0.19
0.23
0.24
0.27
0.27
0.35
0.43
0.39
0.35
0.36
0.36
0.44
0.57
0.39
0.43
0.46
0.45
0.47
0.45
0.55
0.38
0.37
0.52
0.48
0.51
0.31
0.37
0.30
0.26
0.27
0.27
0.25
0.19
0.17
0.20
0.23
0.18
0.23
0.17
0.20
0.16
0.17
0.16
0.18
0.27
0.27
0.26
0.20
0.23
0.18
0.18
0.16
0.18
0.17
0.20
0.21
0.23
0.27
0.32
0.20
0.23
0.25
0.33
0.33
0.27
0.33
0.32
0.29
0.34
0.35
0.33
0.31
0.39
0.38
0.44
0.47
0.48
0.42
0.39
0.37
0.47
0.49
0.56
0.57
0.47
0.39
0.39
0.45
0.34
0.42
0.33
0.33
0.29
0.32
0.28
0.30
0.29
0.29
0.25
0.28
0.29
0.27
0.29
0.34
0.35
0.35
0.37
0.38
0.37
0.34
0.34
0.34
0.32
0.25
0.22
0.23
0.21
0.17
0.21
0.23
0.24
0.24
0.26
0.25
0.20
0.20
0.21
0.24
0.21
0.20
0.21
0.21
0.23
0.24
0.23
0.24
0.24
0.23
0.22
0.19
0.19
0.17
0.15
0.12
0.12
0.10
0.12
0.19
0.20
0.20
0.21
0.21
0.21
0.21
0.20
0.21
0.22
0.19
0.19
0.20
0.20
0.19
0.20
0.18
0.19
0.18
0.19
0.20
0.17
0.17
0.18
0.23
0.23
0.24
0.27
0.26
0.28
0.25
0.34
0.42
0.35
0.40
0.38
0.47
0.42
0.40
0.34
0.41
0.32
0.33
0.29
0.35
0.29
0.36
0.28
0.38
0.33
0.31
0.37
0.27
0.34
0.35
0.34
0.41
0.39
0.35
0.38
0.46
0.39
0.50
0.50
0.54
0.48
0.45
0.58
0.56
0.56
0.52
0.54
0.52
0.45
0.47
0.48
0.51
0.52
0.48
0.47
0.56
0.52
0.60
0.62
0.42
0.46
0.40
0.42
0.51
0.52
0.50
0.56
0.55
0.58
0.56
0.59
0.60
0.61
0.59
0.57
0.55
0.57
0.59
0.59
0.59
0.43
0.57
0.60
0.57
0.52
0.53
0.58
0.58
0.61
0.61
0.58
0.59
0.59
0.58
0.54
0.51
0.52
0.44
0.42
0.46
0.46
0.42
0.46
0.43
0.41
0.42
0.39
0.37
0.39
0.39
0.38
0.37
0.39
0.37
0.36
0.34
0.34
0.35
0.30
0.30
0.28
0.35
0.38
0.29
0.39
0.42
0.32
0.37
0.32
0.41
0.37
0.33
0.30
0.29
0.41
0.35
0.37
0.38
0.57
0.55
0.55
0.60
0.49
0.50
0.48
0.60
0.52
0.53
0.47
0.44
0.53
0.54
0.51
0.55
0.46
0.34
0.36
0.31
0.19
0.17
0.11
0.12
0.13
0.14
0.15
0.16
0.15
0.15
0.15
0.13
0.13
0.16
0.16
0.18
0.21
0.21
0.27
0.27
0.32
0.26
0.28
0.37
0.34
0.44
0.41
0.44
0.44
0.46
0.39
0.45
0.38
0.27
0.45
0.48
0.48
0.48
0.48
0.37
0.48
0.45
0.35
0.47
0.67
0.71
0.70
0.46
0.72
0.72
0.70
0.68
0.65
0.71
0.74
0.72
0.74
0.73
0.75
0.77
0.79
0.77
0.60
0.73
0.69
0.72
0.86
0.80
0.60
0.77
0.65
0.46
0.77
0.75
0.87
0.83
0.85
0.85
0.83
0.87
0.85
0.80
0.78
0.75
0.69
0.59
0.77
0.79
0.70
0.77
0.78
0.79
0.80
0.76
0.90
0.93
0.95
0.71
0.58
0.56
0.55
0.68
0.80
0.80
0.78
0.83
0.79
0.73
0.72
0.67
0.66
0.62
0.59
0.59
0.67
0.67
0.65
0.55
0.46
0.48
0.53
0.50
0.51
0.59
0.58
0.50
0.49
0.55
0.48
0.47
0.44
0.43
0.42
0.40
0.42
0.42
0.41
0.42
0.41
0.41
0.41
0.41
0.40
0.37
0.42
0.42
0.44
0.42
0.43
0.43
0.45
0.48
0.49
0.53
0.56
0.59
0.57
0.58
0.54
0.59
0.58
0.60
0.62
0.42
0.47
0.44
0.60
0.38
0.56
0.53
0.57
0.54
0.52
0.56
0.53
0.51
0.47
0.45
0.48
0.47
0.43
0.44
0.39
0.46
0.43
0.44
0.45
0.46
0.46
0.47
0.46
0.46
0.44
0.48
0.48
0.49
0.46
0.47
0.48
0.49
0.49
0.48
0.50
0.48
0.48
0.50
0.53
0.52
0.57
0.61
0.53
0.53
0.55
0.56
0.67
0.57
0.48
0.58
0.55
0.43
0.46
0.40
0.42
0.40
0.43
0.44
0.48
0.46
0.42
0.42
0.42
0.44
0.38
0.38
0.53
0.56
0.52
0.54
0.51
0.56
0.49
0.51
0.53
0.57
0.75
0.73
0.76
0.78
0.75
0.75
0.73
0.72
0.75
0.70
0.65
0.69
0.69
0.65
0.64
0.62
0.62
0.69
0.61
0.66
0.71
0.63
0.54
0.44
0.54
0.50
0.52
0.51
0.55
0.55
0.56
0.53
0.57
0.60
0.44
0.45
0.38
0.58
0.58
0.58
0.62
0.59
0.68
0.67
0.65
0.51
0.57
0.49
0.64
0.56
0.52
0.53
0.58
0.56
0.53
0.47
0.52
0.58
0.46
0.50
0.52
0.48
0.56
0.39
0.54
0.49
0.44
0.55
0.52
0.52
0.50
0.39
0.46
0.55
0.46
0.50
0.50
0.45
0.35
0.44
0.46
0.39
0.39
0.44
0.45
0.42
0.50
0.50
0.51
0.52
0.56
0.53
0.54
0.49
0.56
0.51
0.50
0.50
0.49
0.47
0.43
0.45
0.42
0.44
0.43
0.48
0.42
0.48
0.39
0.47
0.43
0.50
0.47
0.51
0.52
0.53
0.53
0.55
0.54
0.58
0.59
0.61
0.61
0.62
0.60
0.62
0.61
0.63
0.64
0.59
0.55
0.55
0.54
0.56
0.54
0.60
0.61
0.57
0.61
0.54
0.57
0.54
0.49
0.52
0.47
0.53
0.57
0.56
0.61
0.61
0.61
0.58
0.65
0.63
0.65
0.63
0.66
0.61
0.57
0.63
0.56
0.60
0.66
0.65
0.66
0.60
0.64
0.62
0.65
0.66
0.63
0.65
0.62
0.67
0.66
0.58
0.64
0.66
0.66
0.64
0.72
0.72
0.77
0.69
0.74
0.70
0.69
0.68
0.72
0.73
0.77
0.79
0.79
0.79
0.73
0.68
0.82
0.68
0.75
0.76
0.93
0.95
0.92
0.94
0.85
0.85
0.85
0.92
0.85
0.88
0.91
0.88
0.91
0.86
0.92
0.90
0.91
0.91
0.91
0.90
0.98
0.95
0.94
0.96
0.94
0.98
0.92
0.95
0.95
0.93
0.90
0.94
0.90
0.91
0.93
0.93
0.91
0.91
0.91
0.90
0.95
1.00
0.97
0.96
0.96
0.97
0.97
0.94
0.95
0.96
0.97
0.94
0.98
0.97
0.92
0.92
0.92
0.99
0.94
0.93
0.96
0.99
0.95
1.00
1.00
0.98
1.01
0.99
0.92
0.96
0.93
0.97
0.90
0.96
0.95
0.95
0.96
1.02
1.00
0.99
1.03
1.05
0.98
1.01
1.05
0.99
1.02
0.97
0.99
0.99
1.02
0.99
1.01
1.04
1.02
0.99
0.98
0.94
0.94
0.95
0.90
0.92
0.87
0.88
0.86
0.86
0.89
0.85
0.91
0.86
0.92
0.89
0.90
0.89
0.87
0.77
0.68
0.55
0.53
0.37
0.34
0.51
0.77
0.74
0.72
0.73
0.68
0.65
0.68
0.67
0.78
0.76
0.81
0.79
0.79
0.77
0.83
0.78
0.79
0.75
0.80
0.82
0.74
0.78
0.78
0.72
0.62
0.59
0.48
0.51
0.51
0.56
0.55
0.46
0.45
0.51
0.37
0.44
0.34
0.40
0.41
0.39
0.31
0.35
0.35
0.41
0.44
0.43
0.28
0.28
0.29
0.30
0.32
0.28
0.28
0.29
0.32
0.37
0.43
0.43
0.46
0.48
0.44
0.46
0.44
0.48
0.54
0.57
0.65
0.66
0.62
0.74
0.68
0.69
0.67
0.71
0.62
0.80
0.76
0.85
0.88
0.82
0.81
0.89
0.81
0.81
0.84
0.74
0.67
0.67
0.65
0.70
0.69
0.77
0.72
0.77
0.70
0.71
0.74
0.74
0.66
0.71
0.72
0.53
0.94
0.75
0.72
0.62
0.54
0.64
0.66
0.67
0.60
0.56
0.55
0.60
0.59
0.59
0.64
0.61
0.65
0.56
0.64
0.59
0.67
0.58
0.66
0.66
0.66
0.65
0.67
0.67
0.65
0.71
0.71
0.83
0.80
0.80
0.84
0.82
0.81
0.78
0.70
0.70
0.78
0.83
0.69
0.65
0.63
0.65
0.73
0.74
0.72
0.68
0.69
0.72
0.71
0.78
0.71
0.65
0.57
0.54
0.51
0.70
0.58
0.60
0.61
0.59
0.60
0.56
0.53
0.49
0.51
0.55
0.66
0.70
0.67
0.67
0.59
0.54
0.68
0.59
0.58
0.78
0.60
0.68
0.63
0.78
0.73
0.74
0.72
0.91
0.81
0.76
0.78
0.78
0.74
0.91
0.82
0.75
0.81
0.78
0.81
0.66
0.60
0.62
0.78
0.86
0.84
0.88
0.86
0.89
0.94
0.88
0.88
0.98
1.00
0.93
0.90
0.95
0.99
0.95
0.95
0.97
0.91
0.80
0.84
0.86
0.69
0.61
0.81
0.76
0.82
0.73
0.82
0.86
0.72
0.71
0.76
0.72
0.67
0.63
0.63
0.67
0.57
0.60
0.52
0.58
0.56
0.60
0.51
0.62
0.56
0.58
0.53
0.52
0.60
0.60
0.55
0.54
0.50
0.49
0.46
0.53
0.55
0.59
0.63
0.59
0.55
0.54
0.61
0.73
0.78
0.82
0.87
0.87
0.83
0.87
0.84
0.82
0.76
0.79
0.77
0.84
0.88
0.87
0.98
0.96
0.83
1.03
0.82
0.89
0.92
0.99
0.93
0.94
0.92
0.93
0.93
0.92
0.90
0.91
0.89
0.90
0.82
0.80
0.76
0.79
0.67
0.62
0.61
0.50
0.48
0.38
0.46
0.44
0.34
0.42
0.38
0.44
0.41
0.41
0.46
0.49
0.48
0.55
0.54
0.60
0.73
0.71
0.73
0.65
0.59
0.72
0.73
0.74
0.71
0.78
0.77
0.72
0.73
0.72
0.75
0.67
0.64
0.59
0.56
0.49
0.40
0.34
0.26
0.27
0.30
0.25
0.32
0.29
0.34
0.25
0.25
0.22
0.24
0.27
0.24
0.25
0.26
0.26
0.26
0.23
0.25
0.23
0.23
0.25
0.27
0.21
0.20
0.19
0.22
0.26
0.28
0.35
0.27
0.30
0.29
0.31
0.27
0.28
0.29
0.27
0.27
0.22
0.18
0.20
0.25
0.31
0.23
0.38
0.34
0.37
0.41
0.34
0.30
0.27
0.32
0.25
0.28
0.23
0.23
0.22
0.20
0.20
0.25
0.23
0.27
0.44
0.38
0.43
0.41
0.35
0.36
0.37
0.32
0.41
0.38
0.30
0.23
0.21
0.18
0.12
0.11
0.21
0.14
0.13
0.14
0.20
0.22
0.21
0.23
0.18
0.19
0.24
0.22
0.23
0.20
0.21
0.18
0.22
0.23
0.22
0.21
0.21
0.20
0.21
0.21
0.21
0.21
0.21
0.21
0.20
0.19
0.22
0.21
0.21
0.21
0.19
0.21
0.21
0.21
0.21
0.20
0.21
0.19
0.20
0.20
0.21
0.21
0.22
0.22
0.20
0.20
0.21
0.20
0.21
0.22
0.21
0.21
0.19
0.21
0.21
0.21
0.21
0.21
0.21
0.22
0.22
0.20
0.22
0.21
0.21
0.20
0.21
0.21
0.21
0.22
0.21
0.20
0.21
0.21
0.20
0.21
0.19
0.20
0.20
0.20
0.20
0.20
0.20
0.21
0.20
0.20
0.20
0.29
0.28
0.28
0.24
0.27
0.25
0.28
0.25
0.31
0.26
0.29
0.26
0.26
0.32
0.27
0.27
0.25
0.15
0.17
0.22
0.24
0.22
0.27
0.22
0.21
0.26
0.25
0.25
0.23
0.23
0.28
0.24
0.22
0.26
0.25
0.24
0.27
0.26
0.27
0.28
0.27
0.31
0.26
0.32
0.38
0.38
0.42
0.40
0.98
0.86
0.92
0.91
0.89
0.92
0.98
0.83
0.82
0.81
0.81
0.80
0.77
0.77
0.78
0.79
0.78
0.79
0.76
0.76
0.81
0.77
0.81
0.81
0.80
0.80
0.81
0.80
0.84
0.76
0.80
0.76
0.86
0.87
0.89
0.85
0.86
0.86
0.87
0.83
0.83
0.87
0.94
0.97
0.96
0.94
0.94
0.96
0.95
0.93
0.95
0.97
1.00
1.00
1.02
1.03
1.04
1.03
1.01
1.01
0.99
1.06
1.05
1.05
1.02
1.00
1.01
1.00
1.00
1.02
1.00
1.02
1.06
1.04
1.05
1.03
1.03
1.07
1.06
1.01
1.01
1.06
1.07
1.07
1.08
1.05
1.08
1.08
1.07
1.04
1.07
1.09
1.07
1.03
1.04
1.08
1.04
1.07
1.06
1.01
1.00
1.07
1.07
1.05
1.05
1.05
1.04
0.99
0.98
1.00
0.99
1.02
0.99
1.05
1.03
1.01
0.98
1.00
1.01
0.96
0.95
0.98
0.96
0.93
0.92
0.97
0.98
1.03
1.00
0.89
0.92
0.93
0.99
0.93
0.97
0.98
0.99
0.95
0.95
1.00
1.01
1.00
1.03
0.99
1.07
1.01
1.04
1.00
1.00
0.99
1.04
1.03
1.04
1.01
0.98
0.99
0.98
0.98
1.07
1.02
1.02
0.98
1.03
1.04
1.02
1.04
1.08
1.07
1.03
1.06
1.11
1.12
1.13
1.10
1.16
1.18
1.17
1.19
1.18
1.16
1.13
1.09
1.03
1.05
1.08
1.06
1.01
1.03
1.01
1.02
1.08
1.00
1.04
1.06
1.07
1.05
1.06
1.01
1.07
1.02
1.01
1.03
0.97
0.93
0.93
0.85
0.86
0.82
0.80
0.77
0.79
0.74
0.76
0.76
0.77
0.79
0.74
0.76
0.71
0.75
0.70
0.71
0.68
0.67
0.64
0.61
0.66
0.63
0.71
0.65
0.62
0.59
0.55
0.61
0.44
0.52
0.55
0.50
0.55
0.61
0.48
0.57
0.45
0.51
0.54
0.60
0.61
0.45
0.42
0.50
0.59
0.56
0.53
0.51
0.62
0.60
0.53
0.46
0.45
0.42
0.33
0.45
0.49
0.53
0.53
0.51
0.62
0.73
0.65
0.65
0.62
0.70
0.69
0.67
0.66
0.65
0.64
0.69
0.80
0.78
0.73
0.71
0.61
0.69
0.66
0.72
0.85
0.76
0.75
0.69
0.64
0.60
0.52
0.65
0.58
0.48
0.45
0.44
0.40
0.39
0.32
0.36
0.28
0.32
0.25
0.31
0.26
0.27
0.24
0.25
0.25
0.27
0.21
0.25
0.22
0.24
0.25
0.27
0.24
0.26
0.29
0.25
0.28
0.30
0.29
0.19
0.27
0.23
0.25
0.25
0.30
0.28
0.28
0.30
