0.651611
0.050687
0.050426
0.050093
0.052597
0.051199
0.050882
0.051361
0.050318
0.059855
0.052993
0.048848
0.062835
0.062804
0.063501
0.061344
0.060304
0.058837
0.066561
0.061404
0.057907
0.042611
0.043888
0.048177
0.043686
0.051563
0.041209
0.041997
0.048662
0.048836
0.065340
0.041927
0.042590
0.041486
0.042961
0.041889
0.042621
0.042583
0.041977
0.051489
0.070171
0.041447
0.040764
0.041575
0.049011
0.051435
0.042752
0.051478
0.039589
0.053795
0.075912
0.042280
0.028086
0.044051
0.051491
0.050858
0.052155
0.039364
0.039429
0.021338
0.038648
0.039548
0.039492
0.038586
0.037429
0.020919
0.038037
0.051806
0.029427
0.052911
0.064344
0.041717
0.053876
0.053162
0.051183
0.050413
0.039271
0.039351
0.041559
0.039299
0.062137
0.045235
0.039674
0.037262
0.036552
0.039073
0.039307
0.039108
0.039045
0.040178
0.066571
0.037260
0.038795
0.037925
0.037870
0.039258
0.041691
0.041725
0.039295
0.049700
0.074320
0.051535
0.047756
0.052207
0.047819
0.051884
0.049440
0.046437
0.018864
0.018739
0.018188
0.018282
0.018332
0.018319
0.018773
0.024869
0.024483
0.024857
0.024625
0.019033
0.018946
0.019099
0.019703
0.019693
0.019215
0.018859
0.019546
0.019389
0.018070
0.018175
0.020234
0.018688
0.017987
0.032112
0.036987
0.039028
0.039677
0.039459
0.040550
0.039441
0.064652
0.041427
0.038855
0.039017
0.037071
0.037493
0.034268
0.038153
0.036896
0.037723
0.065822
0.037280
0.044372
0.040756
0.039759
0.054118
0.055097
0.051041
0.055662
0.055665
0.082874
0.055385
0.055238
0.051444
0.042609
0.045281
0.042901
0.055117
0.041822
0.053880
0.052836
0.053199
0.052993
0.055591
0.042597
0.054469
0.053941
0.049770
0.040234
0.041499
0.040798
0.055181
0.053893
0.043063
0.044552
0.056657
0.056275
0.042513
0.058460
0.050966
0.066584
0.048164
0.052310
0.042052
0.049819
0.042869
0.048436
0.050539
0.045769
0.018608
0.017704
0.031984
0.038565
0.039017
0.038809
0.039146
0.040230
0.040759
0.038864
0.038202
0.039261
0.038327
0.039912
0.042183
0.040001
0.039006
0.038989
0.039041
0.037365
0.038389
0.069916
0.040158
0.041699
0.040861
0.041183
0.041464
0.040689
0.043396
0.040680
0.041957
0.051208
0.041245
0.041641
0.041246
0.046455
0.037792
0.038649
0.037779
0.041885
0.046776
0.041329
0.040995
0.047274
0.041678
0.053947
0.047876
0.038425
0.038394
0.039266
0.038409
0.039696
0.039342
0.039650
0.042593
0.054434
0.042188
0.040547
0.056550
0.053568
0.055492
0.054249
0.053810
0.052945
0.040835
0.053715
0.054693
0.052662
0.043317
0.048610
0.045705
0.055757
0.053671
0.057600
0.056088
0.055878
0.044257
0.053298
0.055844
0.042896
0.052013
0.047367
0.044823
0.043215
0.042634
0.055354
0.041429
0.067814
0.041095
0.041787
0.050853
0.050765
0.050817
0.050668
0.042630
0.041816
0.054855
0.040445
0.045345
0.043178
0.042236
0.043295
0.054229
0.055951
0.041117
0.043958
0.043406
0.044067
0.063152
0.041600
0.041984
0.044244
0.043175
0.055289
0.051845
0.037104
0.018982
0.017890
0.016648
0.030259
0.034911
0.016898
0.016606
0.016656
0.015177
0.030374
0.034222
0.017285
0.017679
0.030092
0.034829
0.016955
0.021673
0.019220
0.015739
0.017515
0.019027
0.018083
0.032597
0.037315
0.018220
0.018270
0.016830
0.015325
0.016856
0.017594
0.018488
0.017964
0.017714
0.017815
0.017395
0.017600
0.017657
0.017875
0.017747
0.017923
0.018185
0.018491
0.018661
0.017947
0.031996
0.039712
0.051555
0.071346
0.049392
0.053271
0.041587
0.051674
0.043803
0.042127
0.040133
0.040683
0.040944
0.040476
0.040017
0.038583
0.038580
0.038023
0.037926
0.038290
0.038661
0.039442
0.051992
0.036201
0.038879
0.037727
0.035991
0.017624
0.017634
0.017813
0.018188
0.018263
0.017905
0.018827
0.019875
0.018271
0.018025
0.019269
0.024419
0.018092
0.018026
0.018101
0.017863
0.018091
0.018482
0.033042
0.040283
0.053657
0.041562
0.050889
0.048803
0.055653
0.056684
0.041578
0.041394
0.041777
0.041906
0.041205
0.040001
0.040168
0.038185
0.039304
0.038620
0.053037
0.036230
0.039667
0.040464
0.045221
0.039869
0.056275
0.056757
0.043128
0.051575
0.048674
0.018239
0.018652
0.018088
0.018098
0.017843
0.018081
0.017858
0.033389
0.035916
0.039623
0.039983
0.041968
0.041709
0.038777
0.039999
0.046887
0.051834
0.055661
0.052429
0.048127
0.039857
0.054744
0.040690
0.039869
0.039393
0.051760
0.039939
0.038939
0.040380
0.040436
0.040261
0.040261
0.041236
0.039806
0.035779
0.030770
0.035169
0.016903
0.016731
0.016599
0.015176
0.016814
0.016811
0.017138
0.016969
0.017278
0.017133
0.017313
0.018225
0.018629
0.018599
0.017762
0.017839
0.017781
0.017687
0.017802
0.017739
0.018003
0.017712
0.017810
0.018966
0.019819
0.041813
0.039070
0.017334
0.030626
0.038680
0.041603
0.048980
0.041836
0.051262
0.040852
0.040172
0.040462
0.041973
0.050533
0.043558
0.082909
0.044405
0.051268
0.037621
0.037858
0.037544
0.038050
0.037027
0.038197
0.038504
0.042033
0.044041
0.040955
0.039296
0.049541
0.039844
0.040301
0.041010
0.052721
0.067498
0.039702
0.053946
0.056773
0.056288
0.054170
0.041301
0.050738
0.037746
0.039093
0.038996
0.083114
0.041503
0.053215
0.051675
0.048880
0.041211
0.043106
0.041758
0.050800
0.050540
0.034317
0.018055
0.018250
0.017886
0.016259
0.017953
0.018203
0.018089
0.018780
0.018977
0.018421
0.018126
0.018062
0.018229
0.017925
0.017730
0.018398
0.017794
0.018374
0.017794
0.018136
0.017759
0.017867
0.017789
0.017863
0.017799
0.017848
0.017939
0.017880
0.017962
0.017859
0.017776
0.017859
0.017787
0.017978
0.017932
0.018111
0.017754
0.017909
0.018197
0.018265
0.018252
0.017974
0.017828
0.017854
0.017743
0.017857
0.017755
0.017971
0.017796
0.017908
0.017750
0.017883
0.018427
0.017912
0.017945
0.018434
0.017677
0.017868
0.031263
0.033551
0.031162
0.036616
0.037865
0.037858
0.038898
0.038691
0.040245
0.039863
0.040585
0.040475
0.040123
0.039764
0.038643
0.039189
0.038482
0.038567
0.037969
0.039077
0.038045
0.039514
0.038485
0.040960
0.041026
0.040564
0.040753
0.039845
0.038859
0.038040
0.038710
0.037942
0.037699
0.037232
0.037491
0.036992
0.037763
0.038241
0.038100
0.037803
0.038404
0.038359
0.038538
0.037537
0.037951
0.037471
0.037837
0.037354
0.037660
0.037318
0.037657
0.039151
0.040698
0.039984
0.040113
0.043395
0.041867
0.051729
0.037713
0.039698
0.037752
0.039255
0.037827
0.040320
0.040461
0.039469
0.040570
0.039923
0.040467
0.040397
0.041042
0.050998
0.039432
0.039783
0.051129
0.038136
0.054740
0.050760
0.050209
0.037363
0.037990
0.036832
0.037397
0.036963
0.037504
0.037304
0.037955
0.037285
0.037826
0.037181
0.037536
0.037256
0.040910
0.038770
0.037535
0.037974
0.037469
0.053566
0.050957
0.052194
0.051830
0.051888
0.054529
0.052325
0.052640
0.040705
0.041352
0.041013
0.042397
0.050021
0.051519
0.051828
0.053191
0.054958
0.055528
0.055040
0.055444
0.041449
0.040823
0.040853
0.039988
0.053049
0.052120
0.049973
0.065052
0.051269
0.052869
0.052230
0.052683
0.050797
0.052343
0.053104
0.052520
0.063813
0.052534
0.051842
0.042465
0.046655
0.049185
0.052582
0.050973
0.053807
0.054462
0.056091
0.054891
0.053294
0.054786
0.056575
0.056697
0.055674
0.054513
0.051999
0.048011
0.057473
0.047697
0.046538
0.053369
0.053778
0.052699
0.024574
0.019088
0.020170
0.024383
0.024356
0.023887
0.024011
0.023960
0.019877
0.023998
0.017882
0.018034
0.017854
0.017991
0.017899
0.017839
0.017926
0.019217
0.018854
0.033342
0.048828
0.035762
0.042373
0.041100
0.040642
0.052155
0.054684
0.043324
0.043920
0.044502
0.057321
0.044087
0.043674
0.044034
0.056612
0.043407
0.039396
0.056259
0.039824
0.055220
0.042536
0.042583
0.078653
0.054246
0.041867
0.042186
0.042553
0.041952
0.042233
0.042124
0.042786
0.039536
0.081551
0.040085
0.041378
0.041024
0.040507
0.040060
0.040060
0.040476
0.041396
0.044152
0.083544
0.044682
0.040757
0.054690
0.044888
0.044811
0.044882
0.043762
0.057852
0.044115
0.081968
0.043952
0.058812
0.041922
0.042471
0.041393
0.042332
0.054081
0.045016
0.040982
0.040773
0.038462
0.039122
0.041135
0.043803
0.039138
0.045078
0.044127
0.044764
0.044074
0.087131
0.044346
0.045233
0.044111
0.044747
0.044629
0.044552
0.043456
0.057249
0.040469
0.091866
0.040778
0.042908
0.040174
0.040975
0.044844
0.045125
0.045488
0.041196
0.045037
0.087156
0.041205
0.040758
0.039167
0.037710
0.038052
0.037830
0.038420
0.038198
0.040610
0.039695
0.041626
0.037197
0.036822
0.049514
0.035964
0.036544
0.035951
0.036660
0.036212
0.036762
0.036755
0.036061
0.036942
0.036036
0.036886
0.036279
0.036989
0.036285
0.036836
0.036052
0.036686
0.036262
0.037014
0.036530
0.039237
0.038994
0.038297
0.040703
0.041382
0.037073
0.040455
0.039846
0.039687
0.039669
0.039227
0.038217
0.037320
0.036841
0.037570
0.036442
0.037263
0.036969
0.038602
0.037541
0.037315
0.038676
0.037315
0.040675
0.036900
0.040158
0.044216
0.040432
0.044426
0.041041
0.044030
0.043500
0.039393
0.043211
0.042105
0.042646
0.042599
0.042796
0.042810
0.055890
0.039763
0.053415
0.038980
0.041919
0.041225
0.042383
0.042239
0.042224
0.041506
0.041298
0.041607
0.053090
0.048855
0.041852
0.042893
0.039224
0.044081
0.043123
0.043003
0.043182
0.039639
0.046418
0.042475
0.042485
0.040052
0.086124
0.040069
0.040219
0.039546
0.038167
0.036702
0.041964
0.049821
0.036975
0.037788
0.036467
0.037561
0.037466
0.038638
0.038135
0.055594
0.040576
0.040871
0.038745
0.043029
0.088772
0.041660
0.041317
0.044029
0.037632
0.038078
0.038004
0.038568
0.042282
0.037663
0.078594
0.043399
0.041941
0.042014
0.040305
0.041121
0.040386
0.037857
0.041241
0.038516
0.040108
0.040350
0.036261
0.038994
0.039008
0.039041
0.038703
0.039502
0.039072
0.049426
0.039383
0.039852
0.041031
0.039302
0.039575
0.039809
0.039934
0.039011
0.050195
0.040164
0.039508
0.039377
0.037176
0.036716
0.037099
0.036742
0.037248
0.036754
0.037814
0.036113
0.037165
0.036698
0.037446
0.037505
0.036821
0.036043
0.036991
0.035864
0.036749
0.040992
0.037162
0.037160
0.037642
0.037558
0.036802
0.036348
0.036719
0.036714
0.037697
0.037037
0.037774
0.041277
0.041332
0.036752
0.042930
0.037819
0.036586
0.036632
0.040405
0.039896
0.040340
0.039520
0.040842
0.038542
0.039290
0.038809
0.038743
0.038306
0.038591
0.039523
0.036708
0.036184
0.037288
0.036423
0.037469
0.038406
0.037458
0.036236
0.042160
0.040704
0.041535
0.047249
0.039198
0.039008
0.037075
0.037259
0.037464
0.053842
0.052673
0.053134
0.041204
0.051752
0.052119
0.051928
0.041120
0.045186
0.049467
0.051588
0.052704
0.051761
0.049548
0.042512
0.040961
0.042765
0.040974
0.043077
0.041546
0.042967
0.041198
0.042675
0.040414
0.040272
0.042121
0.054561
0.054856
0.049463
0.037452
0.039557
0.040059
0.040211
0.040105
0.040267
0.039877
0.042664
0.051260
0.055275
0.039997
0.039437
0.039943
0.056376
0.049999
0.056658
0.050456
0.055616
0.042279
0.055300
0.042398
0.052058
0.053454
0.054296
0.056320
0.050308
0.051626
0.055008
0.056162
0.053387
0.057759
0.045548
0.055377
0.054059
0.054958
0.045149
0.056902
0.045035
0.057549
0.045293
0.045144
0.045416
0.045499
0.055127
0.055317
0.046161
0.045417
0.046882
0.046960
0.045502
0.045092
0.044674
0.044391
0.044878
0.088609
0.043688
0.044425
0.058757
0.057142
0.057556
0.045305
0.039161
0.050436
0.059740
0.086918
0.039573
0.059600
0.039585
0.060688
0.051915
0.053210
0.052629
0.053426
0.053574
0.093711
0.060394
0.044955
0.044964
0.045770
0.041838
0.041595
0.041523
0.042091
0.043241
0.092334
0.042866
0.047050
0.046061
0.042857
0.040025
0.045095
0.043193
0.060047
0.046909
0.089986
0.046779
0.043092
0.051814
0.048214
0.042406
0.042477
0.042288
0.047635
0.047638
0.082928
0.039931
0.051644
0.039266
0.039390
0.044192
0.044055
0.051030
0.055510
0.044479
0.087565
0.044159
0.057466
0.044175
0.044431
0.043991
0.044407
0.044020
0.044377
0.043685
0.085129
0.042019
0.040939
0.056041
0.041328
0.058506
0.059600
0.059322
0.041185
0.056608
0.083917
0.040596
0.056256
0.040644
0.057262
0.058394
0.059777
0.058046
0.057225
0.057985
0.100083
0.044481
0.044830
0.044969
0.046544
0.046140
0.046361
0.046341
0.047025
0.048109
0.088791
0.045560
0.045928
0.045502
0.045424
0.046657
0.046527
0.054480
0.056815
0.051697
0.084391
0.041396
0.040562
0.040617
0.040971
0.041182
0.045191
0.057845
0.043723
0.043767
0.089900
0.052983
0.041327
0.040771
0.040662
0.040588
0.041148
0.041132
0.043449
0.042085
0.081271
0.041053
0.041607
0.040602
0.040831
0.040427
0.040125
0.040406
0.038438
0.040971
0.040312
0.039147
0.040112
0.041172
0.040519
0.040612
0.040569
0.040679
0.040764
0.041029
0.083962
0.040931
0.041624
0.040291
0.043012
0.043005
0.043429
0.042531
0.042895
0.042939
0.084034
0.043067
0.043403
0.043187
0.043383
0.042897
0.041638
0.040972
0.041056
0.039392
0.042839
0.054487
0.041507
0.041201
0.040827
0.042091
0.041719
0.041615
0.043970
0.040311
0.040050
0.051126
0.056720
0.054175
0.053044
0.057505
0.059107
0.051765
0.040102
0.056626
0.045316
0.056054
0.056871
0.057013
0.055178
0.056094
0.054082
0.054266
0.051386
0.049644
0.051343
0.042634
0.048588
0.049721
0.051918
0.052600
0.052243
0.049961
0.051431
0.049445
0.050025
0.057049
0.049818
0.051680
0.051985
0.052790
0.053141
0.052761
0.049841
0.053617
0.100792
0.056572
0.038766
0.038306
0.036527
0.038921
0.040779
0.041719
0.043500
0.052414
0.092326
0.041356
0.042399
0.045695
0.041818
0.049350
0.037919
0.037873
0.052720
0.041887
0.041002
0.041012
0.041977
0.051784
0.052796
0.055675
0.041571
0.039107
0.038372
0.037904
0.038284
0.037805
0.038216
0.037928
0.037621
0.037186
0.037175
0.036718
0.037147
0.036449
0.036795
0.036837
0.036800
0.036284
0.036907
0.036371
0.037164
0.036753
0.037160
0.036801
0.037184
0.036694
0.037125
0.037093
0.037773
0.037497
0.037581
0.042046
0.047212
0.039924
0.039980
0.040408
0.040525
0.040531
0.040435
0.040254
0.040440
0.040680
0.040685
0.040752
0.085443
0.055784
0.053189
0.051022
0.051054
0.051510
0.052832
0.039624
0.039869
0.039747
0.050675
0.038648
0.038458
0.039641
0.038850
0.040081
0.039725
0.036476
0.037438
0.038050
0.037362
0.037591
0.036530
0.037620
0.038568
0.039457
0.040057
0.039886
0.038292
0.039388
0.038762
0.040085
0.039191
0.040912
0.039471
0.051069
0.036899
0.037014
0.037381
0.039237
0.038417
0.039067
0.038537
0.039282
0.041883
0.040399
0.040958
0.040618
0.040042
0.040599
0.083838
0.040952
0.052943
0.039601
0.044572
0.055203
0.057986
0.055253
0.054345
0.038440
0.081008
0.038780
0.053612
0.054337
0.048395
0.037272
0.037038
0.054941
0.052883
0.049131
0.080323
0.037103
0.037158
0.037013
0.053859
0.040505
0.039676
0.038554
0.039306
0.039809
0.050889
0.040910
0.041361
0.038033
0.040253
0.038584
0.038939
0.040138
0.042647
0.040035
0.080257
0.039471
0.038575
0.040779
0.040074
0.041075
0.039812
0.041057
0.038713
0.041490
0.038353
0.037969
0.038512
0.038307
0.037919
0.037698
0.038109
0.037464
0.038301
0.037075
0.036706
0.035862
0.036105
0.040713
0.038284
0.036828
0.037464
0.036445
0.036835
0.035908
0.080677
0.036084
0.038258
0.038007
0.041521
0.055452
0.055232
0.052781
0.050337
0.052819
0.051032
0.052784
0.050763
0.044077
0.049179
0.050137
0.052778
0.052822
0.052254
0.042634
0.090901
0.053625
0.051571
0.054114
0.053659
0.051116
0.051532
0.055442
0.051466
0.053020
0.053833
0.050890
0.053180
0.052140
0.052337
0.052047
0.054524
0.054725
0.053220
0.054616
0.091499
0.053371
0.054872
0.055215
0.053464
0.051478
0.052088
0.050325
0.049901
0.049704
0.056470
0.059160
0.055999
0.055125
0.054483
0.056086
0.055811
0.057370
0.051999
0.052283
0.049897
0.052408
0.050645
0.052928
0.054459
0.052112
0.048457
0.051053
0.052588
0.052164
0.050696
0.051795
0.054567
0.051754
0.048481
0.054277
0.052756
0.054362
0.050448
0.049045
0.049961
0.052707
0.050472
0.048585
0.057238
0.049465
0.067475
0.047494
0.053797
0.050053
0.024622
0.025979
0.025330
0.019453
0.024204
0.018932
0.025643
0.025590
0.018085
0.024866
0.024378
0.024509
0.025473
0.018837
0.024709
0.018332
0.024588
0.024568
0.019191
0.019751
0.039953
0.048195
0.051692
0.039690
0.060925
0.048732
0.040987
0.049496
0.055839
0.053332
0.024673
0.024051
0.018078
0.025310
0.034505
0.033715
0.030593
0.038797
0.042089
0.040829
0.040595
0.039884
0.038552
0.039548
0.038253
0.037332
0.033247
0.016724
0.016673
0.016533
0.016523
0.016668
0.016720
0.017517
0.031182
0.036437
0.039528
0.036802
0.036026
0.039440
0.038582
0.036777
0.035825
0.036980
0.035880
0.033489
0.016708
0.016540
0.016733
0.016665
0.016871
0.016783
0.016918
0.017184
0.017217
0.017143
0.017315
0.017534
0.018232
0.018097
0.017810
0.017756
0.017870
0.017680
0.017716
0.017773
0.017866
0.017663
0.017894
0.017621
0.017712
0.017654
0.017711
0.017794
0.017723
0.017844
0.017846
0.017680
0.017740
0.017688
0.017876
0.017664
0.017959
0.017705
0.017754
0.018118
0.018006
0.017884
0.017772
0.017810
0.017749
0.017641
0.017699
0.017784
0.017733
0.017683
0.018000
0.017659
0.017925
0.017671
0.017708
0.017631
0.017760
0.017824
0.017724
0.017834
0.017865
0.017793
0.017722
0.017657
0.017889
0.017784
0.017924
0.017754
0.018061
0.017851
0.017774
0.017822
0.017742
0.017843
0.017766
0.017671
0.017895
0.017681
0.017926
0.017660
0.017773
0.017666
0.017714
0.017652
0.017752
0.017939
0.017823
0.017820
0.017707
0.017649
0.017730
0.017694
0.017785
0.017648
0.017911
0.031865
0.037392
0.036056
0.034081
0.017694
0.017554
0.017641
0.031232
0.035701
0.037500
0.036643
0.037710
0.036570
0.037183
0.034608
0.017819
0.016989
0.017079
0.017141
0.017096
0.017172
0.017289
0.018282
0.031527
0.035470
0.017569
0.016711
0.016619
0.015151
0.016799
0.017590
0.030687
0.033142
0.017547
0.017535
0.016723
0.029343
0.035812
0.035332
0.017461
0.030938
0.037332
0.039662
0.038893
0.039805
0.040171
0.041758
0.039979
0.039666
0.040690
0.040669
0.040709
0.038902
0.037729
0.038811
0.040628
0.037124
0.038563
0.037812
0.089494
0.040373
0.040455
0.042015
0.040425
0.038160
0.039385
0.037655
0.038692
0.037652
0.082842
0.038402
0.038301
0.038518
0.037992
0.037561
0.042892
0.037788
0.037970
0.038209
0.084128
0.037323
0.037755
0.037612
0.037918
0.037760
0.042461
0.037557
0.041738
0.053706
0.082470
0.039937
0.041771
0.041957
0.039094
0.040478
0.040221
0.039814
0.040231
0.040240
0.079775
0.043081
0.053023
0.039308
0.037812
0.038114
0.037354
0.037865
0.037763
0.038062
0.080133
0.037874
0.039232
0.037528
0.037909
0.037641
0.037581
0.037483
0.042994
0.037647
0.082093
0.037601
0.042614
0.037844
0.042806
0.037747
0.052625
0.041606
0.041963
0.041949
0.084645
0.043224
0.042927
0.041941
0.041593
0.041768
0.037880
0.040565
0.039740
0.040773
0.081779
0.040300
0.040768
0.040822
0.040509
0.040462
0.040327
0.040159
0.040651
0.040677
0.082621
0.038792
0.038073
0.037811
0.037712
0.043780
0.041414
0.051872
0.041786
0.043354
0.079984
0.037574
0.042915
0.042439
0.037704
0.043896
0.040853
0.038216
0.043300
0.042477
0.084125
0.041905
0.042236
0.038179
0.037961
0.042461
0.038195
0.053010
0.037912
0.042969
0.079176
0.038299
0.042080
0.037591
0.042753
0.037835
0.037986
0.037743
0.042406
0.038415
0.078971
0.045976
0.040021
0.040042
0.039923
0.040503
0.040881
0.040406
0.041019
0.040660
0.082565
0.039822
0.041545
0.040266
0.040982
0.040775
0.040524
0.040814
0.041781
0.040951
0.082096
0.040567
0.042596
0.037862
0.041754
0.039865
0.041395
0.040646
0.041618
0.052835
0.081900
0.040226
0.041022
0.040395
0.039996
0.040970
0.039534
0.052606
0.037779
0.042886
0.079710
0.038197
0.038216
0.042226
0.042036
0.038068
0.038170
0.037882
0.042709
0.038591
0.077425
0.038328
0.041080
0.040925
0.042887
0.042138
0.042854
0.038553
0.041327
0.036905
0.081403
0.037300
0.044869
0.037052
0.041573
0.037836
0.042448
0.037426
0.052159
0.037568
0.081221
0.037747
0.050597
0.051481
0.040812
0.040177
0.040726
0.041314
0.049464
0.040788
0.085406
0.053173
0.051455
0.052224
0.051845
0.039737
0.038196
0.037507
0.039507
0.040287
0.083842
0.049196
0.055337
0.040538
0.040342
0.040353
0.040234
0.040473
0.042040
0.052133
0.051672
0.040093
0.040370
0.040313
0.040041
0.039724
0.042368
0.040806
0.042432
0.041453
0.043436
0.039240
0.041607
0.051442
0.040053
0.039520
0.039028
0.038498
0.049607
0.049326
0.036676
0.040763
0.043433
0.041471
0.047371
0.041252
0.051454
0.036283
0.036723
0.036357
0.036834
0.036181
0.036903
0.036409
0.037042
0.036374
0.036402
0.040769
0.036899
0.036229
0.036670
0.036576
0.037474
0.037407
0.037452
0.037066
0.036341
0.037182
0.036602
0.037246
0.036093
0.041217
0.037799
0.037743
0.036324
0.036371
0.040665
0.040988
0.041185
0.041290
0.040987
0.041210
0.041411
0.041520
0.044266
0.040767
0.018612
0.017672
0.034141
0.034067
0.017514
0.029852
0.034179
0.029777
0.047167
0.047439
0.039150
0.065870
0.040530
0.040754
0.055196
0.039351
0.051734
0.040060
0.050008
0.039334
0.049237
0.046957
0.047925
0.039571
0.040586
0.040237
0.040890
