0.641248
0.051817
0.050940
0.051774
0.050266
0.051406
0.051551
0.046275
0.049989
0.051525
0.051152
0.052296
0.052050
0.047149
0.051796
0.047320
0.052332
0.052354
0.053204
0.052652
0.052976
0.040611
0.036575
0.040802
0.036500
0.036682
0.036410
0.041549
0.050608
0.036397
0.047952
0.036314
0.041757
0.041280
0.039010
0.036703
0.040491
0.036681
0.040420
0.040551
0.051905
0.039868
0.040941
0.041802
0.040614
0.036716
0.040273
0.036449
0.036480
0.040445
0.057218
0.040415
0.036535
0.051334
0.036364
0.036721
0.040069
0.036592
0.036934
0.036737
0.052603
0.036518
0.039473
0.039376
0.040299
0.038749
0.038923
0.038984
0.039773
0.038810
0.056577
0.039139
0.038709
0.040574
0.038739
0.039111
0.038836
0.039615
0.038827
0.038825
0.059000
0.039053
0.037195
0.040533
0.036844
0.041459
0.040780
0.040449
0.036392
0.036569
0.059071
0.036304
0.036387
0.035926
0.036877
0.036208
0.036613
0.053319
0.053943
0.039074
0.039169
0.039509
0.035665
0.039829
0.039634
0.046500
0.036494
0.035740
0.036026
0.035303
0.035870
0.036111
0.036333
0.035661
0.036098
0.035887
0.035995
0.035645
0.035984
0.035510
0.036202
0.036004
0.036051
0.035767
0.035981
0.035470
0.046512
0.047429
0.032562
0.017337
0.030329
0.038735
0.039414
0.039019
0.039271
0.039139
0.039702
0.040659
0.054471
0.040120
0.054212
0.036248
0.036627
0.036468
0.036745
0.035526
0.036316
0.036474
0.047797
0.035361
0.036020
0.035659
0.036089
0.035789
0.036083
0.035523
0.035518
0.035952
0.036334
0.036225
0.059187
0.036212
0.036735
0.036366
0.038590
0.039037
0.038523
0.038716
0.038379
0.036553
0.035487
0.036203
0.035603
0.036328
0.035657
0.036621
0.036313
0.036639
0.038139
0.036830
0.068576
0.040590
0.037014
0.036851
0.036322
0.036869
0.036710
0.036687
0.036150
0.037137
0.070864
0.036613
0.037101
0.036553
0.039200
0.038816
0.037620
0.036486
0.039026
0.038878
0.083730
0.039494
0.040729
0.039947
0.040286
0.039525
0.058076
0.060086
0.038201
0.042374
0.039523
0.039870
0.038002
0.039315
0.039247
0.037076
0.040935
0.039709
0.039954
0.035900
0.039076
0.035969
0.040104
0.038562
0.047526
0.036035
0.038962
0.038795
0.040598
0.039308
0.035865
0.040684
0.036079
0.039310
0.037902
0.047159
0.037990
0.047068
0.039456
0.035915
0.041047
0.039750
0.040270
0.039572
0.040532
0.040280
0.039937
0.039812
0.039390
0.041007
0.037228
0.039341
0.040864
0.040145
0.036038
0.039851
0.035987
0.036987
0.035885
0.037046
0.035984
0.037125
0.036053
0.037208
0.035985
0.038852
0.039424
0.039158
0.038913
0.039275
0.076541
0.038851
0.038398
0.038241
0.038435
0.038156
0.039650
0.036679
0.048772
0.044751
0.070761
0.036836
0.038128
0.037372
0.037797
0.040352
0.040020
0.039523
0.039056
0.039354
0.076342
0.036584
0.035994
0.040268
0.036810
0.035655
0.036925
0.035729
0.036988
0.036912
0.074733
0.036908
0.036359
0.036746
0.037108
0.036524
0.036108
0.035499
0.037090
0.035623
0.036949
0.035612
0.036972
0.035701
0.036945
0.035570
0.036892
0.035549
0.034188
0.030733
0.035606
0.036473
0.036038
0.037394
0.036011
0.037388
0.036175
0.037377
0.049524
0.036134
0.037349
0.035779
0.036989
0.035504
0.037076
0.035826
0.037812
0.038049
0.035759
0.037760
0.074854
0.036666
0.036851
0.036407
0.036830
0.036305
0.036699
0.035445
0.036560
0.035664
0.036531
0.035405
0.036274
0.035536
0.037009
0.037341
0.035918
0.036690
0.035639
0.036247
0.035644
0.036196
0.035465
0.036245
0.036254
0.036638
0.040164
0.036789
0.039674
0.038831
0.075715
0.038570
0.039182
0.038129
0.038153
0.038562
0.037765
0.037839
0.037902
0.033019
0.030511
0.037581
0.033180
0.016519
0.016607
0.016390
0.016612
0.016530
0.016671
0.016637
0.030826
0.037864
0.038812
0.034439
0.016556
0.016500
0.016392
0.016449
0.016555
0.016576
0.017693
0.017493
0.030274
0.038287
0.044556
0.016572
0.016436
0.016555
0.016449
0.016636
0.016614
0.017617
0.030861
0.037838
0.047508
0.038011
0.040846
0.035715
0.036498
0.035639
0.036138
0.035657
0.036255
0.035883
0.032890
0.016417
0.016462
0.016346
0.030495
0.035440
0.036224
0.035845
0.033149
0.016608
0.016581
0.016606
0.016929
0.031755
0.039745
0.039732
0.038943
0.040047
0.039808
0.040144
0.039408
0.039484
0.036080
0.039653
0.039755
0.039910
0.048982
0.038978
0.039750
0.039531
0.049504
0.038376
0.040973
0.043828
0.038773
0.033823
0.029845
0.032883
0.030639
0.037939
0.038236
0.037723
0.040905
0.047460
0.033511
0.016532
0.016458
0.016466
0.030376
0.038493
0.039355
0.040923
0.036841
0.036145
0.036625
0.035942
0.036980
0.035930
0.034418
0.017547
0.016882
0.016844
0.016918
0.017008
0.017165
0.017339
0.017467
0.017363
0.017341
0.017380
0.017872
0.017717
0.017618
0.017538
0.017393
0.017383
0.017443
0.017346
0.017569
0.018082
0.017485
0.017362
0.017569
0.017296
0.017438
0.017402
0.017444
0.017548
0.017485
0.017498
0.017514
0.017417
0.017413
0.017370
0.017591
0.017324
0.017450
0.017396
0.017332
0.017929
0.017586
0.017524
0.017519
0.017392
0.017383
0.017385
0.017640
0.017346
0.017620
0.017599
0.017489
0.017410
0.017464
0.017498
0.017464
0.017533
0.017410
0.017378
0.017508
0.017339
0.017680
0.017451
0.017568
0.017364
0.017461
0.017353
0.017473
0.018051
0.017768
0.017609
0.017478
0.017373
0.017466
0.017373
0.017556
0.017362
0.017612
0.017354
0.017465
0.017399
0.017407
0.017547
0.017422
0.017346
0.017365
0.017401
0.017409
0.017359
0.017446
0.017352
0.017642
0.017403
0.017558
0.017361
0.017454
0.017370
0.017888
0.017869
0.017446
0.017560
0.017471
0.017404
0.017491
0.017426
0.017549
0.017375
0.017640
0.017395
0.017477
0.017440
0.017405
0.017359
0.017453
0.017577
0.017490
0.017596
0.017427
0.017396
0.017477
0.017328
0.017650
0.017419
0.017588
0.017401
0.017498
0.017730
0.017704
0.017560
0.017383
0.017541
0.017452
0.017350
0.017504
0.017369
0.017520
0.017377
0.017621
0.017362
0.017526
0.017390
0.017470
0.017387
0.017450
0.017475
0.017495
0.017570
0.017442
0.017401
0.017520
0.017365
0.017495
0.017368
0.017935
0.017648
0.017631
0.017412
0.017506
0.017399
0.017390
0.017555
0.017395
0.017499
0.017460
0.017412
0.017417
0.017399
0.017625
0.017377
0.017593
0.017383
0.017414
0.017642
0.017543
0.017522
0.017462
0.017569
0.017452
0.017418
0.017463
0.017458
0.019805
0.018375
0.017661
0.017401
0.017469
0.017322
0.017460
0.017556
0.017427
0.017559
0.017530
0.017381
0.017473
0.017383
0.017402
0.017422
0.017628
0.017309
0.017484
0.017406
0.017408
0.017361
0.017634
0.017510
0.017481
0.017548
0.017441
0.017396
0.017433
0.021026
0.017948
0.017468
0.017456
0.017389
0.017506
0.017559
0.017513
0.017566
0.017400
0.017535
0.017445
0.017328
0.017472
0.017435
0.017585
0.017410
0.017634
0.017354
0.017473
0.017425
0.017387
0.017664
0.017473
0.017514
0.017532
0.017390
0.017376
0.017988
0.018012
0.017521
0.017676
0.017377
0.017394
0.017414
0.018238
0.017576
0.017569
0.017547
0.018242
0.017388
0.017169
0.017135
0.017875
0.017084
0.017432
0.023514
0.023870
0.023468
0.023790
0.025523
0.023413
0.023893
0.023464
0.025273
0.023736
0.023396
0.023460
0.025550
0.024661
0.024328
0.023492
0.018501
0.023693
0.024632
0.026457
0.024386
0.019337
0.023674
0.023600
0.023389
0.022068
0.023559
0.019079
0.024061
0.018669
0.023622
0.024740
0.024305
0.023490
0.023516
0.019567
0.023872
0.023374
0.018480
0.024599
0.018594
0.023726
0.023403
0.019540
0.023909
0.024591
0.017362
0.017336
0.017118
0.018101
0.017848
0.017594
0.017984
0.023430
0.023341
0.023659
0.018470
0.024671
0.017163
0.017112
0.017147
0.017465
0.017123
0.017503
0.017249
0.023541
0.017464
0.017173
0.018066
0.018002
0.017137
0.017143
0.017066
0.017600
0.017093
0.017656
0.017365
0.018587
0.017235
0.017454
0.017426
0.017380
0.017337
0.017166
0.017349
0.017964
0.017800
0.017473
0.018068
0.017309
0.017220
0.017266
0.017853
0.017240
0.017386
0.017114
0.017448
0.017397
0.017083
0.017967
0.018084
0.018279
0.017371
0.017549
0.017305
0.018073
0.017668
0.018219
0.017714
0.018226
0.018245
0.018172
0.017379
0.017369
0.017568
0.017605
0.017516
0.018176
0.017373
0.018179
0.017520
0.017399
0.017448
0.017434
0.017369
0.017357
0.017356
0.017564
0.017319
0.018310
0.017348
0.017335
0.018082
0.017973
0.017797
0.017482
0.017509
0.017385
0.017386
0.017432
0.017321
0.017598
0.017307
0.017521
0.017308
0.017445
0.017331
0.017420
0.017502
0.017339
0.017478
0.017398
0.017331
0.017422
0.017384
0.017401
0.017344
0.017379
0.017283
0.017578
0.017664
0.017909
0.017436
0.017414
0.017326
0.017419
0.017482
0.017415
0.017508
0.017456
0.017352
0.017466
0.017367
0.017616
0.017316
0.017613
0.017319
0.017427
0.017361
0.017380
0.017494
0.017462
0.017461
0.017766
0.017384
0.017367
0.017306
0.017567
0.017290
0.017974
0.017686
0.017395
0.017359
0.017370
0.017412
0.017476
0.017533
0.017383
0.017364
0.017440
0.017318
0.017640
0.017352
0.017521
0.017380
0.017464
0.017336
0.017440
0.017496
0.017394
0.017508
0.017453
0.017328
0.017456
0.017375
0.017474
0.017360
0.017688
0.017777
0.017611
0.017441
0.017442
0.017544
0.017443
0.017482
0.017434
0.017382
0.017355
0.017344
0.017578
0.017292
0.017684
0.017345
0.017335
0.017471
0.017423
0.017304
0.017559
0.017570
0.017366
0.017379
0.017378
0.017281
0.017547
0.017319
0.017488
0.017820
0.018367
0.017463
0.017494
0.017458
0.017478
0.017483
0.017398
0.017301
0.017428
0.017369
0.017392
0.017338
0.017594
0.017358
0.017438
0.017362
0.017339
0.017476
0.017466
0.017461
0.017412
0.017381
0.017362
0.017398
0.017436
0.017331
0.017575
0.017394
0.017740
0.017551
0.017488
0.017340
0.017464
0.017533
0.017340
0.017348
0.017402
0.017341
0.017762
0.017437
0.017542
0.017379
0.017380
0.017353
0.017467
0.017371
0.017348
0.017419
0.017417
0.017473
0.017446
0.017506
0.017334
0.017367
0.017469
0.017722
0.017804
0.017370
0.017509
0.017398
0.017489
0.017521
0.017520
0.017543
0.017407
0.017395
0.017457
0.017351
0.017629
0.017353
0.017539
0.017333
0.017395
0.017325
0.017472
0.017550
0.017387
0.017526
0.017442
0.017349
0.017443
0.017381
0.017559
0.017886
0.017813
0.017380
0.017478
0.017362
0.017395
0.017540
0.017445
0.017473
0.017464
0.017362
0.017394
0.017362
0.017597
0.017597
0.017680
0.017423
0.017397
0.017411
0.017426
0.017517
0.017443
0.017565
0.017384
0.017364
0.017423
0.017358
0.017590
0.017488
0.017941
0.017470
0.017558
0.017296
0.017417
0.017554
0.017368
0.017536
0.017477
0.017289
0.017418
0.017354
0.017553
0.017366
0.017619
0.017292
0.017590
0.017382
0.017356
0.017579
0.017434
0.017448
0.017454
0.017393
0.017368
0.017389
0.017573
0.017319
0.017787
0.017525
0.017516
0.017525
0.017409
0.017475
0.017431
0.017324
0.017417
0.017333
0.017690
0.017325
0.017569
0.017396
0.017379
0.017370
0.018200
0.017486
0.017407
0.017343
0.017323
0.017294
0.018305
0.017327
0.017529
0.017334
0.017379
0.017553
0.017933
0.017857
0.017448
0.017365
0.017357
0.017417
0.017560
0.017425
0.017572
0.017306
0.017497
0.017353
0.017388
0.017493
0.017404
0.017496
0.017354
0.017351
0.017499
0.017293
0.017434
0.017360
0.017501
0.017347
0.017545
0.018203
0.017425
0.017942
0.017601
0.017525
0.017418
0.017496
0.017413
0.017333
0.017428
0.017354
0.017565
0.017353
0.017589
0.017483
0.017387
0.017341
0.017467
0.017515
0.017464
0.018389
0.017347
0.017369
0.017386
0.017270
0.018369
0.017375
0.017511
0.017362
0.017486
0.018565
0.018450
0.017661
0.017349
0.017486
0.017458
0.018049
0.018332
0.018076
0.018459
0.017600
0.017552
0.017454
0.018349
