1.00
1.00
0.88
0.99
0.90
1.05
0.68
0.75
0.92
0.73
0.68
0.73
0.72
0.67
0.61
0.64
0.46
0.50
0.41
0.60
0.60
0.61
0.50
0.54
0.65
0.74
0.58
0.63
0.55
0.43
0.49
0.59
0.54
0.21
0.21
0.05
0.54
0.06
0.12
0.12
0.11
0.15
0.55
0.50
0.58
0.54
0.58
0.55
0.51
0.52
0.59
0.66
0.62
0.49
0.63
0.58
0.73
0.60
0.60
0.45
0.62
0.48
0.65
0.55
0.62
0.72
0.72
0.55
0.70
0.74
0.57
0.76
0.70
0.69
0.59
0.48
0.75
0.71
0.71
0.62
0.70
0.44
0.60
0.65
0.59
0.51
0.68
0.58
0.54
0.54
0.65
0.74
0.58
0.64
0.52
0.66
0.71
0.56
0.58
0.65
0.75
0.55
0.56
0.62
0.49
0.52
0.62
0.51
0.55
0.60
0.69
0.57
0.68
0.66
0.74
0.59
0.66
0.70
0.74
0.68
0.68
0.69
0.68
0.65
0.66
0.67
0.63
0.65
0.62
0.62
0.65
0.79
0.72
0.81
0.73
0.82
0.89
0.84
0.88
0.79
0.84
0.81
0.88
0.69
0.86
0.84
0.80
0.82
0.71
0.76
0.71
0.65
0.96
0.75
0.63
0.69
0.63
0.43
0.68
0.57
0.58
0.55
0.58
0.66
0.63
0.62
0.62
0.71
0.62
0.63
0.61
0.77
0.68
0.71
0.74
0.56
0.52
0.70
0.56
0.54
0.62
0.74
0.77
0.52
0.51
0.59
0.61
0.60
0.68
0.58
0.64
0.59
0.60
0.66
0.49
0.58
0.57
0.57
0.56
0.54
0.50
0.34
0.28
0.30
0.25
0.26
0.26
0.25
0.21
0.19
0.19
0.27
0.27
0.25
0.25
0.21
0.22
0.27
0.28
0.27
0.33
0.50
0.57
0.53
0.63
0.59
0.48
0.50
0.47
0.52
0.52
0.42
0.29
0.21
0.21
0.73
0.63
0.79
0.85
0.92
0.93
0.84
0.87
0.85
0.94
0.91
0.75
0.77
0.78
0.78
0.77
0.74
0.88
0.97
0.84
0.36
0.27
0.31
0.33
0.36
0.42
0.46
0.46
0.55
0.39
0.50
0.31
0.33
0.36
0.35
0.39
0.30
0.11
0.23
0.26
0.43
0.30
0.66
0.71
0.60
0.64
0.69
0.61
0.59
0.70
0.78
0.85
1.01
0.67
0.68
0.78
0.71
0.88
0.70
0.72
0.88
0.79
0.69
0.86
0.89
0.92
0.93
0.93
0.51
0.66
0.73
0.77
0.92
0.96
0.92
0.87
1.00
0.94
0.94
0.90
0.96
1.02
0.99
0.33
0.59
0.86
0.93
0.62
0.79
0.71
0.76
0.71
0.92
0.91
0.87
0.81
0.90
0.82
0.92
0.95
0.80
0.71
0.71
0.73
0.63
0.87
0.73
0.62
0.68
0.23
0.25
0.61
0.94
0.92
1.03
0.90
0.80
0.84
0.29
0.07
0.15
0.09
0.23
0.21
0.19
0.13
0.08
0.14
0.11
0.11
0.31
0.27
0.31
0.41
0.44
0.33
0.41
0.43
0.25
0.17
0.78
0.72
0.88
0.84
0.96
0.69
0.75
0.84
0.88
0.59
0.75
0.61
0.57
0.63
0.78
0.71
0.74
0.53
0.59
0.51
0.52
0.48
0.58
0.47
0.54
0.53
0.56
0.50
0.61
0.50
0.63
0.46
0.55
0.64
0.48
0.45
0.40
0.27
0.46
0.35
0.40
0.40
0.37
0.49
0.48
0.55
0.47
0.49
0.65
0.48
0.62
0.84
0.73
0.48
0.56
0.64
0.80
0.87
0.86
0.88
1.00
0.96
0.80
0.88
0.98
0.74
0.78
0.86
0.92
0.90
0.94
0.75
0.98
0.78
1.04
0.80
0.77
0.87
0.83
0.97
0.90
0.74
0.94
0.77
0.95
0.81
0.79
0.70
0.82
0.76
0.80
0.77
0.75
0.75
0.71
0.75
0.79
0.68
0.75
0.69
0.73
0.69
0.74
0.69
0.75
0.73
0.64
0.74
0.77
0.67
0.68
0.77
0.70
0.70
0.64
0.74
0.65
0.45
0.51
0.53
0.52
0.59
0.51
0.49
0.59
0.60
0.68
0.73
0.73
0.53
0.67
0.58
0.63
0.59
0.55
0.69
