0.660025
0.050927
0.049937
0.049189
0.052191
0.061262
0.055001
0.061398
0.052229
0.054141
0.056222
0.047808
0.047520
0.047608
0.048033
0.050603
0.048558
0.048748
0.050085
0.048669
0.049277
0.036534
0.037461
0.036374
0.036967
0.036556
0.037192
0.036604
0.037243
0.036383
0.048939
0.036358
0.036759
0.020569
0.020264
0.033286
0.030577
0.032675
0.016476
0.016204
0.016283
0.016302
0.030550
0.036175
0.044141
0.035562
0.044203
0.044750
0.036010
0.036245
0.045149
0.037737
0.037926
0.037724
0.038875
0.038053
0.038005
0.037378
0.037821
0.045789
0.046222
0.045929
0.037169
0.037697
0.037492
0.038083
0.037439
0.037918
0.037298
0.037852
0.055364
0.037577
0.039923
0.039795
0.039967
0.038907
0.041983
0.044921
0.039289
0.038953
0.057979
0.038988
0.041813
0.041368
0.043048
0.062771
0.049002
0.063248
0.051949
0.051030
0.063119
0.052339
0.036791
0.036935
0.036216
0.036771
0.036234
0.040405
0.040582
0.040633
0.061910
0.038904
0.039783
0.041160
0.049859
0.051610
0.052514
0.039074
0.039467
0.039116
0.059896
0.038502
0.038630
0.038450
0.039529
0.038485
0.039522
0.039377
0.038777
0.038658
0.064596
0.038785
0.039453
0.039054
0.038681
0.038354
0.039391
0.038502
0.039390
0.040527
0.076119
0.038562
0.039303
0.039412
0.040660
0.047569
0.039542
0.039579
0.037890
0.036885
0.064502
0.036125
0.036784
0.036265
0.036932
0.036254
0.040902
0.046657
0.048240
0.050178
0.072137
0.050967
0.050237
0.049251
0.036923
0.036702
0.035806
0.053400
0.037855
0.038709
0.038110
0.038813
0.038118
0.038689
0.038509
0.038735
0.038652
0.038879
0.038583
0.038641
0.039103
0.038591
0.038507
0.038991
0.038420
0.038554
0.038774
0.038881
0.038609
0.039175
0.038530
0.038698
0.039014
0.039135
0.038770
0.042233
0.044010
0.041530
0.047582
0.039931
0.037886
0.036658
0.036929
0.036801
0.037129
0.036493
0.037227
0.036762
0.037396
0.037633
0.037308
0.037142
0.037186
0.037374
0.049489
0.037716
0.037496
0.017683
0.016565
0.016681
0.016671
0.017572
0.017786
0.017949
0.017947
0.017300
0.017298
0.018360
0.031785
0.048418
0.037129
0.036813
0.036785
0.037462
0.037842
0.038433
0.038567
0.039249
0.038304
0.041444
0.038435
0.037978
0.041190
0.036896
0.017805
0.032718
0.038435
0.039682
0.039186
0.040122
0.039279
0.039575
0.037941
0.041854
0.051615
0.036346
0.036999
0.036341
0.037169
0.036287
0.037315
0.036285
0.038980
0.039191
0.040074
0.039351
0.039097
0.039506
0.039977
0.039250
0.040404
0.040005
0.040315
0.039326
0.040087
0.038764
0.039672
0.038825
0.039090
0.038138
0.038730
0.038746
0.033274
0.016495
0.017315
0.030758
0.038507
0.038346
0.037002
0.037337
0.036562
0.036534
0.036849
0.041792
0.039802
0.041568
0.040449
0.038583
0.038149
0.038940
0.039307
0.038700
0.037808
0.039852
0.040547
0.039248
0.040460
0.039810
0.040373
0.040739
0.072586
0.041370
0.042279
0.042431
0.036433
0.037710
0.036917
0.037983
0.037716
0.037223
0.069985
0.038391
0.038975
0.037293
0.037868
0.037120
0.041420
0.052023
0.040273
0.049500
0.044013
0.048793
0.043240
0.036206
0.036281
0.036936
0.036366
0.038694
0.036877
0.039207
0.039542
0.040318
0.040548
0.041164
0.040748
0.041641
0.042263
0.058117
0.039257
0.058875
0.076706
0.041488
0.044320
0.043054
0.027931
0.041359
0.069073
0.050617
0.036229
0.041295
0.038301
0.038821
0.039381
0.039253
0.035187
0.016800
0.016725
0.016705
0.016818
0.016953
0.017376
0.017050
0.017490
0.017519
0.018059
0.031955
0.038822
0.039222
0.039246
0.039484
0.039624
0.040719
0.041143
0.043838
0.051091
0.046543
0.048110
0.053678
0.039320
0.039348
0.038810
0.039250
0.038583
0.039290
0.040227
0.041048
0.040086
0.038664
0.038917
0.038309
0.038317
0.039117
0.038473
0.038386
0.039532
0.040397
0.039897
0.041173
0.040346
0.040613
0.077397
0.039950
0.040739
0.039809
0.043141
0.047114
0.043391
0.050501
0.046456
0.039860
0.075216
0.040381
0.049017
0.039462
0.053293
0.050001
0.053088
0.041414
0.040540
0.044075
0.091088
0.040762
0.043949
0.041326
0.041210
0.040409
0.041723
0.055624
0.055071
0.054976
0.040878
0.050081
0.040338
0.050159
0.051855
0.036333
0.036019
0.036215
0.036767
0.036426
0.036675
0.036625
0.036166
0.036166
0.036385
0.037262
0.037189
0.037035
0.057255
0.036955
0.056880
0.038218
0.038089
0.037168
0.037633
0.037333
0.059399
0.037327
0.036946
0.036903
0.036894
0.037062
0.037202
0.036918
0.037372
0.037563
0.037755
0.037432
0.037961
0.037458
0.037835
0.037440
0.037875
0.037580
0.038738
0.039390
0.037816
0.038171
0.037635
0.037290
0.037692
0.037827
0.037813
0.037818
0.037433
0.037442
0.037585
0.037668
0.037568
0.037437
0.037442
0.037496
0.037052
0.037244
0.037272
0.037461
0.037071
0.037328
0.036510
0.037885
0.039159
0.039279
0.039492
0.042486
0.050603
0.053421
0.051246
0.052544
0.040800
0.049723
0.038747
