424	112	48	41
425	110	46	39
425	107	46	38
424	104	46	41
426	100	45	41
426	97	48	42
430	100	49	42
443	108	51	45
447	123	47	39
446	127	51	42
436	126	57	44
422	122	59	49
406	129	58	46
397	136	56	49
387	144	55	56
377	158	53	53
364	173	56	57
364	191	57	61
357	210	58	49
358	211	52	46
357	199	47	46
358	200	46	45
358	180	43	51
358	182	40	48
366	133	49	48
378	124	47	45
376	123	49	46
379	111	48	51
380	109	45	53
354	130	48	45
283	112	49	47
279	110	55	46
279	112	55	44
279	112	55	44
279	112	55	44
147	245	55	44
279	112	55	44
266	34	55	44
280	20	55	44
279	20	55	44
265	20	55	44
139	161	55	44
279	112	55	44
189	109	50	42
169	61	42	42
154	58	42	51
154	58	44	52
127	45	52	57
12	34	59	54
87	31	59	58
41	43	64	71
41	39	63	77
17	49	65	85
5	59	70	83
4	71	71	82
40	102	69	76
42	104	67	72
67	130	68	64
69	131	64	64
79	139	62	65
81	142	58	61
84	105	63	59
85	103	63	60
72	37	67	69
65	5	68	72
66	4	65	69
65	4	66	68
89	21	68	64
89	17	67	68
112	30	65	67
112	28	65	70
146	41	61	67
158	45	65	64
210	22	60	62
262	7	49	54
263	8	49	51
290	6	50	57
300	13	51	57
311	44	49	54
315	53	49	49
315	53	47	51
305	54	49	48
299	47	48	49
298	48	48	47
297	48	50	46
283	62	42	44
288	58	44	45
289	59	42	44
290	58	41	46
296	30	42	47
296	32	42	46
295	31	42	46
289	30	41	44
286	31	41	46
286	31	42	45
287	60	41	45
288	59	39	44
282	52	41	44
281	45	42	46
281	45	41	44
282	45	43	44
280	45	46	45
297	76	45	44
306	88	50	43
334	100	52	39
338	100	48	39
372	112	49	47
367	121	59	50
384	138	57	46
400	144	45	41
402	144	42	43
390	151	39	42
390	151	38	42
388	154	38	41
388	154	36	41
384	160	38	42
383	158	39	42
385	158	37	41
385	157	37	42
385	157	38	42
384	154	39	41
385	154	39	42
389	153	38	42
390	147	38	42
390	147	38	43
389	145	38	43
390	145	37	42
388	137	40	42
386	137	40	43
387	122	39	43
386	119	40	43
387	118	38	44
387	114	39	41
385	113	41	43
386	108	40	43
387	107	37	43
389	103	39	45
391	100	39	45
390	100	38	43
393	94	40	43
395	94	37	43
394	90	38	44
392	90	40	44
389	77	38	44
388	76	39	45
389	77	38	45
386	75	39	43
388	76	39	45
387	76	39	45
400	78	42	45
400	78	43	44
404	81	43	44
405	81	42	44
388	80	41	45
377	81	45	46
381	83	41	42
341	93	50	45
329	95	55	42
407	189	59	52
379	185	59	54
381	183	57	58
369	178	55	59
369	179	55	57
377	169	56	60
376	167	57	61
395	166	61	62
407	178	61	59
406	177	62	59
408	200	62	56
408	199	60	57
417	206	60	56
412	202	64	58
411	201	63	56
413	199	60	57
409	181	63	59
413	180	63	61
431	183	60	64
434	204	58	66
441	249	60	60
451	244	60	63
448	245	64	62
464	216	66	68
465	217	64	67
477	198	65	64
479	202	71	62
476	199	70	65
475	200	70	64
433	220	70	62
433	220	68	62
434	221	66	60
394	239	60	57
395	239	57	56
381	244	56	62
383	245	52	60
376	249	55	61
375	251	56	59
359	251	56	59
350	251	58	60
349	249	60	64
349	266	58	69
342	282	58	73
339	294	59	63
329	309	58	56
328	312	58	46
328	329	58	46
336	329	53	41
348	341	53	41
347	340	53	41
362	340	53	41
377	341	53	41
376	340	53	41
376	340	53	41
377	341	53	41
395	323	53	41
395	323	53	41
394	322	53	41
394	322	53	41
373	323	53	41
386	323	53	41
386	310	53	41
365	292	63	44
373	273	66	49
392	269	65	53
434	233	75	60
428	225	82	77
524	223	91	82
543	224	83	80
544	224	82	80
542	218	82	75
542	217	84	77
546	197	81	78
552	198	81	79
586	192	60	85
610	192	60	85
511	167	60	85
358	47	60	85
352	62	57	73
389	49	59	65
390	50	57	64
385	53	61	61
384	54	64	60
346	73	61	57
348	72	59	59
326	88	50	48
326	87	48	49
326	86	47	49
322	94	50	46
316	88	52	47
335	68	52	45
354	48	48	47
353	11	48	50
359	10	46	52
360	9	42	54
360	9	42	53
360	7	43	56
356	-2	46	43
345	-8	48	39
345	-6	49	38
347	-3	47	35
353	-2	41	35
367	3	36	44
368	1	36	47
380	1	41	44
380	0	40	49
381	-2	38	48
381	-1	37	47
382	-3	39	40
381	0	39	35
400	1	40	33
406	0	38	33
407	0	36	37
416	-3	37	33
406	-25	37	33
406	-23	37	33
406	-22	37	33
406	-9	37	33
401	-3	41	32
374	20	41	45
368	19	48	49
359	53	51	49
357	75	48	50
358	75	46	49
337	173	49	62
341	188	42	46
335	200	42	45
336	202	40	43
334	202	41	42
313	238	41	44
306	252	42	45
306	252	43	45
305	274	39	42
305	274	40	41
304	300	39	42
304	298	39	43
309	306	38	40
309	307	38	40
305	298	39	42
303	292	41	42
304	291	39	42
305	272	39	41
304	268	39	43
292	254	41	44
292	254	40	44
280	235	41	46
277	235	46	46
267	193	45	47
269	173	41	45
272	160	40	44
275	160	40	42
275	159	40	43
280	155	39	45
279	155	40	44
283	152	41	46
283	153	40	44
284	147	41	47
282	146	42	49
282	147	42	48
283	147	42	46
184	135	36	48
120	149	46	47
95	154	50	54
95	153	48	55
95	153	48	57
159	197	50	51
175	186	54	56
185	158	52	62
194	136	54	57
191	103	57	65
191	103	54	65
209	84	57	66
222	64	56	68
222	62	53	71
253	51	56	73
253	52	59	70
288	47	57	70
287	45	57	75
285	47	58	72
280	0	57	65
268	2	55	65
244	10	54	66
243	7	57	72
254	6	56	64
261	0	54	56
261	1	52	53
261	1	52	53
270	-6	50	44
283	6	50	48
289	18	49	55
298	16	48	60
298	19	47	58
318	17	45	53
325	19	45	58
325	20	45	56
325	-2	46	41
414	26	46	41
477	10	46	41
607	-6	46	41
607	-6	46	41
607	-6	46	41
588	-6	46	41
568	-25	46	41
568	-24	46	41
546	-33	46	41
546	-33	46	41
522	88	46	41
570	3	46	41
580	0	55	42
565	-1	68	46
544	43	74	52
540	34	73	66
541	70	88	84
546	81	86	87
544	80	88	88
570	115	74	92
520	140	74	92
323	66	74	92
359	72	67	77
363	79	57	69
354	87	59	62
354	87	59	61
368	84	55	61
368	85	56	60
397	68	65	62
397	67	64	64
395	67	67	65
409	73	59	68
401	76	51	73
406	113	56	70
419	130	51	58
436	160	48	57
436	159	47	59
435	161	48	55
424	170	56	54
407	139	62	61
406	116	61	60
410	96	63	57
419	88	69	61
421	87	67	63
428	100	66	60
426	104	69	57
439	108	65	62
438	109	66	62
446	101	67	60
454	86	71	61
458	86	68	58
456	87	69	58
443	80	68	63
443	82	69	61
443	82	68	59
436	35	71	64
444	23	69	66
479	-3	75	55
516	-3	75	55
516	-1	72	50
545	-1	67	57
545	0	66	58
545	0	65	56
544	1	74	60
549	8	80	68
552	5	77	72
552	28	72	74
525	57	79	71
508	67	81	65
503	67	89	65
438	117	89	62
388	159	89	77
353	181	98	79
350	182	101	76
341	250	103	65
371	254	90	59
377	253	86	52
370	252	80	57
374	251	74	56
365	213	66	50
363	201	56	55
365	202	55	53
361	195	52	57
354	192	55	54
350	171	55	60
349	170	58	61
343	162	56	61
329	170	54	61
323	173	57	63
323	174	55	64
318	196	55	63
318	196	55	62
307	206	55	60
308	204	54	62
285	198	55	58
283	197	58	60
262	203	56	63
257	209	55	63
257	209	56	63
249	224	56	68
247	225	58	70
247	228	59	68
239	238	59	71
237	237	60	71
216	246	63	75
216	245	66	74
200	247	66	78
193	245	65	81
173	252	69	79
173	251	69	84
165	248	73	88
164	252	72	83
165	253	72	84
166	249	75	89
165	252	74	89
166	252	73	89
164	251	72	88
164	251	76	88
167	247	75	89
169	245	74	87
171	247	75	88
172	247	76	88
172	240	77	87
173	237	74	85
170	234	73	82
162	233	73	88
161	233	76	87
167	238	77	88
183	246	74	84
183	246	73	84
192	248	73	84
183	255	76	83
184	255	73	82
184	254	72	85
148	257	77	80
140	264	72	89
137	273	73	84
138	284	73	77
148	299	74	65
148	299	73	62
166	301	73	60
174	298	74	64
190	299	71	62
200	302	68	60
199	302	70	60
191	298	69	63
192	286	68	73
192	287	68	72
192	287	67	73
154	287	67	73
154	289	68	70
185	286	67	73
199	282	64	67
200	282	65	67
242	286	65	67
242	286	65	69
270	283	62	69
