1.00
0.88
0.87
0.88
0.82
0.74
0.67
0.65
0.63
0.64
0.71
0.65
0.54
0.59
0.56
0.67
0.58
0.67
0.74
0.78
0.69
0.76
0.72
0.72
0.74
0.73
0.60
0.62
0.58
0.52
0.53
0.57
0.53
0.52
0.59
0.55
0.59
0.51
0.61
0.53
0.58
0.68
0.63
0.66
0.63
0.65
0.62
0.55
0.51
0.52
0.51
0.57
0.54
0.58
0.53
0.46
0.63
0.57
0.50
0.54
0.55
0.60
0.58
0.61
0.63
0.61
0.64
0.62
0.63
0.69
0.66
0.64
0.69
0.68
0.62
0.65
0.61
0.75
0.71
0.69
0.74
0.78
0.72
0.74
0.66
0.60
0.61
0.68
0.68
0.70
0.75
0.77
0.77
0.81
0.70
0.78
0.77
0.82
0.82
0.77
0.79
0.80
0.76
0.66
0.64
0.63
0.68
0.82
0.76
0.66
0.59
0.55
0.61
0.54
0.49
0.60
0.61
0.63
0.60
0.48
0.50
0.50
0.48
0.40
0.35
0.36
0.39
0.46
0.55
0.46
0.30
0.39
0.47
0.43
0.52
0.57
0.56
0.44
0.37
0.25
0.30
0.14
0.17
0.17
0.18
0.20
0.21
0.20
0.22
0.23
0.27
0.11
0.15
0.15
0.19
0.21
0.25
0.25
0.27
0.27
0.21
0.23
0.25
0.25
0.22
0.24
0.25
0.25
0.26
0.20
0.21
0.23
0.26
0.16
0.20
0.21
0.26
0.19
0.19
0.25
0.27
0.20
0.21
0.17
0.19
0.22
0.21
0.18
0.26
0.14
0.24
0.18
0.18
0.23
0.23
0.28
0.20
0.22
0.18
0.17
0.19
0.23
0.25
0.26
0.17
0.16
0.16
0.18
0.20
0.22
0.22
0.22
0.22
0.28
0.27
0.28
0.17
0.19
0.21
0.25
0.20
0.22
0.25
0.23
0.26
0.25
0.24
0.22
0.25
0.27
0.21
0.23
0.22
0.24
0.26
0.23
0.25
0.25
0.24
0.24
0.27
0.23
0.19
0.22
0.23
0.21
0.23
0.25
0.25
0.26
0.25
0.24
0.25
0.27
0.27
0.25
0.26
0.22
0.24
0.19
0.14
0.14
0.19
0.21
0.27
0.23
0.27
0.10
0.11
0.15
0.16
0.21
0.24
0.23
0.24
0.23
0.25
0.25
0.21
0.25
0.24
0.25
0.28
0.20
0.23
0.25
0.27
0.27
0.22
0.26
0.22
0.23
0.27
0.23
0.22
0.23
0.22
0.26
0.26
0.22
0.22
0.21
0.26
0.21
0.27
0.26
0.26
0.27
0.18
0.21
0.26
0.26
0.23
0.21
0.17
0.20
0.24
0.23
0.23
0.22
0.21
0.21
0.20
0.21
0.22
0.21
0.21
0.22
0.22
0.23
0.21
0.21
0.23
0.20
0.21
0.24
0.24
0.27
0.28
0.17
0.14
0.11
0.10
0.12
0.15
0.18
0.22
0.24
0.25
0.27
0.14
0.12
0.15
0.19
0.21
0.18
0.21
0.27
0.17
0.20
0.23
0.23
0.24
0.23
0.23
0.23
0.25
0.26
0.23
0.23
0.23
0.20
0.23
0.24
0.26
0.26
0.27
0.13
0.15
0.16
0.19
0.25
0.24
0.14
0.16
0.21
0.26
0.28
0.26
0.22
0.25
0.18
0.22
0.21
0.21
0.24
0.28
0.27
0.18
0.21
0.21
0.21
0.26
0.27
0.15
0.18
0.17
0.14
0.15
0.15
0.15
0.20
0.24
0.24
0.24
0.20
0.19
0.19
0.19
0.14
0.14
0.15
0.13
0.15
0.12
0.15
0.16
0.18
0.17
0.18
0.19
0.18
0.19
0.19
0.20
0.20
0.18
0.17
0.18
0.16
0.15
0.16
0.18
0.20
0.20
0.20
0.20
0.17
0.18
0.19
0.22
0.21
0.17
0.13
0.11
0.11
0.12
0.14
0.15
0.15
0.18
0.18
0.16
0.17
0.17
0.18
0.17
0.19
0.19
0.17
0.17
0.17
0.18
0.16
0.15
0.15
0.15
0.16
0.17
0.17
0.20
0.21
0.22
0.24
0.26
0.27
0.28
0.19
0.23
0.23
0.23
0.20
0.24
0.19
0.19
0.15
0.13
0.13
0.10
0.14
0.21
0.25
0.25
0.23
0.26
0.21
0.19
0.21
0.23
0.24
0.25
0.30
0.29
0.21
0.23
0.24
0.24
0.21
0.19
0.16
0.13
0.08
0.08
0.09
0.12
0.10
0.09
0.10
0.10
0.10
0.13
0.14
0.17
0.18
0.18
0.19
0.20
0.20
0.22
0.18
0.17
0.19
0.22
0.20
0.21
0.21
0.21
0.19
0.19
0.18
0.19
0.19
0.19
0.18
0.18
0.18
0.18
0.18
0.18
0.18
0.15
0.15
0.16
0.19
0.19
0.21
0.20
0.16
0.13
0.17
0.17
0.19
0.22
0.23
0.22
0.25
0.25
0.23
0.22
0.22
0.25
0.26
0.26
0.23
0.26
0.22
0.18
0.17
0.19
0.17
0.19
0.19
0.21
0.18
0.12
0.13
0.14
0.13
0.13
0.15
0.14
0.13
0.12
0.11
0.13
0.12
0.13
0.16
0.14
0.14
0.13
0.11
0.12
0.12
0.11
0.11
0.18
0.12
0.17
0.12
0.19
0.12
0.17
0.15
0.13
0.19
0.21
0.20
0.19
0.16
0.17
0.16
0.12
0.18
0.20
0.20
0.22
0.21
0.18
0.14
0.14
0.14
0.13
0.14
0.15
0.14
0.16
0.15
0.15
0.14
0.14
0.12
0.12
0.15
0.16
0.14
0.11
0.13
0.21
0.26
0.17
0.11
0.11
0.13
0.21
0.21
0.23
0.22
0.22
0.22
0.23
0.22
0.21
0.21
0.22
0.22
0.22
