0.658391
0.046124
0.048873
0.050002
0.050159
0.050231
0.050700
0.049771
0.051578
0.060562
0.052954
0.061588
0.052286
0.054100
0.056323
0.055653
0.050212
0.049749
0.051477
0.050149
0.050520
0.038931
0.039231
0.038802
0.041340
0.048849
0.036380
0.036456
0.036396
0.036264
0.061811
0.037879
0.039521
0.039124
0.039235
0.040280
0.039076
0.051173
0.041598
0.046825
0.059687
0.040470
0.038242
0.038413
0.037669
0.037900
0.039733
0.039004
0.038115
0.037752
0.056902
0.039067
0.039573
0.037865
0.050686
0.047105
0.036428
0.036398
0.036276
0.037320
0.055921
0.036116
0.036580
0.036093
0.037302
0.036159
0.037256
0.035926
0.037178
0.036156
0.057657
0.036222
0.036541
0.036118
0.037345
0.035995
0.037258
0.036055
0.037230
0.036279
0.058717
0.036460
0.037465
0.036244
0.037319
0.036099
0.037185
0.036193
0.037378
0.036646
0.062395
0.036319
0.050898
0.036041
0.037251
0.036384
0.037331
0.036068
0.037348
0.035964
0.061859
0.036337
0.037312
0.035871
0.036513
0.035447
0.038170
0.035654
0.035753
0.037360
0.037789
0.039375
0.049172
0.037936
0.035817
0.036227
0.035931
0.038767
0.038264
0.038769
0.037190
0.036204
0.035901
0.035942
0.036157
0.036299
0.035720
0.036147
0.035693
0.037177
0.038034
0.039541
0.038598
0.039145
0.038523
0.038686
0.038556
0.037946
0.038149
0.038732
0.049212
0.037485
0.017606
0.023186
0.017181
0.017128
0.017408
0.017522
0.017872
0.017893
0.019092
0.032446
0.034330
0.017103
0.016898
0.016940
0.017262
0.018207
0.018560
0.018523
0.032043
0.034548
0.018064
0.017764
0.031145
0.034691
0.018009
0.018469
0.018352
0.031186
0.034798
0.017401
0.017830
0.031100
0.035701
0.017202
0.017904
0.031157
0.035459
0.017216
0.017977
0.030941
0.035773
0.017240
0.017143
0.017144
0.017298
0.017465
0.018581
0.031564
0.034582
0.017410
0.017741
0.017325
0.017349
0.018137
0.031532
0.035166
0.017232
0.017082
0.017222
0.017224
0.018219
0.018284
0.031761
0.034616
0.017248
0.017063
0.017222
0.017197
0.017502
0.017586
0.017969
0.018702
0.019600
0.019061
0.032415
0.034614
0.017625
0.017042
0.030971
0.034947
0.017260
0.017018
0.018127
0.017946
0.017637
0.017581
0.018538
0.018671
0.032070
0.034711
0.017414
0.017026
0.017976
0.017231
0.018210
0.017706
0.017836
0.018045
0.019006
0.018262
0.018584
0.018878
0.017579
0.017077
0.016809
0.017257
0.017197
0.017196
0.017212
0.016435
0.017236
0.017343
0.017213
0.030970
0.035708
0.017138
0.017110
0.017262
0.017306
0.017514
0.017631
0.017763
0.018707
0.018210
0.019287
0.032408
0.035219
0.017753
0.023487
0.017143
0.017427
0.017417
0.017641
0.018009
0.018749
0.018347
0.032147
0.034472
0.017294
0.017820
0.018047
0.031227
0.034643
0.017242
0.017871
0.017952
0.031051
0.040057
0.042526
0.017453
0.018015
0.031765
0.034864
0.017150
0.017171
0.018085
0.018073
0.031259
0.034791
0.017347
0.017879
0.031132
0.035449
0.017941
0.017838
0.017884
0.031132
0.034476
0.018273
0.017786
0.017333
0.017235
0.017493
0.017601
0.017827
0.018061
0.018582
0.019018
0.018712
0.018835
0.016765
0.016512
0.016652
0.016450
0.016624
0.016486
0.016459
0.016469
0.016485
0.016619
0.016459
0.016455
0.016469
0.016469
0.016454
0.017289
0.017411
0.030637
0.034555
0.017187
0.017085
0.017127
0.017317
0.017413
0.018319
0.018013
0.019162
0.019047
0.032271
0.035174
0.017401
0.017079
0.017439
0.017267
0.017469
0.024902
0.031962
0.034751
0.017250
0.017170
0.017189
0.017245
0.017506
0.017592
0.018018
0.018669
0.018434
0.018646
0.018662
0.018841
0.016949
0.017279
0.017321
0.017390
0.017228
0.030685
0.034759
0.017231
0.017108
0.017197
0.017305
0.031429
0.034811
0.017156
0.018078
0.017885
0.018018
0.017458
0.018419
0.031733
0.034833
0.017115
0.017408
0.017900
0.018692
0.018595
0.031654
0.034445
0.017306
0.017225
0.018060
0.018179
0.031403
0.034609
0.017246
0.017101
0.017196
0.017355
0.017550
0.017726
0.017790
0.018144
0.018314
0.018319
0.018688
0.018854
0.016759
0.016613
0.016652
0.016532
0.016718
0.016497
0.016994
0.016745
0.016561
0.016493
0.016495
0.016716
0.016497
0.016675
0.016494
0.016661
0.016579
0.016735
0.016462
0.016537
0.016651
0.016471
0.016673
0.016503
0.016646
0.016549
0.016645
0.016510
0.016485
0.016634
0.016515
0.016700
0.016626
0.016660
0.016488
0.016979
0.016912
0.016701
0.016634
0.016493
0.016497
0.016650
0.016441
0.016524
0.016758
0.016482
0.016637
0.016641
0.016626
0.016541
0.016633
0.016490
0.016500
0.016531
0.016463
0.016675
0.016510
0.016454
0.016467
0.016541
0.016486
0.016518
0.016677
0.016432
0.016669
0.017183
0.018790
0.017478
0.017354
0.030885
0.035523
0.031145
0.035603
0.017429
0.017187
0.017174
0.017320
0.017506
0.017716
0.017781
0.018281
0.018315
0.018545
0.033233
0.035545
0.017589
0.018066
0.031050
0.035499
0.017464
0.017263
0.017729
0.017620
0.031992
0.051869
0.035597
0.017479
0.017028
0.017218
0.017298
0.017495
0.017591
0.017890
0.018090
0.018349
0.018562
0.018758
0.018897
0.016647
0.016520
0.016693
0.016474
0.016699
0.016493
0.016639
0.016527
0.016989
0.016815
0.016554
0.016488
0.016551
0.016622
0.016510
0.016698
0.016467
0.016605
0.016520
0.016805
0.016499
0.016493
0.016520
0.016521
0.016644
0.016474
0.016636
0.016488
0.016500
0.016456
0.016495
0.016448
0.016474
0.016469
0.016466
0.016670
0.016478
0.016679
0.017090
0.016872
0.016539
0.016944
0.016468
0.016480
0.016519
0.016479
0.016466
0.016480
0.016661
0.016484
0.017387
0.016455
0.016502
0.016479
0.016480
0.017175
0.017256
0.030809
0.035671
0.017207
0.017285
0.017149
0.017340
0.017457
0.017678
0.017812
0.018191
0.018847
0.018605
0.018770
0.018914
0.016654
0.016547
0.016584
0.016511
0.016510
0.016513
0.016509
0.016653
0.016551
0.016663
0.016497
0.016693
0.016533
0.016525
0.016649
0.016504
0.016661
0.016462
0.016610
0.016510
0.016673
0.016530
0.016655
0.016455
0.016672
0.016928
0.016950
0.016698
0.016561
0.016519
0.016498
0.016653
0.016462
0.016533
0.016512
0.016452
0.016487
0.016500
0.016467
0.016506
0.016682
0.016500
0.016659
0.016482
0.016640
0.016469
0.016552
0.016462
0.016510
0.016456
0.016458
0.016474
0.016450
0.016457
0.016465
0.016939
0.016778
0.016606
0.016481
0.016445
0.016671
0.016497
0.017918
0.030801
0.034616
0.017304
0.017037
0.017266
0.017514
0.017457
0.017752
0.017936
0.017961
0.018311
0.018343
0.018842
0.018846
0.016888
0.016566
0.016592
