177	159	117	80
181	154	123	84
183	151	121	85
186	150	118	79
185	147	118	83
189	148	113	74
197	149	108	70
209	147	104	71
214	146	90	69
214	144	84	63
220	143	96	68
219	142	106	71
220	141	114	71
221	143	117	70
218	141	124	72
219	141	130	74
216	144	141	67
214	144	153	67
215	147	152	66
206	147	165	63
202	150	163	61
203	151	164	62
211	152	162	62
138	151	135	51
154	152	116	41
171	151	97	43
178	150	87	42
182	150	82	43
177	153	83	42
180	154	79	42
175	155	80	42
173	157	77	42
170	157	77	44
167	159	76	43
163	160	75	44
158	163	77	41
153	166	76	41
145	167	80	42
144	168	76	42
143	171	73	40
140	171	74	45
141	172	73	44
140	170	70	45
137	168	71	45
133	168	74	44
130	168	76	44
128	169	76	45
124	172	80	44
123	170	77	45
120	169	80	46
110	168	88	45
107	167	90	44
107	167	86	45
98	168	91	43
93	166	87	44
82	166	91	44
70	165	93	42
64	163	89	43
47	159	93	45
30	156	95	48
18	157	96	48
5	161	102	56
3	168	96	55
0	175	88	52
-13	178	88	51
-29	179	86	56
-42	181	82	59
-43	183	69	56
59	224	69	56
-54	52	69	56
-54	-44	69	56
111	2	69	56
336	176	69	56
-43	183	69	56
42	-13	69	56
308	162	69	56
-43	183	69	56
154	-13	69	56
-43	183	69	56
183	183	69	56
-43	183	69	56
183	183	69	56
-43	183	69	56
126	-13	69	56
-43	183	69	56
183	211	69	56
-43	183	69	56
154	42	69	56
-43	183	69	56
154	14	69	56
-43	183	69	56
154	14	69	56
-43	183	69	56
126	-13	69	56
-43	183	69	56
126	-13	69	56
-43	183	69	56
154	-13	69	56
-43	183	69	56
98	-13	69	56
213	-14	69	56
203	-7	76	52
197	-10	83	47
201	-3	75	35
200	-2	75	35
200	-2	74	36
197	-8	77	38
192	-13	78	41
192	-14	78	41
164	-32	78	41
400	174	78	41
431	175	78	41
431	175	78	41
431	174	78	41
396	175	78	41
423	175	78	41
423	175	78	41
424	176	90	57
416	168	90	57
421	135	89	74
415	134	89	74
411	133	101	86
403	146	113	93
402	141	113	100
402	111	113	100
403	111	113	100
403	111	113	100
403	111	113	100
403	111	113	100
413	132	83	55
413	160	83	55
413	160	83	55
407	161	97	67
402	128	108	91
412	141	83	55
402	166	100	76
398	143	107	100
409	163	83	55
409	164	83	55
408	163	83	55
409	164	83	55
410	164	83	55
410	164	83	55
