1.00
1.08
1.00
0.81
0.86
0.98
0.87
0.76
0.74
0.84
0.73
0.90
0.91
0.78
0.66
0.75
0.74
0.71
0.85
0.77
0.84
0.92
0.76
0.77
0.84
0.86
0.91
0.81
0.94
1.00
0.87
0.90
0.97
0.79
0.82
0.87
0.68
0.83
0.88
0.79
0.58
0.64
0.65
0.70
0.62
0.71
0.65
0.68
0.67
0.62
0.56
0.62
0.60
0.75
0.65
0.66
0.68
0.69
0.76
0.66
0.80
0.73
0.68
0.71
0.81
0.94
0.86
0.77
0.80
0.81
0.79
0.70
0.66
0.57
0.49
0.39
0.42
0.24
0.74
0.29
0.71
0.82
0.93
0.97
0.95
0.89
0.89
0.78
0.81
0.81
0.75
0.76
0.79
0.78
0.75
0.76
0.63
0.70
0.70
0.66
0.68
0.71
0.78
0.83
0.77
0.78
0.81
0.83
0.82
0.81
0.78
0.76
0.77
0.81
0.74
0.79
0.84
0.80
0.76
0.83
0.85
0.81
0.74
0.79
0.67
0.71
0.55
0.78
0.83
0.85
0.85
0.89
0.89
0.91
0.68
0.79
0.59
0.66
0.86
0.91
0.90
0.71
0.82
0.93
0.84
0.85
0.64
0.69
0.96
0.85
0.72
0.69
0.93
0.98
0.90
0.66
0.71
0.80
0.87
0.86
0.80
0.75
0.77
0.86
0.82
0.78
0.67
0.77
0.72
0.78
0.85
0.76
0.75
0.88
0.87
0.77
0.69
0.49
0.78
0.65
0.59
0.58
0.68
0.72
0.69
0.83
0.84
0.85
0.82
0.83
0.85
0.87
0.82
0.83
0.75
0.71
0.77
0.76
0.84
0.85
0.81
0.78
0.81
0.85
0.91
0.93
0.94
0.92
0.87
0.76
0.87
0.98
0.98
1.00
1.03
1.00
0.98
1.08
1.03
1.09
1.07
1.10
1.07
0.98
0.95
1.00
1.01
1.00
0.99
0.88
0.87
0.88
0.87
0.87
0.90
0.95
0.97
0.91
0.78
0.86
0.84
0.79
0.81
0.87
0.83
0.82
0.77
0.72
0.72
0.70
0.76
0.69
0.72
0.69
0.73
0.67
0.73
0.68
0.68
0.66
0.66
0.73
0.75
0.75
0.83
0.79
0.82
0.73
0.76
0.74
0.82
0.80
0.84
0.87
0.82
0.84
0.91
0.85
0.81
0.75
0.86
0.90
0.74
1.02
1.05
1.08
1.06
0.94
1.00
0.89
0.87
0.89
0.83
0.85
0.82
0.71
0.64
0.67
0.63
0.61
0.60
0.65
0.66
