0.639057
0.048937
0.058332
0.060575
0.051896
0.054270
0.049958
0.047256
0.047196
0.047126
0.047433
0.048290
0.048169
0.047947
0.055057
0.051280
0.051429
0.052051
0.053383
0.052341
0.052988
0.040414
0.048229
0.038444
0.040833
0.051876
0.051663
0.039148
0.036836
0.036997
0.049139
0.036403
0.036719
0.036338
0.036766
0.036446
0.039488
0.039005
0.038865
0.039940
0.048770
0.038972
0.038833
0.038592
0.038208
0.047036
0.049702
0.049313
0.048683
0.049113
0.067086
0.051700
0.046666
0.036427
0.037123
0.036268
0.036332
0.035528
0.040939
0.042467
0.048536
0.039418
0.050401
0.050216
0.049693
0.049862
0.052737
0.056729
0.050046
0.039594
0.062232
0.037741
0.036770
0.036111
0.036723
0.048706
0.036280
0.032919
0.030178
0.035142
0.056067
0.036096
0.036928
0.036330
0.036846
0.036415
0.048040
0.055436
0.064012
0.062887
0.072333
0.057933
0.063247
0.050368
0.049592
0.036658
0.037349
0.036585
0.036996
0.036261
0.058379
0.036201
0.037000
0.036264
0.039157
0.038819
0.038884
0.040348
0.040481
0.048841
0.065930
0.038911
0.038446
0.038753
0.038239
0.038527
0.037859
0.040879
0.048490
0.047506
0.037555
0.048151
0.048410
0.036654
0.041186
0.042711
0.039864
0.051419
0.050218
0.038462
0.039802
0.037528
0.035776
0.037102
0.036297
0.036421
0.035822
0.037134
0.038463
0.036369
0.036424
0.038347
0.038720
0.047940
0.037866
0.038634
0.038243
0.036709
0.035752
0.036479
0.035911
0.036533
0.035803
0.050342
0.051451
0.051508
0.035767
0.037606
0.036019
0.050276
0.051880
0.052190
0.052399
0.051903
0.035964
0.036536
0.035959
0.051585
0.051915
0.051775
0.051551
0.052091
0.036550
0.036425
0.036765
0.050577
0.066806
0.036617
0.036870
0.036611
0.051027
0.051315
0.048221
0.049244
0.050772
0.050317
0.042624
0.047915
0.048313
0.050654
0.038014
0.037793
0.037818
0.037874
0.037777
0.036361
0.035221
0.036078
0.035292
0.035934
0.064190
0.037073
0.036387
0.036709
0.035432
0.051339
0.051492
0.040216
0.050188
0.037900
0.065848
0.038414
0.038384
0.037842
0.037716
0.039123
0.038406
0.039058
0.039381
0.038926
0.071515
0.039668
0.038798
0.038841
0.039031
0.038697
0.038521
0.037817
0.039437
0.038098
0.079729
0.040370
0.050233
0.037665
0.039729
0.047652
0.047387
0.040802
0.051934
0.050585
0.039479
0.046233
0.049676
0.047950
0.048795
0.050418
0.052059
0.044981
0.044454
0.052056
0.083890
0.042505
0.048440
0.051911
0.048940
0.048176
0.048232
0.048643
0.042038
0.045187
0.083090
0.051898
0.051676
0.051959
0.041591
0.041734
0.041642
0.041455
0.041615
0.042374
0.076665
0.039666
0.039172
0.038832
0.039017
0.047887
0.048134
0.050579
0.048831
0.048958
0.079100
0.051862
0.052201
0.042107
0.044983
0.042071
0.044780
0.052021
0.050995
0.049832
0.051248
0.052303
0.052028
0.051567
0.036921
0.038640
0.038949
0.040003
0.038975
0.038802
0.078515
0.042479
0.049882
