1.00
1.04
0.90
0.96
1.00
1.00
1.02
1.01
0.94
0.93
0.94
0.93
0.82
0.73
0.74
0.79
0.75
0.64
0.55
0.56
0.67
0.80
0.69
0.68
0.58
0.57
0.45
0.57
0.53
0.42
0.45
0.56
0.50
0.57
0.54
0.56
0.58
0.59
0.61
0.59
0.63
0.69
0.64
0.62
0.67
0.66
0.66
0.56
0.63
0.68
0.70
0.68
0.61
0.53
0.53
0.66
0.73
0.68
0.62
0.59
0.67
0.76
0.71
0.85
0.73
0.69
0.83
0.91
0.83
0.83
0.79
0.86
0.84
0.74
0.79
0.83
0.83
0.69
0.73
0.89
0.89
0.87
0.83
0.81
0.90
0.74
0.63
0.70
0.64
0.61
0.65
0.74
0.77
0.64
0.66
0.60
0.69
0.60
0.80
0.74
0.70
0.76
0.78
0.64
0.77
0.70
0.70
0.64
0.66
0.81
0.81
0.67
0.60
0.67
0.85
0.69
0.80
0.74
0.82
0.61
0.74
0.68
0.59
0.65
0.67
0.67
0.73
0.73
0.71
0.63
0.70
0.73
0.75
0.86
0.72
0.75
0.80
0.74
0.70
0.71
0.77
0.85
0.75
0.86
0.85
0.92
0.86
0.79
0.66
0.74
0.77
0.91
0.80
0.64
0.76
0.83
0.85
0.76
0.89
0.93
0.90
0.91
0.95
0.91
0.77
0.81
0.83
0.92
0.81
0.72
0.77
0.71
0.74
0.74
0.68
0.59
0.63
0.67
0.78
0.78
0.80
0.87
0.66
0.58
0.72
0.68
0.72
0.52
0.51
0.58
0.62
0.70
0.76
0.72
0.75
0.74
0.82
0.92
0.70
0.73
0.84
0.86
0.80
0.67
0.62
0.76
0.69
0.73
0.77
0.78
0.77
0.69
0.71
0.69
0.78
0.69
0.77
0.78
0.79
0.79
0.80
0.77
0.82
0.76
0.70
0.66
0.68
0.71
0.63
0.53
0.43
0.47
0.51
0.56
0.60
0.63
0.58
0.46
0.60
0.66
0.64
0.69
0.64
0.62
0.61
0.52
0.48
0.56
0.46
0.55
0.53
0.60
0.58
0.56
0.56
0.50
0.57
0.45
0.51
0.47
0.48
0.55
0.59
0.57
0.55
0.51
0.50
0.49
0.39
0.16
0.16
0.19
0.23
0.31
0.26
0.27
0.26
0.28
0.36
0.45
0.39
0.44
0.47
0.38
0.37
0.47
0.33
0.49
0.50
0.45
0.46
0.52
0.56
0.55
0.49
0.48
0.50
0.55
0.51
0.48
0.52
0.48
0.44
0.47
0.61
0.52
0.62
0.57
0.60
0.63
0.65
0.66
0.76
0.67
0.75
0.82
0.72
0.64
0.52
0.67
0.65
0.55
0.75
0.70
0.73
0.81
0.85
0.87
0.82
0.87
0.66
0.60
0.63
0.57
0.58
0.70
0.58
0.63
0.51
0.71
0.59
0.51
0.45
0.44
0.65
0.68
0.60
0.58
0.55
0.44
0.56
0.46
0.63
0.54
0.54
0.60
0.47
0.46
0.57
0.53
0.58
0.61
0.56
0.50
0.53
0.53
0.47
0.57
0.50
0.56
0.53
0.54
0.57
0.61
0.53
0.66
0.55
0.60
0.60
0.83
0.57
0.63
0.64
0.62
0.68
0.66
0.83
0.79
0.86
0.87
0.69
0.81
0.84
0.80
0.83
0.90
0.86
0.86
0.90
0.94
0.89
0.89
0.84
0.81
0.84
0.84
0.89
0.84
0.90
0.82
0.84
0.83
0.77
0.81
0.79
0.84
0.84
0.76
0.78
0.81
0.80
0.78
0.79
0.84
0.82
0.83
0.78
0.80
0.75
0.79
0.74
0.84
0.76
0.80
0.80
0.78
0.78
0.76
0.81
0.80
0.78
0.83
0.71
0.80
0.79
0.76
0.71
0.76
0.73
0.75
0.83
0.76
0.61
0.76
0.73
0.67
0.73
0.66
0.64
0.70
0.70
0.63
0.75
0.63
0.65
0.63
0.74
0.60
0.68
0.64
0.55
0.62
0.54
0.56
0.64
0.65
0.54
0.72
0.55
0.53
0.48
0.41
0.48
0.54
0.66
0.56
0.60
0.62
0.53
0.45
0.47
0.44
0.39
0.39
0.35
0.41
0.39
0.45
0.34
0.36
0.31
0.42
0.38
0.52
0.42
0.44
0.47
0.45
0.39
0.46
0.42
0.39
0.47
0.43
0.48
0.44
0.41
0.50
0.27
0.32
0.36
0.35
0.29
0.35
0.43
0.33
0.40
0.42
0.46
0.58
0.62
0.54
0.61
0.52
0.55
0.60
0.52
0.46
0.62
0.60
0.57
0.45
0.38
0.56
0.49
0.51
0.51
0.64
0.49
0.59
0.66
0.64
0.52
0.56
0.65
0.69
0.61
0.70
0.69
0.72
0.72
0.57
0.67
0.63
0.61
0.53
0.60
0.57
0.58
0.56
0.62
0.74
0.55
0.62
0.69
0.65
0.61
0.50
0.54
0.61
0.60
0.58
0.53
0.53
0.55
0.47
0.59
0.65
0.40
0.49
0.41
0.60
0.43
0.27
0.29
0.24
0.43
0.09
0.20
0.12
0.22
0.17
0.14
0.11
0.12
0.11
0.12
0.16
0.14
0.55
0.77
0.25
0.35
0.45
0.47
0.39
0.49
0.48
0.51
0.72
0.70
0.27
0.23
0.15
0.14
0.17
0.16
0.11
0.10
0.12
0.11
0.11
0.16
0.13
0.12
0.12
0.20
0.57
0.24
0.09
0.13
0.15
0.11
0.17
0.11
0.11
0.28
0.28
0.17
0.20
0.17
0.18
0.18
0.24
0.19
0.22
0.25
0.22
0.20
0.20
0.21
0.18
0.16
0.18
0.18
0.24
0.27
0.23
