0.639592
0.052119
0.062621
0.048314
0.048191
0.048733
0.048799
0.048535
0.048793
0.047146
0.047075
0.047986
0.049160
0.050639
0.052315
0.052384
0.051415
0.051632
0.053435
0.048885
0.048844
0.037678
0.038393
0.037672
0.038226
0.038276
0.037688
0.037594
0.037219
0.037206
0.050941
0.038347
0.034971
0.017526
0.016677
0.016680
0.016987
0.016739
0.017109
0.031118
0.035992
0.016694
0.016935
0.017081
0.017224
0.031710
0.038359
0.036994
0.037568
0.041684
0.055911
0.041757
0.040982
0.041650
0.037207
0.037361
0.037004
0.037210
0.036421
0.048148
0.036341
0.017119
0.017102
0.016704
0.016820
0.017289
0.016744
0.016935
0.016458
0.016784
0.016631
0.016495
0.041305
0.035067
0.017012
0.031582
0.037528
0.037155
0.044485
0.042782
0.060745
0.040765
0.044346
0.039961
0.040124
0.038880
0.047328
0.017365
0.017774
0.017467
0.017640
0.016699
0.016781
0.016863
0.017465
0.017464
0.017548
0.017127
0.017341
0.016871
0.017368
0.016669
0.016814
0.031727
0.037688
0.040380
0.039623
0.039660
0.040861
0.040914
0.041205
0.041523
0.042863
0.041611
0.041438
0.040800
0.050127
0.045166
0.044211
0.053983
0.043169
0.042578
0.051665
0.043380
0.043960
0.044698
0.044763
0.045734
0.044353
0.040848
0.041081
0.041808
0.041766
0.043286
0.053112
0.050863
0.053639
0.042984
0.042305
0.042359
0.041500
0.041545
0.045494
0.044167
0.043040
0.042617
0.042618
0.042529
0.042423
0.042426
0.042279
0.042513
0.052185
0.043467
0.055538
0.046901
0.043231
0.039284
0.039191
0.043797
0.040943
0.019004
0.035933
0.039881
0.039236
0.039431
0.040824
0.041593
0.041682
0.037243
0.018355
0.018673
0.018336
0.018742
0.018183
0.017765
0.018010
0.017944
0.032946
0.038926
0.017900
0.017746
0.018375
0.018391
0.034192
0.038220
0.018090
0.018269
0.017881
0.018004
0.018254
0.018722
0.017622
0.018208
0.017935
0.034446
0.041735
0.042284
0.018223
0.017941
0.018092
0.018164
0.019283
0.019138
0.017856
0.018045
0.017904
0.017983
0.017999
0.017798
0.017840
0.018768
0.018670
0.017985
0.018676
0.018638
0.036054
0.042052
0.039993
0.043974
0.039180
0.040817
0.018178
0.018518
0.018307
0.018273
0.018358
0.018493
0.018227
0.035718
0.039912
0.038805
0.038997
0.045326
0.040954
0.041693
0.050200
0.047828
0.018891
0.018202
0.018271
0.018506
0.018578
0.017972
0.017834
0.018069
0.018042
0.018067
0.018697
0.018061
0.018478
0.018076
0.018080
0.017773
0.033503
0.038921
0.036019
0.042760
0.038997
0.043351
0.052854
0.053023
0.053219
0.050603
0.049844
0.050300
0.067445
0.040206
0.038631
0.018623
0.018152
0.018625
0.018420
0.018221
0.018197
0.018057
0.018801
0.018049
0.018901
0.017782
0.033122
0.037885
0.018209
0.017941
0.035330
0.039972
0.040224
0.041186
0.039135
0.039074
0.040760
0.040439
0.040065
0.039780
0.039584
0.039228
0.039264
0.046466
0.025116
0.018439
0.018566
0.018149
0.018169
0.018255
0.018207
0.018295
0.018325
0.018131
0.017845
0.018006
0.018034
0.018289
0.022389
0.041062
0.039968
0.039828
0.038875
0.039382
0.039448
0.040776
0.042726
0.039457
0.039201
0.038746
0.039008
0.039246
0.039103
0.039048
0.039423
0.039156
0.038989
0.043882
0.052804
0.022924
0.023556
0.046086
0.050378
0.045129
0.045488
0.045213
0.044877
0.044289
0.043552
0.041093
0.036572
0.041803
0.044111
0.044219
0.045797
0.038880
0.043979
0.039157
0.039342
0.040123
0.039876
0.043636
0.049494
0.066158
0.040096
0.041961
0.065576
0.049448
0.023347
0.023297
0.016856
0.016908
0.017058
0.032706
0.040137
0.038713
0.039135
0.039117
0.040149
0.039423
0.039231
0.037262
0.054322
0.048667
0.052204
0.052776
0.052614
0.052899
0.042604
0.049358
0.019098
0.018724
0.034113
0.040277
0.039399
0.042786
0.053548
0.054168
0.046275
0.052380
0.042020
0.052196
0.042598
0.050237
0.049737
0.041582
0.041666
0.042502
0.055683
0.054309
0.042656
0.042238
0.040636
0.044163
0.049165
0.043326
0.048371
0.043291
0.049385
0.018071
0.017947
0.018293
0.018876
0.018358
0.018450
0.017924
0.018239
0.018322
0.018224
0.017911
0.018985
0.018221
0.034330
0.038664
0.018150
0.017991
0.018229
0.018651
0.018354
0.018384
0.017956
0.018150
0.033951
0.038236
0.018379
0.018046
0.018215
0.018227
0.018295
0.018779
0.017863
0.018214
0.018227
0.018306
0.017873
0.018118
0.018831
0.023892
0.020408
0.018878
0.018926
0.018725
0.018170
0.018933
0.019030
0.018960
0.018932
0.019013
0.018771
0.018858
0.018811
0.018993
0.018819
0.018038
0.018150
0.034241
0.042768
0.050800
0.042140
0.039725
0.043586
0.050377
0.049475
0.052432
0.041039
0.041634
0.041278
0.041189
0.039174
0.036874
0.023031
0.023314
0.018485
0.019175
0.018730
0.017919
0.017799
0.017848
0.018122
0.017994
0.018331
0.017931
0.017849
0.017844
0.019000
0.018200
0.018818
0.018788
0.018723
0.018701
0.017915
0.017806
0.018091
0.018510
0.018229
0.018095
0.017937
0.021805
0.018290
0.018026
0.017919
0.017946
0.017955
0.018157
0.018352
0.018985
0.019072
0.033386
0.042804
0.042439
0.018305
0.017883
0.018545
0.018154
0.018090
0.018452
0.017664
0.017773
0.019208
0.019453
0.018274
0.033509
0.043087
0.052372
0.042044
0.048676
0.081728
0.042974
0.042167
0.017964
0.017782
0.017825
0.017939
0.018382
0.018256
0.018441
0.017770
0.018538
0.017851
0.017677
0.018392
0.017710
0.035349
0.043450
0.055907
0.052685
0.052362
0.053403
0.044041
0.043616
0.043509
0.043566
0.039076
0.019357
0.019659
0.019703
0.021097
0.020092
0.017720
0.018665
0.034932
0.041510
0.043381
0.044558
0.044040
0.044324
0.045359
0.046036
0.041641
0.041886
0.042719
0.043014
0.042556
0.039850
0.041730
0.055617
0.040924
0.042112
0.042511
0.041012
0.040177
0.040077
0.042325
0.051072
0.052982
0.041468
0.041474
0.041750
0.042171
0.040713
0.040011
0.041106
0.040157
0.039714
0.039585
0.039429
0.039093
0.045155
0.041317
0.041387
0.047737
0.040180
0.040633
0.039356
0.039221
0.067453
0.038015
0.035399
0.038904
0.018990
0.034206
0.040332
0.040119
0.041265
0.042927
0.042224
0.053501
0.053770
0.054134
0.053657
0.054018
0.043609
0.054300
0.044060
0.053293
0.040232
0.019228
0.017930
0.018288
0.017866
0.017996
0.034073
0.039948
0.040100
0.039423
0.039702
0.039268
0.039402
0.040111
0.040224
0.040865
0.052652
0.051915
0.042840
0.040954
0.054174
0.040286
0.040510
0.040160
0.040255
0.039702
0.039159
0.039786
0.039296
0.039576
0.039201
0.039195
0.039365
0.039531
0.039989
0.039906
0.040025
0.039809
0.037785
0.018822
0.018738
0.018124
0.018088
0.018051
0.018741
0.018456
0.018051
0.017952
0.018859
0.018833
0.019225
0.018632
0.017874
0.018905
0.022471
0.022425
0.022423
0.026597
0.018976
0.034229
0.042965
0.050584
0.041526
0.046301
0.058808
0.056032
0.054551
0.020297
0.020530
0.018027
0.017997
0.018008
0.018030
0.018146
0.018159
0.018629
0.019246
0.035786
0.040922
0.043141
0.043039
0.043890
0.042231
0.052340
0.052893
0.053434
0.043746
0.050666
0.041940
0.050279
0.040303
0.041359
0.043799
0.046732
0.039879
0.052864
0.043677
0.049779
0.044588
0.037821
0.018214
0.018141
0.018141
0.018365
0.018444
0.018337
0.018215
0.018055
0.018226
0.018457
0.018189
0.018005
0.018195
0.018178
0.034887
0.042822
0.041778
0.041578
0.041612
0.041695
0.041798
0.042109
0.069791
0.038475
0.018313
0.018018
0.018046
0.018076
0.018088
0.018495
0.018188
0.044173
0.037814
0.018194
0.018017
0.017905
0.018631
0.018187
0.018226
0.018332
0.019110
0.019238
0.018110
0.018665
0.019284
0.018646
0.019596
0.018655
0.018761
0.033541
0.038406
0.018072
0.017864
0.017888
0.018219
0.018230
0.018193
0.018590
0.033245
0.039005
0.017967
0.017949
0.018042
0.018076
0.018093
0.018207
0.018135
0.018752
0.033844
0.038193
0.018239
0.017812
0.018239
0.018541
0.018066
0.019492
0.017774
0.017965
0.017975
0.019599
0.017903
0.018270
0.018727
0.033679
0.037974
0.018131
0.017804
0.018735
0.034160
0.041723
0.041726
0.043324
0.054828
0.053888
0.053036
0.049623
0.042351
0.040595
0.039888
0.039472
0.052683
0.038992
0.039756
0.039742
0.040323
0.040401
0.040080
0.040559
0.039133
0.039871
0.039943
0.040330
0.039968
0.039451
0.039406
0.040772
0.039722
0.039919
0.039753
0.052682
0.052309
0.052653
0.052051
0.042367
0.052086
0.051862
0.043870
0.042054
0.066370
0.048421
0.022456
0.022169
0.018051
0.018184
0.018597
0.018538
0.034494
0.043013
0.046752
0.042233
0.051349
0.045580
0.045417
0.047153
0.052391
0.052494
0.039293
0.041495
0.042954
0.042252
0.042017
0.042560
0.052018
0.053975
0.042156
0.039505
0.039445
0.039295
0.039728
0.040181
0.040086
0.039567
0.039305
0.049583
0.049223
0.042835
0.049815
0.059562
0.054426
0.056131
0.045617
0.058223
0.060147
0.053446
0.059525
0.042149
0.052582
0.053077
0.052673
0.052006
0.051365
0.053725
0.037837
0.018904
0.018074
0.018156
0.033523
0.039055
0.018203
0.018383
0.018141
0.018958
0.018689
0.018340
0.018626
0.033298
0.038113
0.018008
0.019182
0.018156
0.018047
0.018176
0.018147
0.018100
0.018280
0.018044
0.018622
0.018397
0.018016
0.017953
0.017924
0.018067
0.018087
0.018027
0.018095
0.018465
0.018737
0.018117
0.018005
0.018016
0.018402
0.018007
0.018125
0.018157
0.018159
0.017900
0.021720
0.018582
0.018123
0.017947
0.018518
0.017966
0.017888
0.018299
0.017991
0.017987
0.017939
0.018905
0.018914
0.034277
0.043998
0.051933
0.038385
0.019009
0.020982
0.019321
0.033657
0.037954
0.018411
0.017884
0.018668
0.018660
0.034443
0.054937
0.042093
0.037163
0.017968
0.017946
0.018296
0.018066
0.018883
0.034001
0.039640
0.019239
0.018920
0.017904
0.017926
0.018087
0.018382
0.017868
0.017964
0.017964
0.018024
0.018994
0.017895
0.034069
0.037969
0.018109
0.018224
0.017935
0.018071
0.018664
0.018670
0.017927
0.017923
0.017947
0.019027
0.018713
0.018656
0.018804
0.018810
0.018732
0.018774
0.018665
0.018170
0.033619
0.038028
0.018137
0.017918
0.017893
0.017937
0.018004
0.018835
0.017934
0.017895
0.018375
0.018013
0.017951
0.018593
0.018634
0.018624
0.033291
0.038292
0.017888
0.018075
0.018123
0.018090
