151	103	168	166
148	105	158	162
146	102	166	166
131	98	165	177
112	92	176	178
106	89	183	173
112	86	173	167
106	83	179	172
105	79	187	174
105	79	193	179
124	77	183	179
146	65	176	180
152	66	164	167
168	60	171	182
198	60	164	177
241	59	143	156
276	56	131	145
306	58	136	158
326	68	141	138
338	74	154	135
349	78	154	136
347	76	163	138
349	86	157	135
339	93	156	132
329	92	171	141
310	92	156	148
285	94	148	151
290	92	137	142
238	87	136	141
176	84	149	143
116	73	160	163
86	59	132	163
39	59	132	163
188	159	132	163
188	109	132	163
188	165	132	163
188	167	132	163
187	165	132	163
187	165	132	163
86	59	132	163
185	109	132	163
184	108	132	163
185	164	132	163
185	108	132	163
125	108	132	163
86	59	132	163
164	120	120	134
167	119	118	138
216	129	115	121
268	130	103	127
301	128	105	131
315	121	105	125
309	123	119	120
308	115	131	128
303	123	121	125
274	134	123	131
227	142	140	117
180	147	137	121
133	148	123	123
58	148	123	123
9	148	123	123
162	146	123	123
163	148	123	123
163	148	123	123
161	146	123	123
161	208	123	123
163	211	123	123
166	214	123	123
94	214	123	123
94	214	123	123
171	212	123	123
173	213	123	123
133	148	123	123
182	99	123	123
80	149	123	123
133	148	123	123
205	159	149	131
237	145	144	160
232	145	146	153
264	134	135	134
276	125	130	122
275	127	126	115
219	144	142	119
215	144	153	134
161	148	153	121
100	162	164	109
19	163	164	109
-22	163	164	109
-22	163	164	109
162	163	164	109
162	162	164	109
163	164	164	109
162	162	164	109
162	162	164	109
163	164	164	109
163	164	164	109
163	164	164	109
165	165	164	109
163	163	164	109
88	238	164	109
168	162	164	109
170	162	164	109
85	165	164	109
123	164	164	109
215	166	160	126
219	167	159	127
260	151	146	138
299	116	130	125
293	116	140	121
264	97	148	134
237	87	144	157
236	88	145	153
173	90	144	162
177	89	140	159
142	90	127	129
136	95	124	121
141	94	118	114
175	102	101	95
184	112	99	100
206	119	88	88
222	121	83	81
219	122	87	81
221	121	83	82
239	117	87	86
247	115	88	93
248	113	95	97
252	114	101	107
253	114	101	110
247	100	114	133
235	90	125	141
229	86	138	147
208	30	154	158
195	18	163	155
192	12	156	162
194	11	156	162
191	19	156	163
198	42	146	153
206	66	146	161
219	89	136	159
223	87	131	147
225	88	130	142
249	104	110	118
262	99	93	109
268	92	85	93
270	78	80	85
268	66	79	78
267	54	75	76
259	46	75	74
258	47	75	74
254	50	75	75
250	54	73	80
248	53	76	80
241	64	76	92
231	66	89	96
222	61	100	108
217	50	112	114
205	20	132	128
202	-1	146	122
209	-8	142	99
205	-5	143	93
205	-40	143	93
206	-4	143	93
205	-5	143	93
217	-5	146	123
212	-6	154	125
257	100	124	136
270	125	124	143
282	153	125	149
290	151	116	140
170	70	116	140
170	112	116	140
171	113	116	140
170	112	116	140
171	113	116	140
171	63	116	140
172	64	116	140
172	64	116	140
171	63	116	140
171	28	116	140
171	76	116	140
171	75	116	140
172	76	116	140
172	76	116	140
171	75	116	140
170	74	116	140
171	75	116	140
171	126	116	140
172	74	116	140
172	73	116	140
171	131	116	140
171	70	116	140
172	70	116	140
105	73	116	140
105	73	116	140
105	224	116	140
182	144	116	140
176	167	103	137
127	167	103	137
126	166	103	137
181	114	103	137
182	114	103	137
180	172	103	137
118	172	103	137
119	174	103	137
120	175	103	137
120	175	103	137
195	175	103	137
114	173	103	137
118	176	103	137
115	173	103	137
115	173	103	137
118	176	103	137
118	176	103	137
118	176	103	137
118	176	103	137
118	176	103	137
150	142	103	137
186	162	114	136
185	163	109	128
197	162	118	124
226	170	98	129
261	171	98	129
151	60	98	129
151	60	98	129
193	143	98	129
193	99	98	129
194	144	98	129
194	145	98	129
196	145	98	129
247	143	98	129
240	150	121	128
221	145	134	127
197	146	122	113
169	145	129	113
148	140	118	124
102	134	131	126
71	137	132	134
-4	175	132	134
-4	136	132	134
78	178	132	134
166	134	132	134
167	134	132	134
167	134	132	134
166	135	132	134
167	136	132	134
167	136	132	134
167	136	132	134
167	136	132	134
167	136	132	134
169	136	132	134
167	134	132	134
167	208	132	134
169	208	132	134
173	212	132	134
21	149	132	134
70	150	132	134
120	149	132	134
168	157	140	109
216	153	148	118
244	156	150	129
303	150	144	155
298	150	147	152
296	150	150	150
280	160	147	129
279	161	155	126
201	173	173	110
118	131	173	110
68	159	173	130
20	112	173	130
173	110	173	130
174	111	173	130
174	168	173	130
113	167	173	130
174	167	173	130
111	168	173	130
113	170	173	130
113	170	173	130
113	170	173	130
111	89	173	130
113	89	173	130
111	133	173	130
159	132	173	130
160	131	173	130
162	132	173	130
330	187	173	130
314	170	191	139
305	145	186	159
293	146	202	164
298	149	175	183
263	144	178	177
266	146	178	166
218	144	165	154
174	140	157	149
173	144	154	120
126	144	145	121
127	143	147	134
69	143	140	142
-13	102	140	142
29	144	140	142
164	143	140	142
164	143	140	142
165	93	140	142
166	93	140	142
165	146	140	142
166	147	140	142
165	146	140	142
165	146	140	142
165	148	140	142
163	146	140	142
90	220	140	142
89	220	140	142
168	137	140	142
167	50	140	142
81	142	140	142
166	157	149	125
166	154	143	112
226	153	146	131
225	153	149	128
274	139	135	145
296	131	137	128
300	122	142	129
297	122	137	122
282	124	128	122
283	124	125	136
246	125	124	147
208	126	122	125
164	123	121	133
111	123	128	134
80	119	114	149
75	116	118	152
62	125	100	145
61	125	101	131
62	125	101	131
62	125	101	131
62	125	101	131
62	125	101	131
60	133	96	134
74	139	101	131
92	157	108	117
138	166	102	115
145	167	91	117
171	175	98	91
171	176	99	83
198	176	99	83
256	175	99	83
268	169	110	94
297	156	101	105
307	142	114	105
307	131	127	120
311	122	117	119
275	114	130	135
227	107	143	141
166	109	157	145
166	109	157	147
63	115	163	170
10	100	175	197
1	110	168	195
167	58	168	195
34	154	145	150
72	164	133	137
72	164	133	137
121	165	133	137
120	163	133	137
175	165	133	137
176	165	133	137
174	163	133	137
112	39	133	137
270	130	133	137
306	151	118	142
300	150	121	144
295	142	130	135
294	137	129	144
262	128	140	148
262	131	141	140
174	119	167	143
117	105	177	169
80	95	154	195
3	80	183	201
135	-1	183	229
118	-7	186	235
122	-8	194	243
131	-11	181	253
134	-9	178	260
196	-8	178	260
67	125	178	260
66	125	178	260
137	54	178	260
202	127	161	239
138	51	191	262
234	161	137	141
257	146	144	143
271	146	124	139
276	140	125	125
273	136	126	121
256	136	130	119
226	135	142	128
224	133	146	142
144	133	148	132
80	108	126	162
76	107	133	170
-2	33	151	190
-8	12	151	191
-7	12	151	191
-8	11	151	191
6	38	161	184
2	14	157	203
67	100	153	197
92	113	154	167
80	111	167	175
84	111	158	160
139	72	166	165
153	17	183	167
154	115	183	167
152	115	183	167
154	117	183	167
154	117	183	167
152	115	183	167
152	177	183	167
152	110	183	167
156	180	183	167
156	180	183	167
156	180	183	167
154	178	183	167
158	181	183	167
68	178	183	167
70	178	183	167
123	133	183	167
270	134	183	167
116	133	183	167
118	135	183	167
118	135	183	167
116	133	183	167
116	133	183	167
118	135	183	167
120	136	183	167
120	136	183	167
119	135	183	167
266	87	183	167
266	85	183	167
161	140	183	167
163	141	183	167
161	139	183	167
161	139	183	167
163	141	183	167
95	212	183	167
168	140	183	167
92	215	183	167
90	214	183	167
93	132	183	167
90	133	183	167
182	133	183	167
183	136	183	167
90	136	183	167
93	136	183	167
186	136	183	167
95	228	183	167
191	138	183	167
193	141	183	167
193	141	183	167
193	141	183	167
193	141	183	167
193	141	183	167
193	141	183	167
193	141	183	167
193	141	183	167
193	141	183	167
193	141	183	167
100	141	183	167
196	141	183	167
151	94	183	167
206	129	161	166
253	133	135	149
289	121	131	148
300	109	141	143
307	99	146	137
311	103	138	124
310	99	143	124
299	102	143	132
272	113	155	135
250	128	135	132
209	139	130	126
210	134	124	129
104	136	135	129
29	137	135	129
29	97	135	129
-11	96	135	129
159	139	135	129
160	139	135	129
159	138	135	129
158	137	135	129
160	139	135	129
158	192	135	129
160	135	135	129
158	195	135	129
158	131	135	129
160	197	135	129
88	197	135	129
86	197	135	129
88	199	135	129
86	197	135	129
169	112	135	129
172	204	135	129
172	205	135	129
172	205	135	129
172	205	135	129
172	205	135	129
172	205	135	129
172	112	135	129
172	208	135	129
172	117	135	129
172	120	135	129
172	120	135	129
79	27	135	129
82	30	135	129
82	30	135	129
174	215	135	129
177	220	135	129
177	127	135	129
177	130	135	129
177	130	135	129
177	130	135	129
177	167	135	129
178	142	136	130
179	142	136	130
179	143	136	130
180	144	136	130
124	88	136	130
184	148	136	130
122	211	136	130
123	83	136	130
123	82	136	130
123	154	136	130
123	154	136	130
121	152	136	130
121	154	136	130
170	115	136	130
198	140	131	124
207	142	118	127
210	151	113	109
211	159	108	109
211	159	108	109
213	170	104	106
165	122	104	106
216	122	104	106
217	123	104	106
161	180	104	106
162	120	104	106
162	119	104	106
163	186	104	106
163	118	104	106
163	118	104	106
163	118	104	106
161	37	104	106
162	125	104	106
160	124	104	106
160	216	104	106
192	158	104	106
210	149	105	111
217	147	91	95
220	142	85	98
221	142	83	97
222	155	82	100
223	153	83	107
223	167	83	104
222	179	86	90
230	190	72	87
307	164	72	87
307	164	72	87
307	164	72	87
307	164	72	87
213	195	72	87
212	194	72	87
212	195	72	87
212	195	72	87
212	179	72	87
221	159	78	99
227	133	82	88
229	127	89	91
227	127	92	93
238	125	96	110
234	123	105	120
231	122	123	124
224	116	139	128
223	95	151	145
208	80	166	166
199	70	164	171
184	62	177	183
173	67	171	192
154	80	176	179
124	95	181	180
111	103	168	166
112	109	148	152
114	108	145	149
109	107	155	170
110	106	151	164
97	97	133	167
100	98	127	167
98	88	121	183
100	88	120	175
102	77	111	170
75	76	172	181
92	54	144	192
110	77	123	185
85	67	172	181
102	46	163	185
126	75	148	167
156	87	133	172
179	95	127	166
182	93	124	156
210	91	109	134
222	97	116	125
236	103	119	133
245	97	122	144
228	89	144	154
198	76	155	162
191	72	166	173
126	50	201	200
-8	9	216	204
-38	11	195	194
-39	12	195	194
-37	12	195	194
-38	11	195	194
-37	12	195	194
11	63	195	194
13	63	195	194
37	74	201	213
147	119	181	183
200	129	172	208
234	121	163	198
286	137	130	175
281	123	141	168
255	102	162	163
225	86	158	164
172	71	152	173
167	68	165	178
107	57	152	201
70	53	137	215
75	59	130	183
17	47	127	179
17	47	127	179
-30	47	127	179
20	46	127	179
20	48	127	179
18	46	127	179
135	105	127	179
76	66	127	179
111	107	136	180
164	133	116	143
202	141	124	127
231	140	136	123
228	138	141	135
246	126	150	137
246	104	162	151
247	107	160	143
231	79	169	166
181	44	190	186
138	27	183	177
108	17	167	183
111	18	158	190
39	13	160	168
14	6	162	170
6	4	174	153
0	7	184	152
31	4	161	140
72	7	138	129
99	-3	123	135
124	3	118	130
137	9	126	131
156	25	129	132
177	42	131	133
180	73	146	123
183	72	142	126
171	84	154	132
146	86	158	144
111	93	157	164
78	103	144	163
80	105	140	166
35	105	140	166
269	105	140	166
170	156	140	166
171	155	140	166
172	156	140	166
171	155	140	166
172	156	140	166
172	156	140	166
173	156	140	166
173	156	140	166
173	156	140	166
171	154	140	166
173	156	140	166
174	156	140	166
172	154	140	166
174	156	140	166
174	156	140	166
174	156	140	166
81	156	140	166
84	156	140	166
84	156	140	166
134	113	140	166
151	138	131	152
191	147	113	143
215	145	108	121
223	158	108	117
229	160	100	108
223	158	106	106
284	158	106	106
284	158	106	106
16	24	106	106
227	164	106	106
225	163	106	106
225	163	106	106
225	163	106	106
183	163	106	106
182	164	106	106
181	163	106	106
182	164	106	106
212	165	106	106
191	143	105	113
187	131	101	116
172	112	104	131
152	93	121	133
134	72	127	144
110	56	140	152
85	32	163	171
83	32	167	167
95	31	151	174
35	-9	183	190
8	-12	224	206
7	-9	212	200
-8	-8	220	195
-1	-2	207	217
-20	19	225	254
6	96	206	241
-3	69	209	272
-2	69	209	272
1	134	162	169
0	133	170	172
0	134	171	168
151	134	171	168
149	133	171	168
149	133	171	168
149	133	171	168
149	133	171	168
149	133	171	168
148	133	171	168
148	133	171	168
150	135	171	168
148	211	171	168
150	211	171	168
154	215	171	168
241	123	171	168
244	125	171	168
58	125	171	168
106	124	171	168
153	154	160	156
207	152	163	144
252	154	147	135
248	142	167	143
245	143	165	154
230	148	145	157
171	157	151	129
128	157	151	129
30	157	151	129
-20	53	151	129
142	162	151	129
143	163	151	129
141	161	151	129
141	161	151	129
143	163	151	129
144	163	151	129
143	162	151	129
144	163	151	129
144	161	151	129
146	163	151	129
146	163	151	129
144	161	151	129
144	161	151	129
146	163	151	129
148	163	151	129
148	163	151	129
148	163	151	129
146	161	151	129
149	165	151	129
146	162	151	129
146	162	151	129
149	165	151	129
149	165	151	129
149	165	151	129
288	164	151	129
142	165	151	129
141	164	151	129
143	166	151	129
143	166	151	129
141	164	151	129
141	164	151	129
143	166	151	129
144	167	151	129
282	166	151	129
136	167	151	129
135	167	151	129
137	169	151	129
137	169	151	129
135	167	151	129
135	167	151	129
137	169	151	129
140	171	151	129
140	171	151	129
278	170	151	129
278	122	151	129
174	173	151	129
176	175	151	129
119	175	151	129
179	173	151	129
118	173	151	129
119	175	151	129
120	175	151	129
120	175	151	129
120	175	151	129
118	173	151	129
119	175	151	129
204	172	151	129
201	172	151	129
156	174	151	129
158	175	151	129
156	122	151	129
158	124	151	129
158	124	151	129
37	15	151	129
104	35	146	141
137	15	171	158
165	18	174	155
194	11	160	153
204	8	157	151
203	13	152	150
205	13	150	146
182	11	140	136
153	13	146	124
132	10	147	124
113	5	137	126
114	8	137	124
62	4	148	135
28	8	164	138
0	11	176	144
-5	4	182	157
20	15	165	167
0	11	179	177
14	16	170	187
88	47	139	175
107	63	143	172
139	79	147	178
181	91	138	173
217	95	139	160
254	88	134	148
283	80	130	142
283	80	133	143
290	70	143	144
292	68	142	151
291	43	138	138
275	41	136	128
241	38	149	119
209	32	142	118
164	26	145	121
168	29	141	115
128	30	129	111
91	26	119	117
42	20	122	130
22	15	143	134
-13	16	143	134
-13	16	143	134
-13	15	143	134
149	123	143	134
150	124	143	134
-28	63	143	134
158	187	143	134
93	122	143	134
95	123	143	134
102	118	129	155
150	136	125	139
204	154	108	114
208	152	101	110
261	160	101	100
280	151	118	119
302	126	123	129
300	108	134	136
297	109	140	135
289	90	144	143
284	88	150	153
226	75	144	159
218	71	156	167
169	77	169	168
114	78	169	177
82	77	154	203
93	76	137	201
62	87	126	174
63	87	127	159
53	88	114	171
29	100	151	156
4	35	145	181
45	82	125	189
43	102	151	156
40	108	151	156
70	104	119	165
56	107	151	156
94	113	124	149
128	123	116	137
165	123	108	133
199	127	99	106
198	129	100	98
226	124	102	105
249	122	105	111
261	114	109	120
260	113	110	123
260	111	110	123
247	87	117	133
240	85	132	147
203	74	148	144
169	64	142	141
119	50	144	155
76	40	138	151
6	23	155	167
-22	11	151	179
-21	12	151	179
125	110	151	179
175	109	151	179
174	55	151	179
267	135	151	179
219	39	151	179
219	-13	151	179
167	149	151	179
167	150	151	179
165	89	151	179
165	88	151	179
101	25	151	179
104	26	151	179
149	71	151	179
150	121	151	179
150	121	151	179
152	123	151	179
152	123	151	179
150	121	151	179
150	59	151	179
152	60	151	179
152	62	151	179
152	134	151	179
152	134	151	179
150	132	151	179
154	218	151	179
151	217	151	179
151	125	151	179
154	130	151	179
246	130	151	179
249	37	151	179
249	133	151	179
156	135	151	179
159	135	151	179
251	135	151	179
254	135	151	179
254	135	151	179
254	135	151	179
254	135	151	179
161	135	151	179
164	135	151	179
164	135	151	179
256	42	151	179
166	138	151	179
261	140	151	179
264	47	151	179
264	50	151	179
264	50	151	179
264	50	151	179
264	50	151	179
264	50	151	179
171	143	151	179
174	145	151	179
174	145	151	179
174	145	151	179
174	145	151	179
174	145	151	179
173	144	151	179
130	138	147	216
99	106	136	174
46	106	136	174
44	51	136	174
218	-4	136	174
218	-4	136	174
176	123	136	174
175	124	136	174
176	72	136	174
177	74	136	174
177	18	136	174
58	137	136	174
118	135	136	174
168	135	136	174
173	167	121	149
272	167	121	149
219	115	121	149
167	117	121	149
223	117	121	149
163	56	121	149
162	55	121	149
164	159	121	149
165	159	121	149
63	157	121	149
65	159	121	149
8	102	121	149
187	162	121	149
186	163	121	149
188	165	121	149
122	165	121	149
123	165	121	149
123	165	121	149
121	242	121	149
207	161	121	149
206	162	121	149
298	115	121	149
299	117	121	149
297	115	121	149
191	170	121	149
194	171	121	149
133	169	121	149
132	169	121	149
134	171	121	149
135	173	121	149
135	173	121	149
135	173	121	149
133	171	121	149
134	175	121	149
131	172	121	149
131	172	121	149
226	175	121	149
136	175	121	149
231	175	121	149
234	175	121	149
141	175	121	149
190	127	121	149
191	129	121	149
189	127	121	149
191	129	121	149
191	129	121	149
189	127	121	149
127	127	121	149
128	194	121	149
199	197	121	149
127	197	121	149
127	197	121	149
125	195	121	149
212	195	121	149
211	192	121	149
211	192	121	149
214	195	121	149
167	147	121	149
169	149	121	149
168	148	121	149
170	150	121	149
170	150	121	149
168	148	121	149
