313	93	119	93
311	88	122	96
300	81	123	96
291	72	123	95
280	67	121	95
265	62	129	94
249	59	129	97
233	55	129	103
232	55	131	102
201	61	131	113
176	69	138	112
180	76	116	114
159	81	105	119
162	79	101	119
145	82	91	125
144	82	81	125
142	83	82	124
141	84	84	129
150	87	84	122
163	87	86	126
185	91	79	126
235	106	82	118
249	108	102	118
271	114	125	112
303	110	137	116
338	109	141	115
380	104	141	118
378	102	144	120
416	98	143	123
414	98	144	124
470	87	140	127
484	83	150	131
495	86	147	136
490	92	147	134
492	89	149	132
453	75	154	140
456	76	148	141
383	68	151	138
339	73	154	136
306	79	137	136
265	92	133	134
189	130	130	113
153	161	136	103
-22	56	136	103
89	167	136	103
-28	50	136	103
-29	49	136	103
-29	49	136	103
-28	50	136	103
-29	49	136	103
-30	48	136	103
-29	50	136	103
-30	48	136	103
-29	50	136	103
-30	48	136	103
-30	48	136	103
-30	48	136	103
-30	48	136	103
-30	48	136	103
-30	48	136	103
-30	48	136	103
-30	48	136	103
-30	48	136	103
-30	48	136	103
-30	48	136	103
-30	48	136	103
-30	48	136	103
-30	48	136	103
-30	48	136	103
-30	48	136	103
378	224	136	103
153	161	136	103
0	69	136	103
0	69	136	103
-31	70	136	103
3	70	136	103
3	70	136	103
3	70	136	103
332	193	136	103
153	161	136	103
282	138	123	99
237	123	135	124
205	117	128	131
161	111	137	132
113	100	158	147
113	102	156	143
81	84	130	160
28	71	166	169
9	61	175	173
-1	54	181	202
2	42	173	220
3	51	185	207
3	52	209	214
72	68	161	195
84	64	152	196
150	76	172	179
130	83	193	167
238	103	185	131
327	121	194	144
381	123	175	141
396	121	185	148
391	120	191	155
429	105	188	145
429	101	190	132
433	96	181	127
424	94	173	122
427	94	170	127
383	101	183	107
360	105	177	116
327	111	171	118
298	118	151	122
267	126	126	123
219	133	122	115
185	139	122	109
185	140	124	105
94	133	138	105
57	129	146	119
-12	94	146	119
-12	130	146	119
-12	90	146	119
-12	130	146	119
30	129	146	119
-14	40	146	119
127	180	146	119
128	182	146	119
-25	27	146	119
357	191	146	119
358	192	146	119
452	191	146	119
437	171	141	113
470	173	150	132
492	175	143	143
496	185	141	128
500	184	139	130
495	183	144	124
472	207	142	93
471	206	142	93
451	206	132	88
474	206	107	81
459	216	113	78
486	217	86	59
464	233	97	61
464	222	105	68
458	217	118	75
474	215	105	78
491	218	86	57
491	217	86	57
459	251	97	61
489	219	91	61
493	220	86	53
500	221	81	54
499	222	88	54
498	221	89	54
443	194	76	68
443	193	76	68
412	162	76	68
397	160	79	65
361	134	80	78
321	144	79	79
283	131	89	85
231	139	109	101
207	139	109	101
145	170	109	101
81	202	109	101
15	68	109	101
15	69	109	101
15	69	109	101
15	30	109	101
15	31	109	101
14	30	109	101
15	76	109	101
15	77	109	101
17	78	109	101
120	181	109	101
10	71	109	101
9	70	109	101
9	70	109	101
9	70	109	101
9	70	109	101
9	70	109	101
9	70	109	101
9	70	109	101
9	70	109	101
9	70	109	101
9	70	109	101
9	70	109	101
9	70	109	101
9	70	109	101
9	70	109	101
360	187	109	101
331	129	109	101
355	79	105	92
360	79	103	92
281	0	125	89
290	0	127	87
250	-10	148	75
251	-3	134	63
250	-2	136	64
216	0	144	87
225	-2	120	103
253	2	110	114
239	24	110	131
231	34	124	141
217	47	134	130
230	54	117	119
233	56	114	109
238	61	109	102
237	62	113	101
250	60	107	99
258	61	105	96
268	60	100	97
275	60	105	96
274	59	107	98
287	62	112	99
284	61	108	102
309	57	120	108
302	62	144	103
321	47	147	119
308	44	163	125
319	12	161	137
328	-3	161	138
336	-11	173	124
325	-1	186	98
323	-6	189	97
317	-2	186	91
312	-3	184	104
304	2	180	113
306	-2	178	119
303	-2	179	121
296	20	169	145
284	38	180	142
279	47	186	145
275	65	178	127
270	61	185	126
273	78	152	104
275	71	139	101
276	70	124	94
278	64	119	91
281	66	114	89
287	54	96	88
284	47	92	84
284	44	93	84
283	44	95	88
281	51	98	90
279	60	99	93
281	57	98	94
277	78	105	105
270	84	112	111
262	78	111	113
262	80	112	112
267	52	98	122
273	47	92	133
279	45	107	107
284	19	93	129
281	30	107	107
284	-2	119	131
271	-3	146	126
268	-3	154	120
267	0	161	120
269	2	161	129
269	0	160	132
270	1	161	132
285	45	141	130
290	61	129	116
298	64	120	117
300	68	117	113
298	68	111	105
296	71	119	104
289	70	131	93
289	75	130	93
291	85	120	88
290	94	121	85
291	91	119	85
285	104	119	82
285	118	111	87
292	118	90	85
91	175	90	85
1	55	90	85
0	54	90	85
266	187	90	85
-14	83	90	85
243	193	90	85
12	38	90	85
12	39	90	85
12	39	90	85
12	39	90	85
12	86	90	85
11	86	90	85
11	86	90	85
10	84	90	85
125	200	90	85
7	81	90	85
7	81	90	85
7	81	90	85
7	81	90	85
7	81	90	85
7	81	90	85
7	81	90	85
7	81	90	85
7	81	90	85
7	81	90	85
7	81	90	85
7	81	90	85
7	81	90	85
7	81	90	85
7	81	90	85
7	81	90	85
7	81	90	85
7	81	90	85
7	81	90	85
7	81	90	85
7	81	90	85
7	81	90	85
7	81	90	85
7	81	90	85
7	81	90	85
7	81	90	85
7	81	90	85
7	81	90	85
7	81	90	85
7	81	90	85
7	81	90	85
7	81	90	85
7	81	90	85
7	81	90	85
7	81	90	85
7	81	90	85
7	81	90	85
7	81	90	85
7	81	90	85
7	81	90	85
7	81	90	85
7	81	90	85
7	81	90	85
7	81	90	85
7	81	90	85
7	81	90	85
7	81	90	85
7	81	90	85
7	81	90	85
7	81	90	85
7	81	90	85
7	81	90	85
7	81	90	85
7	81	90	85
7	81	90	85
7	81	90	85
7	81	90	85
7	81	90	85
7	81	90	85
7	81	90	85
7	81	90	85
7	81	90	85
7	81	90	85
7	81	90	85
7	81	90	85
7	81	90	85
124	81	90	85
299	81	90	85
64	140	90	85
146	114	90	85
172	130	107	97
163	129	118	98
252	188	118	98
2	63	118	98
1	30	118	98
1	29	118	98
2	66	118	98
2	66	118	98
2	26	118	98
2	26	118	98
2	70	118	98
2	70	118	98
1	69	118	98
3	70	118	98
269	229	118	98
-11	59	118	98
251	177	118	98
241	145	129	105
217	132	141	113
214	127	139	121
206	125	141	123
202	127	144	117
198	130	147	122
197	130	150	121
197	137	150	123
204	138	147	104
206	131	147	117
209	122	146	126
212	122	144	120
192	123	166	132
193	90	161	132
183	75	166	137
175	62	163	137
176	50	143	135
180	53	132	130
193	56	105	126
131	40	131	123
117	33	101	132
87	33	101	132
27	33	101	132
27	33	101	132
-2	33	101	132
0	35	114	136
-9	33	124	150
-9	33	124	150
-39	33	124	150
-8	33	124	150
-8	68	124	150
-8	68	124	150
-8	68	124	150
-8	68	124	150
32	80	124	150
80	109	130	155
112	115	141	147
153	122	148	127
151	121	152	128
242	106	143	127
278	90	157	136
309	78	180	134
336	66	178	134
355	54	169	136
361	43	164	145
350	43	173	143
337	41	168	146
340	42	161	144
278	48	157	157
239	60	152	152
189	71	145	152
131	79	160	166
118	84	171	163
116	80	174	167
13	78	192	181
13	78	192	181
14	80	192	181
-41	23	192	181
-39	26	192	181
-40	24	192	181
-40	24	192	181
-40	24	192	181
-40	24	192	181
-40	24	192	181
-99	24	192	181
-39	24	192	181
-40	24	192	181
17	83	192	181
16	140	192	181
74	140	192	181
133	155	169	151
196	148	154	131
199	147	150	126
294	115	143	121
294	117	143	125
322	93	159	135
349	74	159	141
362	57	159	150
364	51	163	149
364	52	165	146
362	53	166	148
295	70	183	148
246	86	199	144
198	111	204	131
149	112	204	131
88	112	204	131
88	112	204	131
-45	44	204	131
62	151	204	131
-48	40	204	131
-48	40	204	131
-48	40	204	131
-49	39	204	131
-48	40	204	131
-48	40	204	131
-48	42	204	131
-49	40	204	131
-49	40	204	131
-49	40	204	131
-49	40	204	131
-49	40	204	131
-49	40	204	131
-49	40	204	131
37	129	204	131
85	154	184	110
155	146	150	98
216	129	145	114
279	113	133	115
310	89	142	125
354	50	142	129
360	38	145	135
354	39	144	137
341	46	148	141
315	74	148	132
244	119	147	118
193	138	134	96
161	147	115	88
60	146	115	88
96	147	115	88
98	147	115	88
-17	32	115	88
-92	-69	115	88
-5	59	115	88
84	192	115	88
83	192	115	88
84	193	115	88
86	195	115	88
-23	86	115	88
-23	86	115	88
9	63	115	88
131	185	115	88
196	185	115	88
234	168	112	98
303	160	110	99
322	157	113	99
341	160	102	105
347	175	102	96
350	177	98	91
349	206	98	91
349	206	98	91
349	205	98	91
349	206	98	91
526	65	98	91
342	213	98	91
110	136	98	91
-11	56	98	91
-11	58	98	91
122	146	98	91
27	53	98	91
27	53	98	91
-24	51	98	91
-23	51	98	91
-23	51	98	91
-23	51	98	91
-23	51	98	91
-23	51	98	91
-23	51	98	91
-23	51	98	91
-23	51	98	91
-23	51	98	91
93	110	98	91
-23	50	98	91
-23	48	98	91
34	48	98	91
150	107	98	91
91	105	98	91
90	105	98	91
90	105	98	91
90	105	98	91
90	105	98	91
90	105	98	91
90	105	98	91
90	105	98	91
31	105	98	91
-28	47	98	91
28	45	98	91
144	104	98	91
144	102	98	91
144	102	98	91
27	102	98	91
27	102	98	91
27	44	98	91
27	101	98	91
27	41	98	91
27	98	98	91
27	96	98	91
27	96	98	91
27	96	98	91
85	96	98	91
259	38	98	91
258	36	98	91
316	95	98	91
22	93	98	91
21	93	98	91
21	93	98	91
21	93	98	91
21	93	98	91
21	93	98	91
21	93	98	91
21	93	98	91
21	93	98	91
21	93	98	91
21	93	98	91
255	35	98	91
255	33	98	91
21	92	98	91
21	90	98	91
21	90	98	91
21	90	98	91
21	90	98	91
21	90	98	91
21	90	98	91
21	90	98	91
255	32	98	91
255	30	98	91
21	89	98	91
21	87	98	91
21	87	98	91
21	87	98	91
21	87	98	91
21	87	98	91
21	87	98	91
21	87	98	91
21	87	98	91
21	87	98	91
21	87	98	91
21	87	98	91
21	87	98	91
21	87	98	91
21	87	98	91
255	29	98	91
21	86	98	91
255	84	98	91
255	84	98	91
255	84	98	91
255	84	98	91
255	84	98	91
79	84	98	91
25	84	98	91
56	24	98	91
56	24	98	91
56	24	98	91
240	116	98	91
273	116	98	91
2	82	98	91
109	153	98	91
222	79	98	91
261	80	98	91
262	80	98	91
305	79	98	91
304	80	98	91
257	80	98	91
286	80	98	91
285	80	98	91
156	80	98	91
156	113	98	91
85	114	98	91
86	188	98	91
125	72	98	91
85	74	98	91
258	29	98	91
141	162	98	91
295	71	98	91
294	103	98	91
294	104	98	91
294	104	98	91
302	74	98	91
310	74	91	106
279	74	91	106
279	74	91	106
280	108	91	106
280	78	91	106
280	77	91	106
280	112	91	106
280	77	91	106
280	76	91	106
280	76	91	106
280	76	91	106
249	76	91	106
249	76	91	106
216	76	91	106
251	112	91	106
214	75	91	106
255	76	91	106
256	76	91	106
284	32	91	106
274	36	97	100
262	31	118	99
268	35	117	100
276	41	109	105
282	56	109	107
285	72	113	105
289	81	115	109
289	81	112	109
293	89	114	112
296	100	118	115
298	106	114	107
296	106	118	108
300	103	117	109
298	99	119	114
299	102	117	109
295	95	124	116
300	98	120	111
299	98	120	114
301	94	116	115
303	89	117	111
298	85	126	116
299	88	121	116
18	89	121	116
130	126	121	116
286	87	121	116
328	87	121	116
371	43	121	116
326	43	121	116
327	43	121	116
279	43	121	116
279	42	121	116
323	228	121	116
262	14	121	116
327	45	121	116
259	79	121	116
259	79	121	116
259	79	121	116
259	79	121	116
247	108	121	116
249	116	122	116
255	120	117	108
259	120	114	109
264	121	108	110
269	122	112	109
274	126	112	102
274	124	112	107
280	132	112	104
283	138	114	106
289	151	114	85
288	160	120	78
292	168	120	97
290	180	126	87
295	188	118	89
292	189	113	85
287	195	111	64
286	195	111	64
261	219	111	64
260	219	111	64
261	219	111	64
261	219	111	64
261	219	111	64
260	219	111	64
261	219	111	64
261	218	111	64
225	183	111	64
198	164	120	83
173	130	115	103
141	111	120	116
97	92	131	135
40	72	146	128
3	61	140	138
-37	22	140	138
88	147	140	138
89	148	140	138
-3	55	140	138
-2	56	140	138
-2	55	140	138
-2	55	140	138
-2	55	140	138
-2	55	140	138
-2	55	140	138
-2	55	140	138
-2	55	140	138
-2	55	140	138
-2	55	140	138
114	113	140	138
114	112	140	138
54	111	140	138
132	135	134	117
216	135	121	100
287	121	113	102
344	108	128	110
342	109	145	108
427	78	147	121
441	68	150	121
443	62	156	121
437	62	163	124
436	61	163	128
436	61	160	126
390	86	168	128
338	107	165	122
286	124	176	112
217	131	146	101
145	128	130	124
132	130	139	121
-17	130	139	121
98	130	139	121
97	130	139	121
-31	44	139	121
-32	44	139	121
-32	44	139	121
-32	42	139	121
-30	44	139	121
-30	44	139	121
-30	44	139	121
-32	42	139	121
-32	42	139	121
84	101	139	121
84	99	139	121
84	99	139	121
26	99	139	121
119	158	139	121
180	157	118	96
238	156	115	89
286	152	109	89
330	152	109	85
359	154	114	90
357	155	120	90
397	179	121	87
394	178	128	107
394	208	128	107
394	207	128	107
427	207	128	107
426	207	128	107
391	208	128	107
390	207	128	107
391	208	128	107
391	208	128	107
390	207	128	107
16	67	128	107
16	67	128	107
16	69	128	107
15	67	128	107
73	126	128	107
13	66	128	107
12	64	128	107
12	64	128	107
12	64	128	107
12	64	128	107
12	64	128	107
12	64	128	107
12	64	128	107
12	64	128	107
12	64	128	107
12	64	128	107
12	64	128	107
12	64	128	107
12	64	128	107
12	64	128	107
70	123	128	107
10	63	128	107
9	61	128	107
9	61	128	107
9	61	128	107
9	61	128	107
9	61	128	107
9	61	128	107
9	61	128	107
9	61	128	107
9	61	128	107
9	61	128	107
9	61	128	107
9	61	128	107
9	61	128	107
9	61	128	107
9	61	128	107
9	61	128	107
9	61	128	107
67	120	128	107
7	60	128	107
6	58	128	107
6	58	128	107
6	58	128	107
6	58	128	107
6	58	128	107
6	58	128	107
