0.693730
0.054621
0.053997
0.055650
0.054760
0.054800
0.055586
0.055275
0.055227
0.055483
0.051770
0.052050
0.055593
0.055500
0.056320
0.053967
0.051855
0.052281
0.053509
0.052571
0.053075
0.039904
0.040149
0.040806
0.041653
0.036951
0.036887
0.036931
0.037711
0.037336
0.053121
0.037590
0.038308
0.037662
0.037584
0.038165
0.037590
0.037579
0.041545
0.049440
0.055710
0.037233
0.036981
0.039889
0.017168
0.017129
0.017048
0.017076
0.017232
0.017314
0.016625
0.016779
0.016733
0.016826
0.016827
0.016959
0.016845
0.016930
0.016858
0.016940
0.016868
0.016826
0.017014
0.016827
0.016827
0.017347
0.017184
0.016888
0.016834
0.017043
0.016896
0.034061
0.039110
0.019015
0.016695
0.016719
0.016952
0.016904
0.017053
0.033583
0.065152
0.040945
0.037290
0.037327
0.037795
0.037776
0.038054
0.037764
0.038407
0.038593
0.056882
0.037575
0.037603
0.037588
0.038788
0.038775
0.038711
0.037186
0.038481
0.038560
0.038807
0.040417
0.040704
0.038274
0.039049
0.039658
0.039280
0.039507
0.039516
0.039114
0.039136
0.039246
0.038761
0.057020
0.045953
0.040873
0.041255
0.035061
0.017066
0.016879
0.017046
0.017156
0.017164
0.017279
0.017581
0.016780
0.016744
0.016839
0.031518
0.043242
0.051730
0.037079
0.052870
0.037294
0.036723
0.036607
0.056163
0.039493
0.040092
0.038696
0.038657
0.037253
0.037880
0.038212
0.039341
0.040265
0.052116
0.041553
0.042096
0.040126
0.040121
0.039805
0.039721
0.038660
0.051112
0.055154
0.039743
0.037304
0.041997
0.052398
0.038470
0.054757
0.039130
0.019016
0.016661
0.016842
0.016762
0.017621
0.016891
0.017105
0.016982
0.017218
0.016686
0.016566
0.016715
0.016927
0.016772
0.016775
0.016939
0.017244
0.016766
0.016802
0.016896
0.016774
0.017487
0.017180
0.016761
0.016770
0.017201
0.016788
0.033166
0.039357
0.039207
0.039296
0.041808
0.042109
0.041933
0.053371
0.040461
0.055800
0.040657
0.040417
0.041210
0.036513
0.038107
0.043553
0.043002
0.042838
0.042411
0.039402
0.039174
0.039625
0.039163
0.039837
0.044214
0.045864
0.044941
0.040381
0.040298
0.041214
0.041157
0.040553
0.040554
0.040088
0.040507
0.039955
0.040559
0.040622
0.040694
0.041842
0.041233
0.041107
0.040121
0.040080
0.040103
0.039036
0.043462
0.042770
0.042620
0.041915
0.040941
0.040568
0.040672
0.043275
0.042101
0.042942
0.043032
0.054559
0.044181
0.044401
0.044337
0.043987
0.043962
0.043117
0.044055
0.043267
0.040168
0.040923
0.043991
0.040579
0.040689
0.040732
0.040470
0.040053
0.040570
0.045117
0.044686
0.043854
0.044211
0.044652
0.040189
0.039911
0.040174
0.043423
0.041731
0.041443
0.051457
0.018715
0.018697
0.019016
0.016796
0.016699
0.016910
0.016870
0.016980
0.016972
0.017304
0.017477
0.016582
0.016789
0.016728
0.016789
0.017553
0.016926
0.017008
0.016854
0.016826
0.016793
0.016748
0.016822
0.016751
0.016750
0.016889
0.016802
0.016720
0.016893
0.016762
0.016776
0.016952
0.016840
0.016828
0.016971
0.016863
0.016780
0.017036
0.017192
0.017172
0.016867
0.017070
0.016884
0.016792
0.016727
0.016799
0.016982
0.016714
0.016924
0.017265
0.016759
0.016838
0.016779
0.016892
0.016704
0.016769
0.016883
0.016832
0.016716
0.016878
0.017254
0.016894
0.016911
0.016988
0.016832
0.016782
0.016748
0.016824
0.016770
0.017106
0.016877
0.017245
0.016730
0.016995
0.016809
0.016809
0.016718
0.017021
0.016740
0.016749
0.016914
0.016777
0.017505
0.033632
0.042005
0.041709
0.039068
0.019046
0.019036
0.016769
0.016687
0.016890
0.016860
0.017063
0.017439
0.017154
0.017464
0.016608
0.016839
0.016805
0.033374
0.042542
0.043643
0.040570
0.037319
0.040687
0.040175
0.040442
0.039585
0.040730
0.040187
0.040241
0.040397
0.040470
0.041003
0.040851
0.041436
0.041076
0.042903
0.040555
0.044541
0.043297
0.041517
0.035224
0.039799
0.034968
0.043231
0.039794
0.049880
0.039564
0.019684
0.016739
0.017492
0.017412
0.017237
0.033237
0.039603
0.037125
0.036956
0.036837
0.036808
0.036618
0.041102
0.037328
0.036993
0.036984
0.037231
0.041468
0.039023
0.037356
0.037403
0.037350
0.036921
0.037539
0.041837
0.037589
0.034455
0.017121
0.017231
0.017093
0.017231
0.017334
0.017256
0.017118
0.017098
0.017087
0.017308
0.017509
0.017255
0.017299
0.031971
0.039896
0.037316
0.040580
0.052838
0.052438
0.052632
0.050477
0.037072
0.037347
0.037215
0.038198
0.038635
0.059717
0.041762
0.051667
0.039270
0.020166
0.017012
0.016937
0.017056
0.017252
0.017105
0.017170
0.017193
0.017663
0.016751
0.016807
0.016835
0.017718
0.017060
0.017342
0.017676
0.017228
0.033654
0.042334
0.039345
0.038578
0.039034
0.038764
0.039140
0.039045
0.040574
0.039302
0.039599
0.039069
0.038697
0.056653
0.039136
0.017372
0.016764
0.016900
0.016926
0.017298
0.017172
0.017362
0.017375
0.017390
0.016813
0.016701
0.032263
0.038775
0.035190
0.041518
0.041946
0.045877
0.042062
0.041918
0.042383
0.038607
0.018813
0.026256
0.019256
0.016988
0.017333
0.016979
0.017272
0.016980
0.017063
0.017287
0.018046
0.016775
0.017024
0.017170
0.017318
0.017952
0.018018
0.017945
0.017858
0.017923
0.018338
0.017936
0.017989
0.018381
0.017955
0.017940
0.018085
0.018135
0.017940
0.017900
0.017920
0.017881
0.018080
0.018294
0.018272
0.018017
0.017859
0.018293
0.017982
0.018182
0.017908
0.018017
0.018082
0.018417
0.018323
0.018018
0.018153
0.018514
0.018500
0.017967
0.017874
0.018135
0.018260
0.018462
0.018456
0.018064
0.017940
0.018312
0.018424
0.018043
0.017976
0.018003
0.018261
0.017920
0.018708
0.018093
0.017944
0.017945
0.017858
0.018290
0.018317
0.018027
0.017941
0.018454
0.019691
0.018591
0.018454
0.017951
0.018335
0.018408
0.018213
0.017029
0.016861
0.016850
0.016923
0.016909
0.017257
0.017118
0.016987
0.016780
0.016896
0.016934
0.016914
0.016945
0.017094
0.016807
0.016790
0.016973
0.016917
0.032231
0.054643
0.054764
0.054707
0.039014
0.019141
0.016750
0.016645
0.016776
0.017654
0.017043
0.017056
0.017177
0.018068
0.032422
0.038623
0.019099
0.016655
0.016900
0.016777
0.016972
0.017393
0.017350
0.032664
0.038768
0.019053
0.016688
0.017462
0.033237
0.042460
0.039345
0.019864
0.032145
0.038946
0.019019
0.017413
0.016915
0.018167
0.033509
0.054234
0.038995
0.019130
0.016712
0.016954
0.017047
0.016956
0.018343
0.033416
0.041949
0.041581
0.042295
0.042382
0.042284
0.043653
0.043148
0.042921
0.042696
0.043075
0.043776
0.043414
0.043693
0.043740
0.043854
0.043069
0.043942
0.044933
0.044826
0.044531
0.043998
0.039236
0.039934
0.017834
0.016849
0.017985
0.017953
0.017229
0.018323
0.016705
0.017456
0.033147
0.040401
0.019030
0.016949
0.016850
0.016947
0.017165
0.033741
0.043929
0.056879
0.042944
0.042958
0.042539
0.042990
0.043089
0.079322
0.053056
0.055912
0.044165
0.054310
0.058554
0.052933
0.052954
0.054278
0.052750
0.050201
0.024512
0.024624
0.025131
0.019129
0.025660
0.020293
0.023283
0.043568
0.054430
0.056813
0.054654
0.059452
0.052155
0.049642
0.046372
0.023052
0.022964
0.023391
0.023492
0.022411
0.022428
0.023042
0.022803
0.022422
0.022585
0.022465
0.022550
0.018033
0.022494
0.022666
0.043366
0.054112
0.048636
0.055047
0.054697
0.047319
0.049784
0.051959
0.051913
0.047730
0.048935
0.052616
0.049443
0.049481
0.048836
0.048939
0.039284
0.048389
0.047639
0.023451
0.022853
0.023010
0.023017
0.023089
0.021642
0.021815
0.025059
0.022158
0.022160
0.022539
0.022237
0.023838
0.022569
0.022542
0.042032
0.055234
0.054899
0.057087
0.055296
0.049227
0.055391
0.057790
0.057600
0.056001
0.026166
0.026158
0.023194
0.023799
0.022310
0.022708
0.022877
0.017272
0.023259
0.023359
0.021968
0.022180
0.022479
0.022463
0.023316
0.017914
0.022635
0.022636
0.022363
0.022362
0.023163
0.022519
0.022435
0.022348
0.022608
0.025549
0.022595
0.022874
0.022534
0.022443
0.022415
0.022483
0.022416
0.022441
0.022329
0.022624
0.022573
0.025487
0.023392
0.022621
0.022714
0.022558
0.022415
0.022308
0.022395
0.022406
0.022349
0.022444
0.022417
0.022533
0.023742
0.022370
0.022406
0.022743
0.022786
