1.00
1.13
1.01
1.16
1.12
1.14
1.14
1.17
1.15
1.16
1.18
1.16
1.12
1.03
1.17
1.09
1.14
1.14
1.11
1.18
1.16
1.15
0.90
1.14
1.16
1.13
1.16
0.79
1.17
1.15
1.14
1.10
1.07
1.13
1.14
1.15
1.15
1.13
0.97
1.12
1.13
1.12
1.06
1.09
1.08
1.07
0.81
0.65
0.89
0.87
0.88
0.83
0.81
0.82
0.76
0.68
0.59
0.50
0.49
0.36
0.27
0.26
0.25
0.22
0.22
0.17
0.19
0.17
0.20
0.16
0.21
0.62
0.35
0.53
0.70
0.64
0.69
0.75
0.71
0.68
0.59
0.59
0.63
0.65
0.61
0.62
0.60
0.57
0.56
0.64
0.61
0.61
0.68
0.59
0.54
0.53
0.60
0.70
0.71
0.71
0.71
0.81
0.74
0.76
0.74
0.77
0.86
0.79
0.82
0.83
0.84
0.82
0.83
0.81
0.78
0.81
0.81
0.75
0.79
0.77
0.73
0.71
0.68
0.71
0.66
0.69
0.66
0.67
0.72
0.72
0.69
0.71
0.85
0.92
0.97
1.02
1.04
1.02
1.03
1.03
1.08
1.03
1.05
0.94
0.91
0.87
0.81
0.83
0.78
0.86
0.80
0.74
0.71
0.72
0.66
0.59
0.52
0.61
0.58
0.59
0.60
0.64
0.68
0.64
0.64
0.66
0.64
0.67
0.63
0.62
0.67
0.78
0.72
0.65
0.66
0.64
0.65
0.67
0.59
0.57
0.60
0.58
0.60
0.57
0.65
0.66
0.72
0.60
0.51
0.47
0.41
0.46
0.49
0.45
0.42
0.39
0.47
0.42
0.25
0.32
0.24
0.41
0.29
0.38
0.28
0.27
0.29
0.34
0.32
0.31
0.33
0.34
0.33
0.36
0.33
0.30
0.28
0.26
0.19
0.25
0.23
0.26
0.25
0.39
0.44
0.46
0.35
0.32
0.40
0.50
0.47
0.38
0.49
0.48
0.48
0.44
0.45
0.42
0.44
0.48
0.53
0.52
0.56
0.46
0.49
0.58
0.52
0.55
0.58
0.50
0.59
0.59
0.50
0.47
0.48
0.47
0.41
0.55
0.50
0.61
0.63
0.62
0.68
0.51
0.51
0.56
0.48
0.58
0.55
0.61
0.60
0.49
0.66
0.58
0.47
0.65
0.48
0.63
0.64
0.57
0.50
0.65
0.54
0.69
0.68
0.50
0.70
0.56
0.67
0.73
0.71
0.60
0.78
0.56
0.59
0.78
0.79
0.57
0.75
0.57
0.79
0.89
0.87
0.86
0.88
0.90
0.92
0.71
0.80
0.72
0.78
0.77
0.76
0.70
0.70
0.78
0.78
0.82
0.85
0.86
0.77
0.89
0.84
0.79
0.84
0.86
0.85
0.91
0.90
0.82
0.72
0.75
0.70
0.72
0.74
0.77
0.69
0.77
0.73
0.70
0.71
0.68
0.71
0.70
0.71
0.75
0.79
0.77
0.78
0.69
0.74
0.70
0.74
0.88
0.98
0.91
1.02
0.97
1.12
1.03
1.13
1.00
1.05
1.07
0.95
0.83
0.89
0.72
0.76
0.80
0.83
0.88
0.86
0.85
0.86
0.84
0.82
0.83
0.83
0.81
0.75
0.77
0.80
0.78
0.73
0.71
0.71
0.83
0.95
1.07
1.08
1.08
1.06
1.08
1.09
1.06
1.07
1.06
1.07
1.03
1.07
1.09
1.05
1.05
1.04
1.07
1.04
1.05
1.05
1.02
1.05
0.98
1.08
1.05
1.04
1.04
1.02
1.05
1.03
1.04
1.03
1.05
1.07
1.07
1.11
1.07
1.10
1.01
1.03
1.01
0.96
0.99
0.91
0.95
0.85
0.88
0.76
0.66
0.63
0.62
0.61
0.60
0.77
0.76
0.65
0.59
0.55
0.64
0.58
0.48
0.56
0.61
0.69
0.72
0.83
0.82
1.03
1.00
0.98
1.16
1.17
1.08
0.99
1.02
1.03
0.94
0.81
0.91
0.91
0.88
0.87
0.92
0.89
0.92
0.90
0.88
0.88
0.86
0.88
0.93
0.94
0.94
0.87
0.68
0.73
0.70
0.60
0.67
0.54
0.53
0.58
0.56
0.60
0.58
0.52
0.56
0.67
0.64
0.74
0.62
0.63
0.55
0.68
0.72
0.70
0.65
0.56
0.62
0.58
0.74
0.72
0.71
0.71
0.64
0.59
0.62
0.59
0.56
0.71
0.53
0.58
0.58
0.62
0.66
0.62
0.68
0.66
0.52
0.58
0.53
0.55
0.58
0.56
0.52
0.57
0.54
0.66
0.64
0.74
0.70
0.59
0.64
0.65
0.61
0.70
0.66
0.59
0.70
0.70
0.68
0.74
0.81
0.68
0.48
0.59
0.74
0.68
0.57
0.50
0.71
0.76
0.51
0.44
0.75
0.78
0.69
0.91
0.89
1.00
0.98
1.02
0.98
0.97
0.96
0.95
0.96
0.92
0.93
0.93
0.74
0.96
0.85
0.73
0.89
0.91
0.79
0.91
0.84
0.78
0.96
0.97
0.93
0.97
0.90
0.97
0.98
0.83
0.99
0.88
0.94
0.91
0.98
0.78
0.87
0.97
0.96
0.93
0.92
0.74
0.58
0.52
0.41
0.49
0.47
0.35
0.26
0.40
0.36
0.36
0.39
0.47
0.48
0.52
0.31
0.27
0.33
0.34
0.34
0.30
0.37
0.35
0.41
0.46
0.49
0.55
0.43
0.43
0.51
0.55
0.43
0.55
0.39
0.44
0.52
0.36
0.39
0.33
0.19
0.15
0.17
0.18
0.21
0.24
0.23
0.27
0.27
0.23
0.23
0.26
0.25
0.24
0.24
0.20
0.22
0.25
0.26
0.27
0.25
0.32
0.21
0.23
0.22
0.23
0.23
0.28
0.23
0.26
0.22
0.14
0.16
0.18
0.22
0.21
0.22
0.22
0.23
0.25
0.27
0.30
0.26
0.26
0.26
0.24
0.25
0.36
0.48
0.31
0.37
0.61
0.41
0.64
0.80
0.89
1.04
1.06
0.78
0.53
0.93
1.02
1.02
1.03
1.00
1.05
1.04
1.07
1.06
1.12
1.12
1.04
1.06
1.09
1.03
1.06
1.03
1.09
1.05
1.00
1.03
1.01
1.06
1.06
1.08
1.01
1.04
1.01
1.00
1.00
1.04
1.04
1.03
0.98
1.06
1.02
1.02
1.07
1.07
1.06
1.06
1.07
1.10
1.04
1.00
0.99
1.00
0.89
0.89
0.92
0.99
0.91
0.76
0.79
0.81
0.86
0.84
0.77
0.62
0.67
0.70
0.84
0.76
0.70
0.66
0.70
0.70
0.71
0.70
0.65
0.66
0.82
0.79
0.80
0.83
0.81
0.84
0.78
0.86
0.88
0.85
0.92
0.92
0.90
0.86
0.97
1.00
1.06
1.00
1.07
1.07
0.97
0.98
1.05
0.92
1.00
0.97
1.02
0.94
0.99
0.92
0.94
0.90
0.99
1.05
0.99
1.15
1.10
1.08
1.06
1.11
1.04
1.07
1.09
1.06
1.08
1.09
1.11
1.11
1.08
1.05
1.07
1.09
1.06
1.07
1.05
1.06
1.05
1.06
1.05
1.07
1.08
1.05
1.06
1.03
1.03
1.04
1.05
1.03
1.02
1.06
1.06
1.06
1.06
1.10
1.04
1.01
0.97
1.05
1.02
0.99
0.91
0.82
0.78
0.72
0.88
0.99
1.02
1.05
1.02
0.99
1.04
0.99
0.97
1.05
1.04
1.04
1.00
1.01
1.02
0.97
1.01
0.96
0.99
0.99
0.98
1.05
1.02
0.98
0.86
0.75
0.76
0.75
0.83
0.89
0.91
0.90
0.91
0.90
0.73
0.67
0.64
0.57
0.56
0.53
0.51
0.46
0.43
0.33
0.32
0.21
0.25
0.22
0.21
0.22
0.19
0.18
0.16
0.14
0.17
0.16
0.12
0.14
0.17
0.15
0.18
0.18
0.18
0.18
0.19
0.20
0.21
0.21
0.21
0.20
0.20
0.20
0.19
0.19
0.19
0.21
0.21
0.20
0.21
0.22
0.21
0.21
0.21
0.21
0.23
0.22
0.23
0.21
0.21
0.22
0.24
0.24
0.22
0.23
0.23
0.23
0.23
0.24
0.24
0.24
0.23
0.23
0.21
0.21
0.22
0.20
0.22
0.22
0.23
0.24
0.25
0.25
0.26
0.24
0.24
0.23
0.24
0.24
0.24
0.25
0.25
0.25
0.24
0.23
0.24
0.24
0.24
0.26
0.26
0.25
0.24
0.23
0.20
0.20
0.19
0.19
0.21
0.23
0.26
0.24
0.23
0.24
0.23
0.20
0.25
0.15
0.17
0.14
0.16
0.17
0.17
0.20
0.18
0.24
0.21
0.19
0.16
0.16
0.15
0.16
0.17
0.20
0.20
0.23
0.23
0.22
0.23
0.20
0.19
0.20
0.21
0.22
0.21
0.20
0.23
0.26
0.24
0.20
0.21
0.24
0.25
0.24
0.26
0.25
0.23
0.24
0.26
0.27
0.37
0.34
0.35
0.34
0.32
0.37
0.44
0.40
0.53
0.51
0.57
0.57
0.59
0.61
0.62
0.60
0.64
0.65
0.65
0.66
0.69
0.70
0.82
0.76
0.73
0.79
0.77
0.73
0.71
0.73
0.71
0.86
0.92
0.93
0.94
0.99
1.00
1.04
1.01
0.90
0.83
0.77
0.70
0.62
0.59
0.58
0.58
0.45
0.42
0.64
0.48
0.64
0.81
0.86
0.87
0.65
0.88
0.60
0.66
0.78
0.66
0.88
0.74
0.85
0.84
0.85
0.80
0.77
0.75
0.57
0.58
0.59
0.51
0.53
0.74
0.84
0.57
0.60
0.60
0.79
0.85
0.56
0.82
0.72
0.75
0.68
0.68
0.62
0.66
0.64
0.67
0.69
0.68
0.70
0.75
0.73
0.81
0.94
0.95
0.84
0.95
0.92
0.68
0.70
0.76
1.02
0.96
1.01
0.99
1.00
0.98
1.06
1.03
1.01
1.02
1.07
1.06
1.03
1.04
1.04
1.06
0.97
1.03
1.00
1.02
1.00
1.05
1.03
1.07
1.05
1.08
1.06
1.08
1.09
1.07
1.05
0.98
0.94
0.98
0.99
0.99
0.94
1.00
0.98
0.97
0.88
0.93
0.94
0.88
0.82
0.84
0.90
0.76
0.75
0.77
0.80
0.74
0.74
0.69
0.69
0.69
0.71
0.66
0.64
0.59
0.61
0.60
0.62
0.63
0.67
0.56
0.63
0.64
0.61
0.58
0.53
0.50
0.64
0.68
0.51
0.52
0.52
0.62
0.55
0.64
0.60
0.60
0.75
0.76
0.78
0.77
0.68
0.83
0.87
0.57
0.83
0.62
0.69
0.63
0.80
0.80
0.85
0.90
0.80
0.87
0.84
0.92
0.74
0.87
0.91
0.93
0.97
1.00
0.97
0.93
0.95
0.99
0.91
0.88
0.96
1.02
0.87
0.98
0.97
0.95
0.96
0.95
0.94
0.88
0.91
0.89
0.89
0.94
1.00
1.01
0.95
1.04
1.01
1.02
0.92
0.97
0.95
0.96
0.85
0.96
0.99
1.01
0.95
0.68
0.98
1.00
1.04
0.99
1.05
0.97
1.03
1.01
1.09
1.02
1.01
1.05
1.04
1.07
1.03
0.92
0.98
1.06
