1.00
1.04
0.79
0.68
0.96
1.09
0.80
1.02
0.90
0.96
0.75
0.92
0.95
1.05
0.85
1.02
0.84
0.64
0.92
0.98
0.98
0.87
0.94
0.89
0.90
0.96
0.84
0.74
0.69
0.78
0.67
0.86
0.68
0.83
0.78
0.71
0.80
0.65
0.71
0.86
0.87
1.00
0.98
1.04
1.07
1.03
1.06
1.06
1.07
1.02
1.00
1.04
0.81
0.78
1.00
1.00
1.09
1.02
0.75
0.65
0.85
0.71
0.81
0.73
0.72
0.63
0.70
0.63
0.69
0.67
0.71
0.74
0.73
0.76
0.73
0.77
0.75
0.76
0.75
0.71
0.67
0.88
0.98
0.90
0.88
0.95
0.93
0.95
0.93
0.96
0.94
1.04
0.98
1.02
1.10
1.05
0.97
0.94
0.79
0.96
1.03
0.99
0.94
0.90
0.83
0.89
0.94
0.90
0.78
0.78
0.83
0.81
0.70
0.88
0.55
0.69
0.93
0.68
0.65
0.53
0.80
0.50
0.72
0.92
0.65
0.53
0.29
0.05
0.06
0.11
0.12
0.05
0.08
0.09
0.09
0.07
0.09
0.07
0.13
0.20
0.15
0.62
0.48
0.47
0.47
0.74
0.69
0.81
0.85
0.81
0.86
0.83
0.80
0.87
0.82
0.91
0.91
0.82
0.94
0.87
0.89
0.67
0.87
1.07
1.00
0.88
0.92
0.85
0.86
0.77
0.97
0.84
0.83
0.84
1.01
0.95
0.85
0.83
0.86
0.82
0.94
0.97
0.97
0.93
1.07
0.95
0.76
0.81
0.89
0.81
0.87
0.98
0.92
0.74
0.79
0.81
0.81
0.72
0.84
0.93
0.72
0.76
0.77
0.59
0.54
0.36
0.37
0.46
0.38
0.36
0.39
0.34
0.41
0.35
0.34
0.29
0.36
0.28
0.29
0.39
0.31
0.35
0.40
0.38
0.34
0.39
0.24
0.26
0.38
0.52
0.35
0.39
0.46
0.45
0.47
0.46
0.89
0.78
0.79
0.72
0.79
0.66
0.82
0.79
0.69
0.82
0.92
0.70
0.65
0.69
0.64
0.88
0.66
0.64
0.73
0.70
0.74
0.62
0.85
0.86
0.44
0.68
0.68
0.64
0.74
0.77
0.67
0.78
0.96
0.57
0.88
0.92
0.93
0.92
1.05
0.84
0.86
0.86
0.82
0.91
0.92
0.95
0.99
1.00
1.04
1.00
1.10
1.09
1.10
1.11
1.02
1.10
1.11
1.09
1.12
1.07
0.94
0.75
1.02
0.95
0.78
0.72
0.79
0.92
0.77
0.85
0.74
0.89
0.88
0.82
0.90
0.85
0.87
0.85
0.86
0.82
0.88
0.95
0.90
0.91
0.87
0.88
0.87
0.89
0.89
0.94
0.82
0.86
0.83
0.92
0.89
0.95
0.90
1.02
1.04
0.87
1.00
1.06
1.01
0.87
0.96
0.89
0.91
0.95
0.92
0.87
0.87
0.84
0.83
0.50
0.76
0.87
0.73
0.64
0.54
0.77
0.77
0.53
0.33
0.26
0.26
0.33
0.50
0.57
0.41
0.42
0.45
0.49
0.56
0.48
0.66
0.65
0.63
0.59
0.74
0.77
0.73
0.69
0.75
0.71
0.58
0.74
0.68
0.55
0.69
0.62
0.69
0.50
0.46
0.48
0.57
0.56
0.55
0.37
0.44
0.60
0.51
0.51
0.52
0.36
0.56
0.70
0.61
0.73
0.70
0.66
0.51
0.59
0.69
0.62
0.59
0.39
0.64
0.42
0.32
0.42
0.41
0.35
0.26
0.19
0.11
0.09
0.07
0.04
0.06
0.11
0.06
0.11
0.09
0.16
0.15
0.16
0.23
0.16
0.12
0.04
0.08
0.17
0.22
0.19
0.14
0.31
0.05
0.06
0.06
0.07
0.05
0.04
0.07
0.13
0.17
0.25
0.09
0.00
0.16
0.22
0.12
0.21
0.18
0.00
0.05
0.03
0.29
0.18
0.21
0.24
0.14
0.16
0.38
0.39
0.05
0.44
0.41
0.21
0.17
0.28
0.33
0.32
0.57
0.29
0.25
0.07
0.07
0.54
0.36
0.05
0.34
0.15
0.23
0.14
0.09
0.10
0.11
0.12
0.49
0.58
0.36
0.29
0.82
0.64
0.77
0.12
0.10
0.26
0.74
0.75
0.73
0.80
0.66
0.93
0.98
1.11
1.02
1.15
0.95
1.05
1.04
0.80
0.83
0.76
0.81
0.94
0.63
0.59
0.72
0.66
0.77
0.81
0.83
0.76
0.81
0.87
0.89
1.03
0.95
0.80
0.85
0.99
0.83
0.83
0.80
0.74
0.86
0.74
0.89
0.86
0.59
0.62
0.73
0.51
0.54
0.59
0.66
0.52
0.48
0.42
0.52
0.41
0.51
0.63
0.64
0.58
0.56
0.80
0.73
0.83
0.78
0.70
0.51
0.92
0.95
0.91
0.87
0.73
0.83
0.98
0.97
0.80
0.95
0.98
0.98
1.00
0.99
0.87
0.83
0.81
0.83
0.74
0.67
0.76
0.84
0.86
0.85
0.79
0.95
0.99
0.70
0.91
0.91
0.93
0.84
0.83
0.61
0.78
0.62
0.71
0.62
0.73
0.57
0.52
0.53
0.60
0.70
0.67
0.56
0.43
0.55
0.47
0.79
0.74
0.60
0.73
0.75
0.82
0.87
0.83
0.84
0.72
0.96
1.01
0.74
0.76
0.88
1.07
0.75
0.87
1.03
1.09
1.08
1.05
1.10
0.84
0.94
1.12
1.10
1.05
1.10
1.08
1.12
1.05
1.03
0.91
0.89
0.99
0.85
0.82
1.06
1.12
1.02
0.94
0.91
0.86
0.95
1.02
1.11
0.98
1.05
1.00
1.00
0.90
0.96
1.02
1.04
0.90
0.86
0.80
0.83
0.77
0.81
0.82
0.80
0.60
0.39
0.29
0.29
0.44
0.42
0.36
0.17
0.49
0.44
0.43
0.52
0.61
0.65
0.61
0.78
0.46
0.61
0.71
0.83
0.78
0.47
0.51
0.41
0.58
0.70
0.80
0.71
1.06
1.08
0.86
1.05
0.92
0.97
1.09
0.88
0.88
0.69
0.74
0.88
0.83
0.91
0.85
0.60
0.77
0.92
0.93
0.86
0.85
1.01
0.91
0.87
0.95
1.02
1.00
1.09
1.15
1.15
1.15
0.96
1.12
0.94
0.93
0.74
0.92
0.66
0.62
0.54
0.58
0.46
0.47
0.81
0.92
1.02
0.96
1.04
0.87
0.91
0.84
0.95
0.88
0.91
0.93
0.85
0.83
0.77
0.85
0.95
0.93
0.87
0.99
1.08
1.12
1.06
1.12
1.03
1.07
1.10
1.09
1.10
1.10
1.10
1.05
1.11
1.11
1.12
1.09
1.02
1.06
1.08
1.02
1.05
1.05
1.09
1.10
1.12
1.20
1.01
0.87
0.74
0.71
0.88
0.83
0.86
0.57
0.82
0.31
0.51
0.80
1.04
0.27
0.26
0.72
0.51
0.17
0.58
0.50
0.78
0.73
0.80
0.82
0.67
0.83
0.82
0.77
0.83
0.81
0.76
0.81
0.64
0.81
0.85
0.83
0.83
0.93
0.94
0.84
0.89
0.92
0.85
0.91
0.90
0.72
0.76
0.62
0.63
0.83
0.80
0.87
0.80
0.77
0.89
0.89
0.84
0.85
0.82
0.82
0.78
0.74
0.83
0.84
0.85
0.85
0.95
0.91
0.85
0.82
0.73
0.87
0.84
0.72
0.80
0.86
0.99
0.92
0.95
0.91
0.99
0.98
0.92
0.86
0.80
0.91
0.93
0.83
0.89
0.80
0.87
1.00
0.99
0.92
1.05
0.90
0.88
0.74
0.67
0.64
0.75
0.83
0.69
0.50
0.81
0.61
0.55
0.69
0.72
0.71
0.69
0.83
0.88
0.88
0.84
0.89
0.84
0.77
0.84
0.87
0.65
0.82
0.79
0.86
0.81
0.81
0.85
0.81
0.82
0.83
0.85
0.82
0.77
0.84
0.75
0.84
0.70
0.76
0.72
0.51
0.71
0.69
0.76
0.86
0.83
0.78
0.85
0.94
0.89
0.60
0.77
0.64
0.83
0.93
0.84
0.70
0.52
0.66
0.73
0.78
0.81
0.77
0.79
0.83
0.83
0.87
0.85
0.71
0.73
0.59
0.63
0.50
0.36
0.13
0.04
0.17
0.04
0.10
0.25
0.79
0.78
0.79
0.69
0.81
0.94
0.95
0.87
0.89
0.88
0.86
0.85
0.66
0.61
0.68
0.46
0.34
0.30
0.24
0.18
0.13
0.24
0.27
0.15
0.19
0.47
0.25
0.09
0.07
0.51
0.52
0.59
0.65
