0.636810
0.047335
0.047017
0.046131
0.046395
0.043931
0.046199
0.060963
0.046945
0.047045
0.047847
0.048635
0.048697
0.048497
0.048805
0.049497
0.049248
0.049510
0.050281
0.049025
0.050542
0.038900
0.055348
0.052779
0.042053
0.051933
0.052330
0.048930
0.039868
0.038595
0.051102
0.037972
0.038179
0.038157
0.038420
0.038239
0.043303
0.038873
0.038906
0.039461
0.053717
0.040729
0.040624
0.040183
0.040615
0.040423
0.040691
0.041107
0.041389
0.041248
0.055881
0.040380
0.041726
0.042330
0.036892
0.037463
0.038263
0.037837
0.037556
0.037934
0.054248
0.037155
0.037365
0.037100
0.036784
0.041249
0.041521
0.041399
0.041911
0.036751
0.055908
0.041731
0.037143
0.036693
0.041437
0.036966
0.041417
0.036986
0.048108
0.041844
0.061915
0.041369
0.041629
0.040879
0.059139
0.058717
0.059880
0.059979
0.045919
0.045737
0.078699
0.050934
0.056742
0.039782
0.049134
0.053348
0.040689
0.042104
0.042987
0.041793
0.041256
0.040881
0.040099
0.038350
0.039415
0.038674
0.039877
0.038998
0.042999
0.051009
0.061946
0.036904
0.037089
0.036864
0.037596
0.037423
0.050243
0.054428
0.042719
0.036979
0.036916
0.036875
0.037539
0.036741
0.048128
0.038911
0.043232
0.037096
0.016689
0.016522
0.016509
0.016416
0.016603
0.016509
0.016452
0.016530
0.017150
0.016685
0.016775
0.016497
0.016502
0.032604
0.038698
0.041013
0.040592
0.039317
0.039379
0.039420
0.039389
0.039919
0.039288
0.039339
0.038864
0.036413
0.036932
0.037758
0.040220
0.040620
0.051102
0.050159
0.065356
0.039088
0.039567
0.039006
0.038812
0.038893
0.048492
0.049244
0.040185
0.050151
0.074026
0.042917
0.042500
0.049700
0.054101
0.052659
0.048764
0.050362
0.049740
0.041919
0.075919
0.048395
0.052073
0.056052
0.055899
0.056379
0.052876
0.053329
0.054333
0.043537
0.041029
0.041505
0.040339
0.040572
0.051596
0.050569
0.051689
0.045230
0.056634
0.046681
0.070368
0.042376
0.044343
0.051007
0.052637
0.052655
0.052709
0.050943
0.053198
0.054772
0.082659
0.044083
0.052961
0.053919
0.052967
0.052472
0.051572
0.050706
0.049616
0.052170
0.082651
0.044349
0.050418
0.046743
0.049670
0.044022
0.030372
0.039638
0.040064
0.051740
0.075813
0.041921
0.042346
0.042445
0.043340
0.046374
0.044055
0.053681
0.054345
0.053842
0.086232
0.050145
0.041869
0.042070
0.044017
0.044268
0.045788
0.042430
0.052301
0.054330
0.079317
0.042997
0.042578
0.043267
0.047091
0.042629
0.045201
0.044541
0.044458
0.043258
0.043176
0.042862
0.042268
0.042116
0.042779
0.040381
0.050596
0.041054
0.039646
0.039809
0.039780
0.039388
0.040676
0.038490
0.040087
0.040675
0.040644
0.040857
0.040390
0.040598
0.077242
0.051987
0.053683
0.052535
0.040570
0.041311
0.041610
0.043155
0.055953
0.041669
0.084409
0.048937
0.037441
0.042726
0.043951
0.043161
0.043149
0.041882
0.054300
0.041647
0.052729
0.041292
0.041576
0.042407
0.042794
0.042378
0.042890
0.041119
0.040918
0.036350
0.076367
0.040925
0.038528
0.041236
0.039828
0.040536
0.040105
0.039890
0.039465
0.039407
0.079357
0.041220
0.041028
0.040976
0.040435
0.039722
0.040337
0.039400
0.039919
0.040540
0.081392
0.041718
0.042316
0.040775
0.040958
0.040285
0.040791
0.040353
0.039281
0.038539
0.077415
0.042630
0.047439
0.043977
0.044094
0.043726
0.043818
0.042418
0.047748
0.038503
0.043217
0.042869
0.042237
0.042222
0.051745
0.038956
0.040361
0.042964
0.042942
0.042035
0.041322
0.042780
0.042227
0.042933
0.043281
0.056530
0.057401
0.043058
0.043132
0.043047
0.058946
0.042669
0.041911
0.042145
0.040978
0.039989
0.051473
0.058554
0.057348
0.040340
0.041216
0.040688
0.043000
0.040421
0.039630
0.043219
0.041771
0.041228
0.041978
0.041872
0.041910
0.041356
0.040962
0.039430
0.039951
0.039832
0.038231
0.038382
0.036719
0.037408
0.036849
0.052830
0.052786
0.053510
0.053233
0.037006
0.037852
0.036905
0.039358
0.038427
0.037142
0.037971
0.036568
0.037363
0.036844
0.037477
0.036972
0.037805
0.037195
0.035465
0.017413
0.017286
0.017663
0.017752
0.017833
0.018096
0.018151
0.018187
0.018544
0.033427
0.035485
0.017467
0.017243
0.017254
0.017351
0.017581
0.018059
0.031535
0.035108
0.031098
0.035270
0.032003
0.035043
0.017897
0.017215
0.017236
0.017545
0.017744
0.017704
0.018041
0.032098
0.035562
0.017421
0.017265
0.017302
0.017461
0.017618
0.017785
0.031887
0.035206
0.017287
0.017305
0.031904
0.035178
0.017396
0.017204
0.017617
0.017614
0.032226
0.036708
0.035106
0.031788
0.036823
0.035087
0.017527
0.032848
0.037050
0.040467
0.039427
0.040421
0.050763
0.035242
0.017533
0.031765
0.036696
0.054799
0.037037
0.038961
0.017666
0.017228
0.017441
0.017522
0.017739
0.017941
0.034672
0.037306
0.039182
0.038464
0.038575
0.038291
0.038082
0.036235
0.018068
0.018966
0.033042
0.036695
0.039924
0.041904
0.042593
0.042217
0.043850
0.039921
0.040111
0.041055
0.038740
0.040183
0.040047
0.040404
0.040373
0.040324
0.040603
0.037880
0.037156
0.037603
0.037563
0.037784
0.037394
0.038055
0.037051
0.038799
0.088448
0.038506
0.039180
0.037653
0.037868
0.043720
0.054228
0.055109
0.051579
0.038588
0.039506
0.039450
0.039822
0.039819
0.040486
0.041946
0.052591
0.052577
0.052283
0.041667
0.052459
0.038560
0.040040
0.039856
0.039696
0.042635
0.054042
0.038002
0.038203
0.039351
0.040244
0.038179
0.036731
0.038047
0.036898
0.038262
0.036605
0.037971
0.036258
0.041515
0.039974
0.040673
0.039951
0.039971
0.038971
0.039471
0.039855
0.041197
0.039910
0.040750
0.088881
0.046167
0.053964
0.055248
0.041830
0.041814
0.042904
0.039620
0.040110
0.041108
0.082780
0.042583
0.049351
0.040469
0.040467
0.040112
0.040327
0.039326
0.038893
0.049527
0.092835
0.040141
0.044299
0.047214
0.037630
0.037341
0.037984
0.037126
0.037748
0.040254
0.083821
0.040064
0.038670
0.037887
0.053213
0.041681
0.040422
0.040293
0.040688
0.041918
0.049831
0.037060
0.042435
0.050209
0.038245
0.040892
0.040312
0.045012
0.037068
0.036570
0.082991
0.037598
0.044749
0.046067
0.039097
0.039692
0.041425
0.039896
0.040525
0.038279
0.060148
0.051876
0.060313
0.060900
0.058425
0.059607
0.059781
0.059942
0.058856
0.057367
0.091096
0.043581
0.044542
0.046363
0.043849
0.044600
0.040086
0.040195
0.044854
0.044326
0.084013
0.042088
0.039631
0.037959
0.036774
0.037344
0.036949
0.038679
0.054607
0.040542
0.083634
0.043705
0.053355
0.040616
0.041209
0.041118
0.040589
0.043667
0.052987
0.052655
0.087935
0.044946
0.043539
0.041986
0.040866
0.044013
0.056192
0.051125
0.035874
0.032701
0.040397
0.055525
0.038847
0.042631
0.041955
0.041767
0.040805
0.041538
0.042829
0.041965
0.041537
0.041201
0.041777
0.041308
0.042951
0.046833
0.040664
0.040339
0.040896
0.051336
0.044295
0.039509
0.038556
0.038917
0.043870
0.037397
0.037158
0.040765
0.040836
0.041174
0.084633
0.040955
0.040473
0.040205
0.041636
0.052752
0.051527
0.040617
0.040334
0.040991
0.083776
0.040148
0.040549
0.040650
0.038708
0.041564
0.053510
0.039910
0.039603
0.040786
0.084963
0.043100
0.041283
0.044046
0.043321
0.056031
0.041306
0.041533
0.037398
0.037700
0.037389
0.037588
0.039251
0.039213
0.039410
0.039354
0.040338
0.038502
0.038457
0.037666
0.080203
0.043738
0.051211
0.051297
0.054616
0.042657
0.048872
0.047459
0.054796
0.047288
0.094998
0.042494
0.047270
0.055602
0.054597
0.040804
0.040909
0.041028
0.041228
0.054159
0.087448
0.041623
0.040840
0.043817
0.052931
0.044437
0.053565
0.040856
0.044612
0.050169
0.095957
0.045504
0.054247
0.043501
0.043597
0.043756
0.043245
0.054273
0.042588
0.042238
0.042912
0.042275
0.042573
0.041766
0.041965
0.041860
0.042429
0.042832
0.046843
0.040195
0.039940
0.048941
0.048558
0.032255
0.036487
0.036382
0.032160
0.038085
0.042233
0.042233
0.042968
0.042107
0.040635
0.051936
0.041721
0.056186
0.054935
0.039701
0.045356
0.049630
0.087596
0.044625
0.042288
0.043761
0.040351
0.040241
0.040064
0.039960
0.039897
0.040280
0.083310
0.040692
0.055947
0.054064
0.042601
0.056036
0.055678
0.041988
0.041651
0.042394
0.086168
0.044696
0.039707
0.039294
0.040565
0.039362
0.040002
0.039355
0.039890
0.040984
0.085291
0.065366
0.065576
0.062457
0.064741
0.065074
0.064787
0.064746
0.064860
0.064719
0.064342
0.065148
0.064964
0.065038
0.065705
0.062678
0.064687
0.061917
0.062104
0.061918
0.038929
0.039080
0.038822
0.039228
0.039006
0.039272
0.039068
0.059537
0.061704
0.039216
0.077900
0.038698
0.038916
0.039345
0.039867
0.062027
0.062268
0.062345
0.062700
0.039502
0.077188
0.061554
0.060796
0.065933
0.077437
0.045406
0.049710
0.048008
0.054501
0.050066
0.043237
0.042937
0.055168
0.055198
0.043792
0.044629
0.049098
0.058167
0.059802
0.046005
0.082589
0.048021
0.043245
0.052981
0.052872
0.042729
0.051465
0.049933
0.051835
0.052344
0.091392
0.052822
0.042135
0.052134
0.042983
0.042002
0.050025
0.049272
0.051314
0.052733
0.046987
0.052886
0.056057
0.043390
0.045174
0.052749
0.053867
0.054142
0.056240
0.052632
0.092313
0.045967
0.054106
0.057802
0.056028
0.054260
0.054032
0.043360
0.043386
0.042616
0.041163
0.039944
0.039711
0.042931
0.048341
0.050474
0.039046
0.041955
0.049584
0.049086
0.047835
0.035903
0.017851
0.017723
0.017889
0.017810
0.019095
0.033145
0.038792
0.049346
0.049974
0.040224
0.051895
0.040600
0.048689
0.048848
0.039798
0.042449
0.050070
0.052322
0.043333
0.038574
0.048597
0.047812
0.047903
0.042858
0.021773
0.017690
0.022082
0.018347
0.017630
0.017583
0.032667
0.039871
0.037125
0.018080
0.033283
0.039965
0.039512
0.039664
