403	94	60	67
404	98	59	66
390	106	60	68
349	117	70	65
328	123	59	56
310	120	55	52
307	109	54	58
297	108	64	59
305	89	79	64
303	90	85	66
311	66	94	71
312	62	93	76
318	61	91	72
305	61	101	67
311	39	99	79
307	49	109	68
301	47	91	73
309	51	87	76
295	63	83	79
292	58	86	95
290	65	85	89
281	68	78	93
275	67	72	102
266	84	65	93
246	88	67	99
239	96	69	105
235	103	69	109
236	115	65	107
237	115	63	100
248	111	61	103
256	114	61	101
272	113	58	94
277	97	60	102
284	96	57	99
285	90	61	104
292	93	63	97
304	92	65	105
309	95	75	100
318	95	88	104
317	93	101	114
322	93	104	116
331	96	101	116
337	125	108	96
317	125	117	103
314	129	122	97
312	130	126	98
309	127	128	104
297	128	131	105
289	135	137	98
284	138	126	86
273	128	125	89
266	119	132	96
263	103	137	105
260	85	138	115
261	88	142	127
263	91	153	138
261	87	155	149
262	88	144	152
264	81	136	162
277	70	124	169
269	72	118	169
257	78	130	155
276	76	104	161
281	81	92	157
283	99	86	158
283	49	80	173
282	42	80	171
277	56	79	173
272	39	80	183
272	34	83	181
270	34	85	171
271	31	86	170
272	27	86	171
275	29	82	170
280	29	82	180
280	29	81	171
287	30	83	181
287	35	84	171
298	37	83	172
301	47	81	174
304	65	82	170
307	54	80	178
311	54	77	165
315	53	83	171
317	57	81	177
318	62	82	167
319	59	80	169
319	55	80	179
323	59	79	175
322	61	76	170
326	62	77	172
324	62	75	176
320	66	84	179
323	66	87	178
322	71	94	170
320	78	109	161
317	81	133	161
314	80	160	171
324	90	186	194
322	102	218	196
312	110	226	178
332	132	203	152
342	145	221	148
338	142	247	151
347	158	243	143
349	151	258	174
344	166	281	159
326	173	295	154
321	164	257	146
296	164	270	142
283	167	272	132
273	156	265	136
246	143	277	132
242	124	268	149
224	98	262	177
235	118	237	150
241	134	206	130
258	137	188	117
270	139	168	102
249	116	159	116
228	55	168	139
207	41	172	145
192	22	153	140
166	3	140	119
158	-3	144	107
137	-2	154	92
141	-4	136	78
176	-3	136	78
247	242	136	78
246	206	136	78
246	205	136	78
317	240	136	78
316	239	136	78
140	169	136	78
140	204	136	78
70	-7	136	78
106	26	136	78
140	60	136	78
138	59	136	78
174	59	136	78
172	94	136	78
207	93	136	78
235	112	121	65
250	118	116	71
269	147	98	56
276	167	91	49
294	174	90	51
296	181	95	50
300	188	97	49
310	197	92	44
315	201	85	42
316	197	82	41
311	197	77	39
315	194	72	46
306	190	77	52
305	185	86	62
310	193	81	48
299	200	80	50
304	193	69	59
293	199	79	54
290	203	79	55
293	221	69	59
299	202	65	67
296	230	74	57
294	235	73	58
303	229	57	66
302	209	66	80
303	211	63	70
303	206	62	65
301	185	68	76
303	182	74	90
300	183	66	92
301	166	60	96
303	152	59	97
307	156	56	86
307	164	48	76
305	159	52	71
303	150	52	64
295	152	59	64
289	147	67	69
283	145	82	73
279	143	97	85
279	143	99	87
291	141	88	84
295	129	93	94
295	126	95	108
299	128	88	114
308	161	71	98
306	165	78	86
306	172	74	80
318	169	62	80
315	172	60	77
315	171	61	73
306	180	66	70
298	183	75	69
290	178	84	79
279	179	102	84
270	183	112	80
262	153	126	106
263	150	134	123
281	140	147	148
251	134	164	152
255	137	184	153
247	142	201	160
238	137	207	178
232	136	207	192
210	127	232	206
215	114	231	199
211	113	229	195
192	124	250	170
193	114	238	171
171	114	251	181
164	106	244	198
137	106	260	230
128	105	302	223
112	108	320	231
100	118	365	221
148	138	336	191
100	134	372	197
132	128	341	213
141	127	311	195
137	111	310	218
150	129	289	199
118	124	311	204
91	95	296	183
76	109	246	174
76	109	246	174
119	135	266	137
85	132	228	144
104	127	184	143
115	142	164	124
115	153	163	130
102	154	177	127
108	151	174	120
114	155	175	117
83	171	203	120
105	177	181	114
104	173	185	112
105	174	189	118
109	188	211	111
123	213	216	85
143	213	218	79
174	214	206	81
195	213	212	93
210	221	194	94
222	219	216	100
260	223	216	105
281	222	217	101
291	214	210	116
324	208	193	114
328	178	204	120
331	185	204	110
332	194	208	96
344	194	196	95
363	207	190	83
374	206	167	76
376	202	157	67
378	180	144	75
372	181	137	66
369	179	130	57
364	165	122	68
371	166	111	63
361	161	109	59
348	155	102	61
348	157	96	61
328	149	97	62
311	148	99	62
310	151	90	60
290	150	96	62
296	158	80	57
250	165	144	69
241	169	130	64
245	176	115	59
236	176	104	59
237	173	97	62
240	183	89	56
242	186	82	61
249	189	71	58
228	191	87	58
220	192	94	57
217	193	91	56
215	195	91	57
208	195	94	56
206	193	94	56
210	192	90	64
201	190	92	83
189	183	107	99
183	176	115	120
191	175	107	131
195	172	102	135
202	175	106	134
215	181	105	140
224	187	87	148
224	192	83	158
227	196	71	159
227	199	68	156
225	208	66	148
224	209	72	148
226	217	76	141
225	221	72	123
220	224	77	118
218	212	84	125
222	193	86	133
230	175	97	126
231	160	97	129
236	152	92	124
242	130	99	128
249	121	108	130
260	110	110	133
257	105	118	127
267	99	120	131
272	89	116	135
270	88	122	130
272	87	126	131
275	87	130	138
277	87	121	136
274	88	127	142
284	94	123	146
283	98	123	139
287	102	116	137
292	96	122	132
293	98	123	135
294	93	125	144
291	96	124	147
290	92	116	138
296	92	127	141
291	95	119	137
293	93	127	141
294	89	118	139
295	91	118	139
292	92	115	139
294	94	124	140
289	91	133	140
290	88	133	143
287	84	144	142
286	81	149	141
280	86	157	140
273	95	171	124
273	105	176	101
259	101	188	93
254	99	190	95
254	93	176	95
266	84	155	88
269	78	150	86
274	70	143	78
284	61	142	90
295	56	145	101
296	45	143	105
311	34	135	111
324	13	117	117
320	22	142	97
337	24	114	105
345	21	109	108
350	14	110	113
354	3	125	129
355	1	123	128
355	-4	107	122
348	0	119	112
359	2	106	102
345	5	136	103
357	11	121	106
133	189	141	85
129	197	173	80
128	207	186	76
156	199	136	103
148	210	157	92
138	229	174	78
77	10	151	94
141	251	184	74
77	34	162	82
95	31	146	92
107	46	132	83
119	53	116	81
111	49	102	87
121	54	80	83
88	43	136	103
84	54	141	92
94	58	137	85
101	50	132	93
116	57	110	82
96	50	101	87
108	57	75	84
81	46	136	103
84	54	149	97
102	50	129	102
119	54	103	91
72	49	136	103
92	53	128	85
103	52	131	96
89	63	141	91
64	71	120	68
101	75	104	64
109	82	78	54
105	77	73	58
102	85	74	57
102	88	74	56
96	94	78	57
101	99	73	53
105	113	71	48
98	119	69	54
88	124	76	52
88	122	75	53
83	123	82	54
91	121	77	59
88	128	77	57
90	136	74	57
81	152	79	47
75	153	78	53
62	155	87	54
61	159	86	52
60	163	80	55
56	168	70	52
45	173	69	50
40	175	68	55
23	183	71	54
10	178	77	60
1	185	79	56
0	184	77	58
0	186	78	61
0	185	78	61
0	185	78	61
150	185	78	61
263	231	78	61
144	254	78	61
218	79	78	61
244	78	78	61
216	51	78	61
245	108	78	61
336	77	78	61
315	45	78	61
315	64	78	61
237	83	78	61
318	62	78	61
296	83	78	61
318	60	78	61
294	83	78	61
294	83	78	61
233	117	78	61
214	135	78	61
214	115	78	61
214	97	78	61
214	133	78	61
251	114	78	61
212	114	78	61
110	236	78	61
131	235	78	61
288	145	78	61
311	75	78	61
262	149	78	61
183	279	78	61
274	141	78	61
274	160	78	61
294	140	78	61
354	79	78	61
290	164	78	61
289	141	78	61
289	164	78	61
314	139	78	61
288	164	78	61
158	-1	78	61
314	153	78	61
191	276	78	61
319	146	78	61
300	165	78	61
300	165	78	61
320	164	78	61
320	143	78	61
342	165	78	61
342	164	78	61
362	161	64	62
362	160	64	62
362	141	64	62
323	125	136	103
341	124	136	103
322	144	136	103
325	143	136	103
354	164	111	86
357	134	101	99
376	128	104	118
354	106	136	103
354	105	136	103
372	104	136	103
372	105	136	103
348	229	136	103
311	240	157	79
329	209	157	79
331	222	156	82
349	110	156	82
330	208	156	82
350	207	156	82
371	100	156	82
371	167	156	82
371	143	156	82
396	44	156	82
370	148	156	82
382	145	127	65
379	147	116	63
412	149	91	59
407	140	100	79
413	144	82	84
399	142	127	100
400	19	127	100
400	121	127	100
399	255	127	100
420	114	127	100
432	110	108	108
415	134	127	100
421	138	110	111
414	166	120	102
421	168	110	126
424	170	95	120
412	180	106	108
419	181	81	118
404	200	100	117
403	215	84	131
397	213	81	141
385	214	84	143
371	218	88	139
368	224	86	132
359	212	90	140
335	175	108	164
313	174	122	179
314	183	116	168
293	162	140	183
299	155	128	180
296	134	132	181
282	123	142	165
299	99	125	173
287	89	137	178
296	76	124	190
297	77	118	170
303	64	105	171
300	46	103	179
298	36	101	182
288	9	109	204
288	10	102	216
276	32	113	227
280	2	103	239
256	42	126	233
223	41	153	249
204	53	166	250
188	70	177	242
167	71	184	248
125	99	222	240
95	119	241	225
112	120	224	204
94	135	220	210
59	165	223	179
59	191	190	143
47	161	194	235
25	181	206	187
27	194	176	146
10	197	192	128
1	190	187	126
-9	123	194	235
-6	157	174	181
0	182	147	159
4	174	147	136
9	155	159	120
3	149	156	109
0	139	165	113
14	132	158	120
13	137	163	118
10	131	175	114
4	121	179	114
17	109	168	121
54	91	151	127
82	87	134	117
125	78	107	117
150	77	101	115
174	79	101	111
193	72	100	111
217	70	87	108
233	72	86	109
252	72	79	108
259	70	84	115
267	73	89	113
286	72	82	112
293	79	84	111
300	82	85	112
308	84	82	111
312	84	79	108
317	83	78	110
314	81	79	108
288	96	97	105
273	89	122	109
243	106	143	119
226	89	158	144
207	76	181	164
193	90	171	151
158	99	181	147
147	114	173	145
116	135	182	154
103	134	165	180
96	134	165	176
86	134	167	182
69	141	171	186
46	142	199	189
41	139	208	190
34	135	208	197
17	132	219	215
24	144	215	203
9	153	220	194
19	163	209	185
8	172	224	174
8	172	215	175
5	180	230	167
6	195	208	162
9	216	183	137
8	226	172	130
12	226	158	124
16	222	150	125
21	224	148	117
0	219	169	123
0	210	157	111
-32	200	187	112
-2	188	176	110
0	159	182	121
-2	158	189	123
3	150	164	140
2	153	164	138
6	152	171	144
5	151	183	150
40	149	165	140
73	144	143	134
99	140	136	141
109	150	159	133
142	144	130	164
142	160	153	138
170	150	126	154
166	160	143	140
182	155	128	155
195	153	119	159
204	158	107	156
207	156	103	157
207	159	107	151
211	154	106	145
219	149	104	145
225	145	101	145
238	139	103	140
245	136	104	142
254	137	98	140
253	139	101	134
262	134	96	135
270	133	93	134
272	133	95	131
276	132	97	128
281	129	97	129
289	126	87	123
296	124	91	120
309	117	81	120
313	109	90	122
320	104	93	120
334	98	79	120
342	85	82	153
342	84	96	165
346	86	96	169
355	90	84	163
369	94	79	156
374	92	93	173
382	87	102	199
386	111	119	201
393	129	122	190
399	151	131	167
401	162	144	160
411	162	145	155
413	168	158	158
414	158	174	171
423	159	180	165
435	171	185	158
440	174	184	146
440	176	183	129
442	171	187	132
452	173	187	138
458	182	185	143
466	193	181	131
477	197	173	127
496	203	145	132
508	216	136	124
514	233	119	112
521	250	117	104
524	261	116	96
533	272	110	83
544	276	97	78
545	287	97	64
545	278	97	70
546	271	98	64
533	277	105	58
533	276	105	58
533	251	105	58
523	247	117	67
508	244	129	68
500	222	140	67
497	214	145	66
482	208	161	77
470	186	174	77
462	180	176	82
453	180	162	69
440	182	156	62
431	173	152	64
420	179	143	60
406	165	139	62
398	156	131	59
399	152	125	69
373	155	111	53
345	157	126	51
334	150	117	53
328	141	125	59
319	154	135	60
302	143	126	72
299	136	130	82
296	132	149	98
288	133	149	103
284	119	137	102
285	119	152	110
281	116	160	106
273	122	175	118
269	119	183	133
260	115	187	127
251	114	191	136
245	127	188	120
229	124	197	113
225	118	191	116
253	120	184	118
221	108	199	124
211	110	203	136
207	120	198	133
210	128	195	109
213	115	188	116
221	117	190	125
217	114	185	117
208	133	200	96
224	108	188	114
212	113	197	122
217	106	178	126
242	110	190	115
248	107	178	131
263	114	142	124
240	118	177	124
248	130	144	108
268	137	126	114
284	139	108	106
286	147	107	101
288	160	111	90
307	149	102	85
305	143	103	85
310	146	89	75
317	146	75	67
304	144	64	75
287	135	67	82
255	117	111	99
243	108	91	112
226	110	111	99
214	106	101	109
213	108	107	97
191	101	109	115
188	107	106	101
192	100	78	103
165	105	100	105
163	108	77	105
164	109	59	99
158	109	55	96
157	97	54	99
155	94	57	90
156	79	60	100
166	69	54	103
174	65	54	98
180	68	55	96
190	60	57	99
199	57	54	100
208	62	52	94
212	66	54	98
215	65	53	102
216	71	50	95
221	72	51	97
223	76	46	93
228	74	49	96
227	70	52	104
226	75	46	105
229	78	45	99
229	75	49	105
229	85	45	93
231	81	47	95
227	84	50	94
225	88	47	92
224	86	49	97
222	83	50	97
224	79	48	104
225	73	49	99
229	77	47	98
231	75	48	97
230	82	46	93
230	87	48	96
229	85	54	98
224	82	59	97
222	83	72	88
215	84	83	77
216	83	88	75
225	86	89	77
238	99	90	79
253	92	81	79
275	87	84	68
300	60	67	74
318	48	69	69
327	43	64	78
330	26	71	92
345	6	72	94
356	4	81	81
378	14	88	78
376	29	92	65
381	33	89	64
379	37	82	65
379	169	82	65
356	10	82	65
361	6	83	75
379	-12	83	75
404	145	83	75
402	145	101	74
393	147	122	70
386	146	137	81
411	154	77	74
368	161	89	67
386	161	115	66
356	166	123	62
354	155	145	71
351	158	152	68
347	154	157	73
349	152	148	65
344	148	145	67
335	146	146	69
333	144	141	68
313	143	143	69
294	144	156	66
294	140	149	69
294	141	138	67
277	140	149	69
279	134	137	73
272	133	133	73
270	135	131	68
266	130	133	73
262	126	132	73
256	129	124	71
252	127	124	70
252	127	113	66
239	129	113	64
235	130	110	61
222	134	110	62
209	133	112	65
201	134	112	69
200	136	110	65
193	137	112	62
185	137	117	74
182	139	119	71
184	138	116	71
180	136	123	71
177	138	126	69
177	139	123	68
171	140	129	69
175	140	127	65
167	140	130	65
168	142	126	63
166	143	130	61
170	141	124	63
165	140	127	64
166	139	127	66
167	138	122	66
166	144	122	61
156	145	123	58
160	144	121	60
159	146	115	62
153	147	120	63
155	146	113	66
153	146	111	68
142	146	118	71
130	145	127	71
134	143	117	70
129	146	117	66
120	143	127	68
120	139	123	70
112	133	132	75
122	140	120	63
331	68	103	75
127	132	113	71
128	127	113	73
130	122	113	78
131	120	117	77
129	124	117	73
131	123	113	73
130	122	110	69
128	121	108	69
130	122	100	67
125	126	104	62
119	119	112	74
113	118	116	72
118	106	112	81
114	100	117	81
114	93	120	81
115	90	117	82
121	81	114	80
122	75	113	78
124	66	113	80
137	46	104	83
124	35	118	85
114	21	126	86
105	1	145	97
310	122	137	118
319	132	121	86
322	128	102	108
315	113	121	86
322	96	115	117
314	114	122	94
317	100	110	122
309	106	123	103
315	106	108	114
323	79	100	132
326	69	97	135
329	65	102	135
331	57	100	143
338	51	99	139
340	47	107	141
340	42	101	139
341	39	107	142
340	35	108	139
343	31	103	142
345	34	110	138
343	30	105	139
344	29	107	143
341	28	108	145
341	28	107	142
341	28	107	143
342	27	106	141
339	27	110	139
330	17	130	127
319	22	143	104
305	21	160	103
289	22	174	98
279	15	189	95
300	-4	130	123
272	0	162	108
253	4	160	88
237	2	151	84
221	0	131	84
213	9	127	73
205	3	107	71
194	6	98	74
181	5	98	78
164	21	120	74
140	27	139	76
133	20	120	86
129	15	97	93
121	28	111	88
109	30	123	88
97	30	136	98
88	25	118	108
100	29	94	98
112	47	93	93
127	60	108	79
130	72	125	62
141	74	125	53
151	66	119	51
161	58	113	51
170	55	104	48
175	42	96	51
183	31	88	56
188	28	90	55
209	24	77	47
222	19	80	45
244	8	79	51
260	5	71	45
283	0	62	45
308	0	63	37
323	0	63	37
324	-16	63	37
392	104	63	37
338	-22	63	37
414	-3	63	37
435	-2	63	37
435	10	63	37
441	1	66	48
426	11	67	49
396	17	101	53
381	27	89	47
379	32	74	43
381	32	72	44
388	24	63	55
389	24	64	55
387	22	64	66
383	22	70	65
388	26	65	56
390	28	57	52
390	44	53	42
396	51	45	41
403	55	37	45
373	60	39	43
397	59	48	43
384	59	48	43
384	60	48	43
384	59	48	43
384	59	48	43
369	60	48	43
369	59	48	43
369	43	48	43
381	42	48	43
384	23	53	55
384	4	53	55
521	82	53	55
398	204	53	55
396	209	66	59
387	214	80	57
377	219	89	50
