1.00
1.02
1.04
1.03
0.95
0.91
0.87
0.71
0.60
0.77
0.71
0.74
0.64
0.64
0.78
0.81
0.85
0.78
0.62
0.55
0.45
0.43
0.51
0.53
0.55
0.48
0.46
0.39
0.39
0.35
0.35
0.42
0.42
0.39
0.41
0.46
0.51
0.48
0.47
0.45
0.38
0.55
0.57
0.62
0.61
0.63
0.66
0.66
0.65
0.64
0.57
0.71
0.69
0.65
0.52
0.67
0.64
0.68
0.68
0.73
0.72
0.81
0.80
0.79
0.83
0.81
0.80
0.84
0.68
0.62
0.55
0.64
0.55
0.61
0.57
0.53
0.60
0.60
0.56
0.53
0.57
0.73
0.73
0.72
0.74
0.74
0.77
0.80
0.79
0.79
0.72
0.80
0.77
0.78
0.89
0.86
0.67
0.69
0.68
0.76
0.74
0.65
0.66
0.64
0.68
0.63
0.65
0.60
0.53
0.58
0.60
0.62
0.57
0.55
0.53
0.54
0.51
0.50
0.53
0.53
0.54
0.56
0.58
0.58
0.53
0.56
0.52
0.49
0.49
0.47
0.43
0.55
0.53
0.50
0.49
0.34
0.32
0.36
0.40
0.41
0.45
0.47
0.44
0.43
0.48
0.48
0.45
0.51
0.47
0.48
0.47
0.47
0.46
0.44
0.41
0.40
0.39
0.37
0.46
0.36
0.32
0.33
0.38
0.38
0.37
0.39
0.36
0.40
0.38
0.40
0.34
0.38
0.35
0.46
0.56
0.47
0.52
0.52
0.55
0.52
0.54
0.56
0.61
0.58
0.55
0.56
0.56
0.52
0.48
0.39
0.39
0.35
0.52
0.51
0.53
0.46
0.63
0.65
0.66
0.67
0.69
0.75
0.74
0.69
0.67
0.57
0.71
0.63
0.60
0.53
0.58
0.66
0.59
0.58
0.58
0.54
0.53
0.62
0.58
0.74
0.76
0.68
0.80
0.78
0.79
0.68
0.75
0.79
0.83
0.77
0.78
0.83
0.77
0.87
0.81
0.76
0.82
0.77
0.73
0.70
0.69
0.75
0.75
0.74
0.75
0.74
0.75
0.75
0.74
0.76
0.80
0.90
0.87
0.88
0.93
0.94
0.94
0.88
0.87
0.76
0.75
0.87
0.90
0.90
0.90
0.92
0.91
0.88
0.92
0.89
0.87
0.90
0.86
0.80
0.77
0.76
0.73
0.79
0.77
0.74
0.75
0.80
0.78
0.79
0.83
0.81
0.62
0.87
0.77
0.69
0.60
0.65
0.61
0.67
0.65
0.73
0.89
0.78
0.73
0.73
0.73
0.70
0.69
0.73
0.72
0.64
0.65
0.81
0.71
0.91
0.87
0.91
0.93
0.89
0.78
0.71
0.70
0.73
0.75
0.73
0.70
0.75
0.74
0.70
0.66
0.67
0.69
0.71
0.66
0.70
0.49
0.64
0.70
0.65
0.68
0.62
0.63
0.61
0.57
0.56
0.50
0.43
0.42
0.44
0.49
0.47
0.49
0.41
0.36
0.27
0.27
0.29
0.31
0.30
0.29
0.28
0.31
0.31
0.31
0.30
0.36
0.35
0.34
0.29
0.33
0.28
0.33
0.26
0.31
0.30
0.26
0.30
0.35
0.28
0.27
0.25
0.29
0.33
0.33
0.26
0.33
0.35
0.26
0.25
0.24
0.27
0.33
0.28
0.32
0.34
0.27
0.33
0.32
0.34
0.40
0.42
0.50
0.39
0.29
0.22
0.26
0.21
0.21
0.29
0.28
0.28
0.28
0.28
0.21
0.28
0.27
0.28
0.27
0.28
0.31
0.27
0.36
0.40
0.32
0.33
0.31
0.31
0.31
0.29
0.26
0.36
0.31
0.25
0.27
0.39
0.38
0.30
0.32
0.31
0.28
0.27
0.28
0.24
0.28
0.27
0.27
0.26
0.22
0.28
0.24
0.27
0.21
0.15
0.21
0.24
0.27
0.15
0.22
0.25
0.14
0.19
0.11
0.11
0.11
0.10
0.16
0.19
0.19
0.18
0.15
0.21
0.18
0.19
0.18
0.20
0.20
0.20
0.19
0.20
0.21
0.23
0.22
0.24
0.23
0.22
0.24
0.24
0.18
0.20
0.18
0.17
0.17
0.16
0.16
0.17
0.19
0.19
0.17
0.17
0.16
0.16
0.16
0.17
0.17
0.18
0.20
0.20
0.22
0.21
0.21
0.20
0.20
0.20
0.21
0.22
0.26
0.29
0.27
0.32
0.37
0.36
0.38
0.28
0.27
0.30
0.29
0.32
0.31
0.26
0.28
0.24
0.25
0.22
0.22
0.22
0.25
0.22
0.25
0.22
0.17
0.17
0.21
0.24
0.27
0.26
0.26
0.19
0.19
0.23
0.44
0.43
0.45
0.49
0.43
0.31
0.42
0.36
0.35
0.30
0.33
0.26
0.34
0.38
0.29
0.40
0.29
0.28
0.35
0.46
0.43
0.42
0.33
0.45
0.43
0.40
0.57
0.33
0.34
0.39
0.33
0.38
0.38
0.37
0.37
0.28
0.50
0.40
0.50
0.50
0.48
0.42
0.42
0.37
0.53
0.58
0.49
0.55
0.59
0.52
0.55
0.51
0.45
0.35
0.43
0.42
0.33
0.36
0.33
0.33
0.28
0.23
0.21
0.17
0.22
0.21
0.20
0.23
0.21
0.17
0.20
0.19
0.24
0.27
0.26
0.18
0.16
0.16
0.21
0.18
0.20
0.21
0.26
0.25
0.28
0.32
0.29
0.39
0.26
0.29
0.29
0.27
0.33
0.25
0.30
0.22
0.27
0.29
0.25
0.27
0.39
0.29
0.38
0.28
0.36
0.29
0.42
0.33
0.46
0.39
0.40
0.43
0.35
0.44
0.42
0.40
0.40
0.45
0.39
0.47
0.39
0.45
0.47
0.40
0.42
0.46
0.46
0.39
0.34
0.36
0.38
0.39
0.39
0.46
0.42
0.42
0.37
0.42
0.41
0.38
0.39
0.41
0.37
0.43
0.43
0.43
0.42
0.41
0.42
0.47
0.44
0.41
0.53
0.49
0.54
0.50
0.56
0.53
0.56
0.56
0.55
0.52
0.47
0.51
0.52
0.47
0.61
0.51
0.49
0.53
0.53
0.53
0.47
0.44
0.47
0.45
0.51
0.52
0.50
0.43
0.55
0.62
0.64
0.58
0.56
0.57
0.64
0.61
0.68
0.66
0.63
0.70
0.67
0.70
0.72
0.75
0.71
0.79
0.87
0.79
0.62
0.62
0.68
0.69
0.52
0.44
0.52
0.60
0.55
0.50
0.42
0.45
0.51
0.69
0.85
0.65
0.79
0.80
0.82
0.87
0.87
0.79
0.74
0.80
0.73
0.83
0.84
0.89
0.82
0.85
0.87
0.85
0.77
0.75
0.69
0.69
0.65
0.73
0.76
0.81
0.78
0.80
0.81
0.79
0.76
0.78
0.77
0.77
0.82
0.81
0.75
0.77
0.76
0.74
0.64
0.65
0.65
0.64
0.55
0.50
0.49
0.43
0.50
0.51
0.56
0.71
0.65
0.69
0.66
0.64
0.44
0.54
0.65
0.62
0.64
0.62
0.61
0.58
0.68
0.56
0.62
0.60
0.50
0.42
0.45
0.43
0.49
0.40
0.43
0.47
0.46
0.43
0.54
0.50
0.53
0.46
0.45
0.44
0.54
0.43
0.55
0.53
0.54
0.46
0.49
0.49
0.54
0.49
0.49
0.50
0.52
0.50
0.51
0.48
0.49
0.53
0.52
0.43
0.45
0.52
0.55
0.44
0.51
0.42
0.46
0.55
0.51
0.49
0.46
0.49
0.44
0.47
0.39
0.40
0.38
0.40
0.37
0.36
0.43
0.46
0.33
0.41
0.44
0.39
0.35
0.27
0.28
0.30
0.21
0.22
0.23
0.26
0.25
0.23
0.24
0.24
0.24
0.26
0.14
