0.651161
0.047035
0.046459
0.046513
0.048358
0.047804
0.048037
0.050294
0.052029
0.051010
0.050542
0.051159
0.051615
0.051511
0.051631
0.051594
0.051657
0.052519
0.054466
0.053717
0.054820
0.043909
0.043182
0.043469
0.042402
0.041491
0.039765
0.057069
0.057165
0.056682
0.052102
0.039177
0.040007
0.039078
0.039134
0.039386
0.039530
0.039548
0.039745
0.039237
0.055285
0.040339
0.041753
0.042131
0.041821
0.042020
0.042069
0.041882
0.042460
0.042540
0.061267
0.042569
0.040096
0.044739
0.055781
0.053467
0.051001
0.039765
0.056136
0.039888
0.059959
0.039598
0.040393
0.039988
0.040148
0.041108
0.039167
0.039372
0.038319
0.038594
0.060252
0.037606
0.037593
0.051821
0.052988
0.051386
0.051599
0.048098
0.050943
0.050016
0.065375
0.048294
0.042264
0.041743
0.053778
0.054944
0.037822
0.038393
0.037934
0.039031
0.065392
0.038171
0.038975
0.037719
0.038226
0.039680
0.037781
0.038954
0.038754
0.039513
0.068501
0.040833
0.040289
0.039874
0.039912
0.040771
0.039525
0.039612
0.040332
0.040678
0.040605
0.040428
0.041130
0.040305
0.040257
0.040138
0.040554
0.040241
0.040329
0.040227
0.040343
0.041709
0.040385
0.040590
0.040721
0.040111
0.041623
0.040797
0.040761
0.041755
0.040544
0.039691
0.041264
0.040787
0.039921
0.038294
0.036949
0.038260
0.042515
0.055317
0.039551
0.042600
0.041416
0.042825
0.054533
0.055222
0.053249
0.051233
0.042124
0.041866
0.042288
0.041687
0.041435
0.043090
0.039210
0.039728
0.038494
0.038445
0.041842
0.041329
0.048890
0.051010
0.048980
0.046788
0.038814
0.038525
0.037757
0.038281
0.037679
0.038069
0.038103
0.038453
0.037322
0.038954
0.038403
0.038883
0.038642
0.039572
0.040223
0.038598
0.040008
0.038965
0.039987
0.042355
0.043386
0.043637
0.043470
0.042915
0.043371
0.044709
0.056751
0.048773
0.054647
0.054354
0.057678
0.055734
0.056036
0.050931
0.056676
0.042641
0.055965
0.056711
0.058009
0.043098
0.051157
0.058698
0.057020
0.056578
0.055996
0.053563
0.056930
0.055865
0.054082
0.054979
0.055717
0.054669
0.057682
0.046252
0.055789
0.055061
0.054976
0.053730
0.055158
0.053621
0.055727
0.056416
0.057761
0.057912
0.055609
0.057450
0.044882
0.048906
0.054938
0.054608
0.054567
0.053856
0.054407
0.056369
0.046261
0.052604
0.084611
0.047796
0.050066
0.058702
0.059773
0.059873
0.054817
0.054450
0.058070
0.058094
0.087882
0.050107
0.060004
0.058139
0.044467
0.044007
0.043815
0.044416
0.046105
0.046503
0.076080
0.043074
0.043239
0.043219
0.044010
0.055680
0.044124
0.044948
0.044103
0.043816
0.090889
0.045112
0.044414
0.045551
0.042745
0.043616
0.043047
0.042751
0.043701
0.041906
0.044167
0.060193
0.060626
0.045941
0.059965
0.044352
0.044653
0.043078
0.044236
0.058827
0.079985
0.044051
0.043533
0.041606
0.043784
0.049509
0.041919
0.040312
0.049468
0.037848
0.052470
0.038558
0.040217
0.038635
0.040327
0.040407
0.039933
0.039025
0.038652
0.037846
0.038401
0.038227
0.051551
0.048165
0.040634
0.041192
0.040287
0.041282
0.043361
0.048759
0.085664
0.044207
0.054029
0.047397
0.044683
0.056177
0.043017
0.049910
0.042660
0.042842
0.095086
0.043157
0.043778
0.043546
0.041540
0.040723
0.039900
0.039850
0.040313
0.040809
0.040388
0.040418
0.041105
0.040797
0.040956
0.040192
0.041493
0.041167
0.040893
0.041672
0.049935
0.044687
0.039902
0.055690
0.039640
0.039607
0.039476
0.040025
0.039034
0.039609
0.038810
0.039506
0.038427
0.039369
0.038479
0.039690
0.040701
0.038738
0.039574
0.038759
0.039882
0.038857
0.039683
0.039046
0.040710
0.036769
0.038398
0.036945
0.038132
0.038168
0.043321
0.042381
0.041483
0.033195
0.035013
0.046847
0.058001
0.039449
0.050619
0.043250
0.051601
0.045117
0.040936
0.040743
0.039025
0.038687
0.040551
0.040402
0.038188
0.051152
0.036260
0.031510
0.035307
0.032323
0.051135
0.036399
0.018333
0.018232
0.017711
0.032357
0.037225
0.036066
0.032208
0.036273
0.032153
0.036939
0.037691
0.036241
0.038392
0.038261
0.079609
0.042499
0.063151
0.037242
0.041392
0.036808
0.037205
0.036266
0.036919
0.039796
0.039629
0.038230
0.050087
0.038987
0.040275
0.042535
0.037206
0.034267
0.017771
0.031410
0.037181
0.049127
0.035463
0.018285
0.017559
0.018257
0.017700
0.017819
0.018079
0.018435
0.019252
0.032611
0.035277
0.017519
0.017313
0.017534
0.017714
0.017918
0.018099
0.025577
0.025929
0.026052
0.026314
0.022341
0.018183
0.016795
0.016792
0.016755
0.016834
0.016880
0.016829
0.017028
0.016830
0.016943
0.016864
0.016728
0.016812
0.016826
0.016838
0.016812
0.016991
0.016763
0.016990
0.016842
0.016807
0.016845
0.017023
0.017298
0.017030
0.016998
0.016843
0.016953
0.016884
0.016786
0.016854
0.016783
0.016924
0.016817
0.017013
0.016717
0.017040
0.016765
0.016813
0.016819
0.016856
0.016956
0.017972
0.016855
0.016866
0.016883
0.017618
0.031798
0.037092
0.037264
0.037134
0.036208
0.040715
0.039784
0.039433
0.039499
0.039871
0.039582
0.039333
0.039474
0.039676
0.038870
0.018902
0.016645
0.016598
0.031988
0.036035
0.017522
0.018025
0.018121
0.017979
0.017779
0.017960
0.018134
0.019307
0.019194
0.019684
0.016748
0.016661
0.016808
0.031736
0.036721
0.039990
0.040313
0.040966
0.037478
0.038004
0.037844
0.036562
0.039718
0.039764
0.039247
0.060798
0.038021
0.040567
0.051924
0.037007
0.036735
0.037357
0.037126
0.037118
0.038397
0.036499
0.036927
0.036362
0.036196
0.036509
0.042042
0.041281
0.040230
0.038263
0.053322
0.037150
0.039646
0.038438
0.038634
0.033723
0.036899
0.039203
0.039268
0.039612
0.040833
0.037139
0.036753
0.037605
0.037219
0.038495
0.038408
0.036929
0.037385
0.037005
0.037870
0.037527
0.036125
0.040285
0.040139
0.040216
0.040727
0.040280
0.040768
0.039716
0.039173
0.019014
0.016357
0.016937
0.016952
0.016883
0.016661
0.016712
0.016848
0.016673
0.016824
0.016682
0.017629
0.017559
0.032218
0.035372
0.017343
0.017317
0.017596
0.017596
0.017869
0.018698
0.018070
0.019145
0.033111
0.036853
0.040485
0.038759
0.039526
0.040026
0.038513
0.036807
0.039574
0.040385
0.051400
0.036793
0.050880
0.036784
0.038281
0.033214
0.037182
0.038685
0.037311
0.036398
0.039456
0.036237
0.039538
0.037375
0.037429
0.040205
0.040111
0.039568
0.041002
0.047662
0.042559
0.054896
0.045832
0.042256
0.050195
0.038901
0.047279
0.039382
0.039348
0.040854
0.037880
0.036350
0.036485
0.040608
0.041468
0.041010
0.036685
0.036252
0.040427
0.039526
0.039469
0.039947
0.038374
0.041499
0.039548
0.039624
0.040097
0.039886
0.040057
0.040006
0.040228
0.039733
0.040414
0.039473
0.040242
0.039937
0.040491
0.039943
0.039422
0.040205
0.039531
0.040139
0.040156
0.041219
0.040150
0.040148
0.039667
0.039601
0.039410
0.039941
0.039299
0.040135
0.041030
0.056129
0.058507
0.055503
0.055805
0.055859
0.054204
0.053657
0.052864
0.038706
0.043528
0.038047
0.038222
0.040327
0.041537
0.043960
0.043497
0.044266
0.040525
0.056325
0.041796
0.039420
0.042192
0.040985
0.041356
0.044148
0.040854
0.042712
0.043245
0.045312
0.043352
0.044394
0.044708
0.046297
0.043555
0.053047
0.038940
0.038542
0.037825
0.038128
0.038878
0.037396
0.038220
0.037518
0.038106
0.037348
0.038051
0.037747
0.038418
0.038332
0.038380
0.038540
0.038758
0.044266
0.040598
0.041688
0.059204
0.044518
0.044021
0.084449
0.044248
0.044928
0.043788
0.056398
0.041245
0.041434
0.048421
0.042304
0.041943
0.083868
0.043533
0.055934
0.059400
0.060194
0.050306
0.052042
0.052305
0.052820
0.052626
0.048341
0.050935
0.053221
0.046928
0.052859
0.043297
0.052004
0.047242
0.045015
0.037051
0.036629
0.036695
0.036572
0.037236
0.036705
0.036925
0.036371
0.037003
0.036901
0.037757
0.037566
0.037915
0.036175
0.042339
0.037221
0.039848
0.038898
0.039071
0.038752
0.037971
0.043310
0.041071
0.037334
0.038576
0.039512
0.041298
0.036716
0.037176
0.036500
0.040653
0.040507
0.042184
0.042940
0.038332
0.037101
0.037173
0.039907
0.039234
0.039726
0.038779
0.038729
0.038518
0.038910
0.038887
0.040868
0.036600
0.037553
0.036486
0.037503
0.041831
0.038003
0.036931
0.036654
0.039177
0.050287
0.052910
0.041998
0.052114
0.040746
0.042355
0.052676
0.052347
0.046802
0.040028
0.039624
0.040346
0.042573
0.039743
0.041869
0.038982
0.042069
0.049728
0.050077
0.050260
0.049643
0.054467
0.041464
0.039606
0.038795
0.038198
0.037581
0.036551
0.038044
0.036889
0.037697
0.037090
0.039466
0.039230
0.038940
0.039454
0.040249
0.056142
0.035483
0.017965
0.017812
0.018616
0.019035
0.018124
0.018325
0.018442
0.019418
0.020014
0.033313
