1.00
1.04
1.07
1.05
1.00
0.98
0.95
0.84
0.77
0.68
0.68
0.57
0.57
0.59
0.59
0.47
0.50
0.53
0.54
0.47
0.49
0.59
0.65
0.60
0.63
0.61
0.59
0.61
0.54
0.46
0.55
0.58
0.53
0.48
0.53
0.51
0.50
0.56
0.64
0.64
0.71
0.66
0.69
0.73
0.69
0.71
0.61
0.67
0.62
0.62
0.58
0.70
0.66
0.63
0.63
0.58
0.56
0.66
0.58
0.63
0.69
0.76
0.65
0.66
0.69
0.63
0.59
0.56
0.55
0.58
0.57
0.61
0.62
0.60
0.65
0.64
0.63
0.62
0.64
0.71
0.74
0.97
0.82
1.02
0.91
0.83
0.81
0.74
0.77
0.70
0.67
0.65
0.71
0.75
0.89
0.83
0.96
0.98
0.93
0.89
0.98
0.90
0.91
0.84
0.93
0.85
0.82
0.66
0.64
0.50
0.55
0.64
0.78
0.82
0.75
0.81
0.80
0.81
0.75
0.80
0.70
0.73
0.63
0.68
0.59
0.69
0.44
0.50
0.60
0.58
0.66
0.66
0.69
0.71
0.78
0.76
0.72
0.58
0.59
0.49
0.61
0.52
0.80
0.49
0.71
0.73
0.80
0.73
0.81
0.95
0.82
0.74
0.71
0.71
0.73
0.84
0.85
0.80
0.75
0.90
0.74
0.82
0.70
0.67
0.36
0.32
0.53
0.67
0.54
0.66
0.72
0.59
0.55
0.54
0.70
0.57
0.62
0.46
0.49
0.54
0.61
0.56
0.57
0.57
0.52
0.62
0.36
0.28
0.36
0.57
0.77
0.72
0.73
0.69
0.91
0.83
0.75
0.79
0.54
0.41
0.27
0.17
0.02
0.05
-0.00
0.01
0.15
0.07
0.09
0.09
0.12
0.13
0.14
0.13
0.14
0.13
0.13
0.12
0.25
0.26
0.82
0.79
0.78
0.59
0.59
0.59
0.65
0.61
0.58
0.66
0.62
0.64
0.51
0.59
0.77
0.73
0.78
0.71
0.67
0.68
0.73
0.59
0.38
0.41
0.54
0.26
0.15
0.16
0.32
0.14
0.79
0.73
0.70
0.94
0.85
0.82
0.76
0.68
0.56
0.82
0.84
0.95
0.79
0.56
0.82
0.87
0.98
0.98
0.83
1.02
0.77
0.70
0.49
0.18
0.14
0.14
0.11
0.19
0.36
0.43
0.49
0.59
0.82
0.88
0.82
0.79
0.72
0.69
0.78
0.72
0.78
0.84
0.90
0.81
0.44
0.32
0.42
0.33
0.49
0.53
0.70
0.53
0.72
0.73
0.59
0.49
0.45
0.48
0.60
0.67
0.68
0.81
0.78
0.74
0.74
0.66
0.65
0.78
0.84
0.82
0.71
0.55
0.55
0.45
0.43
0.72
0.78
0.57
0.67
0.58
0.66
0.79
0.83
0.76
0.75
0.69
0.78
0.80
0.85
0.80
0.76
0.85
0.97
0.97
0.86
0.77
0.74
0.83
0.85
0.69
0.80
0.73
0.79
0.79
0.71
0.68
0.63
0.35
0.65
0.75
0.76
0.69
0.70
0.73
0.69
0.82
0.82
0.76
0.84
0.71
0.66
0.61
0.67
0.69
0.78
0.81
0.88
0.83
0.74
0.91
0.76
0.96
0.89
0.86
0.64
0.26
0.35
0.41
0.46
0.37
0.34
0.55
0.87
0.81
0.80
0.87
0.78
0.70
0.66
0.54
0.47
0.32
0.20
0.24
0.26
0.54
0.92
0.86
0.88
0.78
0.94
0.88
0.89
0.78
0.79
0.74
0.80
0.78
0.94
0.89
0.89
1.00
0.96
0.82
0.93
0.72
0.63
0.65
0.55
0.38
0.49
0.20
0.63
0.63
0.55
0.58
0.48
0.53
0.56
0.67
0.69
0.67
0.62
0.65
0.56
0.67
0.68
0.39
0.46
0.72
0.76
0.86
0.88
0.97
1.08
1.05
0.85
0.81
0.86
0.95
0.96
0.93
0.85
0.75
0.79
0.93
0.88
0.81
0.81
0.67
0.34
0.30
0.42
0.32
0.31
0.51
0.44
0.48
0.48
0.52
0.61
0.86
0.94
0.94
0.88
0.88
0.79
0.71
0.58
0.67
0.86
0.59
0.93
0.78
0.81
0.74
0.91
0.92
0.93
0.98
0.89
0.83
0.70
0.75
0.70
0.55
0.79
0.90
0.86
0.59
0.58
0.72
0.61
0.76
1.01
1.02
0.95
0.97
0.83
0.91
0.83
0.81
0.85
0.96
0.94
0.87
0.93
0.99
0.84
0.59
0.60
0.67
0.78
0.82
0.74
0.73
0.65
0.80
0.93
0.91
0.79
0.93
0.76
0.62
0.61
0.72
0.75
0.87
0.81
0.82
0.66
0.54
0.57
0.61
0.59
0.59
0.64
0.32
0.30
0.28
0.37
0.40
0.37
0.43
0.44
0.47
0.65
0.80
0.70
0.59
0.76
0.77
0.76
0.79
0.99
0.94
0.90
1.00
0.92
0.77
0.79
0.71
0.65
0.54
0.47
0.46
0.60
0.87
0.84
0.54
0.58
0.77
0.75
0.89
0.98
1.09
1.05
1.21
1.04
1.16
1.17
1.07
1.05
1.03
0.72
0.83
0.87
0.89
0.92
1.00
0.84
0.69
0.43
0.38
0.93
0.98
0.94
1.10
1.00
1.00
0.97
0.83
0.82
0.80
0.77
0.88
0.89
0.93
0.80
0.61
0.56
0.59
0.54
0.60
0.56
0.72
0.60
0.63
0.57
0.65
0.59
0.65
0.74
0.69
0.37
0.43
0.39
0.44
0.54
0.55
0.41
0.47
0.42
0.53
0.36
0.60
0.56
0.47
0.37
0.30
0.38
0.29
0.52
0.45
0.53
0.66
0.66
0.67
0.51
0.64
0.57
0.76
0.66
0.70
0.71
0.58
0.59
0.52
0.60
0.62
0.62
0.62
0.80
0.67
0.85
0.77
0.82
0.83
0.93
0.93
0.89
0.93
0.85
0.82
0.61
0.37
0.47
0.31
0.23
0.73
0.60
0.72
0.73
0.86
1.03
0.99
1.01
0.95
1.07
1.02
1.07
1.03
1.02
1.06
1.05
1.06
0.99
1.00
0.82
0.76
0.81
0.85
0.73
0.83
0.75
0.98
0.91
0.82
0.85
0.92
0.90
0.69
0.52
0.52
0.43
0.31
0.26
0.28
0.25
0.31
0.36
1.04
0.99
0.81
0.72
0.69
0.83
0.72
0.73
0.74
0.76
0.86
0.94
1.01
0.83
0.91
0.77
0.81
0.65
0.51
0.43
0.44
0.57
0.43
0.26
0.35
0.35
0.49
0.47
0.41
0.42
0.30
0.64
0.50
0.78
1.04
0.81
0.85
0.88
0.90
0.97
0.97
0.99
0.96
0.94
0.78
0.60
0.43
0.74
0.89
0.79
0.85
1.06
0.98
0.96
0.90
0.91
0.83
0.75
1.03
0.91
0.95
0.82
0.89
1.02
1.02
0.91
0.82
1.09
0.72
0.31
0.24
0.58
0.40
0.39
0.40
0.30
0.29
0.44
0.47
0.31
0.33
0.37
0.33
0.31
0.35
0.39
0.49
0.49
0.49
0.29
0.39
0.53
0.60
0.88
0.91
0.88
0.84
0.69
0.71
0.88
1.04
1.18
1.31
1.14
1.15
1.04
1.10
1.25
1.19
1.12
1.14
0.97
0.83
0.62
0.67
0.87
0.74
0.80
0.78
0.66
0.37
0.17
0.20
0.23
0.24
0.12
0.10
0.14
0.09
0.12
0.13
0.10
0.14
0.24
0.20
0.71
0.84
0.75
0.81
0.92
0.78
0.76
0.75
1.03
1.19
0.89
0.92
1.01
0.85
0.90
0.97
1.13
1.10
1.16
0.96
0.74
0.62
0.67
0.74
0.54
0.56
0.67
0.76
0.84
0.71
0.82
0.80
0.62
0.78
0.75
0.81
0.72
0.69
0.94
0.89
1.00
0.88
0.89
0.81
0.80
0.99
0.96
1.01
1.03
0.90
0.30
0.44
0.44
0.72
0.58
0.24
0.13
0.09
0.09
0.10
0.16
0.07
0.13
0.13
0.30
0.41
0.27
0.43
0.32
0.16
0.44
0.65
0.83
0.70
0.71
1.01
1.00
1.05
1.08
1.05
1.02
0.88
0.84
0.76
0.78
0.79
0.76
0.73
0.87
0.89
0.74
0.74
0.79
0.67
0.60
0.68
0.61
0.74
0.70
0.28
0.55
0.54
0.23
0.07
0.52
0.41
0.24
0.34
0.32
0.38
0.48
0.41
0.65
0.57
0.83
0.72
0.82
0.80
0.81
0.88
0.84
0.97
0.98
0.95
0.99
1.01
0.80
0.98
0.75
0.69
0.66
0.63
0.58
0.63
0.74
0.99
0.78
0.78
0.30
0.56
0.65
0.59
0.51
0.51
0.42
0.32
0.92
0.40
0.35
0.59
0.93
1.02
0.65
0.38
0.36
0.42
0.21
0.36
0.44
0.71
0.64
0.79
0.90
0.98
0.94
0.56
0.63
0.55
0.86
0.67
0.74
0.52
0.55
0.42
0.57
0.45
0.27
0.33
0.29
0.27
0.66
0.63
0.97
0.99
1.09
1.02
0.95
0.96
1.03
0.93
0.86
0.72
0.78
0.88
0.60
0.51
0.48
0.81
0.49
0.58
0.36
0.13
0.15
0.17
0.26
0.84
0.71
0.78
0.84
0.84
0.70
0.55
0.50
0.50
0.67
0.65
1.01
0.80
0.91
0.95
0.79
0.82
0.88
1.02
0.73
0.52
0.57
0.97
0.87
0.84
0.89
1.04
0.88
0.90
0.91
0.80
0.88
1.05
0.83
0.76
0.50
0.55
0.32
0.52
0.66
0.79
0.89
0.76
0.81
0.79
0.78
0.85
0.90
0.95
1.01
0.93
1.08
1.13
1.11
1.08
0.38
0.52
0.37
0.58
0.52
0.65
0.56
0.86
0.93
0.79
0.90
1.03
0.92
1.06
0.95
1.00
0.96
0.75
0.67
0.84
0.77
0.62
0.69
0.72
0.50
0.62
0.63
0.71
0.87
0.87
0.88
0.82
0.87
0.93
0.87
0.78
0.82
0.68
0.69
0.69
0.50
0.46
0.51
0.62
0.68
0.69
0.74
0.89
0.92
1.00
1.07
1.06
1.11
1.06
1.02
0.95
0.88
0.66
0.81
0.85
0.74
1.11
1.25
1.02
0.74
0.85
1.01
1.01
0.66
0.61
0.71
0.67
0.69
0.68
0.81
0.94
0.94
0.99
0.93
1.02
0.95
0.81
0.84
0.79
0.55
0.71
0.73
0.75
0.71
0.61
0.78
0.84
0.72
0.70
0.67
0.50
0.67
0.78
0.78
0.86
0.75
0.84
1.00
0.90
0.88
0.76
0.90
0.89
0.91
1.01
1.06
0.93
0.84
0.93
1.08
1.02
0.84
0.88
1.02
0.99
0.82
0.90
0.89
0.98
1.03
1.01
1.00
1.01
0.96
0.96
0.98
0.96
1.05
0.92
1.00
0.57
0.69
0.63
0.79
0.93
0.74
0.98
0.84
0.95
0.76
0.69
0.79
0.80
0.84
0.79
0.76
0.73
0.81
0.84
0.98
0.76
0.83
1.16
1.21
0.97
0.75
0.71
0.59
0.68
0.90
0.91
0.82
0.79
0.78
0.69
0.70
0.89
0.50
0.71
0.78
1.14
0.90
0.66
0.48
0.56
0.76
0.78
0.89
0.81
0.89
0.91
0.93
0.92
0.93
0.81
0.70
0.76
0.53
0.30
0.72
0.84
1.22
0.78
0.57
0.87
0.74
0.51
0.53
0.65
0.63
0.58
0.55
0.65
0.75
0.62
0.65
0.78
0.44
0.51
0.79
0.66
0.59
0.65
0.72
1.00
0.81
0.75
0.50
0.35
0.47
0.53
0.65
0.58
0.50
0.49
0.52
0.55
0.65
0.72
0.52
0.69
0.73
0.75
0.80
0.69
0.78
0.79
0.87
0.50
0.49
0.51
0.44
0.41
0.60
0.84
0.73
0.75
0.95
0.79
1.08
0.99
1.08
0.94
0.90
0.92
0.89
0.91
0.89
0.94
0.78
0.90
1.03
1.02
0.97
0.91
0.83
0.27
0.20
0.10
0.80
0.50
0.82
0.90
0.95
0.87
0.57
0.08
0.11
0.08
0.07
0.06
0.03
0.01
0.10
0.17
0.15
0.16
0.20
0.18
0.19
0.20
0.22
0.25
0.83
0.73
0.63
0.47
0.62
0.58
0.46
0.36
0.30
0.86
1.08
1.18
1.06
0.89
0.94
0.88
1.02
0.89
0.88
0.86
0.91
0.97
1.07
1.01
0.87
0.78
0.71
0.60
0.26
0.65
0.27
0.31
0.39
0.36
0.36
0.33
-0.01
-0.00
0.06
0.03
0.01
0.03
0.00
0.03
0.05
0.14
0.14
0.17
0.20
0.14
0.22
0.19
0.13
0.18
0.14
1.07
0.79
0.76
0.66
0.62
0.50
0.39
0.54
0.66
1.06
0.84
0.54
0.72
0.62
0.76
0.79
0.77
0.75
0.86
0.79
0.75
0.66
0.98
1.05
1.08
1.13
1.04
0.97
0.54
0.47
0.51
0.86
0.87
0.95
0.94
1.08
0.93
0.79
0.66
0.41
0.31
0.32
0.46
0.72
0.77
0.86
1.01
0.94
0.77
0.68
0.51
0.27
0.36
0.71
0.65
0.74
0.95
0.89
0.89
0.75
0.86
0.87
1.02
0.96
1.04
0.97
0.83
0.80
0.85
1.01
1.12
1.01
0.69
0.46
0.55
0.36
0.56
0.74
0.76
0.79
0.80
0.91
0.92
0.93
0.73
0.71
0.59
0.50
0.65
0.78
0.82
0.57
0.62
0.64
0.74
0.72
0.79
0.65
0.33
0.45
0.76
0.76
0.94
0.79
0.61
0.66
0.64
0.81
0.82
0.86
0.86
