0.651153
0.050664
0.050437
0.050021
0.050336
0.050895
0.050353
0.050352
0.051155
0.050808
0.050718
0.051317
0.051282
0.051700
0.051549
0.051738
0.051421
0.052214
0.056138
0.058814
0.050568
0.037155
0.037392
0.037201
0.037438
0.037003
0.037546
0.037028
0.037451
0.037125
0.050325
0.037243
0.037602
0.037116
0.037532
0.037153
0.037314
0.051559
0.052324
0.036928
0.052072
0.037003
0.037406
0.036829
0.037263
0.036690
0.037042
0.036617
0.037118
0.036551
0.052876
0.036594
0.037476
0.037028
0.038116
0.040865
0.051385
0.052934
0.052881
0.052811
0.060589
0.042701
0.049828
0.051815
0.052392
0.053357
0.053704
0.056150
0.052523
0.040084
0.057592
0.037463
0.038307
0.037176
0.038435
0.037192
0.037967
0.037143
0.037152
0.037696
0.059815
0.037858
0.038164
0.036920
0.039916
0.039798
0.038875
0.037609
0.037215
0.039671
0.064999
0.039536
0.048543
0.048294
0.048278
0.047860
0.048687
0.049297
0.043986
0.036654
0.038832
0.040021
0.040637
0.052943
0.053900
0.052497
0.052806
0.057332
0.053971
0.041170
0.041000
0.042430
0.041976
0.053178
0.044572
0.042058
0.042843
0.039869
0.039068
0.040629
0.037023
0.039532
0.039978
0.040805
0.039066
0.037679
0.036941
0.051787
0.041189
0.038022
0.041703
0.037162
0.039566
0.042869
0.040034
0.039196
0.040149
0.038877
0.040146
0.038916
0.038394
0.038644
0.038606
0.038975
0.038818
0.038413
0.041663
0.036999
0.037745
0.036864
0.036903
0.037072
0.036321
0.035920
0.036685
0.035886
0.036691
0.036531
0.041135
0.036953
0.061818
0.036713
0.037885
0.036879
0.036494
0.035666
0.036563
0.038015
0.035623
0.038198
0.038444
0.039186
0.038301
0.041197
0.039809
0.038978
0.037994
0.036186
0.038716
0.038785
0.040047
0.039961
0.041410
0.040182
0.043957
0.039177
0.039663
0.038684
0.044952
0.040445
0.040186
0.038748
0.039114
0.035910
0.035656
0.037493
0.037096
0.036818
0.036077
0.036631
0.035696
0.032840
0.016860
0.016886
0.016918
0.015028
0.016649
0.016627
0.016773
0.016967
0.016905
0.017082
0.017124
0.017199
0.017481
0.017514
0.017907
0.017975
0.019182
0.019099
0.032470
0.043000
0.049933
0.050155
0.049109
0.038569
0.039586
0.038721
0.038800
0.038420
0.038640
0.038012
0.038451
0.038076
0.036199
0.036026
0.038748
0.038885
0.040708
0.050185
0.048769
0.049788
0.039052
0.038749
0.048854
0.034650
0.017148
0.016759
0.031251
0.033933
0.031139
0.039104
0.039128
0.038714
0.039795
0.039161
0.039610
0.039088
0.041172
0.036722
0.067003
0.038945
0.041384
0.036931
0.038797
0.036531
0.040636
0.036198
0.037108
0.036367
0.066397
0.035728
0.036815
0.033278
0.016794
0.016584
0.016551
0.016548
0.030923
0.036943
0.035748
0.035727
0.035275
0.035556
0.035571
0.035898
0.035706
0.035986
0.035468
0.035804
0.035703
0.036458
0.036026
0.036864
0.036224
0.036696
0.035888
0.036294
0.036339
0.040153
0.039722
0.037123
0.036936
0.036191
0.037048
0.036087
0.040502
0.038620
0.038745
0.038533
0.038741
0.037180
0.038254
0.038169
0.039048
0.038274
0.038593
0.037813
0.037724
0.037870
0.037986
0.040048
0.038498
0.038281
0.036856
0.036685
0.035980
0.036876
0.036096
0.036459
0.035705
0.036159
0.035491
0.036145
0.036440
0.036639
0.036184
0.036956
0.036169
0.037091
0.036039
0.037019
0.036178
0.037006
0.036138
0.037800
0.036871
0.037586
0.037082
0.036497
0.036000
0.037047
0.036216
0.037201
0.040263
0.040386
0.036020
0.036049
0.040957
0.040062
0.039159
0.039225
0.038585
0.038158
0.038813
0.038226
0.038605
0.038749
0.038715
0.038219
0.040756
0.038810
0.038092
0.038741
0.036983
0.039821
0.035959
0.039369
0.039951
0.041149
0.072456
0.037042
0.039160
0.038661
0.040009
0.038667
0.039641
0.038516
0.039591
0.039091
0.070530
0.039147
0.039406
0.068103
0.037768
0.036921
0.036669
0.039384
0.039541
0.040850
0.038173
0.039871
0.033838
0.016597
0.030603
0.039791
0.038787
0.038768
0.039296
0.049482
0.048242
0.050757
0.037097
0.038352
0.037944
0.037960
0.037796
0.038047
0.038129
0.049506
0.038291
0.048012
0.039390
0.040094
0.039943
0.039507
0.038881
0.039003
0.036520
0.036863
0.038218
0.033697
0.030592
0.038625
0.039269
0.038507
0.039191
0.038965
0.041648
0.039103
0.036733
0.039623
0.040084
0.040157
0.036031
0.036965
0.048185
0.050179
0.038738
0.036573
0.039833
0.039648
0.038648
0.039273
0.038891
0.039237
0.038757
0.040827
0.039246
0.039030
0.076155
0.041265
0.039875
0.037382
0.038509
0.039236
0.040940
0.052482
0.052251
0.054666
0.077994
0.038623
0.038818
0.037189
0.037259
0.036656
0.056868
0.037682
0.039749
0.037858
0.074295
0.039085
0.046820
0.052118
0.036846
0.037619
0.036825
0.038205
0.037036
0.037664
0.079516
0.038316
0.042636
0.053150
0.039818
0.038714
0.048673
0.039999
0.047809
0.037005
0.077874
0.038465
0.037816
0.037447
0.037517
0.037300
0.038069
0.037423
0.041737
0.037369
0.083058
0.042593
0.042478
0.041422
0.041952
0.042465
0.042656
0.037049
0.040393
0.041147
0.082323
0.043285
0.040579
0.039840
0.039455
0.040106
0.038696
0.049661
0.049422
0.048948
0.092023
0.040302
0.046056
0.051545
0.052496
0.037080
0.037844
0.037332
0.039797
0.038999
0.082314
0.040596
0.041930
0.047976
0.048707
0.051268
0.038877
0.039390
0.039775
0.038547
0.042261
0.051079
0.040693
0.041778
0.048985
0.041407
0.048773
0.041705
0.040005
0.039013
0.039870
0.041299
0.039700
0.039048
0.038958
0.038648
0.038984
0.038665
0.039246
0.038944
0.083634
0.042415
0.049050
0.047741
0.039525
0.039428
0.051343
0.052325
0.041070
0.040425
0.082063
0.043508
0.049403
0.041842
0.041838
0.041908
0.041657
0.042371
0.040723
0.040087
0.084281
0.040491
0.040543
0.039491
0.036020
0.035721
0.036001
0.035657
0.037166
0.035705
0.035631
0.036103
0.036598
0.036663
0.035856
0.036243
0.035806
0.036350
0.035461
0.037129
0.035654
0.036558
0.036339
0.037328
0.036317
0.036842
0.036389
0.040822
0.050263
0.052597
0.036648
0.037356
0.036427
0.036568
0.037491
0.036782
0.037904
0.036792
0.038235
0.037847
0.079239
0.038046
0.038842
0.037601
0.036306
0.037378
0.036646
0.037550
0.036587
0.037197
0.036731
0.037453
0.036371
0.037208
0.036545
0.037987
0.053433
0.039998
0.039907
0.039018
0.053007
0.038771
0.037393
0.036312
0.037024
0.036355
0.036899
0.036296
0.036793
0.049108
0.036379
0.036380
0.036808
0.035942
0.037395
0.036365
0.039126
0.048705
0.038374
0.037203
0.036271
0.039760
0.051950
0.037245
0.036701
0.051910
0.036254
0.041489
0.049120
0.039536
0.039562
0.039654
0.040775
0.039197
0.039307
0.049593
0.039847
0.052169
0.040533
0.040838
0.098908
0.043131
0.040947
0.048467
0.042254
0.041079
0.040147
0.040051
0.035497
0.032897
0.040769
0.041233
0.049062
0.041240
0.040610
0.040594
0.040777
0.043304
0.039684
0.049994
0.091094
0.043279
0.040670
0.041556
0.041712
0.041488
0.053840
0.037458
0.040922
0.039413
0.040379
0.049887
0.040552
0.039502
0.040852
0.038422
0.038196
0.037904
0.039922
0.048727
0.087025
0.035703
0.035625
0.036217
0.035479
0.036805
0.033735
0.030376
0.050294
0.050383
0.036596
0.036609
0.035653
0.036915
0.037458
0.036252
0.036556
0.036206
0.036586
0.036255
0.036728
0.036515
0.052678
0.052716
0.041105
0.053088
0.053095
0.052473
0.052954
0.037631
0.037457
0.037105
0.037913
0.036570
0.036829
0.037802
0.037091
0.037603
0.036821
0.037048
0.036721
0.037352
0.036147
0.037212
0.036221
0.036128
0.037413
0.036627
0.036095
0.036555
0.036643
0.035861
0.036652
0.036087
0.037220
0.036219
0.037234
0.036284
0.037457
0.036275
0.037258
0.036440
0.037059
0.036824
0.037540
0.038467
0.053736
0.041493
0.050370
0.050597
0.052300
0.053621
0.053214
0.053844
0.051880
0.053844
0.041299
0.051195
0.041433
0.053146
0.068429
0.036118
0.033401
0.038708
0.039327
0.039242
0.039678
0.039582
0.039131
0.038533
0.049299
0.036361
0.037486
0.036731
0.037390
0.036288
0.038718
0.038772
0.039399
0.038426
0.038993
0.044633
0.036629
0.037239
0.036530
0.037310
0.036625
0.037628
0.037154
0.037417
0.037066
0.037721
0.036679
0.037314
0.037285
0.036667
0.037139
0.037606
0.037997
0.037885
0.038868
0.038914
0.039464
0.039901
0.040138
0.039004
0.038741
0.038748
0.038621
0.039420
0.038575
0.039568
0.041152
0.017065
0.016923
0.016668
0.016974
0.016831
0.017202
0.017008
0.017208
0.017266
0.017495
0.017555
0.017828
0.018090
0.032388
0.039458
0.048639
0.050190
0.039147
0.039943
0.039756
0.040705
0.041002
0.040075
0.040285
0.039490
0.039553
0.039235
0.082628
0.040859
0.040957
0.039452
0.041120
0.042224
0.050365
0.049712
0.053100
0.040669
0.040946
0.038549
0.037570
0.036412
0.036783
0.036010
0.037188
0.038604
0.038678
0.038270
0.038603
0.038069
0.038531
0.037982
0.038081
0.037915
0.039526
0.043675
0.040800
0.036271
0.036733
0.035896
0.036450
0.035959
0.036704
0.036076
0.047880
0.036193
0.036784
0.036276
0.036834
0.034751
0.017345
0.017013
0.017397
0.017273
0.017605
0.018421
0.018306
0.018303
0.032943
0.036235
0.034864
0.031337
0.036204
0.034148
0.031331
0.036112
0.037341
0.036945
0.037866
0.037038
0.037632
0.038301
0.038447
0.040128
0.040621
0.057350
0.056777
0.060362
0.098450
0.043378
0.053388
0.045066
0.043046
0.042726
0.040488
0.040477
0.041799
0.039329
0.043442
0.042476
0.037794
0.036829
0.036402
0.036752
0.036083
0.036567
0.051281
0.034132
0.031359
0.035989
0.050707
0.036237
0.037670
0.036783
0.037407
0.036596
0.037000
0.036837
0.036050
0.038670
0.038638
0.049050
0.038729
0.039523
0.037938
0.040928
0.037869
0.038126
0.038140
0.038041
0.038322
0.039995
0.039419
0.039567
0.039901
0.039147
0.038946
0.039899
0.038738
0.039585
0.039111
0.039674
0.038877
0.038525
0.037962
0.040803
0.038455
0.039360
0.038569
0.039177
0.038155
0.040340
0.040911
0.039524
0.038639
0.038844
0.038955
0.038080
0.038421
0.037714
0.033220
0.030418
0.038309
0.051638
0.038186
0.037865
0.037988
0.038063
0.037806
0.038955
0.038292
0.038172
0.038480
0.038511
0.039083
0.049257
0.038836
0.038976
0.038559
0.038684
0.033853
0.030352
0.038384
0.034086
0.030883
0.038162
0.038562
0.038801
0.039020
0.039209
0.039831
0.039753
0.040316
0.040078
0.040263
0.040853
0.042506
0.038087
0.084351
0.043156
0.039452
0.039201
0.050568
0.049701
0.049626
0.034145
0.022731
0.022452
0.017739
0.031354
0.039524
0.038464
0.038312
0.037994
0.037897
0.038478
0.038287
0.038260
0.038806
0.038513
0.039861
0.038621
0.039514
0.038363
0.038776
0.039028
0.038803
0.038945
0.039341
0.039007
0.039131
0.038784
0.039481
0.039016
0.046520
0.039170
0.039542
0.039408
0.039991
0.042992
0.040976
0.037845
0.037151
0.041356
0.037428
0.040223
0.039601
0.040248
0.039409
0.038762
0.040050
0.036448
0.052567
0.036729
0.040538
0.040071
0.047131
0.051558
0.049474
0.038550
0.039666
0.039350
0.050951
0.041021
0.053734
0.038826
0.049686
0.051764
0.040109
0.040962
0.047050
0.041408
0.049469
0.039083
0.036556
0.035647
0.038563
0.038834
0.039026
0.038370
0.040426
0.045641
0.051388
0.051082
0.048931
0.038282
0.038891
0.040063
0.038343
0.038695
0.038294
0.038787
0.036014
0.036936
0.036086
0.036363
0.036085
0.036198
0.035973
0.036938
0.036222
0.036973
0.036961
0.036543
0.036607
0.037411
0.036689
0.036326
0.036977
0.036080
0.036208
0.035802
0.036165
0.035658
0.036040
0.035735
0.036144
0.035906
0.036472
0.035852
0.037282
0.036680
0.037399
0.035897
0.038048
0.035902
0.035848
0.037451
0.038183
0.039432
0.038950
0.040940
0.049632
0.038345
0.040239
0.047796
0.036167
0.041016
0.043166
0.049892
0.042132
0.037919
0.037110
0.037555
0.036828
0.037496
0.036572
0.037324
0.035693
0.036300
0.035953
0.036226
0.035812
0.036148
0.035649
0.036026
0.035946
0.036167
0.036098
0.037208
0.036123
0.036194
0.036233
0.036163
0.035978
0.036358
0.035911
0.036374
0.036083
0.049695
0.036002
0.036446
0.036938
0.037855
0.036966
0.037722
0.036923
0.039599
0.080110
0.049967
0.051714
0.037967
0.037608
0.039583
0.051920
0.039664
0.039818
0.039404
0.082700
0.039487
0.040953
0.040498
0.052425
0.053040
0.046839
0.051265
0.051704
0.052922
0.093795
0.040409
0.037798
0.037035
0.041020
0.042145
0.042051
0.041981
0.040238
0.040223
0.079355
0.035743
0.038447
0.038403
0.039233
0.039001
0.048795
0.038368
0.039505
0.040236
0.040589
0.039720
0.040344
0.041004
0.041541
0.041300
0.041373
0.041694
0.038628
0.039337
0.082311
0.039086
0.038090
0.041069
0.040739
0.040904
0.051171
0.040716
0.041397
0.037124
0.081188
0.038920
0.036691
0.037262
0.036969
0.037798
0.036896
0.037614
0.036720
0.036913
0.076591
0.037020
0.037384
0.037038
0.037242
0.037019
0.037291
0.036901
0.037697
0.037634
0.036133
0.036153
0.035729
0.036434
0.035837
0.036052
0.035844
0.036106
0.035704
0.035920
0.035688
0.036008
0.035682
0.035877
0.035798
0.035765
0.035554
0.037469
0.036162
0.035819
0.036075
0.035680
0.035693
0.035333
0.035613
0.035508
0.036403
0.037127
0.036614
0.035830
0.036286
0.035523
0.036151
0.035854
0.036337
0.035730
0.036038
0.035435
0.035881
0.035330
0.035635
0.035579
0.036022
0.035582
0.036550
0.035721
0.036444
0.035852
0.036508
0.036121
0.036586
0.036214
0.040686
0.039721
0.042119
0.040166
0.037835
0.040344
0.039515
0.039905
0.039861
0.039529
0.039853
0.039530
0.039226
0.039312
0.039250
0.039240
0.040614
0.040983
0.092103
0.040154
0.040292
0.040040
0.039616
0.039491
0.036295
0.047960
0.033628
0.016797
0.030982
0.039874
0.039783
0.040085
0.040575
0.041011
0.040745
0.034645
0.017262
0.017406
0.017367
0.017169
0.017385
0.017641
0.017641
0.018028
0.018157
0.018399
0.018394
0.018308
0.018942
0.018423
0.018548
0.019869
0.032670
0.040137
0.036923
0.040053
0.038883
0.049445
0.051412
0.049322
0.038885
0.039089
0.038783
0.038924
0.038337
0.038561
0.038472
0.038183
0.037953
0.037901
0.037707
0.037627
0.037849
0.039973
0.037984
0.039103
0.038306
0.038868
0.037493
0.048687
0.036071
0.036695
0.036411
0.037361
0.035943
0.036696
0.035977
0.048239
0.034240
0.017036
0.016916
0.016860
0.017105
0.017102
0.017278
0.017375
0.017531
0.017761
0.018653
0.018595
0.018364
0.018506
0.018767
0.018485
0.018799
0.018421
0.018649
0.033063
0.036289
0.036741
0.039158
0.039073
0.040436
0.038044
0.036698
0.037023
0.036088
0.037671
0.036706
0.037910
0.036663
0.039081
0.038883
0.038723
0.038743
0.038620
0.038282
0.038322
0.038249
0.039301
0.038444
0.038592
0.038688
0.039262
0.041093
0.040440
0.042344
0.051997
0.040164
0.040400
0.040683
0.040605
0.049835
0.039555
0.049230
0.036636
0.040549
0.039416
0.039382
0.038754
0.039708
0.038399
0.037074
0.037002
0.037313
0.036973
0.037755
0.036630
0.035196
0.031664
0.036082
0.037459
0.036590
0.037664
0.036255
0.037446
0.036299
0.037296
0.036077
0.037133
0.035980
0.037511
0.037933
0.036679
0.038228
0.036056
0.037552
0.036410
0.037611
0.036588
0.037749
0.036052
0.037627
0.036146
0.037586
0.036641
0.037976
0.036725
0.038125
0.036817
0.037784
0.041148
0.039812
0.040929
0.036477
0.037783
0.036435
0.036647
0.037265
0.037078
0.038153
0.037728
0.038062
0.037207
0.037616
0.037063
0.037606
0.035955
0.038296
0.036221
0.037690
0.036142
0.036734
0.035847
0.036345
0.035797
0.038301
0.038360
