0.636865
0.045597
0.051695
0.060750
0.051806
0.056762
0.056351
0.054990
0.061158
0.062353
0.054178
0.050688
0.049905
0.060792
0.060770
0.061994
0.063613
0.051883
0.052924
0.051986
0.052241
0.040420
0.040482
0.038251
0.037725
0.037657
0.037891
0.037637
0.038970
0.039487
0.053198
0.041193
0.053372
0.042302
0.048168
0.042659
0.050692
0.041195
0.040758
0.040761
0.057900
0.051495
0.052595
0.053760
0.048938
0.054116
0.050423
0.052238
0.053584
0.051056
0.067164
0.051146
0.052844
0.049329
0.052158
0.054219
0.052685
0.052978
0.054513
0.053888
0.061448
0.043442
0.052677
0.053491
0.052589
0.049675
0.051619
0.040369
0.040209
0.052618
0.072623
0.043182
0.052392
0.053179
0.043339
0.053537
0.052250
0.040100
0.043422
0.052237
0.060811
0.040167
0.052297
0.050776
0.044093
0.053248
0.040305
0.051429
0.050100
0.040537
0.067099
0.042131
0.043575
0.053777
0.040272
0.043492
0.049276
0.043661
0.054317
0.043272
0.064941
0.037817
0.038333
0.037703
0.038107
0.037841
0.053565
0.037729
0.037892
0.036738
0.040326
0.040865
0.040657
0.039979
0.040830
0.040949
0.052907
0.040757
0.052189
0.040305
0.050988
0.040567
0.040635
0.040588
0.040665
0.040918
0.041058
0.040791
0.040963
0.040468
0.071524
0.041527
0.048382
0.038073
0.041537
0.047170
0.040509
0.040010
0.053506
0.041912
0.067187
0.042396
0.040403
0.039814
0.039048
0.040111
0.041113
0.054008
0.053177
0.056384
0.069670
0.041605
0.055469
0.040992
0.041198
0.041111
0.041338
0.039713
0.039343
0.041827
0.082791
0.058107
0.040964
0.052108
0.040774
0.071483
0.036245
0.051990
0.036225
0.038411
0.038128
0.039207
0.039107
0.054590
0.044040
0.054991
0.038664
0.042169
0.043329
0.040128
0.040279
0.041399
0.040482
0.019749
0.019530
0.019006
0.019156
0.019427
0.019684
0.019846
0.019739
0.020086
0.019698
0.019865
0.019900
0.020200
0.036034
0.040446
0.042884
0.041387
0.039115
0.038967
0.037236
0.037100
0.036649
0.036602
0.038561
0.052209
0.038228
0.037461
0.037195
0.041417
0.052516
0.047768
0.052007
0.036278
0.035989
0.016888
0.031810
0.036384
0.039586
0.039738
0.040786
0.041366
0.045830
0.038028
0.042726
0.034576
0.017218
0.017915
0.017702
0.017550
0.017663
0.018055
0.018211
0.018465
0.018525
0.018567
0.018415
0.018734
0.018408
0.019490
0.019137
0.032848
0.048487
0.048480
0.035866
0.040184
0.034817
0.017069
0.016829
0.017309
0.017899
0.017651
0.018479
0.018439
0.032164
0.039791
0.040854
0.037298
0.038883
0.038520
0.039215
0.036442
0.039514
0.038814
0.039018
0.040443
0.038575
0.038701
0.038316
0.039457
0.039106
0.039364
0.037956
0.038731
0.038381
0.039226
0.039068
0.036504
0.035992
0.036208
0.036367
0.035876
0.038995
0.038408
0.038344
0.038323
0.039635
0.037928
0.039917
0.038746
0.036936
0.039831
0.040801
0.039776
0.040606
0.040676
0.039193
0.041446
0.036891
0.037216
0.036715
0.036992
0.036632
0.037165
0.037089
0.037531
0.041881
0.038275
0.036544
0.039893
0.040097
0.051744
0.041435
0.040705
0.036503
0.037912
0.037425
0.038924
0.039084
0.040350
0.038140
0.041634
0.038117
0.038933
0.038959
0.037149
0.036682
0.036006
0.037872
0.036844
0.036831
0.036795
0.037401
0.036603
0.036355
0.035827
0.038693
0.038741
0.042121
0.038835
0.039372
0.038764
0.039723
0.038507
0.038328
0.036846
0.041140
0.035794
0.035720
0.038553
0.038257
0.038474
0.038360
0.048242
0.038979
0.038204
0.039164
0.039204
0.038762
0.038798
0.040054
0.039299
0.039076
0.039158
0.040414
0.039777
0.040869
0.039951
0.040395
0.037913
0.038540
0.037031
0.036222
0.035977
0.036155
0.036475
0.036325
0.035983
0.036384
0.035937
0.036186
0.035821
0.041884
0.036551
0.037524
0.036189
0.037551
0.036259
0.036563
0.038803
0.038835
0.040162
0.038812
0.039901
0.039268
0.037937
0.036359
0.040502
0.037876
0.040867
0.037030
0.034450
0.016794
0.016825
0.016891
0.016886
0.016955
0.017146
0.017211
0.031623
0.036353
0.037663
0.037236
0.038825
0.037539
0.037008
0.036952
0.036338
0.036703
0.036184
0.037807
0.036676
0.037258
0.037247
0.037790
0.037782
0.039317
0.039374
0.042690
0.040570
0.040575
0.050839
0.039741
0.040134
0.039430
0.039253
0.049134
0.039775
0.039990
0.038940
0.039007
0.038954
0.039831
0.038932
0.039195
0.040136
0.040664
0.035984
0.017700
0.018046
0.018966
0.017969
0.017942
0.018201
0.018394
0.018788
0.018739
0.018785
0.018732
0.018780
0.018907
0.033300
0.039815
0.040112
0.041242
0.039824
0.051602
0.037795
0.039583
0.038236
0.039383
0.040300
0.039164
0.039146
0.041451
0.040410
0.040850
0.040318
0.040499
0.039595
0.040272
0.039972
0.040518
0.039748
0.040009
0.039285
0.040215
0.039466
0.039211
0.039616
0.040232
0.040216
0.040709
0.040734
0.041667
0.056187
0.041909
0.051446
0.052351
0.055220
0.039222
0.039173
0.042329
0.056853
0.041547
0.039500
0.044621
0.038406
0.038999
0.038407
0.040116
0.041166
0.051470
0.051004
0.050643
0.040550
0.040013
0.052423
0.040806
0.040293
0.050822
0.040307
0.051307
0.040403
0.040334
0.050495
0.050536
0.051013
0.046660
0.039970
0.040179
0.041223
0.039721
0.039425
0.039062
0.038646
0.039195
0.038511
0.039003
0.038345
0.039118
0.038317
0.038293
0.039055
0.038213
0.039691
0.038689
0.039152
0.038352
0.039445
0.038535
0.039667
0.039271
0.038030
0.042677
0.038313
0.040066
0.040684
0.040365
0.039944
0.050133
0.039295
0.038243
0.038172
0.040242
0.039532
0.041269
0.040455
0.040421
0.041233
0.041217
0.041023
0.042049
0.055853
0.052634
0.053529
0.055714
0.041898
0.041749
0.041004
0.039882
0.039593
0.038508
0.040102
0.040264
0.040043
0.039114
0.039131
0.037677
0.036958
0.037620
0.037749
0.036767
0.018526
0.032519
0.036556
0.039924
0.040074
0.039417
0.039190
0.048769
0.040636
0.039338
0.049083
0.041317
0.041122
0.041169
0.048639
0.049044
0.043284
0.039801
0.039441
0.039379
0.039590
0.039441
0.039077
0.040976
0.042520
0.041045
0.040997
0.036266
0.018130
0.018080
0.017989
0.033315
0.041035
0.041611
0.042000
0.042335
0.041545
0.041361
0.039440
0.040443
0.040504
0.036146
0.018134
0.017806
0.017820
0.032189
0.034278
0.017343
0.017189
0.017272
0.017223
0.017111
0.017441
0.017522
0.017883
0.031512
0.034026
0.017337
0.017111
0.017071
0.017979
0.017168
0.017421
0.017538
0.017938
0.018613
0.018884
0.031997
0.035089
0.017618
0.017368
0.017095
0.018156
0.030771
0.034551
0.017164
0.017149
0.017877
0.031772
0.038791
0.043909
0.053809
0.039025
0.040828
0.039581
0.039011
0.050947
0.039475
0.054501
0.051336
0.042162
0.039952
0.038090
0.041148
0.052167
0.041411
0.036790
0.036419
0.037066
0.036453
0.037700
0.036504
0.038180
0.036288
0.037769
0.036413
0.036846
0.036317
0.036681
0.037009
0.036207
0.037745
0.035954
0.038049
0.036338
0.048528
0.036296
0.036780
0.037693
0.036268
0.047963
0.036272
0.038110
0.036374
0.039138
0.040308
0.037068
0.036085
0.047647
0.038408
0.052614
0.038551
0.046931
0.038316
0.041656
0.049267
0.048698
0.048380
0.051244
0.052777
0.036800
0.037175
0.036086
0.037044
0.036108
0.039530
0.039427
0.039411
0.039188
0.038956
0.040213
0.039000
0.038410
0.039555
0.044235
0.039096
0.039718
0.039513
0.041491
0.041485
0.039818
0.039677
0.040415
0.039337
0.039171
0.040581
0.052024
0.038640
0.040498
0.048983
0.050103
0.040952
0.040500
0.041552
0.041131
0.040877
0.040622
0.040631
0.040658
0.038702
0.049344
0.038888
0.039539
0.039276
0.039113
0.052223
0.047743
0.039253
0.039036
0.038920
0.036964
0.037031
0.036170
0.036661
0.035892
0.036719
0.036897
0.036349
0.036416
0.036440
0.036006
0.051545
0.037873
0.040493
0.048320
0.036445
0.038600
0.039169
0.041322
0.051470
0.038780
0.050274
0.036968
0.036796
0.036343
0.040199
0.041086
0.038965
0.040650
0.042122
0.041184
0.036441
0.035944
0.037977
0.036325
0.049142
0.038667
0.038428
0.039439
0.040184
0.038932
0.039813
0.038706
0.038826
0.039133
0.039689
0.036976
0.041272
0.040458
0.039996
0.039951
0.040014
0.037060
0.036144
0.040215
0.039314
0.041443
0.037424
0.038511
0.040831
0.041116
0.037678
0.040815
0.040543
0.039263
0.074087
0.040007
0.039427
0.042622
0.040984
0.039029
0.045028
0.039351
0.040983
0.039555
0.074543
0.040225
0.039454
0.041227
0.053581
0.054135
0.052599
0.053158
0.040823
0.040160
0.079038
0.039676
0.038908
0.038348
0.050023
0.037966
0.038472
0.037520
0.041461
0.053717
0.040010
0.040075
0.040353
0.040432
0.042507
0.053911
0.042890
0.046248
0.042917
0.055894
0.085196
0.054971
0.055531
0.053638
0.038393
0.039117
0.038022
0.038705
0.038156
0.039922
0.081167
0.040880
0.041336
0.041333
0.040666
0.054554
0.040913
0.040620
0.040658
0.041474
0.096491
0.041367
0.041066
0.040447
0.040924
0.042261
0.050040
0.040343
0.042161
0.051083
0.090773
0.043835
0.053727
0.038165
0.038225
0.037965
0.038207
0.038029
0.038428
0.038506
0.083257
0.039341
0.042201
0.037934
0.037813
0.038455
0.038257
0.038605
0.038078
0.039051
0.081446
0.039567
0.042081
0.051635
0.040850
0.041055
0.041566
0.040135
0.041017
0.040498
0.083603
0.043185
0.055029
0.040333
0.041451
0.040671
0.053828
0.053806
0.055027
0.050892
0.084174
0.041572
0.054383
0.054771
0.043200
0.044322
0.043258
0.041789
0.045786
0.043942
0.086486
0.043632
0.044192
0.042460
0.042532
0.042552
0.041526
0.054610
0.044058
0.047812
0.093627
0.044480
0.047199
0.044044
0.043614
0.053098
0.053116
0.043644
0.054511
0.040850
0.084108
0.041675
0.041580
0.040473
0.040557
0.039153
0.053105
0.049498
0.038110
0.038958
0.081728
0.039315
0.041131
0.040384
0.040556
0.040726
0.041505
0.052707
0.040920
0.041103
0.083359
0.041481
0.041066
0.040810
0.040732
0.040481
0.040445
0.040307
0.039694
0.040971
0.039459
0.023422
0.040718
0.040616
0.034563
0.031009
0.038340
0.038747
0.039364
0.020601
0.048325
0.038684
0.049129
0.043952
0.036839
0.041064
0.064568
0.049026
0.039949
0.038990
0.039590
0.036758
0.037193
0.034405
0.030559
0.034722
0.016918
0.031118
0.048851
0.036467
0.047940
0.036288
0.048066
0.034768
0.030435
0.034681
0.031210
0.048737
0.036160
0.036801
0.035856
0.047517
0.034506
0.018107
0.017975
0.017645
0.031240
0.034771
0.016842
0.016798
0.016815
0.016984
0.017120
0.017215
0.017396
0.017792
0.017672
0.017876
0.017895
0.018258
0.018387
0.018678
0.018429
0.018595
0.018424
0.018606
0.018556
0.019421
0.019581
0.019418
0.018446
0.018626
0.018370
0.018713
0.018515
0.018635
0.018463
0.018770
0.018414
0.018608
0.018467
0.018608
0.018575
0.018645
0.018605
0.018601
0.018493
0.018791
0.018440
0.018642
0.018451
0.019349
0.019929
0.018793
0.018464
0.019298
0.018623
0.018784
0.018490
0.018645
0.018427
0.018635
0.018728
0.018643
0.018500
0.018722
0.018442
0.018679
0.018533
0.018615
0.018591
0.018634
0.018453
0.018691
0.018441
0.018759
0.018498
0.018628
0.018374
0.018650
0.018617
0.018763
0.019235
0.018736
0.018447
0.018780
0.018474
0.018607
0.018409
0.018683
0.018583
0.018617
0.018501
0.018671
0.018492
0.018791
0.018447
0.018699
0.018518
0.018673
0.018649
0.018661
0.018493
0.018681
0.018472
0.018841
0.018520
0.018670
0.018776
0.026261
0.018828
0.018755
0.018479
0.018754
0.018420
0.018632
0.018419
0.018612
0.018669
0.018625
0.018557
0.018606
0.018389
0.018774
0.018458
0.018760
0.018441
0.018633
0.018523
0.018720
0.018628
0.018603
0.018608
0.021892
0.018647
0.018943
0.019161
0.019281
0.018629
0.018779
0.018799
0.018809
0.018747
0.018794
0.018618
0.018842
0.018655
0.019768
0.018705
0.018989
0.018640
0.018818
0.033548
0.040183
0.040385
0.040004
0.047495
0.048529
0.040409
0.044156
0.047524
0.048959
0.051917
0.045922
0.044764
0.051924
0.051546
0.049597
0.052389
0.053571
0.053549
0.052270
0.042526
0.053944
0.055037
0.059273
0.041872
0.068731
0.042056
0.053283
0.049462
0.052515
0.050832
0.051054
0.049266
0.053409
0.037105
0.038537
0.038358
0.040050
0.039409
0.040711
0.040833
0.039038
0.038117
0.040461
0.040403
0.041613
0.036581
0.019771
0.033574
0.036419
0.037609
0.037042
0.037906
0.037009
0.052824
0.037261
0.037986
0.037030
0.037708
0.037297
0.038550
0.037196
0.037915
0.037183
0.036711
0.037153
0.034950
0.017405
0.017970
0.017550
0.017500
0.017636
0.017715
0.018134
0.018031
0.018546
0.033337
0.036209
0.037025
0.040122
0.040925
0.041700
0.054096
0.026621
0.026570
0.025896
0.041794
0.037991
0.040052
0.039692
0.040080
0.019027
0.018940
0.019165
0.018888
0.019063
0.035276
0.036632
0.053464
0.036516
0.039387
0.038834
0.041363
0.041875
0.053057
0.041206
0.040881
0.041476
0.039423
0.041428
0.040843
0.053574
0.057198
0.057900
0.057273
0.055915
0.044478
0.044475
0.043957
0.045362
0.039998
0.021096
0.035762
0.040983
0.041531
0.051867
0.054432
0.041028
0.053275
0.039167
0.041109
0.040418
