418	122	48	70
423	120	42	78
422	119	44	83
425	119	48	85
425	118	47	85
424	120	48	83
426	122	46	80
421	121	47	87
421	118	55	92
420	118	44	94
420	119	41	91
422	122	42	87
422	121	44	89
422	120	45	96
422	118	47	98
425	116	49	107
424	117	50	105
427	117	48	117
429	119	45	114
432	125	50	112
433	131	50	105
436	136	51	96
437	133	52	101
442	138	51	95
442	136	52	96
447	138	49	98
447	138	51	95
450	141	53	90
451	140	53	95
454	140	50	95
454	142	51	92
455	139	54	94
455	138	55	99
456	137	57	100
456	137	56	100
454	132	57	103
455	133	56	103
453	130	55	102
454	129	54	104
454	129	49	100
454	127	50	100
454	128	49	99
452	129	51	97
452	129	52	96
451	130	51	98
454	130	46	98
451	134	50	93
451	133	52	94
451	134	52	93
451	136	51	97
451	133	53	100
451	140	56	99
451	144	50	95
453	154	51	93
451	155	55	94
452	166	52	97
452	167	51	98
450	179	52	99
447	189	55	97
448	189	52	97
447	195	52	93
447	193	52	95
448	196	52	89
448	198	48	85
446	196	51	87
446	196	50	88
445	196	49	86
445	196	48	85
445	194	48	86
444	193	48	88
445	192	49	90
446	191	47	92
446	191	47	91
446	192	47	90
446	192	47	91
447	193	48	89
446	192	49	89
448	192	49	93
447	192	50	89
446	192	51	86
447	190	51	90
448	190	49	91
449	188	50	91
449	189	48	93
450	188	47	92
450	187	48	94
451	186	52	91
449	187	55	87
453	189	61	76
453	182	63	83
452	181	62	91
454	175	56	89
452	177	54	88
454	173	53	88
454	174	53	92
455	172	55	88
455	171	54	90
455	168	54	92
455	162	56	89
456	162	56	94
455	155	56	103
455	157	57	96
456	151	51	101
456	152	51	100
451	153	58	96
453	153	55	93
447	153	56	91
444	156	50	88
444	156	49	91
440	156	46	97
440	155	45	98
431	165	54	92
436	160	51	99
434	158	42	107
426	164	54	92
427	168	47	93
428	171	43	93
429	170	42	95
435	168	38	93
434	169	42	93
440	167	39	99
440	166	38	96
443	164	44	99
442	164	43	97
448	165	49	103
452	166	50	95
451	165	53	98
451	165	57	92
451	165	59	92
452	159	56	95
452	159	59	99
452	153	57	99
452	155	58	95
451	150	59	100
451	150	57	98
452	149	58	95
456	148	60	93
455	148	60	96
464	146	64	98
464	145	71	106
469	136	86	116
470	133	86	121
482	132	80	119
482	132	77	103
507	125	77	104
536	113	73	105
537	113	71	108
553	104	75	102
552	104	77	101
571	96	68	108
571	96	66	112
581	91	58	108
582	91	54	114
585	88	55	116
579	89	58	107
581	89	59	114
569	94	66	114
564	94	71	113
554	104	74	112
554	106	70	110
531	124	78	117
541	122	65	113
512	148	79	131
506	170	67	126
507	173	74	135
480	173	74	135
493	208	77	120
476	198	77	120
485	223	64	99
477	248	78	94
477	250	84	87
470	254	66	86
470	253	63	87
465	261	61	84
461	262	65	90
459	263	69	90
457	259	71	95
458	259	67	93
457	261	64	86
457	262	62	88
452	264	70	89
452	263	71	92
428	263	71	92
428	263	71	92
428	263	71	92
266	182	71	92
266	182	71	92
296	152	71	92
295	152	71	92
296	152	71	92
296	152	71	92
296	120	71	92
328	88	71	92
328	88	71	92
360	88	71	92
360	88	71	92
369	88	71	92
380	97	69	90
311	234	58	78
317	234	54	81
316	229	47	76
309	223	46	71
312	224	42	65
302	210	47	62
302	209	47	61
305	200	44	71
303	196	46	80
299	184	55	77
297	185	56	84
299	169	61	88
299	165	64	103
453	121	53	98
300	163	61	104
297	163	66	123
297	162	66	123
302	172	64	117
419	104	64	117
419	104	64	117
326	215	64	117
323	216	62	104
336	232	61	90
343	239	73	87
339	240	92	89
342	240	72	83
356	235	72	93
362	220	56	95
363	225	50	79
363	225	50	79
363	226	50	79
457	225	50	79
383	127	50	79
383	127	50	79
274	208	50	79
273	208	50	79
273	208	50	79
463	176	50	79
462	176	50	79
462	176	50	79
462	176	50	79
462	176	50	79
462	176	50	79
462	176	50	79
462	176	50	79
322	123	50	79
322	123	50	79
322	123	50	79
318	123	51	75
340	124	58	80
340	123	58	80
340	104	58	80
340	123	58	80
340	123	58	80
362	123	58	80
362	123	58	80
386	123	58	80
386	123	58	80
367	123	58	80
370	133	55	77
397	140	59	71
398	141	43	68
410	141	49	72
408	146	62	68
421	152	65	61
419	153	69	60
431	156	58	55
431	156	61	54
437	153	52	55
440	148	47	63
454	147	44	64
454	146	43	63
464	146	48	64
464	146	46	63
474	146	45	64
474	148	44	61
480	147	48	61
479	146	47	60
489	147	54	61
488	145	59	63
496	146	54	59
496	147	53	59
503	147	53	60
503	146	50	58
506	146	48	56
506	146	49	57
506	146	48	58
504	146	51	59
503	149	50	52
503	149	51	51
501	155	57	52
499	153	58	55
500	158	58	47
495	124	73	116
495	131	73	108
498	140	64	85
484	143	71	73
483	156	72	62
474	150	68	61
474	147	69	62
465	160	65	55
468	152	71	64
465	153	76	67
462	153	71	68
458	152	67	68
444	153	67	67
450	151	70	76
444	154	65	70
444	151	65	77
444	150	63	81
438	146	53	85
443	144	37	83
426	131	66	111
436	139	50	100
427	131	65	111
436	139	61	107
440	138	46	108
428	132	65	111
438	134	50	100
441	136	41	91
451	132	35	89
433	130	65	111
447	131	63	108
449	136	47	107
435	137	53	121
444	124	55	123
423	137	70	135
438	131	73	128
445	137	56	108
449	136	41	99
436	128	65	111
442	123	60	116
444	135	44	103
445	136	40	94
440	137	44	97
440	138	49	95
434	142	50	91
436	141	36	82
434	145	32	81
433	145	32	79
433	146	31	76
432	144	29	77
433	145	28	77
431	145	30	76
430	144	32	77
427	147	30	74
424	146	32	77
422	146	33	76
422	148	33	72
420	149	35	73
419	151	32	68
416	156	35	60
420	159	41	56
418	158	45	60
417	158	46	59
429	161	39	56
422	159	42	50
449	159	42	50
426	140	49	96
419	147	56	82
417	156	60	68
424	137	49	96
422	144	48	87
421	146	64	81
421	147	68	72
436	121	49	96
434	129	52	85
440	113	49	96
439	117	47	89
439	118	55	69
440	128	52	55
444	124	47	59
443	126	48	56
444	124	45	58
444	122	45	60
444	119	43	66
444	118	44	66
447	120	38	68
447	122	40	66
445	123	41	66
447	122	36	67
445	124	39	66
447	123	35	67
446	126	38	64
446	126	36	64
445	123	36	67
446	123	37	67
444	121	38	66
443	122	38	66
442	119	39	69
443	121	37	67
442	117	40	70
441	118	41	71
442	116	40	71
441	116	40	71
441	114	40	71
441	116	40	70
439	114	45	66
441	115	44	65
440	108	46	62
440	108	45	61
441	105	46	53
443	105	43	52
444	93	43	54
443	94	44	53
443	93	44	53
340	79	44	53
448	63	44	53
448	62	44	53
448	63	44	53
448	63	44	53
448	82	44	53
448	81	44	53
448	82	44	53
445	65	49	96
449	65	49	101
441	57	59	97
443	63	65	83
442	65	61	80
459	58	50	73
460	60	48	64
468	59	39	69
475	58	33	74
474	61	39	84
474	59	40	95
478	62	48	93
474	63	52	106
476	68	51	112
472	67	56	117
476	73	46	124
477	72	47	135
479	71	49	147
479	72	50	146
480	97	49	96
481	76	42	100
483	74	35	93
482	73	34	93
479	71	34	99
479	71	34	99
475	70	37	98
474	69	36	93
467	70	36	83
466	70	37	81
457	69	43	75
453	73	45	70
458	70	50	70
450	71	55	66
462	75	52	56
480	66	49	96
472	59	58	88
469	75	50	74
469	75	50	74
469	75	50	74
515	191	50	74
515	191	50	74
515	191	50	74
515	191	50	74
515	191	50	74
515	191	50	74
484	191	50	74
355	62	50	74
452	62	50	74
452	62	50	74
452	62	50	74
452	62	50	74
484	62	50	74
486	60	39	78
491	76	36	76
490	72	39	79
492	83	36	79
491	86	36	81
491	85	36	75
492	88	33	75
492	87	34	75
493	87	33	81
492	89	37	74
492	89	36	74
492	92	42	80
491	92	42	80
487	106	54	70
488	102	53	73
487	108	57	76
488	105	54	79
487	107	55	80
487	105	65	89
489	106	57	90
489	104	59	97
490	102	53	80
491	101	54	80
488	96	56	88
488	98	59	82
485	90	60	88
485	91	60	85
482	83	66	89
480	82	68	96
476	75	73	104
475	76	74	101
474	70	76	104
473	70	76	107
468	66	81	101
465	64	82	109
465	62	78	100
467	65	74	98
466	63	77	98
465	64	79	94
468	66	80	102
465	64	84	99
474	67	72	104
474	67	73	105
476	67	74	107
474	68	77	102
475	67	78	103
474	69	79	99
475	68	79	100
477	68	74	105
478	68	68	105
477	70	67	101
478	71	65	96
479	71	63	99
478	73	62	103
476	76	66	95
477	83	67	88
479	81	64	90
479	93	68	82
480	90	64	92
482	102	65	91
483	103	59	99
486	111	59	94
485	113	63	89
485	103	69	86
486	105	67	98
487	79	66	99
485	80	68	93
486	73	70	98
487	73	65	93
481	66	74	103
481	64	80	105
482	60	77	104
482	60	81	104
483	61	75	104
482	60	77	107
482	63	76	105
481	61	78	105
481	64	75	108
480	66	76	102
481	67	73	103
479	71	76	104
482	82	72	110
480	81	76	118
480	97	79	110
481	100	74	103
480	89	77	98
480	91	75	116
478	75	69	121
479	80	71	110
476	79	73	102
475	78	73	101
472	79	70	104
471	79	71	107
466	84	73	108
467	83	70	97
465	90	63	89
462	91	72	85
462	96	71	76
472	82	49	96
465	92	62	90
462	97	67	88
461	98	72	85
463	101	61	81
462	99	68	94
462	102	62	95
461	104	59	89
459	109	63	87
458	108	66	93
457	114	66	92
456	115	68	100
456	123	69	112
456	113	68	117
446	119	73	122
450	121	70	119
440	122	74	109
441	118	74	117
436	118	65	114
435	115	66	120
421	120	71	116
421	120	73	117
400	121	81	111
398	108	82	128
377	121	87	112
377	132	86	99
377	136	49	96
374	131	44	87
355	136	52	80
350	137	61	78
343	131	72	82
339	136	68	84
316	113	68	84
316	113	68	84
316	113	68	84
326	128	54	83
324	129	50	83
325	129	44	79
324	129	38	82
322	129	39	83
321	136	39	74
320	135	39	75
318	141	42	71
316	140	53	71
318	139	46	78
319	138	42	79
322	131	40	83
323	131	40	85
323	128	44	85
323	128	44	89
324	126	43	84
324	127	42	86
325	127	40	87
326	127	41	85
327	129	38	85
327	129	39	83
326	131	32	84
325	130	35	87
325	134	34	82
326	134	32	78
326	134	32	78
326	118	32	78
326	136	32	78
326	135	32	78
326	135	32	78
321	130	39	81
314	115	45	88
313	115	46	86
310	105	46	93
309	105	46	92
307	97	45	98
306	98	45	98
300	100	56	100
291	103	66	99
313	102	66	99
312	102	66	99
312	103	66	99
312	102	66	99
365	102	66	99
349	120	66	99
384	67	66	99
384	86	66	99
384	86	66	99
384	86	66	99
384	86	66	99
384	86	66	99
384	86	66	99
234	236	66	99
375	95	66	99
375	95	66	99
375	77	66	99
375	77	66	99
375	77	66	99
375	77	66	99
375	55	66	99
375	55	66	99
352	79	66	99
226	229	66	99
331	98	66	99
331	98	66	99
331	79	66	99
331	113	66	99
314	131	66	99
313	131	66	99
294	131	66	99
293	131	66	99
293	153	66	99
293	153	66	99
293	153	66	99
293	153	66	99
293	133	66	99
289	122	66	99
279	137	59	89
277	140	61	83
263	140	67	96
265	141	64	90
253	145	66	96
253	143	65	98
246	155	59	94
242	155	62	90
227	169	64	91
231	168	59	92
215	189	48	82
217	191	44	80
217	195	41	80
215	194	43	80
215	195	43	81
216	195	42	81
215	194	38	83
216	195	38	80
213	194	39	81
214	194	40	80
212	194	40	79
215	195	38	79
217	194	35	81
221	194	31	80
220	194	32	82
216	195	36	79
222	194	30	79
221	193	30	83
213	192	37	82
217	192	40	83
215	193	31	78
218	193	35	76
206	182	49	96
216	192	44	81
216	193	38	78
217	192	32	80
217	191	32	80
221	192	42	79
219	191	32	81
220	192	29	80
206	184	49	96
206	173	49	96
216	192	46	82
217	191	34	79
206	181	49	96
209	188	45	89
218	191	40	82
219	192	27	76
206	184	49	96
216	184	49	96
216	189	43	87
217	192	35	77
219	192	30	77
207	183	49	96
209	193	45	81
219	192	42	80
219	194	33	77
207	185	49	96
215	189	39	92
218	190	41	83
218	193	38	79
219	192	33	80
220	193	27	77
219	192	29	80
207	183	49	96
215	190	40	86
216	192	39	80
217	191	34	82
219	192	30	79
207	186	49	96
217	192	44	83
219	192	29	78
207	185	49	96
216	191	35	88
219	192	29	85
207	186	49	96
215	186	39	93
219	192	43	84
219	193	30	74
208	185	49	96
212	193	43	84
218	192	46	83
218	191	35	82
218	191	35	83
219	192	35	79
218	192	36	80
218	192	36	80
219	192	27	79
206	185	49	96
214	191	39	84
219	193	37	79
220	192	31	79
208	185	49	96
207	192	47	85
217	191	41	81
219	191	35	82
219	192	31	81
220	193	31	81
221	193	27	81
207	186	49	96
217	191	35	87
208	185	49	96
208	191	46	89
218	190	40	85
218	192	35	79
220	193	35	79
220	193	34	78
221	193	29	81
220	192	28	82
208	186	49	96
207	192	48	87
218	193	43	81
219	193	32	74
220	193	31	77
207	184	49	96
211	192	42	86
219	193	39	81
220	192	30	80
220	193	30	75
221	193	25	79
207	185	49	96
219	192	40	85
219	192	34	83
220	193	32	79
220	192	32	82
221	193	26	79
207	184	49	96
218	191	40	88
219	191	34	86
221	192	27	84
207	186	49	96
220	192	36	85
220	193	30	78
221	193	27	79
207	184	49	96
220	193	37	83
221	192	31	80
209	185	49	96
207	193	47	84
218	191	38	84
220	192	32	83
221	192	26	80
208	184	49	96
204	192	51	86
220	194	36	79
220	194	34	77
221	193	28	80
208	184	49	96
204	190	51	87
216	193	45	81
216	190	38	83
219	191	32	83
220	192	27	82
208	184	49	96
211	187	44	90
219	192	39	85
209	185	49	96
198	192	56	85
216	195	46	79
219	192	32	80
219	193	27	78
221	194	32	77
220	194	32	77
226	194	33	78
225	194	34	81
226	196	41	77
226	196	41	76
229	194	39	75
227	194	42	75
224	197	41	71
225	196	40	71
223	196	38	74
223	195	39	72
223	195	38	72
222	196	40	71
222	195	39	71
223	195	40	75
222	194	40	75
222	194	40	76
224	194	37	78
224	194	39	76
225	194	38	77
225	194	37	79
224	194	40	77
224	195	39	78
224	194	41	79
225	194	39	76
226	195	38	74
225	195	40	74
227	197	44	67
233	189	48	75
231	190	50	79
236	181	50	82
234	182	51	84
228	183	57	88
228	183	58	86
210	197	53	78
216	196	44	79
220	191	48	80
223	185	50	82
223	183	49	86
223	179	52	93
223	178	50	96
218	188	48	97
217	188	53	94
214	192	53	90
214	194	53	86
218	186	49	91
227	179	54	95
225	180	54	94
228	182	56	99
226	182	59	101
215	192	66	97
214	190	63	94
224	189	53	94
224	187	57	99
229	180	57	97
229	179	59	101
233	176	60	107
226	188	59	101
225	188	59	99
226	191	55	97
226	190	55	95
223	191	57	96
224	190	53	97
226	189	51	98
226	190	53	95
226	190	52	99
226	190	52	98
226	189	50	100
226	190	52	96
226	191	50	96
226	189	52	98
226	191	53	95
226	190	52	97
225	190	53	98
226	190	51	97
225	189	53	98
224	191	53	98
225	190	53	96
225	190	52	100
227	190	52	97
228	190	49	95
227	189	51	99
226	189	52	98
225	189	53	100
227	189	50	99
227	190	51	95
226	189	50	98
226	189	51	99
225	190	54	98
227	189	51	96
227	190	49	97
226	189	51	96
226	189	52	100
226	190	52	98
227	191	50	94
226	191	53	94
227	190	51	97
226	191	52	96
223	190	57	101
225	190	55	98
226	190	52	96
227	189	52	99
227	190	52	97
225	189	53	99
225	191	54	94
227	191	51	93
225	190	54	97
225	190	53	98
224	190	54	101
221	189	59	102
226	191	54	95
226	191	53	95
227	191	52	93
225	190	53	96
225	190	54	98
225	190	53	98
225	189	54	100
225	189	54	100
224	190	55	99
222	188	58	104
225	189	54	104
225	189	54	100
227	190	51	99
228	189	50	101
226	189	51	99
226	189	52	99
227	190	50	98
227	190	50	97
226	189	52	103
225	189	53	103
227	191	52	95
227	189	51	102
226	190	51	100
228	189	51	98
225	190	53	99
227	189	51	103
228	188	48	102
228	188	49	103
227	189	50	99
226	190	52	98
227	188	51	103
228	189	48	102
227	189	50	102
227	188	49	104
227	190	52	97
226	189	52	99
228	189	48	101
227	189	50	98
228	189	47	100
227	189	49	100
228	190	49	99
228	190	48	99
227	189	50	102
228	189	48	102
228	189	47	104
228	190	48	102
228	189	48	101
228	190	47	103
227	191	49	100
228	189	47	103
227	190	47	104
227	190	48	103
226	189	51	107
226	189	52	104
226	189	48	111
227	190	46	109
227	189	47	111
227	190	50	104
226	190	52	97
227	189	47	100
227	189	48	101
224	190	50	99
226	190	47	96
225	189	45	101
226	190	44	97
228	186	45	98
227	186	48	100
234	179	44	102
233	180	44	96
234	181	42	101
216	189	41	98
211	190	51	95
208	186	51	95
209	185	49	99
219	180	44	102
219	180	44	102
223	181	36	95
216	185	46	97
216	168	46	97
216	185	46	97
218	178	41	98
217	171	41	88
218	170	40	80
218	170	40	80
218	170	40	80
203	185	39	80
202	185	40	85
200	184	41	97
198	176	40	100
199	171	41	90
198	153	41	90
199	153	41	90
190	175	38	102
188	175	42	95
179	184	43	93
182	186	43	91
181	183	36	84
181	183	36	84
166	168	36	84
165	151	36	84
183	168	36	84
164	152	36	84
164	152	36	84
164	184	30	76
164	184	30	76
164	183	35	71
163	183	35	71
164	184	35	71
164	184	35	71
164	184	35	71
148	184	35	71
148	184	35	71
153	184	42	72
154	185	37	62
156	174	33	65
156	162	33	65
156	162	33	65
156	180	33	65
156	180	33	65
136	180	33	65
152	180	33	65
152	180	33	65
152	180	33	65
152	180	33	65
152	180	33	65
152	180	33	65
152	201	33	65
152	202	33	65
152	202	33	65
152	202	33	65
152	202	33	65
152	202	33	65
152	202	33	65
151	201	33	65
88	170	33	65
152	202	33	65
152	202	33	65
152	202	33	65
152	202	33	65
152	202	33	65
152	202	33	65
152	202	33	65
152	202	33	65
87	137	33	65
152	202	33	65
87	105	33	65
313	169	33	65
88	72	33	65
313	168	33	65
443	169	33	65
443	169	33	65
443	169	33	65
443	169	33	65
443	169	33	65
443	169	33	65
443	169	33	65
443	169	33	65
443	169	33	65
443	169	33	65
443	169	33	65
443	169	33	65
443	169	33	65
443	169	33	65
443	169	33	65
443	169	33	65
443	169	33	65
443	169	33	65
443	169	33	65
443	169	33	65
443	169	33	65
443	169	33	65
443	169	33	65
443	169	33	65
443	169	33	65
443	169	33	65
443	169	33	65
443	169	33	65
539	265	33	65
540	266	33	65
540	298	33	65
540	298	33	65
540	266	33	65
411	169	33	65
411	169	33	65
411	169	33	65
411	169	33	65
411	169	33	65
411	169	33	65
411	169	33	65
411	169	33	65
411	169	33	65
411	169	33	65
411	169	33	65
411	169	33	65
411	169	33	65
411	169	33	65
411	169	33	65
411	169	33	65
411	169	33	65
411	169	33	65
411	169	33	65
411	169	33	65
411	169	33	65
411	169	33	65
411	169	33	65
540	265	33	65
572	266	33	65
540	266	33	65
411	169	33	65
572	265	33	65
540	266	33	65
540	234	33	65
572	266	33	65
572	266	33	65
572	266	33	65
572	266	33	65
572	266	33	65
572	266	33	65
572	266	33	65
572	266	33	65
572	266	33	65
572	266	33	65
572	266	33	65
378	169	33	65
379	169	33	65
347	201	33	65
347	201	33	65
347	201	33	65
347	201	33	65
347	201	33	65
347	201	33	65
347	201	33	65
347	201	33	65
347	201	33	65
347	201	33	65
347	201	33	65
347	201	33	65
347	201	33	65
347	201	33	65
347	201	33	65
347	201	33	65
315	201	33	65
315	201	33	65
315	201	33	65
315	201	33	65
315	201	33	65
315	201	33	65
315	201	33	65
347	201	33	65
347	201	33	65
347	201	33	65
347	201	33	65
347	201	33	65
347	201	33	65
379	201	33	65
379	201	33	65
379	201	33	65
411	201	33	65
411	201	33	65
411	201	33	65
411	201	33	65
185	169	33	65
185	201	33	65
217	201	33	65
217	201	33	65
217	201	33	65
249	169	33	65
252	183	36	65
263	181	39	60
264	183	40	72
275	179	41	65
275	180	41	67
288	178	42	57
288	178	40	60
299	175	39	65
300	176	38	63
309	175	40	58
318	174	40	58
318	174	40	54
328	174	42	61
327	173	44	64
337	174	53	71
336	174	55	78
342	171	57	85
340	171	56	84
346	171	55	79
372	146	65	79
355	153	74	94
376	143	85	106
376	142	85	106
395	138	82	115
394	137	82	115
400	152	76	108
409	163	69	85
415	168	61	84
419	166	51	85
424	167	51	81
424	167	50	84
427	164	53	86
427	163	56	86
452	141	65	102
434	138	75	108
443	131	84	113
445	125	85	121
431	121	100	130
451	147	41	92
453	124	58	95
438	119	69	104
417	118	96	112
424	124	102	125
442	125	41	92
420	128	33	90
388	128	33	90
388	128	33	90
403	96	33	90
411	98	32	86
380	72	43	94
379	70	52	97
365	67	52	89
366	67	50	85
352	71	56	91
352	72	59	92
347	88	47	95
348	86	46	93
341	101	61	91
340	104	71	87
355	116	41	92
341	121	51	87
339	130	64	75
338	133	50	65
357	130	57	74
358	130	56	75
320	150	56	75
360	129	56	75
317	150	56	75
317	128	56	75
317	128	56	75
317	127	56	75
317	127	56	75
317	127	56	75
345	156	56	75
522	155	56	75
318	155	56	75
335	143	60	80
337	150	65	88
336	139	73	103
339	129	81	119
339	129	82	121
339	128	82	121
339	128	82	121
308	160	82	121
307	161	82	121
307	161	82	121
321	142	74	130
321	134	76	136
321	130	85	147
231	129	85	147
230	129	85	147
231	98	85	147
231	98	85	147
231	98	85	147
231	98	85	147
321	130	85	147
323	126	75	138
323	108	75	138
329	128	71	120
332	119	80	107
332	119	76	106
340	105	68	102
339	106	73	100
343	104	73	93
344	101	71	96
366	100	41	92
352	102	59	88
362	88	72	94
352	87	83	99
364	85	89	101
367	73	82	123
379	60	94	138
381	58	101	140
381	93	90	139
382	94	88	132
377	122	80	110
374	120	91	111
331	125	100	122
356	145	41	92
325	144	41	92
325	144	41	92
292	176	41	92
268	174	51	100
237	189	58	96
231	188	69	90
230	187	64	84
231	188	61	81
234	204	63	89
231	187	61	101
234	186	59	107
232	187	62	115
