377	202	64	80
378	198	62	85
377	199	64	84
377	199	62	83
378	199	62	84
376	198	63	86
378	197	63	86
377	197	63	85
376	199	63	84
377	197	65	86
378	198	62	84
378	198	63	86
379	197	60	85
378	200	62	83
378	198	60	85
377	198	64	86
379	196	59	88
377	197	63	87
376	199	65	84
377	197	62	85
376	197	65	87
377	197	62	87
377	198	61	85
378	199	60	84
377	198	64	86
378	199	63	84
377	199	63	84
377	200	62	84
376	198	66	85
378	200	62	82
378	199	63	84
376	200	63	82
378	199	62	85
378	199	61	84
377	199	62	83
375	200	65	83
377	199	65	85
378	197	60	87
376	201	65	82
376	202	66	81
378	201	62	80
377	199	63	85
377	198	63	85
376	198	65	85
376	198	65	85
378	199	63	84
376	200	63	83
378	197	62	87
377	199	61	85
377	200	64	85
379	200	61	83
376	201	64	81
379	201	60	82
378	199	61	84
378	199	60	85
377	200	65	83
376	199	66	85
377	199	62	84
377	199	62	84
377	198	64	86
378	198	62	85
377	198	61	85
378	199	63	84
376	201	63	82
377	199	65	83
378	197	62	85
377	196	63	85
377	196	64	84
378	196	64	85
377	195	67	85
380	195	63	87
380	192	63	92
379	195	64	86
381	193	59	90
382	195	58	87
382	195	59	89
380	194	60	90
381	195	59	89
380	194	59	91
379	196	61	89
376	197	62	90
376	199	59	89
373	199	63	90
368	200	63	91
358	198	69	96
345	197	77	97
338	198	80	99
328	197	87	101
323	200	89	101
313	202	97	100
309	202	93	103
307	201	85	101
302	203	87	102
295	200	89	103
294	202	86	104
289	197	84	109
292	196	76	109
292	199	72	104
291	199	73	102
292	194	69	107
292	198	69	102
294	197	65	104
293	202	67	99
293	201	63	98
293	200	66	100
294	199	64	102
293	199	64	101
291	207	67	92
293	197	66	103
290	198	68	103
292	198	68	101
291	199	70	102
293	200	69	101
290	201	72	100
293	201	68	99
289	205	75	97
291	208	69	94
287	207	74	93
286	208	77	92
285	208	77	94
287	207	72	98
286	206	74	96
288	203	71	98
293	205	66	94
297	204	59	94
294	206	64	92
288	201	71	100
286	198	75	102
286	195	73	105
283	192	77	106
282	193	75	103
280	192	75	110
276	191	77	114
271	191	81	116
264	192	90	114
252	187	111	122
241	189	132	118
233	182	147	126
228	180	152	124
224	187	159	120
223	182	160	124
214	180	169	125
221	189	159	120
214	187	164	118
212	191	165	116
209	187	166	118
208	192	165	111
205	190	165	114
203	197	165	106
199	198	168	107
201	199	162	107
198	202	169	106
200	202	166	107
198	202	168	107
197	199	169	112
197	198	167	113
197	197	169	114
192	197	175	117
192	196	175	120
197	191	170	127
196	192	175	128
197	187	178	137
196	188	178	136
198	188	178	142
197	186	179	144
191	186	191	147
190	184	187	146
190	184	187	151
186	186	190	151
187	187	189	149
186	187	192	155
185	182	193	164
182	190	194	155
186	186	201	160
185	180	195	164
186	180	203	162
189	181	193	156
189	189	190	149
188	185	193	153
189	188	200	152
189	187	192	151
193	188	198	151
191	194	193	145
191	195	199	148
193	196	189	148
190	194	199	150
193	202	185	141
191	202	185	143
196	199	196	140
187	204	193	136
197	196	201	148
192	200	183	146
197	191	201	156
188	195	196	149
188	201	196	143
188	196	208	148
185	201	199	141
185	200	209	145
177	198	203	146
180	197	207	150
179	199	200	147
183	196	193	148
184	194	198	153
180	198	211	148
176	197	207	148
173	188	214	159
175	193	215	155
174	185	207	164
179	179	202	168
177	186	210	158
173	189	204	151
176	191	199	149
180	185	195	153
183	181	192	162
184	173	186	165
183	173	189	159
187	169	188	153
180	162	192	165
188	150	184	174
185	143	189	177
171	120	209	204
172	115	210	207
164	113	220	201
141	123	242	195
121	119	260	202
141	110	238	213
123	119	259	200
195	158	218	172
202	136	192	175
228	192	180	120
215	215	168	108
233	212	149	100
240	207	134	100
242	198	130	111
242	228	122	84
243	236	114	75
243	240	106	72
245	242	97	73
246	240	99	75
246	241	99	74
246	241	99	75
247	241	97	74
246	242	98	74
245	241	100	74
246	242	95	71
244	242	95	69
243	243	95	66
241	243	98	62
240	243	98	62
240	243	98	62
240	243	98	62
240	243	98	62
240	243	98	62
261	222	98	62
261	222	98	62
258	219	95	73
253	212	106	78
256	210	102	78
254	208	105	77
255	206	102	75
254	203	101	76
259	201	95	71
261	195	94	74
262	191	91	72
264	188	87	71
265	183	89	65
264	180	92	69
261	176	97	72
109	142	89	98
262	173	95	72
124	146	92	98
73	102	207	174
78	115	223	137
177	128	221	145
168	105	220	158
189	92	194	159
190	116	196	157
207	87	176	193
211	89	176	170
218	114	167	182
220	91	171	201
225	87	166	199
208	106	207	174
225	92	189	204
232	86	183	212
237	83	178	220
236	82	184	224
237	83	188	205
235	84	190	204
240	83	189	214
242	81	187	194
239	79	191	204
242	79	189	218
242	83	202	193
242	78	209	213
241	82	214	213
245	86	218	212
246	83	222	218
248	84	228	209
244	93	229	194
243	86	249	203
245	82	240	205
247	83	244	198
247	85	248	185
244	82	259	183
241	79	270	180
246	85	266	171
246	73	282	188
244	64	293	201
242	58	299	211
241	57	283	202
241	51	305	211
242	38	286	225
242	37	336	224
242	56	308	204
246	51	281	208
243	46	284	209
247	17	254	243
251	23	241	234
248	16	229	245
248	15	237	242
247	24	254	231
251	27	220	229
252	40	213	211
250	18	209	237
246	48	207	174
242	86	219	165
243	69	217	181
240	57	204	196
232	61	210	190
231	91	207	167
225	82	223	164
164	154	256	189
213	99	234	150
200	93	245	157
211	98	222	154
173	98	222	154
451	19	222	154
450	18	222	154
450	18	222	154
172	98	222	154
196	172	222	154
300	131	222	154
433	21	222	154
411	43	232	125
194	109	241	139
207	86	223	165
168	127	223	165
406	8	223	165
169	168	223	165
170	169	223	165
170	169	223	165
170	129	223	165
170	169	223	165
170	169	223	165
170	169	223	165
207	86	223	165
307	157	218	131
165	129	233	130
155	164	262	118
139	149	285	114
169	162	204	154
193	141	189	152
196	186	225	117
202	187	230	112
174	176	226	95
188	175	215	92
203	170	202	97
190	166	175	89
197	196	197	103
205	187	194	112
206	181	197	117
202	169	204	129
205	152	172	145
212	155	157	145
209	143	159	154
188	131	206	145
206	181	193	122
205	148	169	142
203	86	182	170
183	107	219	147
188	127	214	151
200	106	185	153
203	105	177	167
200	105	177	172
204	109	167	167
206	125	163	149
210	135	154	140
210	145	149	122
204	152	155	100
205	156	148	112
204	159	150	100
208	162	145	95
205	165	149	90
208	169	141	87
205	170	143	79
207	170	143	80
208	169	140	83
206	168	142	85
206	169	141	82
207	167	144	85
211	168	140	84
214	167	136	86
218	168	131	85
214	166	137	90
218	167	132	89
209	167	145	100
210	173	143	98
216	172	136	107
215	173	139	111
206	174	154	106
206	174	153	112
202	170	161	120
207	177	157	117
211	176	153	119
210	175	157	126
221	182	146	122
216	176	151	128
211	185	161	121
214	188	156	122
213	192	157	117
217	196	154	113
219	194	151	120
218	190	152	119
218	197	153	114
223	197	144	116
224	195	143	118
229	198	133	116
231	204	132	112
241	206	120	111
243	206	118	111
258	206	101	111
255	207	101	109
254	211	101	105
250	211	106	108
252	212	102	108
252	215	101	108
249	215	105	111
252	216	104	114
255	218	101	111
256	215	99	117
255	212	100	123
254	208	101	133
254	205	103	138
257	201	100	144
260	197	95	149
249	185	114	165
246	210	117	139
233	190	136	162
229	188	142	165
234	179	141	176
233	178	140	181
231	179	145	179
225	180	157	173
224	184	153	173
226	185	152	171
220	180	161	174
220	193	156	162
221	196	155	157
217	193	165	162
228	187	170	167
222	189	171	166
230	204	138	148
230	192	143	161
235	199	136	155
234	188	141	166
233	184	146	172
233	193	139	160
238	198	134	155
241	203	125	147
242	201	127	150
244	206	118	144
242	204	116	148
237	201	123	155
236	201	133	153
239	205	118	142
236	203	111	150
236	196	102	155
232	201	101	146
229	199	98	148
230	199	90	144
225	200	89	142
218	199	87	138
220	198	79	148
217	199	76	142
221	202	67	139
225	216	62	127
222	223	65	119
222	226	65	116
225	225	61	119
225	223	61	121
223	226	64	118
224	223	64	123
224	225	62	119
223	223	64	121
224	223	62	121
222	223	65	121
224	224	61	119
224	222	63	125
223	222	63	123
226	225	60	119
223	223	64	123
224	219	62	127
225	221	60	123
223	220	62	126
224	219	62	125
222	220	64	125
225	218	61	128
225	221	60	124
226	222	59	121
226	221	59	123
224	222	61	123
222	223	65	121
224	220	62	126
223	221	64	123
223	220	64	124
222	220	65	125
221	218	66	126
222	218	63	127
223	220	63	126
224	221	62	124
224	217	62	130
222	223	65	122
223	220	63	124
222	222	65	123
220	223	69	124
222	222	66	124
223	220	66	129
223	222	65	124
221	223	70	121
220	222	70	126
221	223	68	120
221	225	70	119
223	220	68	125
223	224	68	120
221	221	70	127
223	218	67	130
221	219	72	123
219	221	73	120
221	222	70	119
220	223	71	115
220	223	72	119
221	224	71	110
220	226	72	107
219	225	76	109
221	227	72	105
219	226	73	108
218	223	74	114
221	225	69	111
219	217	73	120
220	220	70	115
218	220	74	116
217	220	78	116
217	224	77	111
210	221	84	115
197	218	98	118
195	223	106	113
199	223	97	110
199	227	99	105
202	229	95	101
203	225	90	105
203	226	91	104
203	226	92	104
202	229	93	100
200	228	97	100
200	230	94	99
196	231	96	98
190	226	102	101
188	226	101	101
184	226	104	97
181	223	102	98
177	225	101	95
176	223	99	97
172	222	103	100
171	221	101	99
168	221	104	101
167	220	103	99
164	220	106	100
162	219	106	99
161	221	103	98
158	221	105	97
154	220	108	98
156	219	100	97
154	219	98	96
152	219	101	96
154	221	98	93
157	219	95	96
168	222	85	91
176	224	78	88
179	222	77	88
181	220	77	90
186	218	75	92
195	220	71	87
196	220	76	88
204	221	73	85
210	220	72	88
216	221	69	85
217	221	73	85
223	221	71	86
226	221	70	86
228	220	69	87
230	221	72	85
231	220	72	86
233	222	66	82
233	220	65	86
234	220	66	85
231	218	70	87
214	214	87	89
212	215	92	90
214	212	91	91
216	214	92	90
217	214	91	89
216	212	92	91
223	212	88	92
220	212	89	93
225	211	81	95
219	212	88	93
222	212	83	93
220	209	85	96
223	210	81	94
218	206	85	96
217	207	85	97
215	208	85	93
209	206	92	95
211	205	91	95
206	205	95	94
205	207	94	89
199	208	102	89
194	204	107	94
190	204	110	92
189	202	110	93
185	203	112	88
183	202	112	89
182	202	113	90
180	200	112	94
180	201	113	89
179	202	113	90
183	202	107	90
182	202	108	88
183	200	110	90
183	202	108	87
183	200	111	88
185	203	107	84
185	203	108	85
188	201	102	89
186	201	104	88
189	200	103	93
190	202	97	88
190	204	100	85
191	202	100	87
193	202	97	85
194	203	96	84
195	201	93	85
195	203	98	83
195	203	96	80
197	203	95	82
196	201	91	84
198	201	93	85
197	200	95	81
198	201	92	82
199	202	90	80
199	203	89	81
199	203	90	79
199	205	90	78
201	203	86	79
200	206	90	77
200	205	90	79
200	205	89	79
200	205	90	80
200	204	89	81
202	206	86	77
201	206	91	77
200	205	92	78
200	204	90	83
200	203	89	82
201	201	84	85
201	204	91	83
202	203	89	82
204	202	89	86
205	200	87	85
207	202	87	82
208	201	85	84
210	202	83	79
212	202	83	79
213	200	82	81
216	200	79	82
219	202	75	78
223	202	71	79
222	199	70	81
221	203	73	77
223	202	72	78
227	199	70	81
222	198	77	83
229	201	70	78
220	198	81	80
222	201	81	78
215	202	88	76
214	203	90	74
239	208	66	67
243	208	60	68
243	210	60	66
244	209	61	65
242	205	61	71
241	206	65	71
242	205	63	69
243	205	63	70
240	205	67	70
242	205	64	69
240	208	66	66
240	208	66	65
242	207	63	69
241	204	64	70
241	206	64	69
241	204	65	71
242	204	62	71
242	203	64	74
242	207	66	67
242	206	66	69
242	207	67	68
241	206	68	68
242	205	66	70
244	204	66	74
243	202	69	76
242	201	72	77
243	199	79	78
244	197	84	78
244	197	87	78
245	198	87	78
234	201	87	75
241	201	88	73
232	200	90	76
242	202	86	73
243	201	88	74
241	202	92	74
244	204	86	72
243	202	86	74
244	200	73	75
242	202	82	75
243	202	83	73
242	204	90	73
240	203	93	74
236	203	98	73
237	201	94	75
234	198	99	83
237	198	96	82
237	199	95	81
234	199	99	80
235	200	95	79
236	200	85	78
238	200	74	79
237	203	73	75
241	203	69	76
244	202	65	78
243	202	66	82
241	199	68	86
240	202	69	80
240	202	71	79
237	200	73	80
239	202	68	77
240	203	67	76
241	202	68	77
242	203	68	77
242	203	68	77
243	203	65	80
241	203	68	80
242	203	67	79
241	203	69	81
240	204	69	79
239	204	72	81
241	202	69	81
240	205	72	79
241	203	70	80
242	202	69	83
240	204	73	82
240	203	72	82
240	201	72	82
240	202	71	86
240	201	72	88
240	203	71	86
239	201	73	90
241	201	68	89
241	200	70	96
243	200	67	94
242	200	70	95
244	199	66	87
244	201	64	84
243	201	66	86
241	201	69	85
243	202	66	83
243	201	67	85
243	201	69	86
246	201	62	86
246	201	64	88
245	202	64	87
246	203	63	85
244	202	66	87
246	202	63	87
243	202	69	86
244	202	66	83
243	202	68	84
244	202	68	83
244	201	67	82
243	202	69	82
243	200	76	82
243	201	86	79
243	200	89	82
240	200	93	77
238	201	92	77
239	202	85	79
236	204	91	84
236	206	91	83
235	207	91	87
233	208	97	88
233	207	95	90
231	209	97	92
231	210	102	95
233	211	96	92
232	212	99	94
233	214	97	95
231	213	102	97
234	215	97	96
237	215	100	97
242	215	95	96
241	217	98	96
253	217	91	95
266	219	87	94
282	219	79	94
293	215	84	98
307	216	82	96
319	214	86	98
325	210	93	99
336	209	85	97
349	210	78	95
355	213	82	93
364	210	78	91
369	211	77	86
370	210	81	85
374	211	77	82
378	209	75	80
378	209	75	79
383	208	69	81
382	204	69	83
376	206	76	80
377	204	72	81
377	204	70	79
374	203	71	78
375	201	66	79
372	202	65	77
372	204	61	75
366	202	65	73
362	202	66	76
355	200	72	76
358	199	64	75
351	200	69	74
351	199	65	75
347	199	69	74
340	197	72	76
332	197	81	76
330	200	66	73
322	201	68	72
316	201	68	74
310	202	65	73
301	204	66	70
293	203	68	72
283	204	68	70
274	202	67	73
263	202	73	76
250	200	82	79
235	199	99	80
223	201	109	78
206	200	109	79
203	199	106	78
202	200	101	78
177	197	114	84
181	204	99	79
178	199	92	84
173	197	91	89
169	197	90	89
162	199	94	87
157	200	94	86
154	199	96	86
151	201	98	83
149	199	101	85
147	202	102	80
148	202	103	79
148	199	104	81
147	199	108	81
146	198	110	82
143	187	96	95
145	193	83	89
144	196	75	85
143	199	75	85
141	200	78	81
137	203	83	79
133	200	86	82
130	203	89	78
128	202	89	78
124	203	95	79
121	201	96	80
115	204	102	78
135	205	82	74
138	206	78	74
132	206	85	75
122	203	95	79
117	203	101	77
127	203	91	78
131	201	86	77
135	200	82	81
133	200	85	81
135	197	83	86
132	194	86	88
135	192	84	89
135	181	85	103
137	178	84	104
139	187	82	97
136	195	85	86
137	198	84	85
137	193	89	90
137	193	88	91
140	191	84	93
145	190	77	96
147	188	76	99
151	185	72	100
150	187	76	102
155	190	73	100
158	189	70	102
158	188	77	105
161	187	80	106
167	183	76	113
177	183	68	118
181	179	70	123
187	177	71	130
194	180	65	126
199	175	71	133
203	179	68	129
207	181	68	127
208	179	70	127
211	172	75	134
215	169	73	139
218	161	75	147
220	157	78	140
234	156	104	131
226	147	129	139
227	147	151	147
227	86	153	169
216	104	169	184
212	88	177	199
212	83	179	214
210	83	172	200
210	86	170	193
211	83	171	200
213	82	168	206
215	82	161	192
211	86	165	188
212	84	165	186
212	87	163	182
214	84	158	181
215	90	162	186
213	90	163	169
216	92	158	183
213	88	156	171
210	89	160	169
211	89	159	172
208	89	161	170
209	91	161	165
208	90	163	171
207	91	161	166
206	93	161	167
205	87	164	173
205	85	164	174
205	85	162	175
207	89	163	170
207	87	161	173
208	90	158	167
209	84	159	173
207	87	161	173
207	91	160	165
207	88	162	168
206	91	159	168
210	86	155	172
206	83	160	174
207	112	157	151
205	90	161	163
210	104	154	164
205	90	161	164
204	114	162	145
205	98	162	153
202	91	163	166
202	86	164	173
204	83	164	176
207	82	160	194
203	89	163	166
212	126	151	136
203	108	160	142
201	98	164	157
200	93	161	165
201	79	163	180
198	96	168	175
198	86	165	172
200	83	163	178
194	81	171	180
196	82	170	182
198	80	163	182
196	102	170	185
191	79	172	180
188	104	177	167
190	90	172	165
175	148	186	121
185	117	166	183
186	111	175	153
191	90	174	162
147	118	189	167
115	144	197	133
154	110	213	155
181	88	193	165
101	129	193	165
180	129	193	165
61	129	193	165
23	169	193	165
23	130	193	165
22	162	178	130
50	136	166	183
23	153	186	158
49	179	169	128
57	182	142	92
75	183	115	85
91	181	102	88
112	179	93	95
128	180	97	91
154	179	87	87
151	181	92	87
182	179	90	76
184	180	82	77
211	173	73	84
220	169	79	84
236	168	98	82
252	167	105	79
255	161	111	85
255	161	111	85
282	161	111	85
303	161	111	85
303	139	111	85
280	162	111	85
303	137	111	85
278	162	111	85
251	161	111	85
250	161	111	85
92	202	111	85
122	208	85	74
123	211	61	67
129	213	53	58
267	127	53	58
247	127	53	58
138	215	53	58
130	212	50	58
132	213	48	60
131	214	49	57
131	215	48	56
131	214	49	57
132	212	48	60
132	212	47	61
131	212	49	60
130	213	50	59
131	213	50	60
130	214	49	59
131	213	49	59
131	213	49	59
131	213	49	60
129	214	51	57
131	213	49	60
131	213	50	60
131	213	49	59
131	213	49	59
131	213	49	60
130	213	50	61
131	214	50	58
130	213	51	59
129	212	51	59
130	213	51	59
130	213	51	59
196	152	60	66
130	211	51	63
193	146	62	72
191	140	68	81
194	144	61	76
192	144	67	78
192	145	68	77
189	144	70	79
187	144	75	78
182	139	78	87
180	136	80	97
170	134	90	98
158	135	105	87
155	134	109	85
152	132	115	84
152	132	116	84
179	133	104	82
185	130	106	87
177	127	125	93
150	141	133	115
141	150	157	116
134	124	163	143
128	123	168	146
134	125	165	146
124	124	179	152
122	126	186	151
116	130	193	145
114	132	194	148
110	134	206	146
112	133	226	157
95	127	242	176
70	123	278	167
80	127	287	173
117	143	279	156
93	130	270	170
195	132	166	183
210	133	134	173
224	134	119	163
224	187	107	132
224	199	111	109
223	207	109	99
221	207	108	96
219	210	95	92
215	211	88	89
217	210	85	91
214	210	89	92
214	215	87	86
211	216	89	85
211	214	90	85
209	213	92	88
208	212	91	88
206	213	93	87
206	213	93	87
202	212	99	88
201	210	99	93
197	209	100	89
193	209	104	93
214	212	97	86
220	212	78	77
228	212	62	81
