1.00
1.13
1.12
1.13
1.10
1.11
1.09
1.09
1.09
1.00
1.12
1.05
1.07
1.15
1.15
1.11
1.16
1.16
1.16
1.12
1.13
1.10
1.13
1.09
1.09
1.08
1.13
1.05
1.12
1.13
1.15
1.07
1.11
1.10
1.04
1.07
1.02
0.97
0.98
0.85
0.84
0.81
0.77
0.73
0.75
0.66
0.58
0.55
0.52
0.42
0.40
0.50
0.43
0.49
0.48
0.33
0.23
0.29
0.24
0.26
0.17
0.15
0.13
0.13
0.15
0.12
0.19
0.17
0.10
0.16
0.17
0.15
0.20
0.35
0.24
0.25
0.20
0.27
0.34
0.39
0.43
0.51
0.45
0.44
0.41
0.41
0.43
0.46
0.50
0.49
0.49
0.75
0.74
0.73
0.76
0.73
0.78
0.72
0.77
0.76
0.75
0.85
0.84
0.82
0.79
0.82
0.86
0.84
0.83
0.88
0.80
0.93
0.91
0.95
0.95
0.96
0.93
0.93
0.90
0.90
0.93
1.04
1.00
0.95
0.90
0.82
0.71
0.67
0.69
0.63
0.57
0.49
0.39
0.30
0.29
0.26
0.35
0.31
0.32
0.37
0.48
0.58
0.58
0.64
0.66
0.58
0.61
0.73
0.84
0.76
0.85
0.84
0.77
0.84
0.73
0.66
0.62
0.64
0.55
0.60
0.60
0.40
0.27
0.15
0.16
0.18
0.20
0.19
0.15
0.18
0.22
0.23
0.14
0.20
0.25
0.22
0.23
0.25
0.25
0.25
0.23
0.24
0.22
0.21
0.26
0.20
0.20
0.23
0.22
0.22
0.23
0.24
0.21
0.19
0.16
0.15
0.15
0.14
0.13
0.20
0.20
0.20
0.21
0.21
0.19
0.19
0.20
0.18
0.17
0.17
0.18
0.20
0.17
0.17
0.20
0.20
0.18
0.17
0.19
0.18
0.14
0.19
0.22
0.22
0.21
0.23
0.21
0.22
0.27
0.19
0.19
0.22
0.24
0.28
0.17
0.12
0.13
0.35
0.34
0.29
0.33
0.37
0.33
0.36
0.34
0.36
0.39
0.37
0.37
0.36
0.35
0.37
0.35
0.36
0.34
0.35
0.31
0.25
0.17
0.12
0.05
0.11
0.22
0.26
0.18
0.29
0.34
0.37
0.33
0.24
0.15
0.15
0.16
0.18
0.19
0.20
0.21
0.24
0.23
0.23
0.22
0.21
0.20
0.20
0.18
0.17
0.19
0.19
0.21
0.19
0.18
0.19
0.19
0.17
0.16
0.22
0.26
0.26
0.26
0.34
0.25
0.21
0.17
0.23
0.21
0.20
0.18
0.19
0.21
0.21
0.22
0.23
0.19
0.23
0.26
0.26
0.23
0.23
0.21
0.18
0.18
0.21
0.20
0.22
0.20
0.20
0.23
0.22
0.23
0.22
0.21
0.22
0.20
0.23
0.22
0.20
0.20
0.22
0.21
0.25
0.22
0.21
0.24
0.22
0.23
0.22
0.24
0.22
0.17
0.20
0.23
0.42
0.66
0.54
0.80
0.80
0.77
0.79
0.68
0.67
0.71
0.81
0.75
0.66
0.64
0.61
0.54
0.52
0.47
0.49
0.35
0.52
0.47
0.39
0.41
0.45
0.35
0.34
0.33
0.33
0.31
0.37
0.50
0.46
0.45
0.50
0.50
0.49
0.45
0.38
0.40
0.60
0.68
0.67
0.64
0.64
0.48
0.26
0.33
0.47
0.45
0.42
0.42
0.41
0.39
0.34
0.29
0.25
0.27
0.26
0.27
0.25
0.22
0.22
0.23
0.25
0.22
0.17
0.20
0.19
0.14
0.14
0.12
0.11
0.08
0.08
0.06
0.08
0.06
0.08
0.08
0.07
0.05
0.04
0.10
0.12
0.12
0.13
0.10
0.13
0.12
0.13
0.09
0.09
0.11
0.11
0.11
0.11
0.10
0.11
0.11
0.13
0.11
0.12
0.12
0.11
0.11
0.11
0.11
0.11
0.11
0.12
0.11
0.12
0.12
0.11
0.12
0.12
0.11
0.12
0.11
0.10
0.09
0.12
0.10
0.10
0.11
0.11
0.12
0.11
0.12
0.10
0.11
0.11
0.11
0.09
0.13
0.11
0.10
0.13
0.11
0.11
0.11
0.11
0.11
0.11
0.12
0.13
0.12
0.10
0.10
0.13
0.11
0.11
0.12
0.11
0.10
0.13
0.12
0.09
0.11
0.12
0.11
0.10
0.11
0.11
0.10
0.11
0.12
0.13
0.13
0.12
0.11
0.13
0.12
0.13
0.10
0.10
0.13
0.11
0.11
0.11
0.11
0.11
0.10
0.11
0.13
0.12
0.13
0.10
0.11
0.12
0.10
0.12
0.12
0.11
0.11
0.13
0.11
0.10
0.11
0.13
0.11
0.12
0.11
0.11
0.11
0.12
0.12
0.25
0.16
0.23
0.18
0.15
0.14
0.16
0.12
0.11
0.13
0.13
0.21
0.41
0.51
0.48
0.52
0.55
0.40
0.39
0.35
0.39
0.48
0.49
0.55
0.50
0.50
0.48
0.54
0.54
0.61
0.57
0.60
0.60
0.65
0.68
0.61
0.63
0.71
0.68
0.69
0.66
0.68
0.68
0.68
0.67
0.71
0.70
0.70
0.70
0.68
0.75
0.68
0.79
0.85
0.78
0.77
0.78
0.70
0.65
0.70
0.72
0.73
0.84
0.84
0.85
0.81
0.79
0.76
0.84
0.76
0.81
0.77
0.91
0.91
0.89
0.97
0.95
0.97
0.95
1.01
1.00
0.98
1.04
1.02
1.04
1.04
1.04
1.02
1.02
0.99
0.97
1.01
1.05
0.97
1.03
1.00
1.00
1.01
0.99
0.99
1.04
0.97
0.99
1.08
1.01
0.99
1.01
1.07
0.96
0.99
1.01
1.13
1.14
1.07
1.07
1.15
1.10
1.05
1.00
1.07
0.99
0.97
1.02
1.00
0.99
1.00
0.93
0.99
0.97
1.02
0.93
0.98
1.00
1.00
0.97
1.00
1.00
0.98
0.98
0.98
0.96
0.95
1.04
1.02
1.01
1.07
1.02
1.06
1.02
0.97
1.03
1.03
1.07
1.08
1.10
1.08
1.15
1.11
1.07
1.06
1.14
1.14
1.13
1.11
1.07
1.07
1.10
1.18
1.16
1.15
1.18
1.17
1.09
1.10
1.12
1.12
1.12
1.13
1.11
1.08
1.14
1.07
1.08
1.11
1.11
1.10
1.14
1.11
1.10
1.10
1.08
1.09
1.15
1.09
1.12
1.13
1.12
1.11
1.13
1.11
1.12
1.13
1.10
1.13
1.11
1.14
1.12
1.14
1.14
1.13
1.11
1.11
1.14
1.15
1.15
1.15
1.11
1.15
1.14
1.13
1.16
1.11
1.09
1.09
1.10
1.10
1.14
1.17
1.18
1.18
1.16
1.12
1.06
1.03
1.00
1.00
1.07
1.04
1.09
1.06
1.12
1.03
1.10
1.04
1.09
1.06
1.08
1.09
1.08
1.11
1.10
1.04
1.11
1.08
1.06
1.06
1.06
1.07
1.08
1.09
1.05
1.05
1.08
1.08
1.06
1.04
1.02
1.09
1.08
1.12
1.13
1.10
1.09
1.00
0.95
0.91
0.91
0.88
0.94
0.61
0.57
0.49
0.55
0.50
0.44
0.41
0.40
0.33
0.27
0.23
0.30
0.20
0.23
0.22
0.21
0.23
0.23
0.22
0.23
0.18
0.20
0.19
0.16
0.21
0.24
0.24
0.26
0.28
0.22
0.21
0.20
0.19
0.16
0.13
0.16
0.17
0.19
0.20
0.21
0.16
0.20
0.23
0.24
0.24
0.21
0.23
0.22
0.23
0.26
0.28
0.29
0.36
0.37
0.35
0.31
0.32
0.30
0.31
0.31
0.28
0.28
0.28
0.27
0.29
0.29
0.30
0.34
0.33
0.36
0.35
0.34
0.37
0.36
0.32
0.31
0.36
0.33
0.34
0.34
0.37
0.35
0.35
0.32
0.39
0.38
0.38
0.40
0.36
0.33
0.29
0.28
0.35
0.33
0.30
0.27
0.30
0.31
0.33
0.35
0.33
0.36
0.34
0.38
0.35
0.35
0.38
0.39
0.37
0.38
0.37
0.37
0.32
0.30
0.34
0.31
0.24
0.18
0.15
0.16
0.13
0.17
0.42
0.15
0.15
0.10
0.10
0.10
0.12
0.12
0.22
0.19
0.16
0.17
0.15
0.15
0.12
0.09
0.11
0.22
0.20
0.18
0.16
0.13
0.11
0.13
0.13
0.14
0.24
0.23
0.23
0.14
0.10
0.09
0.18
0.19
0.17
0.19
0.21
0.20
0.23
0.28
0.25
0.24
0.26
0.24
0.25
0.24
0.23
0.23
0.26
0.26
0.28
0.27
0.40
0.37
0.26
0.29
0.25
0.19
0.18
0.19
0.20
0.18
0.19
0.25
0.29
0.19
0.17
0.19
0.18
0.16
0.11
0.12
0.09
0.07
0.05
0.25
0.21
0.23
0.21
0.19
0.19
0.24
0.28
0.28
0.50
0.42
0.45
0.52
0.56
0.56
0.56
0.58
0.67
0.69
0.64
0.59
0.61
0.75
0.72
0.81
0.85
1.02
1.03
1.04
1.01
1.05
1.05
1.01
1.02
1.05
1.06
1.12
1.09
1.08
1.06
1.06
1.06
1.07
1.09
1.07
1.08
1.06
1.05
1.08
1.06
1.08
1.09
1.07
1.14
1.13
1.07
1.14
1.06
0.93
0.81
0.58
0.60
0.56
0.56
0.58
0.66
0.64
0.53
0.54
0.56
0.56
0.51
0.62
0.73
0.78
0.78
0.75
0.71
0.77
0.74
0.79
0.79
0.81
0.75
0.79
0.68
0.76
0.78
0.78
0.73
0.72
0.70
0.74
0.70
0.71
0.70
0.72
0.71
0.74
0.73
0.71
0.71
0.75
0.72
0.74
0.70
0.72
0.72
0.78
0.74
0.78
0.71
0.72
0.74
0.71
0.75
0.71
0.74
0.73
0.72
0.77
0.74
0.68
0.75
0.75
0.71
0.78
0.73
0.76
0.73
0.70
0.67
0.73
0.73
0.73
0.71
0.75
0.76
0.79
0.72
0.74
0.74
0.76
0.80
0.78
0.81
0.75
0.71
0.71
0.67
0.66
0.61
0.62
0.57
0.65
0.65
0.70
0.72
0.72
0.71
0.73
0.76
0.73
0.68
0.69
0.70
0.66
0.63
0.69
0.66
0.72
0.69
0.66
0.68
0.74
0.69
0.72
0.75
0.78
0.76
0.78
0.79
0.75
0.79
0.69
0.62
0.68
0.65
0.74
0.75
0.78
0.80
0.82
0.79
0.67
0.69
0.70
0.59
0.50
0.47
0.45
0.44
0.49
0.30
0.24
0.19
0.22
0.21
0.20
0.20
0.23
0.23
0.24
0.18
0.23
0.21
0.17
0.21
0.21
0.22
0.23
0.23
0.25
0.22
0.20
0.22
0.21
0.23
0.22
0.23
0.23
0.24
0.24
0.22
0.24
0.24
0.23
0.24
0.24
0.24
0.25
0.22
0.23
0.22
0.23
0.23
0.24
0.25
0.23
0.24
0.24
0.23
0.25
0.25
0.24
0.24
0.24
0.23
0.25
0.22
0.22
0.24
0.22
0.26
0.23
0.22
0.23
0.24
0.22
0.23
0.22
0.21
0.23
0.20
0.20
0.23
0.23
0.23
0.22
0.22
0.22
0.22
0.21
0.20
0.22
0.23
0.23
0.21
0.22
0.22
0.21
0.21
0.22
0.22
0.20
0.21
0.21
0.22
0.22
0.22
0.20
0.22
0.25
0.24
0.21
0.27
0.24
0.24
0.25
0.26
0.23
0.24
0.18
0.13
0.23
0.25
0.20
0.21
0.23
0.23
0.24
0.22
0.22
0.20
0.24
0.25
0.22
0.20
0.21
0.19
0.21
0.32
0.30
0.23
0.22
0.24
0.26
0.25
0.17
0.16
0.18
0.22
0.13
0.20
0.19
0.19
0.17
0.23
0.20
0.28
0.20
0.20
0.23
0.24
0.19
0.24
0.18
0.08
0.10
0.12
0.11
0.16
0.15
0.08
0.10
0.15
0.13
0.17
0.22
0.17
0.16
0.15
0.22
0.23
0.26
0.24
0.18
0.18
0.18
0.17
0.17
0.11
0.15
0.17
0.19
0.17
0.18
0.19
0.17
0.19
0.17
0.19
0.18
0.19
0.19
0.20
0.20
0.19
0.19
0.20
0.20
0.22
0.22
0.22
0.19
0.13
0.13
0.13
0.24
0.16
0.18
0.20
0.19
0.19
0.23
0.23
0.30
0.33
0.40
0.47
0.48
0.59
0.63
0.58
0.60
0.61
0.59
0.66
0.70
0.70
0.69
0.57
0.60
0.65
0.64
0.68
0.56
0.75
0.70
0.74
0.80
0.82
0.80
0.84
0.89
0.88
0.81
0.79
0.84
0.81
0.71
0.80
0.74
0.73
0.75
0.62
0.66
0.62
0.68
0.62
0.61
0.64
0.63
0.68
0.69
0.73
0.75
0.78
0.80
0.82
0.83
0.79
0.79
0.73
0.78
0.80
0.84
0.78
0.79
0.79
0.79
0.76
0.82
0.86
0.83
0.86
0.93
0.92
0.94
0.92
0.89
0.89
0.95
0.96
0.93
0.91
0.96
0.98
0.96
0.95
0.95
0.95
0.99
0.94
0.93
0.97
1.03
1.07
1.04
1.03
1.05
1.04
1.00
1.02
1.03
1.06
1.08
1.06
1.09
1.07
1.08
1.07
1.05
1.04
1.02
1.03
1.09
1.08
1.07
1.03
1.09
1.08
1.07
1.08
1.11
1.07
1.08
1.09
1.10
1.12
1.05
1.08
1.10
1.13
1.07
1.09
1.07
1.12
1.08
1.09
1.02
1.03
1.04
1.01
1.02
1.04
1.07
1.06
1.02
1.04
0.97
0.97
0.91
0.90
0.90
0.91
0.88
0.89
0.91
0.87
0.85
0.87
0.83
0.89
0.85
0.88
1.01
0.99
0.95
