346	280	43	35
347	280	41	33
347	279	41	36
349	281	36	33
349	281	36	34
348	281	38	33
348	280	40	35
347	280	39	35
348	280	38	34
348	279	38	36
348	280	39	34
347	280	41	33
348	279	39	36
348	281	38	33
347	280	40	34
347	280	40	35
349	281	37	35
348	279	38	36
349	282	37	32
347	281	41	33
348	280	38	33
347	279	40	36
348	279	38	34
348	279	38	35
348	279	39	35
347	279	40	36
348	279	37	35
348	280	37	35
347	280	39	35
347	281	41	34
348	278	39	35
348	280	38	35
347	279	40	36
349	278	36	36
347	278	39	37
347	279	39	37
348	279	38	35
348	280	38	35
348	279	38	35
348	280	38	34
348	280	39	35
349	280	36	35
349	279	38	35
349	281	38	34
349	281	38	33
350	283	36	31
351	284	37	30
351	284	38	29
352	285	36	28
350	284	40	30
349	282	42	31
348	282	41	33
348	278	39	37
349	282	40	32
347	278	40	35
347	275	36	40
347	275	36	40
341	269	37	43
341	269	37	43
333	266	39	45
332	265	39	45
320	265	39	45
320	253	39	45
320	253	39	45
306	253	39	45
305	252	39	45
290	253	39	45
290	253	39	45
289	252	39	45
271	252	39	45
333	266	39	45
276	255	39	45
276	255	39	45
333	266	39	45
333	266	39	45
333	266	39	45
333	266	39	45
278	258	35	37
280	263	32	31
281	267	32	26
281	269	31	24
280	268	32	24
281	268	32	25
280	269	33	23
281	268	32	25
280	269	33	24
282	268	31	25
281	269	31	24
281	269	32	24
282	268	30	25
282	269	31	24
281	269	31	23
281	268	32	24
281	268	32	24
281	269	32	24
281	269	31	24
281	269	31	24
281	268	32	25
281	268	32	25
281	269	32	24
281	269	32	24
281	268	32	24
281	269	31	23
281	269	31	23
281	270	31	23
281	266	32	27
280	268	33	25
280	267	33	26
280	267	32	26
281	268	31	25
281	269	31	24
282	269	30	23
281	269	31	23
281	270	31	23
281	268	31	25
281	269	32	24
281	269	32	24
281	269	31	24
281	269	32	23
281	269	32	24
282	269	32	24
283	269	32	24
283	271	32	23
285	270	32	24
288	270	30	24
291	270	30	25
294	270	29	25
297	270	30	26
300	268	32	27
305	266	33	29
310	265	34	32
314	263	36	38
319	260	33	44
324	262	38	46
327	266	33	30
339	266	35	22
342	269	35	21
350	271	35	23
352	277	36	26
354	275	37	30
358	278	36	32
359	278	36	36
359	280	41	36
361	280	39	36
363	282	36	35
361	281	37	37
362	284	37	32
363	283	34	34
363	282	31	34
362	282	33	34
362	281	31	35
362	280	30	36
361	282	32	35
361	281	33	35
362	280	26	37
361	279	29	38
362	281	26	37
362	279	26	36
361	280	25	37
364	277	31	38
367	275	36	40
375	273	45	45
370	268	53	48
384	268	53	48
439	282	53	48
438	281	53	48
393	281	53	48
409	265	53	48
442	282	53	48
442	281	53	48
442	263	53	48
442	276	53	48
442	276	53	48
442	276	53	48
441	276	53	48
442	276	53	48
442	276	53	48
442	276	53	48
441	276	53	48
441	276	53	48
441	276	53	48
442	276	53	48
442	276	53	48
442	276	53	48
279	256	53	48
450	278	53	48
450	277	53	48
450	277	53	48
450	277	53	48
278	256	53	48
278	255	53	48
278	255	53	48
278	255	53	48
278	255	53	48
278	255	53	48
278	255	53	48
278	255	53	48
278	255	53	48
450	277	53	48
450	277	53	48
450	277	53	48
450	277	53	48
450	277	53	48
450	277	53	48
450	277	53	48
450	277	53	48
450	277	53	48
450	277	53	48
450	277	53	48
450	277	53	48
450	277	53	48
450	277	53	48
364	256	53	48
364	255	53	48
364	255	53	48
364	255	53	48
386	255	53	48
364	255	53	48
386	255	53	48
386	255	53	48
386	255	53	48
386	255	53	48
386	255	53	48
386	255	53	48
386	255	53	48
386	255	53	48
386	255	53	48
386	255	53	48
386	255	53	48
386	255	53	48
451	277	53	48
451	277	53	48
451	277	53	48
451	277	53	48
386	202	53	48
397	202	53	48
385	191	53	48
285	252	53	48
288	256	37	48
290	258	33	39
290	258	33	38
290	258	34	38
291	259	34	37
290	258	34	38
289	257	36	38
290	257	35	38
290	256	34	39
290	258	34	35
289	256	34	38
290	256	33	39
290	256	33	38
289	255	33	37
289	254	34	37
290	253	33	37
289	253	33	36
288	251	32	36
287	248	31	38
286	247	31	38
285	247	31	38
274	247	31	38
364	236	31	38
365	236	31	38
377	248	31	38
377	248	31	38
366	248	31	38
376	244	38	49
361	241	46	53
359	237	50	59
358	234	56	60
357	234	56	60
324	284	56	60
324	284	56	60
434	266	56	60
434	265	56	60
434	265	56	60
434	265	56	60
434	265	56	60
434	265	56	60
434	265	56	60
434	265	56	60
434	265	56	60
434	265	56	60
434	265	56	60
434	265	56	60
434	265	56	60
434	265	56	60
434	265	56	60
434	265	56	60
434	265	56	60
434	265	56	60
434	265	56	60
434	265	56	60
434	265	56	60
434	265	56	60
434	265	56	60
434	265	56	60
434	265	56	60
434	265	56	60
434	265	56	60
434	265	56	60
429	263	60	60
440	263	60	60
440	263	60	60
340	263	60	60
340	263	60	60
340	263	60	60
355	263	60	60
354	263	60	60
354	263	60	60
354	263	60	60
442	263	60	60
442	263	60	60
442	263	60	60
442	263	60	60
442	263	60	60
442	263	60	60
442	263	60	60
442	263	60	60
442	263	60	60
442	285	60	60
334	264	60	60
334	263	60	60
334	263	60	60
334	263	60	60
313	263	60	60
312	263	60	60
312	263	60	60
312	263	60	60
312	263	60	60
312	263	60	60
312	263	60	60
312	263	60	60
312	263	60	60
312	263	60	60
312	263	60	60
312	263	60	60
312	263	60	60
334	263	60	60
334	263	60	60
334	263	60	60
334	263	60	60
334	263	60	60
313	263	60	60
312	263	60	60
312	263	60	60
312	263	60	60
312	263	60	60
312	263	60	60
312	263	60	60
312	263	60	60
334	263	60	60
334	263	60	60
319	265	64	51
329	273	52	37
329	274	46	34
334	275	37	34
335	276	34	33
334	275	35	34
333	275	34	34
332	274	33	36
331	273	34	35
331	270	33	39
331	271	34	38
330	271	39	39
330	273	38	36
328	272	40	37
328	273	37	35
328	273	35	35
328	273	32	34
327	273	38	34
327	274	39	35
327	274	36	35
327	273	36	35
326	273	38	35
327	273	37	36
325	273	42	34
325	273	42	35
324	272	41	35
325	272	38	35
326	273	34	35
352	273	41	38
327	273	34	35
327	272	33	34
327	272	32	34
328	273	32	34
327	274	32	32
328	274	30	32
328	273	28	32
327	274	31	32
328	274	30	32
329	273	27	32
328	274	27	32
329	272	28	33
329	271	26	35
329	272	25	33
329	272	28	33
330	270	28	34
341	269	33	39
343	267	39	40
341	266	38	40
338	262	39	42
336	258	48	40
336	253	52	45
330	247	61	50
328	247	65	48
326	244	64	50
323	243	70	51
325	241	63	49
325	241	67	51
308	240	67	51
308	241	67	51
326	241	67	51
326	241	67	51
325	240	67	51
325	240	67	51
326	241	67	51
326	241	67	51
326	241	67	51
326	241	67	51
326	241	67	51
326	241	67	51
326	241	67	51
326	241	67	51
326	241	67	51
326	241	67	51
304	219	67	51
325	133	67	51
304	219	67	51
325	133	67	51
326	133	67	51
326	133	67	51
326	133	67	51
326	133	67	51
498	262	67	51
627	350	67	51
627	350	67	51
627	350	67	51
627	350	67	51
627	350	67	51
627	350	67	51
627	350	67	51
627	350	67	51
627	350	67	51
627	350	67	51
627	350	67	51
627	350	67	51
627	350	67	51
627	350	67	51
627	350	67	51
627	350	67	51
627	350	67	51
627	350	67	51
627	350	67	51
627	350	67	51
627	350	67	51
627	350	67	51
627	350	67	51
627	350	67	51
627	350	67	51
627	350	67	51
627	350	67	51
627	350	67	51
627	350	67	51
627	350	67	51
627	350	67	51
627	350	67	51
627	350	67	51
627	350	67	51
627	350	67	51
627	350	67	51
627	350	67	51
627	350	67	51
627	350	67	51
627	350	67	51
627	350	67	51
627	350	67	51
627	350	67	51
627	350	67	51
627	350	67	51
627	350	67	51
627	350	67	51
627	350	67	51
627	350	67	51
627	350	67	51
627	350	67	51
627	350	67	51
627	350	67	51
627	350	67	51
627	350	67	51
627	350	67	51
627	350	67	51
627	350	67	51
627	350	67	51
627	350	67	51
627	350	67	51
627	350	67	51
627	350	67	51
627	350	67	51
627	350	67	51
627	350	67	51
627	350	67	51
627	350	67	51
627	350	67	51
627	350	67	51
627	350	67	51
627	350	67	51
627	350	67	51
627	350	67	51
627	350	67	51
627	350	67	51
627	350	67	51
627	350	67	51
627	350	67	51
627	350	67	51
627	350	67	51
627	350	67	51
627	350	67	51
627	350	67	51
627	350	67	51
627	350	67	51
627	350	67	51
627	350	67	51
627	350	67	51
627	350	67	51
627	350	67	51
627	350	67	51
627	350	67	51
627	350	67	51
627	350	67	51
627	350	67	51
627	350	67	51
627	350	67	51
627	350	67	51
627	350	67	51
627	350	67	51
627	350	67	51
627	350	67	51
627	350	67	51
627	350	67	51
627	350	67	51
627	350	67	51
627	350	67	51
627	350	67	51
627	350	67	51
627	350	67	51
627	350	67	51
627	350	67	51
627	350	67	51
627	350	67	51
627	350	67	51
627	350	67	51
627	350	67	51
627	350	67	51
627	350	67	51
627	350	67	51
627	350	67	51
627	350	67	51
627	350	67	51
476	264	67	51
454	264	67	51
454	264	67	51
454	264	67	51
454	264	67	51
475	264	67	51
454	307	67	51
454	307	67	51
454	307	67	51
454	307	67	51
454	307	67	51
454	307	67	51
411	285	67	51
395	301	67	51
397	307	56	47
392	306	49	46
382	304	48	46
374	302	50	46
366	300	49	49
359	298	50	48
356	298	46	45
353	297	46	43
351	296	47	44
348	295	45	44
348	294	46	45
345	295	44	42
341	292	46	42
341	292	44	38
338	288	44	41
338	287	41	38
335	284	43	37
336	282	40	37
336	280	39	37
337	279	37	36
338	278	37	35
339	277	37	35
341	277	38	34
344	277	38	34
346	277	37	33
347	277	37	33
349	277	35	33
349	276	34	34
348	277	36	33
348	277	35	32
349	277	35	33
348	277	35	33
348	277	34	33
347	277	35	32
345	277	37	32
346	276	36	33
346	276	35	33
345	277	36	32
345	277	36	32
346	275	35	34
345	276	36	33
346	277	35	32
347	277	36	32
348	277	36	33
351	277	36	33
354	277	36	32
356	278	35	31
358	277	34	32
358	277	35	33
358	276	34	33
358	276	34	33
358	277	35	32
359	278	33	31
359	277	33	32
360	277	32	33
360	278	32	32
358	276	34	33
358	277	34	33
358	277	34	32
359	277	33	33
358	277	35	32
359	275	33	34
358	276	35	34
357	276	36	33
358	276	34	33
358	276	35	33
357	277	36	32
357	276	36	33
358	276	34	33
357	276	35	33
358	277	35	32
358	277	34	32
358	277	35	32
359	277	33	32
358	277	34	32
358	277	34	32
358	277	34	32
357	277	35	32
357	277	36	32
358	277	33	32
358	277	33	33
358	277	33	32
358	277	34	32
358	277	34	32
358	276	34	33
358	276	35	33
358	276	34	33
358	277	34	33
357	276	37	33
358	276	34	34
359	277	33	32
358	277	34	33
358	277	34	32
358	277	35	32
358	276	35	33
359	277	34	33
359	277	33	33
358	279	35	30
358	278	36	31
358	278	35	31
358	277	35	32
357	276	37	36
357	276	36	35
356	277	37	33
358	277	35	32
357	277	35	32
359	278	33	31
358	277	34	33
358	277	35	32
357	277	37	32
357	277	35	32
358	277	35	32
357	277	36	32
358	279	35	31
358	278	35	31
358	278	35	31
358	278	35	31
359	278	34	31
358	279	35	30
358	279	35	30
358	278	35	31
358	278	35	31
358	279	35	30
358	278	35	31
358	278	35	31
357	278	37	32
357	277	37	32
358	278	36	31
358	278	35	31
358	279	35	30
358	277	36	31
357	278	36	32
358	277	35	32
358	278	35	31
358	277	35	32
356	277	38	32
357	278	36	32
357	278	37	32
357	278	36	31
358	278	34	31
358	278	35	32
357	278	36	32
357	277	37	33
357	277	37	33
358	278	33	31
358	277	33	32
358	276	33	34
358	278	34	32
359	277	33	33
358	277	34	34
358	276	35	35
358	277	35	32
357	276	36	32
357	277	37	31
358	278	35	31
359	278	34	30
358	279	34	30
357	279	36	31
357	278	38	31
357	278	37	31
358	278	36	31
358	279	35	30
358	278	35	31
358	278	34	31
358	279	36	30
356	278	38	31
357	278	37	30
358	279	35	30
359	278	34	30
359	279	34	30
358	278	35	31
358	278	35	31
358	278	35	31
358	279	35	30
358	278	36	31
357	277	36	32
358	279	36	30
358	278	36	30
358	279	36	29
357	279	38	31
358	278	36	31
358	277	35	32
358	278	35	30
359	278	35	31
357	278	37	30
358	278	35	31
358	278	35	30
359	280	34	30
359	278	35	31
358	279	35	29
358	278	35	31
358	279	36	29
358	278	35	30
358	280	35	30
359	278	33	31
359	278	34	31
358	278	35	30
358	278	35	30
358	278	35	31
358	279	36	30
358	279	36	30
358	278	35	30
357	278	37	30
358	278	36	31
358	278	36	32
358	279	35	30
357	279	37	30
358	279	36	30
358	278	36	31
357	278	38	31
357	277	37	32
358	277	35	32
359	279	34	30
358	278	36	31
358	278	34	31
358	279	34	30
358	278	35	31
358	278	35	31
359	278	34	30
358	277	34	30
357	277	38	31
357	276	37	32
358	277	36	32
358	277	35	33
359	278	34	32
359	278	33	32
359	277	33	33
357	276	36	34
358	277	34	33
358	277	35	32
358	278	34	32
359	277	33	32
359	277	33	32
358	277	34	32
359	277	33	32
359	276	34	34
359	277	33	33
358	277	35	33
358	278	35	31
358	278	34	31
358	277	35	33
358	277	34	32
357	277	36	33
358	278	35	32
358	278	35	32
358	277	35	33
358	278	34	32
358	277	35	32
358	277	35	33
359	277	34	32
358	277	35	32
358	277	35	33
359	278	34	32
359	277	34	32
359	278	33	32
359	277	33	32
358	277	35	32
357	278	36	31
358	277	34	32
357	277	36	32
358	278	35	32
358	277	36	32
357	276	37	34
358	277	35	33
358	277	35	33
359	276	35	33
359	277	35	33
358	277	34	33
357	275	36	34
356	276	32	34
355	275	35	33
354	274	35	32
353	271	36	34
352	270	40	31
352	265	51	36
347	262	58	41
423	275	58	41
347	262	58	41
427	273	58	41
426	273	58	41
426	272	58	41
347	262	58	41
427	273	58	41
426	273	58	41
426	272	58	41
426	273	58	41
347	262	58	41
325	239	58	41
324	227	58	41
311	226	58	41
311	227	58	41
311	227	58	41
311	227	58	41
311	226	58	41
423	274	58	41
347	262	58	41
313	228	58	41
313	228	58	41
325	227	58	41
417	280	58	41
347	262	58	41
427	273	58	41
426	273	58	41
426	285	58	41
426	285	58	41
347	262	58	41
427	273	58	41
426	273	58	41
426	272	58	41
426	273	58	41
347	262	58	41
427	273	58	41
426	273	58	41
347	262	58	41
427	273	58	41
347	262	58	41
315	190	51	42
314	187	52	39
314	184	51	39
313	182	52	38
312	181	52	38
311	180	52	39
308	179	54	42
307	178	55	47
306	180	53	42
305	180	52	42
302	181	54	44
300	182	54	42
298	183	55	45
296	184	54	45
294	185	56	47
292	187	56	43
290	187	56	46
288	189	56	44
286	190	56	42
287	191	52	43
285	192	54	44
283	194	58	41
283	194	55	43
284	195	60	49
282	195	56	46
284	196	54	44
282	197	57	41
280	196	57	44
283	198	57	43
283	197	57	44
282	198	55	43
284	198	56	45
281	198	59	42
281	199	57	41
284	199	60	45
281	199	61	42
280	198	59	44
285	200	56	43
284	199	54	42
284	200	55	41
284	200	56	42
280	199	59	45
285	200	62	44
284	201	58	41
282	200	59	43
283	200	57	41
285	200	57	43
284	199	57	44
286	200	57	41
285	200	55	41
281	200	62	42
283	199	56	43
281	198	57	42
285	199	60	44
283	198	58	43
287	199	57	41
288	198	52	40
289	197	50	41
285	197	56	42
284	197	56	45
290	198	54	42
288	198	57	42
289	197	52	43
291	197	54	40
290	197	54	38
287	195	58	39
287	196	58	39
287	196	58	39
287	196	58	39
287	196	58	39
287	196	58	39
424	281	58	39
287	195	58	39
287	196	58	39
287	196	58	39
287	195	58	39
287	196	58	39
301	196	58	39
301	196	58	39
301	195	58	39
428	275	58	39
287	195	58	39
287	185	58	39
287	185	58	39
287	184	58	39
287	185	58	39
287	157	58	39
287	157	58	39
302	187	58	39
429	282	58	39
287	195	58	39
287	185	58	39
287	185	58	39
287	184	58	39
287	185	58	39
287	185	58	39
301	199	58	39
301	198	58	39
428	278	58	39
287	195	58	39
276	196	58	39
276	196	58	39
276	195	58	39
250	209	58	39
250	209	58	39
250	209	58	39
250	208	58	39
265	208	58	39
265	208	58	39
265	209	58	39
265	209	58	39
265	209	58	39
265	209	58	39
265	209	58	39
265	209	58	39
265	209	58	39
265	209	58	39
265	209	58	39
265	209	58	39
265	209	58	39
265	209	58	39
265	209	58	39
265	209	58	39
265	209	58	39
276	198	58	39
287	201	58	41
292	200	56	43
291	199	57	44
276	199	57	44
291	199	57	44
274	199	57	44
275	199	57	44
274	199	57	44
274	199	57	44
430	276	57	44
429	276	57	44
291	199	57	44
291	188	57	44
291	188	57	44
265	275	57	44
292	183	57	44
292	183	57	44
263	270	57	44
262	270	57	44
262	270	57	44
262	286	57	44
421	269	57	44
421	268	57	44
421	268	57	44
421	268	57	44
421	268	57	44
421	268	57	44
421	268	57	44
356	268	57	44
356	268	57	44
334	268	57	44
351	266	63	44
351	270	63	41
353	270	62	44
355	272	59	41
355	271	60	43
355	272	59	42
356	271	58	44
355	274	58	41
355	272	58	44
355	274	58	41
355	274	59	42
355	274	60	42
350	277	61	39
353	279	65	36
343	281	56	34
347	280	51	34
352	281	46	34
355	280	40	33
356	281	37	33
357	281	36	34
358	282	34	32
357	282	36	32
356	281	36	33
356	281	37	34
356	280	37	35
356	281	36	34
358	283	34	30
355	280	38	35
357	281	36	33
356	280	37	35
356	280	37	35
356	281	37	34
357	282	36	32
356	281	37	33
358	282	34	32
357	282	36	33
358	282	33	32
356	280	37	34
357	281	35	33
356	281	37	32
357	282	35	33
357	281	36	33
356	280	36	34
357	281	36	33
358	281	34	33
356	281	37	33
357	281	36	34
357	281	36	33
356	281	38	33
356	280	44	34
360	280	43	34
366	283	41	33
374	285	39	32
381	286	43	33
386	286	41	35
392	288	42	34
398	287	44	36
402	287	47	38
409	288	46	38
418	290	42	38
424	290	44	41
430	292	41	39
435	292	42	40
437	293	43	40
440	293	42	40
441	294	43	39
442	295	41	38
439	295	45	38
442	294	42	38
442	295	41	38
441	294	42	39
441	295	42	38
441	295	42	37
441	294	42	39
441	294	43	39
441	295	42	39
441	295	42	38
441	294	42	39
441	294	42	39
440	294	43	39
440	293	43	41
441	294	42	40
440	293	43	41
441	295	41	39
441	295	41	38
442	295	41	39
441	295	42	39
442	294	41	39
440	294	42	39
441	295	42	39
441	294	42	39
441	295	42	39
442	297	39	37
440	294	43	40
441	294	42	40
441	294	41	40
441	295	42	39
441	295	42	39
441	295	42	38
440	294	43	40
440	294	44	40
442	295	41	38
441	294	41	40
441	295	42	38
440	295	43	39
441	295	42	39
441	295	41	39
441	294	42	40
441	295	42	39
441	294	42	40
442	296	41	38
441	295	42	39
441	297	42	36
441	292	43	42
440	294	43	40
441	294	42	40
441	294	42	39
442	296	40	38
441	295	42	39
441	296	41	38
441	295	43	39
441	294	42	40
441	295	42	39
440	295	43	39
440	295	43	39
440	294	44	40
441	294	42	40
441	293	42	41
441	294	42	39
440	294	44	39
442	295	40	38
441	293	42	40
441	294	42	39
441	294	42	39
441	294	43	39
441	295	42	37
441	295	42	37
441	295	42	37
442	295	42	38
441	295	43	38
442	294	41	39
441	294	42	40
440	294	44	39
439	294	45	39
439	295	45	37
441	296	42	37
441	295	42	38
440	294	43	40
442	297	41	35
441	298	44	34
442	300	43	32
443	300	40	32
442	299	41	33
442	297	41	36
441	295	42	38
442	296	40	36
443	297	39	36
442	295	41	37
442	296	40	35
441	293	41	40
442	295	40	38
442	295	40	38
442	296	40	37
441	293	41	40
441	294	41	38
442	295	40	38
441	294	41	39
442	294	41	39
441	294	40	39
442	294	40	39
442	293	41	40
442	293	40	39
440	291	41	42
437	293	46	41
434	293	48	40
433	292	51	41
436	293	47	39
437	292	47	41
440	294	43	39
441	294	42	39
442	293	41	39
442	294	42	38
442	293	44	39
442	291	48	42
442	290	54	42
437	288	61	45
434	283	67	50
427	280	76	54
419	280	83	52
418	277	84	53
412	272	92	59
410	269	92	64
396	264	80	70
399	259	68	70
396	255	60	68
395	254	60	68
374	254	60	68
460	254	60	68
459	254	60	68
459	254	60	68
459	254	60	68
459	254	60	68
459	254	60	68
308	211	60	68
459	254	60	68
459	254	60	68
308	211	60	68
459	254	60	68
459	254	60	68
459	254	60	68
459	254	60	68
459	254	60	68
459	254	60	68
459	254	60	68
459	254	60	68
459	254	60	68
459	254	60	68
459	254	60	68
459	254	60	68
459	254	60	68
459	254	60	68
459	254	60	68
459	254	60	68
459	254	60	68
459	254	60	68
459	254	60	68
459	254	60	68
459	254	60	68
459	254	60	68
459	254	60	68
459	254	60	68
459	254	60	68
459	254	60	68
459	254	60	68
459	254	60	68
459	254	60	68
459	254	60	68
459	254	60	68
459	254	60	68
459	254	60	68
459	254	60	68
459	254	60	68
459	254	60	68
459	254	60	68
459	254	60	68
459	254	60	68
459	254	60	68
459	254	60	68
459	254	60	68
459	254	60	68
459	254	60	68
459	254	60	68
459	254	60	68
459	254	60	68
459	254	60	68
459	254	60	68
459	254	60	68
459	254	60	68
459	254	60	68
459	254	60	68
459	254	60	68
459	254	60	68
459	254	60	68
459	254	60	68
459	254	60	68
459	254	60	68
459	254	60	68
459	254	60	68
459	254	60	68
459	254	60	68
459	254	60	68
459	254	60	68
459	254	60	68
459	254	60	68
459	254	60	68
459	254	60	68
459	254	60	68
459	254	60	68
459	254	60	68
459	254	60	68
459	254	60	68
459	254	60	68
459	254	60	68
459	254	60	68
459	254	60	68
459	254	60	68
459	254	60	68
459	254	60	68
459	254	60	68
459	254	60	68
459	254	60	68
459	254	60	68
459	254	60	68
308	211	60	68
308	211	60	68
459	254	60	68
308	211	60	68
308	211	60	68
308	211	60	68
330	211	60	68
330	211	60	68
330	211	60	68
330	211	60	68
330	211	60	68
460	254	60	68
459	254	60	68
308	211	60	68
459	254	60	68
459	254	60	68
459	254	60	68
459	254	60	68
459	254	60	68
459	254	60	68
308	211	60	68
459	254	60	68
308	211	60	68
308	211	60	68
308	211	60	68
308	211	60	68
308	211	60	68
308	211	60	68
459	254	60	68
308	211	60	68
310	206	62	79
298	206	62	79
298	194	62	79
298	193	62	79
298	194	62	79
298	194	62	79
313	208	62	79
312	207	62	79
312	207	62	79
312	207	62	79
312	208	62	79
312	208	62	79
312	208	62	79
312	208	62	79
312	208	62	79
312	208	62	79
463	251	62	79
312	207	62	79
312	208	62	79
463	251	62	79
463	251	62	79
312	207	62	79
463	251	62	79
312	209	62	79
301	209	62	79
301	209	62	79
301	208	62	79
301	209	62	79
301	209	62	79
316	223	62	79
315	222	62	79
315	206	62	79
315	206	62	79
315	207	62	79
315	207	62	79
315	207	62	79
457	247	62	79
308	194	62	79
308	194	62	79
308	194	62	79
308	206	62	79
308	206	62	79
308	206	62	79
308	206	62	79
308	205	62	79
308	205	62	79
308	205	62	79
308	206	62	79
308	206	62	79
308	206	62	79
450	246	62	79
450	247	62	79
450	247	62	79
450	247	62	79
450	247	62	79
450	247	62	79
450	247	62	79
450	247	62	79
450	247	62	79
450	247	62	79
450	247	62	79
450	247	62	79
450	247	62	79
450	247	62	79
450	247	62	79
450	247	62	79
450	247	62	79
321	203	62	79
321	204	62	79
321	204	62	79
321	204	62	79
321	204	62	79
321	204	62	79
321	204	62	79
321	204	62	79
472	247	62	79
321	203	62	79
321	204	62	79
321	204	62	79
321	204	62	79
321	225	62	79
321	226	62	79
321	226	62	79
321	215	62	79
328	221	64	75
330	226	72	68
332	242	72	56
336	250	68	46
339	254	68	45
338	257	71	46
341	260	70	45
341	264	73	43
345	265	70	44
345	269	73	42
348	270	71	42
347	272	75	41
351	276	75	39
350	274	84	41
352	271	90	46
353	272	92	45
356	269	92	49
354	274	91	43
367	267	62	57
373	262	75	54
354	269	71	46
357	274	70	41
351	281	67	33
350	282	67	32
344	281	65	33
346	279	55	34
350	280	50	34
355	281	44	33
357	280	41	34
357	278	39	36
356	278	41	35
360	279	34	36
359	279	37	35
359	278	38	36
361	279	37	36
364	280	35	36
367	280	35	37
370	281	34	36
371	281	37	38
375	282	35	39
380	283	35	37
383	284	35	37
387	284	36	38
391	285	36	38
396	285	36	39
400	285	34	39
404	287	34	39
406	287	35	39
409	288	38	38
410	288	39	38
411	287	39	38
413	288	37	38
413	288	37	37
413	289	37	37
412	289	38	36
412	288	38	37
412	289	38	36
412	289	39	36
412	289	38	35
413	289	37	36
412	290	39	35
413	289	38	35
412	289	39	36
412	288	38	37
413	288	37	38
412	289	38	37
411	289	39	36
413	289	37	36
412	288	38	38
412	289	38	37
412	289	39	37
412	288	38	38
412	289	38	38
410	289	40	38
412	288	38	38
412	288	39	37
412	287	38	39
413	288	37	38
412	289	38	37
413	288	37	38
412	289	37	37
412	288	38	38
410	288	40	38
410	289	40	37
411	289	40	38
412	288	38	38
413	289	36	36
414	289	36	37
414	289	35	37
412	289	38	37
412	288	38	38
412	288	38	38
410	288	40	38
411	288	39	38
411	289	38	38
410	288	41	38
410	289	41	37
412	289	38	37
412	288	37	38
413	288	37	38
412	288	38	38
412	288	39	39
412	288	38	38
412	289	37	37
411	288	39	38
412	289	38	36
412	289	37	36
412	289	38	37
411	290	38	36
412	288	38	38
413	288	37	38
412	289	37	37
412	290	38	36
411	289	38	37
412	288	38	38
411	288	38	37
413	288	37	38
412	288	37	39
413	288	36	39
413	289	37	36
411	288	39	39
412	289	39	36
412	289	38	37
411	290	40	37
412	289	39	37
413	289	37	37
412	289	38	37
412	288	38	38
413	288	37	38
411	288	39	38
412	289	39	36
412	289	38	37
412	289	39	38
412	287	38	38
413	287	38	38
412	288	39	39
412	288	39	38
410	288	41	38
412	289	39	36
413	288	37	37
411	290	39	35
412	288	38	38
412	289	38	37
411	289	39	36
412	289	39	37
411	287	40	39
410	287	41	39
411	288	40	39
412	288	39	38
413	288	37	38
412	287	38	38
411	288	40	37
412	288	39	38
410	287	40	38
412	287	38	39
411	286	39	39
412	287	37	38
411	288	39	38
412	287	38	39
412	288	37	37
412	288	38	38
411	288	38	38
411	287	39	39
