0.811251
0.071962
0.070142
0.070229
0.070025
0.070256
0.070028
0.070508
0.070345
0.070322
0.070366
0.071067
0.071327
0.071230
0.071088
0.072160
0.069827
0.069525
0.069632
0.069453
0.099103
0.069406
0.069573
0.069701
0.069505
0.069432
0.069770
0.069349
0.069578
0.077024
0.070070
0.070036
0.069762
0.071442
0.070056
0.070006
0.070168
0.070524
0.076945
0.070803
0.106335
0.070615
0.070981
0.070975
0.070843
0.071012
0.071129
0.070738
0.071095
0.071121
0.071039
0.071269
0.071007
0.071069
0.070918
0.071208
0.070975
0.071155
0.071310
0.070932
0.105834
0.070838
0.069552
0.071185
0.071252
0.072032
0.071148
0.072115
0.070090
0.069043
0.076247
0.070971
0.071249
0.071268
0.071150
0.071234
0.070824
0.071106
0.069665
0.071060
0.117967
0.082794
0.070335
0.084676
0.075730
0.070542
0.070204
0.070850
0.079315
0.080533
0.075351
0.071832
0.070116
0.071866
0.071076
0.070366
0.083336
0.072448
0.070477
0.070593
0.104943
0.070407
0.070691
0.072727
0.072916
0.070492
0.070180
0.070143
0.070331
0.070277
0.069992
0.071642
0.069990
0.069627
0.069615
0.069351
0.075175
0.069308
0.069625
0.069794
0.104356
0.069357
0.069551
0.069559
0.069674
0.069313
0.069777
0.069730
0.069479
0.069584
0.069602
0.069360
0.069375
0.070052
0.069890
0.070212
0.069504
0.070019
0.070693
0.070010
0.104652
0.070089
0.070085
0.076158
0.070978
0.073409
0.073360
0.069646
0.069391
0.069794
0.069595
0.069405
0.069384
0.069576
0.069482
0.069381
0.069582
0.070342
0.070293
0.070071
0.104356
0.069980
0.071715
0.070028
0.070182
0.069851
0.070060
0.076644
0.069996
0.070091
0.070052
0.069782
0.069826
0.069818
0.069817
0.070061
0.070137
0.070455
0.070351
0.070653
0.105467
0.070253
0.073273
0.070782
0.070666
0.070840
0.071620
0.078589
0.075969
0.078339
0.071154
0.078576
0.081277
0.080532
0.080892
0.078913
0.080969
0.071715
0.081194
0.072038
0.105315
0.070192
0.070425
0.069436
0.069485
0.069365
0.069919
0.069348
0.069750
0.069868
0.069496
0.069664
0.069630
0.069425
0.069277
0.069496
0.069811
0.069901
0.069601
0.069640
0.104975
0.069558
0.069560
0.069470
0.069705
0.075711
0.077310
0.071480
0.071102
0.071264
0.078792
0.070886
0.078732
0.071418
0.073047
0.073259
0.072871
0.079077
0.073066
0.071005
0.105605
0.070600
0.070392
0.070761
0.070323
0.071649
0.074644
0.069567
0.069670
0.070184
0.069676
0.069963
0.069573
0.070665
0.070424
0.070411
0.070044
0.071991
0.070513
0.070374
0.105588
0.079803
0.076490
0.074535
0.074377
0.078203
0.079706
0.079841
0.069688
0.079026
0.075841
0.070455
0.070690
