167	247	180	192
157	233	202	211
149	223	201	215
138	225	207	210
131	218	210	221
146	210	182	233
121	208	205	238
119	195	202	248
113	213	207	231
107	194	211	253
112	205	205	252
105	204	210	241
104	216	214	234
104	215	210	232
107	209	207	243
108	211	206	239
111	217	201	230
119	202	190	249
116	193	195	256
124	216	190	231
120	215	197	231
124	215	197	234
136	210	183	237
132	199	190	249
132	201	193	246
127	196	197	251
155	198	175	243
147	198	188	247
155	205	181	241
164	214	181	231
166	219	184	215
181	226	177	211
194	228	170	213
193	215	175	227
205	224	166	211
190	234	192	196
193	218	205	215
192	205	213	234
188	199	232	240
231	179	201	260
194	186	239	255
213	171	227	271
225	163	223	283
240	176	212	271
244	160	210	298
251	155	206	301
262	160	202	295
269	150	198	303
273	187	207	253
314	171	161	273
289	177	189	250
347	188	144	253
308	193	169	227
354	227	183	210
334	202	206	226
325	176	224	255
328	162	231	268
393	171	180	255
381	202	191	218
398	213	175	212
396	216	181	210
411	222	177	201
411	218	183	205
396	190	201	233
412	165	193	257
394	164	214	254
381	169	234	261
398	163	212	260
399	172	225	252
394	166	234	261
409	164	215	260
429	157	192	261
440	194	191	229
434	178	190	241
445	175	180	241
450	202	177	216
452	205	179	216
449	200	179	219
447	182	185	244
444	176	185	242
449	178	183	249
454	179	175	240
455	183	177	238
453	196	183	224
448	198	184	220
435	170	200	253
441	174	189	248
448	179	187	245
437	170	191	252
434	183	195	236
431	207	199	218
429	202	200	221
423	188	196	236
407	186	210	238
406	187	208	244
416	180	196	249
395	181	216	246
397	195	210	235
393	182	212	246
397	166	205	267
381	164	198	275
394	164	189	273
385	183	186	255
383	189	195	247
378	185	188	258
371	189	190	252
365	182	188	255
359	174	195	269
352	184	187	261
345	188	193	250
346	188	177	255
333	199	186	247
331	197	175	242
317	208	176	236
306	224	177	215
312	214	167	222
288	229	182	204
284	230	181	203
288	228	171	200
268	227	176	204
268	235	179	195
243	225	187	212
249	233	181	202
232	224	184	207
206	232	205	206
217	223	183	216
200	228	194	205
198	208	184	224
192	230	177	207
191	238	179	188
202	226	163	207
177	225	185	202
175	231	177	207
178	236	171	190
173	238	171	185
165	239	177	197
155	237	183	190
171	234	162	192
153	237	175	186
140	232	180	200
141	227	173	197
146	220	166	206
136	227	171	194
127	219	185	207
131	229	170	187
128	225	177	194
129	222	177	194
121	227	180	191
121	219	184	192
128	194	174	226
135	211	166	204
126	215	172	204
134	183	160	226
137	180	164	226
137	204	164	197
133	213	176	196
140	218	165	184
149	222	167	184
146	222	170	177
152	206	168	196
163	229	156	165
162	226	165	168
166	224	161	169
170	230	164	156
167	227	169	161
182	220	158	169
183	221	160	168
188	225	162	167
195	220	159	171
202	219	162	170
209	227	152	164
215	224	157	160
221	225	152	160
227	228	154	157
234	228	146	157
236	226	147	157
242	224	143	161
247	225	145	159
254	225	141	158
259	227	144	155
268	228	136	154
271	228	143	154
281	224	137	161
285	228	142	160
286	226	145	166
292	231	151	160
293	224	151	168
270	227	178	161
298	222	157	173
281	221	188	174
274	201	196	190
313	228	176	169
320	226	171	172
331	222	176	174
342	211	167	186
352	228	161	168
347	226	170	171
358	222	158	176
358	222	165	171
363	218	161	177
370	221	163	178
370	208	161	192
375	203	163	196
382	189	164	210
381	182	166	215
384	150	167	244
393	178	168	221
400	170	173	232
400	176	174	224
411	177	175	226
412	175	194	228
425	186	181	220
437	184	171	213
439	186	172	223
431	204	194	206
447	167	181	240
448	172	177	241
444	173	183	235
440	183	178	228
456	210	166	202
455	209	168	202
455	196	172	217
460	213	170	200
466	209	162	212
462	208	169	202
465	198	166	220
465	218	166	209
470	224	160	202
467	235	168	195
464	217	170	213
462	228	171	192
458	221	166	211
453	227	173	187
446	226	173	204
447	216	174	219
448	226	171	211
438	223	171	220
435	208	177	242
435	209	158	233
416	220	171	224
412	227	150	222
400	220	175	225
378	198	217	251
356	165	238	287
347	152	260	293
343	165	257	279
313	188	210	269
307	214	187	245
275	227	192	234
266	222	167	244
244	197	195	266
235	197	215	264
210	197	234	266
194	212	246	242
171	223	288	238
104	227	256	232
130	205	222	257
160	230	181	227
163	237	178	217
137	231	194	230
134	233	202	221
130	228	199	225
110	215	221	244
117	225	214	228
105	227	219	229
109	219	212	237
132	230	183	222
109	224	207	223
114	225	202	231
106	216	206	245
111	205	193	259
113	208	198	249
99	234	209	228
