2.709252
0.193694
0.196676
0.193759
0.192840
0.193680
0.193631
0.193947
0.193238
0.193624
0.192061
0.195019
0.193257
0.193793
0.192831
0.193716
0.192354
0.193090
0.193310
0.194407
0.307902
0.192374
0.192680
0.193618
0.192591
0.193844
0.192853
0.193305
0.192643
0.196374
0.193249
0.193542
0.192897
0.192771
0.193303
0.193430
0.192369
0.193450
0.264047
0.194397
0.263907
0.194144
0.192935
0.195138
0.192769
0.192356
0.192134
0.194906
0.194462
0.193386
0.193268
0.192444
0.192169
0.192809
0.193469
0.192666
0.192355
0.196663
0.192230
0.193054
0.325823
0.192779
0.191094
0.193976
0.192581
0.192250
0.193565
0.194271
0.192060
0.192595
0.262071
0.192728
0.192020
0.193673
0.192108
0.193017
0.262730
0.193577
0.192989
0.192600
0.262270
0.193660
0.194212
0.194734
0.261104
0.261447
0.262464
0.192413
0.192931
0.191720
0.120043
0.192124
0.194302
0.192100
0.263780
0.263090
0.191154
0.260847
0.262112
0.191983
0.327608
0.192667
0.191360
0.191955
0.192583
0.191760
0.191307
0.191279
0.192312
0.195569
0.191985
0.203734
0.213051
0.197419
0.196980
0.196112
0.196270
0.199147
0.198517
0.201087
0.332786
0.195984
0.191488
0.192751
0.191041
0.192824
0.195339
0.191646
0.192180
0.192220
0.191982
0.191785
0.262330
0.191578
0.192912
0.195324
0.191233
0.262111
0.261909
0.191537
0.260534
0.191429
0.191750
0.195428
0.190815
0.191720
0.193149
0.192881
0.192578
0.191632
0.191929
0.192156
0.196356
0.191201
0.192174
0.193585
0.191325
0.190813
0.192422
0.190647
0.327194
0.195351
0.191375
0.261654
0.261674
0.190187
0.191759
0.192782
0.120289
0.191212
0.264725
0.262271
0.191926
0.193285
0.192110
0.191464
0.192601
0.192566
0.192096
0.193512
0.326575
0.193058
0.193214
0.192501
0.192109
0.192110
0.261436
0.194837
0.194683
0.193845
0.193841
0.194205
0.193662
0.194724
0.194533
0.195784
0.195431
0.196131
0.197753
0.198206
0.332603
0.198785
0.198552
0.198674
0.201031
0.206810
0.200658
0.127068
0.126748
0.127022
0.126903
0.126893
0.127103
