265	229	56	175
266	226	49	182
271	227	41	181
272	228	40	180
271	221	40	187
270	217	40	199
269	222	40	193
271	223	36	194
269	210	37	207
268	214	37	205
266	219	40	201
266	214	40	201
262	216	46	199
258	215	46	201
253	217	49	203
254	212	48	205
247	214	52	205
247	222	51	194
244	219	53	189
242	217	55	191
240	219	54	187
241	216	47	190
235	222	54	182
233	218	48	181
226	224	54	168
228	223	45	161
224	226	45	166
215	230	60	160
213	226	51	157
211	224	52	167
212	224	47	174
206	226	56	182
203	219	57	195
200	222	56	185
201	225	52	190
201	227	48	187
200	224	48	189
199	225	50	195
196	227	50	187
196	226	46	197
193	226	49	190
198	227	39	189
193	228	42	190
188	227	50	189
187	228	46	183
187	227	45	181
184	227	50	178
183	226	49	182
184	227	45	180
182	227	46	180
181	226	43	173
178	229	44	169
174	233	51	171
159	231	67	172
158	230	62	172
158	230	59	169
158	230	49	162
157	232	47	169
153	229	51	173
152	232	53	169
151	229	48	176
153	232	41	160
150	229	44	176
151	229	45	180
150	229	43	179
148	231	47	174
150	231	42	177
152	231	36	180
150	231	36	181
152	227	35	187
148	237	36	180
143	237	42	184
145	227	43	185
141	234	50	176
141	234	46	175
142	244	43	160
139	238	44	168
139	239	45	166
136	241	47	163
132	246	49	154
127	245	49	148
135	244	43	155
252	255	29	141
249	262	33	134
250	265	30	125
249	266	31	126
109	268	41	116
115	271	30	111
250	265	28	100
208	164	40	96
0	0	0	0
105	278	44	102
107	267	41	106
106	267	46	98
100	284	42	99
108	283	31	108
110	268	32	111
105	267	37	122
100	255	48	125
98	257	51	124
96	257	50	125
86	258	64	125
90	258	61	116
89	258	58	127
91	261	63	109
93	265	66	94
103	266	54	94
101	266	61	93
98	269	66	90
107	270	60	89
102	269	69	95
116	274	58	89
108	273	75	89
123	271	68	96
135	270	62	92
145	267	57	93
148	264	63	95
144	262	70	99
144	262	70	106
153	254	62	106
149	254	67	113
159	256	59	113
157	254	62	106
168	254	55	109
169	257	62	104
176	261	59	100
181	262	52	97
183	264	55	98
186	259	49	103
188	258	50	107
187	261	54	104
194	259	45	98
192	258	45	97
193	255	47	107
196	253	40	114
191	259	43	105
187	261	42	106
186	262	41	108
183	260	44	104
183	263	40	104
179	261	45	98
180	263	43	101
181	259	35	104
180	256	35	107
177	255	42	105
176	252	42	107
179	252	40	118
181	255	37	116
185	251	38	120
181	259	48	113
183	265	48	101
180	269	55	91
185	274	56	86
184	274	61	89
193	271	58	94
194	267	63	93
212	255	51	104
216	261	47	96
224	256	37	101
230	249	41	103
229	252	49	92
237	256	39	89
250	257	37	85
371	276	41	81
370	269	44	89
247	271	49	98
248	270	53	95
260	264	48	101
0	0	0	0
280	269	35	100
284	257	45	107
194	271	48	95
288	251	53	101
291	256	57	96
304	255	57	110
310	249	46	121
312	242	50	125
307	237	62	134
309	229	59	140
304	230	65	125
296	226	79	137
312	215	58	139
323	227	54	146
319	194	57	159
321	185	54	168
321	193	57	168
316	178	65	178
314	169	69	193
315	180	68	201
311	176	73	212
303	149	80	232
297	140	81	246
288	121	79	258
274	107	81	262
264	98	82	267
247	119	101	265
238	104	101	277
218	110	113	279
201	85	124	311
176	72	133	313
168	51	126	325
142	32	118	337
119	6	126	356
77	-4	149	397
45	-5	161	424
8	-7	154	401
23	-16	112	402
0	0	0	0
0	0	0	0
0	0	0	0
0	0	0	0
0	0	0	0
0	0	0	0
