0.613141
0.071337
0.071458
0.071205
0.071740
0.071193
0.071172
0.071132
0.071351
0.071379
0.071354
0.071270
0.071109
0.071159
0.071106
0.071163
0.075455
0.070947
0.070910
0.071136
0.100853
0.071631
0.071380
0.071409
0.071207
0.070874
0.070895
0.071266
0.071063
0.071642
0.071465
0.071530
0.081501
0.069871
0.069925
0.071860
0.070229
0.070051
0.069760
0.069829
0.107451
0.069816
0.069470
0.035002
0.034811
0.034863
0.034897
0.034868
0.034864
0.034906
0.069223
0.069833
0.070302
0.069700
0.069799
0.070022
0.069943
0.069385
0.071582
0.070137
0.104966
0.069811
0.069941
0.073737
0.069658
0.069585
0.070571
0.069467
0.069514
0.069737
0.074139
0.069381
0.074039
0.069527
0.069682
0.069687
0.069873
0.069524
0.069856
0.069803
0.104578
0.074150
0.069611
0.069551
0.069507
0.073591
0.037048
0.037004
0.036944
0.072343
0.071040
0.071843
0.072431
0.073912
0.069693
0.069530
0.069933
0.070820
0.070461
0.070549
0.105506
0.070427
0.070285
0.070243
0.070274
0.070555
0.070465
0.070267
0.070263
0.074708
0.070131
0.070272
0.074351
0.070045
0.070149
0.070084
0.070215
0.070323
0.070065
0.070262
0.105488
0.070006
0.070244
0.070122
0.070712
0.070443
0.070692
0.070261
0.070842
0.070192
0.070228
0.070031
0.070229
0.070235
0.070257
0.070232
0.070520
0.070230
0.070260
0.070508
0.106644
0.070996
0.075184
0.038000
0.037879
0.074334
0.074730
0.071105
0.071365
0.071307
0.074973
0.082906
0.071358
0.075870
0.084234
0.070971
0.071190
0.071386
0.071656
0.070917
0.111490
0.075924
0.075279
0.071358
0.071306
0.071403
0.069765
0.071426
0.071332
0.070997
0.071325
0.071183
0.074607
0.073512
0.072781
0.035940
0.035839
0.035859
0.072265
0.071013
0.108018
0.071608
0.072599
0.072844
0.073563
0.074353
0.074445
0.070225
0.071145
0.071172
0.076164
0.078465
0.071216
0.071593
0.071071
0.071014
0.071374
0.071189
0.070950
0.072847
0.106884
0.071170
0.071115
0.071213
0.071585
0.071226
0.071545
0.071425
0.071114
0.071160
0.071334
0.071226
0.071001
0.071331
0.072199
0.070154
0.070381
0.070065
0.034800
0.035880
0.034658
0.034594
0.034675
0.034590
0.034607
0.034567
0.034572
0.034554
0.034605
0.034641
0.034692
0.034652
0.034606
0.034628
0.034570
