380	310	46	83
384	317	32	80
385	317	28	80
385	317	25	80
390	318	26	80
384	316	28	80
385	318	28	78
395	300	24	82
386	318	26	76
386	315	30	83
385	316	26	83
389	302	29	88
386	311	25	86
389	311	28	86
384	314	27	82
386	312	28	86
385	315	26	87
394	299	31	89
388	313	28	90
385	312	28	83
385	313	25	85
391	301	27	94
384	308	26	87
396	309	18	88
390	314	22	82
381	314	29	80
397	320	22	85
393	314	23	83
384	310	30	87
385	317	27	79
385	318	27	80
387	317	26	80
386	316	25	79
384	316	26	79
384	316	27	77
383	316	27	80
384	315	28	86
382	313	31	86
385	317	28	82
386	317	26	80
386	317	27	77
385	314	27	79
385	317	27	79
383	316	29	76
383	315	25	84
386	317	25	86
382	314	32	80
382	315	28	79
382	314	28	80
381	317	30	81
376	317	34	77
362	316	42	85
359	316	43	78
352	318	43	80
351	323	44	78
350	321	41	78
339	312	38	82
339	316	38	84
339	313	37	83
338	310	34	82
337	311	31	84
336	308	32	92
331	307	39	91
332	310	37	80
333	308	34	83
331	308	35	83
331	307	32	83
329	305	38	89
326	306	38	90
329	305	32	98
327	305	36	93
325	306	33	91
325	311	35	85
319	306	40	90
320	311	36	88
319	313	37	85
314	316	39	80
314	317	37	79
314	317	36	77
314	321	36	76
313	320	35	75
311	317	40	75
312	312	41	87
313	307	39	88
316	315	36	84
313	314	37	85
311	316	38	79
309	309	37	87
310	309	35	89
304	311	42	84
306	312	38	82
304	310	38	85
307	314	37	81
309	318	36	79
310	316	36	78
310	325	34	71
311	327	33	65
313	329	32	65
313	338	33	55
314	342	29	51
310	331	30	62
305	334	35	59
301	319	38	71
301	315	40	79
301	314	40	79
295	312	46	81
295	312	46	81
293	314	50	77
290	314	53	78
289	311	52	81
285	318	61	75
285	310	63	80
285	312	55	79
291	316	55	77
287	315	56	77
285	313	57	79
287	310	56	80
290	312	53	80
292	313	51	80
