0.606149
0.071283
0.071158
0.071144
0.075489
0.075463
0.071110
0.075570
0.072681
0.074784
0.070017
0.070199
0.070184
0.069938
0.070064
0.070151
0.070070
0.069980
0.072595
0.069911
0.099465
0.070122
0.070009
0.070116
0.074966
0.071028
0.071362
0.069346
0.069346
0.073844
0.069211
0.069433
0.074060
0.069397
0.069413
0.069556
0.069456
0.069463
0.073935
0.074641
0.109765
0.074536
0.070147
0.074538
0.070176
0.074232
0.074559
0.074273
0.074202
0.073797
0.073858
0.073748
0.073910
0.073418
0.073555
0.076371
0.073526
0.073203
0.072927
0.072682
0.107950
0.073963
0.073851
0.073974
0.073770
0.036998
0.073602
0.073626
0.073227
0.072682
0.072766
0.072695
0.072919
0.073241
0.073507
0.074319
0.080938
0.072370
0.072745
0.071888
0.107447
0.072597
0.072882
0.073009
0.073323
0.073108
0.073599
0.073511
0.073143
0.072514
0.072749
0.073246
0.073666
0.073477
0.075346
0.072728
0.074719
0.073250
0.074050
0.073634
0.108204
0.072397
0.072879
0.073770
0.073159
0.072963
0.072863
0.072321
0.072249
0.071857
0.071701
0.077652
0.080268
0.071953
0.072779
0.072334
0.072133
0.071612
0.072167
0.072828
0.108234
0.073730
0.084016
0.074579
0.071009
0.075118
0.071195
0.075612
0.084105
0.074479
0.075378
0.075404
0.077026
0.073225
0.073267
0.072914
0.073171
0.072827
0.072420
0.072940
0.109190
0.073674
0.069570
0.069383
0.069666
0.069600
0.069408
0.069493
0.069543
0.073920
0.073710
0.073708
0.074803
0.073257
0.074424
0.070705
0.074238
0.074687
0.070252
0.070145
0.109576
0.073793
0.074015
0.073360
0.073498
0.072438
0.072118
0.072505
0.072934
0.072483
0.072953
0.072211
0.074721
0.072352
0.072406
0.072516
0.072493
0.072231
0.072731
0.072210
0.107621
0.072794
0.073537
0.073717
0.073972
0.073605
0.073975
0.073375
0.073014
0.072460
0.072953
0.072806
0.074066
0.073560
0.073377
0.072914
0.073385
0.073998
0.073639
0.069359
0.104561
0.069324
0.069248
0.069411
0.069261
0.069354
0.069826
0.069459
0.070053
0.071539
0.070079
0.069993
0.072445
0.070089
0.081521
0.074039
0.073320
0.074082
0.073657
0.073879
0.109509
0.074131
0.074707
0.070237
0.070148
0.071033
0.071421
0.071664
0.071371
0.071269
0.077704
0.075438
0.071060
0.071319
0.071364
0.075770
0.071235
0.075996
0.075231
0.084066
0.111983
0.072943
0.072953
0.073576
0.073455
0.073825
0.073067
0.072932
0.073282
0.075415
0.074121
0.073624
0.073882
0.073837
0.073006
0.074267
0.074208
0.074293
0.073601
0.082669
0.116178
0.079977
0.072346
0.072234
0.072156
0.071855
0.072356
0.071916
0.072162
0.072996
0.071786
0.071847
0.071817
0.072040
0.072446
0.072281
0.072591
0.072331
0.077438
0.073158
0.108532
0.075613
0.071931
0.071676
0.071740
0.071428
0.071666
0.071944
0.072681
0.071635
0.072608
0.072087
0.072638
0.071784
0.072055
0.071966
0.071862
0.071770
0.072078
0.072885
0.108150
0.072525
0.072976
0.072819
0.072546
0.072516
0.072779
0.073665
0.073711
0.072619
0.072914
0.072582
0.073266
0.073577
0.073447
0.073463
0.073293
0.072936
0.073297
0.072990
0.107876
0.072786
0.072925
0.072880
0.072337
0.072247
0.073082
0.072357
0.072595
0.072340
0.072182
0.072839
0.072349
0.072709
0.073162
0.072970
0.071958
0.072146
0.071955
0.072117
0.107251
0.072319
0.072067
0.071521
0.072100
0.071425
0.072686
0.071655
0.071348
0.071278
0.071224
0.081233
0.080164
0.071584
0.071999
0.071576
0.072191
0.072068
0.071401
0.071922
0.107466
0.071985
0.073074
0.078974
0.079265
0.078740
0.082406
0.082073
0.073498
0.080347
0.076927
0.073336
0.083771
0.073051
0.072804
0.072906
0.073534
0.073768
0.073356
0.073183
0.109037
0.074059
0.074368
0.085750
0.085670
0.079020
0.075418
0.076428
0.074418
0.076355
0.078534
0.071665
0.076534
0.073799
0.069771
0.069772
0.069643
0.069965
0.069819
0.069888
0.104633
0.070056
0.072736
0.072973
0.070542
0.070629
0.070681
0.072046
0.070827
0.070875
0.070778
0.070716
0.070943
0.070916
0.070720
0.070753
0.070694
0.071529
0.070791
0.070692
0.105910
0.072147
0.070426
0.070219
0.070188
0.070366
0.071372
0.074924
0.070068
0.070661
0.070504
0.070897
0.070234
0.070239
0.070321
0.074974
0.074353
0.075744
0.082949
0.078548
0.117032
0.084562
0.075067
0.082498
0.083292
0.074120
0.081399
0.083936
0.083211
0.083027
0.080328
0.082071
0.080566
0.079349
0.082453
0.078961
0.083759
0.081780
0.081704
