0.609545
0.074820
0.074675
0.074525
0.074593
0.075930
0.074430
0.074441
0.074056
0.074137
0.074238
0.074556
0.074481
0.074710
0.074368
0.074069
0.074058
0.074000
0.073985
0.074127
0.102461
0.071861
0.071860
0.072365
0.076187
0.072010
0.072169
0.071907
0.071618
0.071801
0.071712
0.072068
0.071355
0.071824
0.071766
0.071488
0.071451
0.071642
0.071353
0.070903
0.106546
0.070922
0.070938
0.070734
0.070924
0.070634
0.070751
0.070466
0.070084
0.070677
0.070569
0.071355
0.071249
0.071099
0.071238
0.072060
0.071994
0.072383
0.072749
0.073282
0.111072
0.074792
0.074908
0.077567
0.074158
0.074809
0.083654
0.074655
0.074823
0.074965
0.074661
0.074972
0.075290
0.071111
0.075509
0.082612
0.075083
0.075407
0.075458
0.075720
0.110783
0.074514
0.075296
0.075497
0.080508
0.082871
0.075073
0.075336
0.075279
0.070723
0.075018
0.075185
0.075076
0.074125
0.074305
0.070063
0.069991
0.074321
0.075077
0.073584
0.108729
0.073164
0.073595
0.073435
0.073495
0.073198
0.073295
0.073081
0.073872
0.073305
0.073287
0.074293
0.073134
0.073828
0.073198
0.074663
0.073144
0.073263
0.073266
0.073480
0.108135
0.073653
0.073375
0.073341
0.072862
0.072879
0.072925
0.072414
0.072548
0.073610
0.081191
0.079837
0.081199
0.082554
0.073635
0.073593
0.075683
0.072833
0.073609
0.074135
0.108390
0.073272
0.073395
0.073126
0.072926
0.073930
0.073146
0.072047
0.072862
0.074083
0.074190
0.074450
0.074479
0.074801
0.075145
0.072498
0.073138
0.072610
0.072801
0.073022
0.107971
0.072551
0.072469
0.072894
0.072927
0.073858
0.073337
0.069347
0.069493
0.069510
0.069627
0.069619
0.069658
0.069411
0.069381
0.073865
0.073512
0.078165
0.069439
0.069378
0.104574
0.069293
0.069636
0.069447
0.069349
0.069315
0.069348
0.069681
0.069394
0.069546
0.069495
0.069325
0.069374
0.073682
0.073817
0.073656
0.073325
0.074697
0.073306
0.073809
0.108236
0.069521
0.073628
0.072443
0.072806
0.072305
0.072677
0.072055
0.071655
0.071945
0.072253
0.071742
0.071733
0.071826
0.071934
0.071822
0.071980
0.071567
0.072892
0.071851
0.105817
0.071896
0.072189
0.071993
0.072091
0.073298
0.072763
0.073452
0.072985
0.073826
0.073551
0.073738
0.073629
0.073353
0.074174
0.074452
0.080677
0.081934
0.073506
0.075454
0.110374
0.075135
0.075377
0.075734
0.071335
0.071221
0.071169
0.075139
0.074868
0.075372
0.074973
0.074836
0.074739
0.074319
0.074635
0.074321
0.075105
0.074870
0.074276
0.075110
0.109886
0.077265
0.073538
0.073576
0.073500
0.073765
0.073865
0.073788
0.069453
0.069407
0.069484
0.069535
0.069756
0.076387
0.069697
0.069877
0.069850
0.069743
0.069811
0.069581
0.104809
0.069740
0.070017
0.069902
0.069814
0.069757
0.069726
0.069838
0.069678
0.079610
0.078603
0.069818
0.070007
0.069880
