421	256	136	99
417	251	146	107
415	247	154	111
414	244	152	108
417	246	145	104
413	246	146	107
414	249	149	100
415	246	143	104
416	246	142	109
418	246	144	107
418	249	142	110
421	255	138	109
421	257	138	112
424	260	138	112
422	260	142	112
421	266	138	109
423	267	140	113
422	267	138	109
425	269	141	115
425	276	144	112
434	277	140	116
438	279	143	117
443	285	151	116
448	283	149	116
450	287	156	117
456	285	150	116
459	286	161	113
466	287	152	116
465	284	157	113
470	289	162	114
473	284	156	111
474	283	162	113
480	280	158	114
477	277	161	117
480	279	155	117
480	277	153	119
477	278	160	120
471	279	165	115
470	284	156	111
466	285	157	106
459	286	151	109
457	284	139	108
444	289	146	110
441	286	133	110
429	285	145	111
424	286	138	108
419	285	137	107
412	287	141	107
406	285	144	107
399	290	148	102
394	288	148	101
392	284	144	108
389	290	141	104
385	287	138	105
382	291	138	104
382	290	134	104
378	293	137	99
375	296	140	97
374	293	143	99
373	296	141	94
374	298	138	92
372	295	141	98
372	298	135	93
369	299	135	96
367	296	134	95
364	300	134	92
361	302	132	92
357	304	135	92
353	306	132	93
350	306	130	91
343	313	133	90
340	314	127	88
336	318	124	88
331	315	125	89
327	315	126	85
320	318	125	84
317	316	124	87
310	315	128	85
308	313	123	88
303	311	122	86
300	310	125	85
295	304	123	88
293	308	120	87
287	303	123	84
286	298	123	88
283	294	123	86
282	290	119	89
280	285	117	88
279	283	116	90
273	279	118	88
270	276	115	88
267	271	119	85
269	269	115	87
268	262	116	87
266	258	118	90
266	252	117	89
266	249	120	93
266	242	123	92
271	239	118	94
269	233	125	96
272	230	126	97
276	226	126	95
278	224	122	97
282	220	126	98
286	224	122	92
291	220	125	95
294	218	125	93
297	213	127	96
300	214	126	93
304	210	127	95
309	208	126	96
313	212	130	95
317	209	126	94
324	210	127	94
329	211	124	97
332	216	131	96
338	220	127	96
343	220	128	96
346	225	124	95
351	230	127	91
355	232	126	90
363	235	122	90
366	241	125	87
370	242	128	91
373	245	124	95
381	250	122	92
384	250	123	95
387	258	133	91
393	261	127	93
395	265	126	91
397	268	127	90
401	268	125	95
400	272	128	92
399	274	131	91
399	278	129	90
399	281	127	93
399	284	129	91
396	289	126	91
395	291	129	92
393	295	123	91
392	299	123	89
391	301	122	92
391	306	122	91
388	311	123	87
389	312	127	87
387	318	121	85
386	318	126	86
386	323	120	85
387	328	120	83
386	326	119	88
383	334	122	81
383	336	118	83
381	340	122	79
380	343	123	76
380	345	118	80
379	345	118	80
376	348	118	78
373	348	119	80
373	350	111	79
370	346	116	81
365	352	115	76
364	348	117	79
361	351	114	77
358	349	111	79
353	347	115	78
349	347	111	77
346	344	116	79
342	345	111	79
338	343	113	77
334	345	111	77
329	342	115	78
326	338	111	80
324	340	109	79
319	337	110	83
314	338	110	78
309	337	117	78
307	336	113	77
305	335	113	78
303	333	112	76
302	331	109	79
300	328	108	80
299	328	109	78
295	325	109	80
292	323	108	79
292	320	105	78
288	318	105	80
285	316	106	81
284	313	105	79
281	310	108	82
282	312	108	78
282	313	107	77
282	313	106	76
282	310	105	81
282	313	108	79
283	313	112	78
288	314	106	79
289	318	108	80
292	320	108	77
296	323	107	79
297	324	109	77
301	328	112	79
303	329	109	79
306	332	114	80
310	334	111	79
316	338	110	77
318	337	110	77
321	343	111	79
320	339	117	81
328	343	113	77
330	343	115	77
333	345	117	80
336	343	118	77
340	347	120	76
343	344	120	80
348	343	119	81
352	342	118	79
356	340	124	82
359	340	124	81
365	340	123	79
369	336	124	85
373	336	126	81
378	334	125	82
381	329	127	82
383	327	123	82
383	323	124	84
385	316	124	86
386	313	125	84
388	312	124	83
385	306	130	85
390	301	121	89
388	293	127	93
390	287	128	91
391	281	128	94
389	275	131	95
386	269	131	100
387	265	131	98
383	262	134	98
384	256	133	99
382	251	131	99
382	248	134	97
383	245	129	95
382	243	126	97
380	239	131	98
377	235	126	97
375	238	130	92
374	232	126	95
371	235	124	96
369	235	121	95
365	233	124	96
362	234	122	93
356	233	122	90
355	233	119	90
351	231	117	90
350	229	115	94
341	228	120	91
342	230	117	94
333	228	118	91
329	229	121	90
324	227	120	92
322	228	117	92
316	225	121	91
311	227	121	90
307	230	118	88
301	230	122	91
298	233	120	88
295	231	118	92
292	235	117	90
288	237	119	90
282	242	119	87
282	245	118	84
277	253	120	82
276	253	116	85
275	261	114	83
270	264	120	80
268	269	120	82
267	272	117	77
267	273	116	80
267	278	118	81
268	278	110	80
269	278	116	81
268	280	114	78
266	280	119	80
269	279	115	79
267	274	119	79
267	269	122	82
272	264	116	84
271	258	116	83
274	253	119	86
276	247	119	84
282	239	123	89
283	227	122	97
286	224	128	91
293	218	124	95
299	214	127	94
306	209	121	104
313	205	126	102
319	203	129	102
329	200	125	99
334	198	129	109
343	200	126	105
348	198	128	111
356	200	126	111
360	199	132	111
368	202	131	111
371	203	134	114
377	200	138	111
378	201	143	111
385	204	140	107
390	201	143	109
393	198	143	114
400	195	143	110
404	196	141	110
412	190	141	117
414	188	134	120
419	187	136	124
417	186	137	124
424	194	139	125
420	191	143	126
