0.596243
0.073548
0.070817
0.070181
0.071057
0.070614
0.070688
0.071254
0.071215
0.070815
0.071760
0.071459
0.070913
0.071310
0.071266
0.071373
0.071560
0.070758
0.071282
0.082074
0.100797
0.071082
0.070827
0.070641
0.071302
0.071316
0.070621
0.070163
0.070302
0.070070
0.070280
0.069836
0.073894
0.070285
0.070157
0.070188
0.078895
0.069834
0.070144
0.070121
0.105294
0.069980
0.069821
0.070247
0.070125
0.070013
0.070827
0.069816
0.070111
0.070212
0.070178
0.070037
0.035035
0.034987
0.070186
0.069321
0.069929
0.069968
0.070084
0.070091
0.035044
0.070153
0.070703
0.070767
0.069945
0.070703
0.069997
0.070853
0.070659
0.034990
0.034916
0.070180
0.034882
0.070475
0.070655
0.070688
0.079010
0.070753
0.035026
0.070607
0.106759
0.076582
0.078326
0.075747
0.075781
0.075452
0.075524
0.075346
0.037076
0.071506
0.040941
0.034654
0.034633
0.034594
0.034579
0.034630
0.034621
0.034583
0.034615
0.034595
0.034553
0.034573
0.034671
0.034649
0.072989
0.077121
0.075144
0.071930
0.076050
0.071524
0.071724
0.071853
0.071579
0.071989
0.071622
0.071676
0.071748
0.079237
0.071837
0.071395
0.112760
0.077420
0.076381
0.075712
0.076728
0.071696
0.076440
0.069749
0.069752
0.069785
0.069917
0.070019
0.070501
0.070710
0.070598
0.070652
0.070749
0.070510
0.070672
0.071459
0.110933
0.072812
0.070770
0.070776
0.070737
0.070662
0.070790
0.070704
0.070742
0.070488
0.070310
0.070718
0.070783
0.070708
0.070682
0.070367
0.068638
0.069985
0.070077
0.069964
0.107833
0.070593
0.076735
0.070905
0.070667
0.070950
0.070534
0.070677
0.070553
0.070880
0.071827
0.076391
0.076459
0.071788
0.077029
0.071868
0.072148
0.073012
0.072634
0.081578
0.114535
0.071691
0.076911
0.076134
0.076113
0.074418
0.075764
0.076501
0.071931
0.079563
0.079341
0.071992
0.076694
0.076374
0.079841
0.072018
0.074270
0.070733
0.076854
0.077849
0.111863
0.076496
0.075732
0.070970
0.070689
0.071305
0.076936
0.072588
0.077078
0.076815
0.076392
0.076483
0.075565
0.076367
0.072808
0.071735
0.075090
0.079675
0.079317
0.071796
