0.626683
0.073770
0.069457
0.069450
0.073555
0.069351
0.069499
0.069608
0.069226
0.073947
0.069470
0.069662
0.069558
0.069538
0.069416
0.070457
0.069389
0.073679
0.072537
0.071630
0.100428
0.071419
0.071681
0.071004
0.070424
0.070827
0.072029
0.072845
0.073941
0.069303
0.069309
0.069401
0.069369
0.071190
0.069517
0.069343
0.069407
0.069530
0.069428
0.069424
0.108708
0.069467
0.073619
0.072872
0.069507
0.070549
0.070141
0.069906
0.070212
0.074711
0.074553
0.074450
0.070196
0.071328
0.070047
0.074634
0.074044
0.074438
0.074178
0.074214
0.109033
0.073144
0.074217
0.073430
0.073088
0.074996
0.073496
0.074019
0.074168
0.074055
0.073979
0.074322
0.072979
0.072562
0.072387
0.071816
0.071564
0.071974
0.073155
0.072358
0.107932
0.071243
0.071815
0.072803
0.076481
0.071777
0.078414
0.072287
0.072606
0.072921
0.073757
0.073881
0.073816
0.074167
0.081633
0.070018
0.069926
0.074407
0.074341
0.073390
0.108693
0.073434
0.073091
0.073289
0.073381
0.072823
0.072493
0.072531
0.072630
0.073760
0.071383
0.071051
0.070877
0.071455
0.071421
0.070980
0.071272
0.071676
0.071365
0.071098
0.106264
0.071618
0.078335
0.072391
0.073271
0.072650
0.073764
0.069407
0.069541
0.074083
0.073246
0.073529
0.072977
0.073390
0.073529
0.072980
0.072815
0.073167
0.072278
0.072522
0.107230
0.072134
0.072748
0.072202
0.072789
0.072481
0.072671
0.073323
0.073408
0.073491
0.073348
0.081530
0.073307
0.073523
0.072984
0.072882
0.072267
0.072263
0.072098
0.071527
0.118850
0.073584
0.076952
0.070259
0.089127
0.070254
0.070485
0.072276
0.097816
0.095500
0.089641
0.071120
0.071113
0.070711
0.071056
0.070963
0.071684
0.071412
0.071630
0.090070
0.107745
0.073766
0.074859
0.070047
0.070130
0.070243
0.070124
0.069971
0.070040
0.070356
0.069914
0.074379
0.070096
0.069647
0.070374
0.070683
0.069929
0.070378
0.070325
0.070177
0.105211
0.070268
0.074382
0.073962
0.073840
0.074895
0.082954
0.075466
0.085332
0.073214
0.072884
0.073456
0.069604
0.069745
