0.635153
0.074302
0.072453
0.072534
0.072427
0.073338
0.072068
0.072039
0.071772
0.072004
0.071787
0.071385
0.071268
0.073217
0.071474
0.071348
0.070641
0.070801
0.071711
0.071298
0.100489
0.071553
0.072564
0.072065
0.071646
0.071488
0.071343
0.070593
0.070979
0.070177
0.071748
0.037537
0.035456
0.035244
0.035396
0.035171
0.071910
0.072195
0.035517
0.035240
0.105009
0.072042
0.072232
0.044329
0.072792
0.037408
0.037580
0.073488
0.074178
0.073847
0.081381
0.081544
0.073567
0.074889
0.038552
0.038594
0.074688
0.082583
0.074431
0.073932
0.108816
0.078791
0.080540
0.073356
0.079205
0.072406
0.071293
0.070945
0.070671
0.070409
0.095545
0.070751
0.071239
0.071183
0.071747
0.070368
0.070189
0.070156
0.070291
0.070291
0.105567
0.070077
0.070301
0.070562
0.070596
0.070249
0.070434
0.070456
0.071006
0.070910
0.071923
0.071669
0.071719
0.071329
0.071431
0.071516
0.071602
0.071554
0.072390
0.071656
0.107900
0.072464
0.073109
0.073290
0.073840
0.074502
0.073815
0.073194
0.072763
0.073737
0.073959
0.073516
0.073840
0.075170
0.073870
0.073493
0.073441
0.073801
0.073833
0.073578
0.108921
0.073820
0.073418
0.073970
0.074511
0.074229
0.074719
0.075307
0.078925
0.073446
0.079314
0.072966
0.074813
0.072410
0.072207
0.072632
0.072046
0.072645
0.071950
0.072120
0.106701
0.071843
0.072032
0.072695
0.072570
0.073095
0.071928
0.072658
0.072556
0.073433
0.069362
0.071832
0.077384
0.069891
0.070029
0.069582
0.070011
0.073713
0.069550
0.069334
0.104639
0.069520
0.069587
0.069560
0.069466
0.069757
0.069540
0.069538
0.069650
0.069532
0.069830
0.070823
0.069712
0.069510
0.069743
0.069837
