2.621961
0.200057
0.194847
0.193801
0.123348
0.122031
0.121887
0.121801
0.121746
0.122042
0.121871
0.121876
0.122076
0.122168
0.195112
0.121932
0.121835
0.122096
0.121795
0.122176
0.121809
0.123476
0.121922
0.121963
0.121811
0.122087
0.121977
0.122020
0.121911
0.122305
0.122024
0.122237
0.121959
0.122000
0.123216
0.122135
0.121942
0.122162
0.121861
0.122083
0.121941
0.122065
0.121660
0.122074
0.121762
0.122065
0.121872
0.123306
0.121969
0.122061
0.121935
0.122097
0.122084
0.122077
0.122044
0.122068
