2.605337
0.194047
0.194675
0.193696
0.193540
0.195911
0.193759
0.194060
0.197251
0.121355
0.121403
0.121280
0.122081
0.121395
0.121365
0.121306
0.121208
0.125815
0.121504
0.121398
0.121590
0.121430
0.193899
0.193254
0.192214
0.193670
0.192743
0.195726
0.193072
0.192911
0.193545
0.192691
0.192705
0.192948
0.193502
0.195033
0.196257
0.193892
0.194453
0.192667
0.315670
0.193428
0.192837
0.194067
0.194592
0.194095
0.192240
0.192749
0.192618
0.193719
0.194186
0.194137
0.193674
0.196637
0.193504
0.194498
0.194175
0.194027
0.194385
0.194607
0.328709
0.194530
0.195127
0.194256
0.193291
0.195249
0.194212
0.194161
0.194069
0.193670
0.193895
0.195582
0.193632
0.194679
0.193917
0.193810
0.193568
0.194386
0.193687
0.193723
0.330216
0.194878
0.194470
0.194347
0.193673
0.194111
0.194576
0.195056
0.195816
0.198638
0.194561
0.195134
0.195140
0.193567
0.194282
0.194314
0.194160
0.193867
0.198188
0.194954
0.330876
0.193923
0.193915
0.195880
0.194601
0.193409
0.194633
0.194817
0.193296
0.195606
0.193946
0.193598
0.193742
0.192228
0.193878
0.195611
0.193389
0.193593
0.263529
0.193510
0.121184
0.122827
0.132164
0.128185
0.121269
0.121286
0.195653
0.194146
0.193959
0.121948
0.121543
0.121545
0.121929
0.121941
0.121828
0.121853
0.121749
0.193481
0.125457
0.121257
0.121318
0.121349
0.121275
0.194023
0.193621
0.193755
0.193402
0.193561
0.193387
0.194504
0.263716
0.192407
0.120337
0.192698
0.120528
0.193168
0.193039
0.192485
0.194579
0.194344
0.328874
0.193562
0.202551
0.207522
0.198714
0.210088
0.195336
0.209154
0.205818
0.195678
0.194369
0.195132
0.193470
