501	272	52	190
497	273	45	192
496	274	44	194
491	277	48	193
491	272	43	192
484	272	48	195
483	272	45	195
480	262	45	204
479	267	40	202
0	0	0	0
0	0	0	0
0	0	0	0
0	0	0	0
0	0	0	0
0	0	0	0
0	0	0	0
0	0	0	0
0	0	0	0
0	0	0	0
0	0	0	0
0	0	0	0
0	0	0	0
427	265	42	199
420	264	43	198
415	265	45	198
409	262	47	202
403	264	49	201
395	260	48	201
389	265	48	198
387	265	45	194
385	267	46	190
382	266	43	189
377	266	44	190
372	263	48	192
365	263	50	195
366	260	46	196
362	263	45	195
357	257	47	201
351	256	51	204
350	261	47	197
345	260	46	198
341	259	47	199
336	249	47	210
330	256	51	203
326	259	50	201
323	261	51	197
319	251	49	209
315	260	52	200
308	259	55	197
307	259	55	198
306	256	49	207
304	257	50	205
299	250	50	208
295	250	53	210
286	248	60	216
286	253	53	200
280	248	53	200
276	246	53	201
271	233	53	213
269	229	52	217
264	230	53	211
262	234	52	207
257	231	50	208
252	244	52	190
249	241	52	200
244	235	55	208
242	238	50	200
239	236	50	205
233	239	49	197
230	247	49	195
220	250	53	193
215	250	56	197
213	249	53	201
208	251	54	205
204	256	51	207
201	252	52	210
193	253	52	213
190	253	52	207
184	246	52	205
180	236	51	210
178	225	50	211
177	224	49	208
178	211	49	202
178	204	51	213
167	228	49	208
163	235	51	215
161	239	55	218
160	237	54	228
145	262	52	216
134	274	55	203
132	277	51	195
135	257	50	204
150	240	50	189
158	230	48	187
166	218	49	194
162	223	52	199
158	224	51	203
155	227	51	209
151	228	55	215
159	233	53	201
169	225	53	203
186	226	55	206
196	227	52	204
212	228	52	205
215	227	52	200
216	240	52	198
215	238	49	205
213	244	50	200
213	242	48	193
211	231	47	204
207	226	46	210
196	231	49	206
194	229	45	201
182	236	49	200
181	228	46	210
178	218	42	214
173	230	46	203
169	223	45	204
168	231	45	200
169	226	42	199
0	0	0	0
0	0	0	0
0	0	0	0
0	0	0	0
0	0	0	0
0	0	0	0
144	286	54	196
211	265	64	185
213	271	59	168
0	0	0	0
0	0	0	0
0	0	0	0
0	0	0	0
0	0	0	0
0	0	0	0
0	0	0	0
0	0	0	0
54	116	58	161
0	0	0	0
0	0	0	0
0	0	0	0
0	0	0	0
0	0	0	0
11	147	45	156
8	136	41	163
7	148	40	157
6	150	43	152
6	165	46	139
8	165	35	140
1	169	36	132
4	161	31	134
6	168	26	133
0	0	0	0
22	127	35	132
0	0	0	0
7	154	37	122
118	276	37	126
103	269	45	139
99	256	44	148
91	247	50	166
87	245	51	185
85	246	53	188
83	248	51	191
82	249	50	193
79	241	50	189
75	246	51	188
71	249	50	187
67	249	51	194
60	235	53	208
55	243	56	201
47	253	51	187
45	252	47	172
38	253	48	168
