0.617690
0.076324
0.074783
0.074670
0.073846
0.073669
0.074376
0.074596
0.071256
0.037771
0.073877
0.074998
0.069734
0.073986
0.073711
0.074230
0.070148
0.069313
0.070046
0.085316
0.098893
0.070060
0.070027
0.069314
0.071173
0.070360
0.085320
0.070163
0.070346
0.069767
0.069887
0.069829
0.069773
0.070108
0.069727
0.070077
0.070642
0.070202
0.069997
0.070385
0.105614
0.069906
0.069970
0.069945
0.069863
0.070150
0.069929
0.069918
0.069666
0.070095
0.069897
0.069983
0.069776
0.070603
0.070029
0.070126
0.070166
0.069827
0.069893
0.070656
0.104999
0.069871
0.069939
0.069680
0.070255
0.069991
