68	210	70	227
87	224	62	217
97	225	60	214
117	214	52	225
133	221	52	223
147	209	49	229
162	222	51	220
171	222	68	222
183	224	68	219
205	219	54	226
210	212	52	235
231	202	50	234
237	214	44	223
249	214	53	229
257	194	50	239
458	203	58	242
284	180	58	251
0	0	0	0
177	185	85	261
302	206	61	257
316	216	54	229
337	224	46	220
348	225	43	217
358	225	44	217
370	223	42	218
376	227	49	217
390	226	44	220
395	222	52	222
409	228	50	218
415	229	57	215
430	222	54	214
438	232	55	214
447	227	60	218
458	217	55	231
466	227	53	232
477	234	56	214
480	223	60	228
495	225	57	227
502	224	56	242
512	218	59	232
523	233	56	214
532	238	62	208
539	232	58	209
550	247	60	200
556	241	63	206
568	223	55	225
