2.672683
0.196358
0.196182
0.196599
0.197098
0.196629
0.196615
0.197269
0.195647
0.195947
0.196470
0.199610
0.196057
0.195245
0.194361
0.193961
0.194299
0.194788
0.194237
0.194210
0.309278
0.194941
0.195436
0.194062
0.194873
0.195147
0.194244
0.195282
0.194160
0.194040
0.194787
0.194238
0.195138
0.194123
0.194342
0.195164
0.194175
0.194088
0.198207
0.201753
0.331462
0.194967
0.194623
0.195136
0.196193
0.194419
0.198069
0.195688
0.196928
0.194447
0.194465
0.194103
0.193729
0.197288
0.199924
0.194686
0.194029
0.194870
0.194445
0.193736
0.328938
0.194448
0.193935
0.197910
0.194674
0.194160
0.194667
0.194008
0.195200
0.194258
0.193962
0.194575
0.196878
0.193625
0.195059
0.194790
0.194179
0.193603
0.194362
0.193367
0.329408
0.198208
0.194298
0.194520
0.194588
0.194772
0.193409
0.193966
0.194813
0.195992
0.197041
0.193785
0.193592
0.194403
0.194838
0.194623
0.193995
0.199665
0.194737
0.198554
0.333250
0.194221
0.195196
0.194609
0.194468
0.194462
0.195073
0.194474
0.198663
0.195259
0.194577
0.194459
0.196587
0.195546
0.195221
0.194386
0.193955
0.198591
0.194912
0.194770
0.329298
0.192325
0.193671
0.194499
0.194033
0.193104
0.194002
0.192785
0.194337
0.195234
0.194891
0.194620
0.193960
0.193752
0.194306
0.202132
0.194174
0.194209
0.194023
0.194288
0.329693
0.197011
0.206042
0.197881
0.193901
0.193389
0.193485
0.194209
0.193017
0.196234
0.121773
0.121939
0.121757
0.121793
0.121993
