0.638356
0.084129
0.074587
0.070897
0.070254
0.070302
0.070389
0.070748
0.070107
0.070382
0.070101
0.071240
0.071225
0.072574
0.071437
0.071470
0.076385
0.071511
0.071547
0.071763
0.101534
0.071241
0.071518
0.071916
0.076105
0.076668
0.076913
0.076551
0.076424
0.076480
0.076474
0.076606
0.079056
0.079301
0.074669
0.077573
0.078765
0.077306
0.076640
0.077557
0.111408
0.076297
0.079504
0.076138
0.074322
0.071311
0.071484
0.070238
0.070305
0.070150
0.070186
0.073938
0.073135
0.072771
0.072151
0.072467
0.073780
0.073246
0.073754
0.070322
0.109738
0.070555
0.070652
0.070330
0.070407
0.070517
0.070388
0.070251
0.070347
0.071606
0.070044
0.070136
0.070441
0.074104
0.074222
0.074616
0.074092
0.070292
0.070500
0.074681
0.109972
0.073524
0.074468
0.074106
0.073600
0.073716
0.074010
0.074457
0.074600
0.074139
0.074072
0.070174
0.070390
0.074185
0.070100
0.070389
0.070410
0.070448
0.070420
0.070151
0.105871
0.074020
0.069778
0.069856
0.069846
0.069843
0.070188
0.069885
0.070149
0.072251
0.070150
0.071883
0.077276
0.070606
0.070627
0.070460
0.070661
0.071246
0.070807
0.070476
0.106160
0.070431
0.070483
0.070193
0.069800
0.069564
0.069768
0.069838
0.069733
0.072160
0.070013
0.069744
0.070122
0.069338
0.069319
0.069503
0.069495
0.069813
0.070559
0.070384
0.105884
0.069655
0.070536
0.070603
0.070235
0.070031
0.070470
0.070080
0.088700
0.071479
0.088662
0.070002
0.070621
0.069586
0.071005
0.070180
0.070264
0.070286
0.089018
0.070221
0.088299
0.088469
0.088384
0.070581
0.069188
0.069368
0.088630
0.090061
0.088709
0.088355
0.069742
0.088271
0.069929
0.069635
0.092411
0.073049
0.092490
0.091190
0.091853
0.072201
0.107245
0.073124
0.090775
0.072962
0.073341
0.072167
0.072972
0.073359
0.072610
0.072716
0.073706
0.073073
0.073071
0.073291
0.073233
0.073371
0.073145
0.073242
0.074265
0.091595
0.108796
0.073333
0.074273
0.073690
0.073574
0.073143
0.074193
0.073217
0.073490
0.072551
0.072869
0.072640
0.037158
0.037196
0.036965
0.037112
0.037096
0.037296
0.036891
0.036870
0.037117
