2.609199
0.193319
0.193502
0.193271
0.194185
0.193377
0.193576
0.196862
0.194115
0.193645
0.194760
0.195301
0.194263
0.194458
0.194228
0.197586
0.194461
0.195498
0.193961
0.195254
0.309708
0.201231
0.195617
0.264915
0.255037
0.256938
0.195704
0.194751
0.193222
0.191489
0.192631
0.201025
0.192848
0.192156
0.120292
0.120394
0.191909
0.120072
0.125995
0.122691
0.120317
0.120229
0.192313
0.195104
0.120350
0.120470
0.120048
0.120141
0.120358
0.120379
0.193256
0.193429
0.263108
0.193470
0.192352
0.192037
0.262040
0.191602
0.192523
0.193062
0.328614
0.193129
0.196749
0.193640
0.193645
0.120791
0.121328
0.120915
0.121022
0.120908
0.121248
0.120883
0.193241
0.263706
0.262704
0.194223
0.193590
0.193926
0.192918
0.193149
0.329157
0.193460
0.197594
0.194520
0.193368
0.193724
0.192355
0.193199
0.192312
0.192952
0.193318
0.196101
0.192940
0.193292
0.193030
0.194439
0.192404
0.192817
0.192110
0.195010
0.333072
0.196563
0.194546
0.194248
0.195599
0.194119
0.194186
0.194308
0.198293
0.193702
0.193436
0.193867
0.193516
0.198308
0.194076
0.197174
0.194127
0.199731
0.195484
0.196422
0.331819
0.199038
0.199114
0.194577
0.266084
0.268456
0.193221
0.122180
0.120793
0.121749
0.120553
0.193636
0.121354
0.120845
0.122488
0.120663
0.120672
0.125688
0.120627
0.121260
0.120753
0.120746
0.121264
0.120926
0.120893
0.122407
0.120870
0.120751
0.122589
0.120743
0.120696
0.120938
0.120951
0.122631
0.120749
0.120956
0.122207
0.194530
0.195669
0.193695
0.334846
0.200676
0.198196
0.194780
0.191798
0.195264
0.195649
0.192594
0.195065
0.193386
0.196315
0.193508
0.194401
0.192579
0.192660
0.194393
0.192767
0.199893
0.196003
0.200502
0.330650
0.203635
0.201073
0.197575
0.195168
0.197971
0.194837
0.193660
0.195343
0.195056
0.200092
0.194048
0.197654
0.196156
0.193182
0.198683
