3.013219
0.217333
0.208959
0.206844
0.208447
0.209726
0.208673
0.206412
0.214030
0.208601
0.198607
0.207081
0.212797
0.217968
0.209527
0.205057
0.213095
0.207803
0.228245
0.207766
0.319365
0.201451
0.203899
0.210933
0.208418
0.206257
0.204728
0.211375
0.215282
0.209612
0.207306
0.209506
0.206635
0.207700
0.205581
0.238673
0.203633
0.201380
0.197130
0.197340
0.337207
0.195439
0.198992
0.196068
0.198513
0.195047
0.197451
0.209446
0.196445
0.210116
0.204074
0.193255
0.194666
0.204634
0.198648
0.203084
0.202617
0.201370
0.197824
0.193854
0.329934
0.193777
0.195689
0.198838
0.213596
0.196219
0.197285
0.203532
0.215281
0.201641
0.194988
0.206693
0.213239
0.196152
0.196693
0.196105
0.195745
0.196315
0.196671
0.196123
0.331343
0.197237
0.207234
0.213867
0.194094
0.194609
0.211812
0.208310
0.199170
0.205003
0.196354
0.193588
0.120982
0.120944
0.120848
0.192142
0.193352
0.192710
0.194946
0.193770
0.330364
0.193641
0.193265
0.121291
0.121366
0.193294
0.121439
0.121290
0.198067
0.192751
0.193974
0.193846
0.207419
0.197806
0.219626
0.198239
0.209372
0.199096
0.194900
0.198790
0.331764
0.195606
0.198322
0.196188
0.198389
0.198456
0.195835
0.198541
0.195972
0.198974
0.196431
0.198673
0.201375
0.195493
0.196687
0.197940
0.194980
0.197810
0.199852
0.195758
0.333192
0.196800
0.206158
0.209735
0.213223
0.196594
0.195427
0.194856
0.194266
0.201197
0.195842
0.198552
0.193026
0.195466
0.194099
0.196274
0.194473
0.194556
0.197590
0.197058
0.333672
0.196480
0.193724
0.197362
0.194665
0.195540
0.195610
0.195087
0.196676
0.215861
0.219300
0.214776
0.201499
0.209127
0.195997
0.197428
0.201672
0.193357
0.206153
0.194512
0.338699
0.197820
0.193750
0.123130
0.121114
0.193734
0.127264
0.132674
0.127375
0.121666
0.121802
0.135649
0.126660
0.211476
0.195721
0.194184
0.208473
0.199449
0.202447
0.199071
0.331287
0.208836
0.196091
0.210918
0.209384
0.197890
0.194594
0.195535
0.195767
0.193752
0.195522
0.193689
0.197378
0.204083
0.210040
0.207676
0.193536
0.199039
0.201782
0.193187
0.334278
0.193286
0.193452
0.121547
0.120980
0.121325
0.121188
0.121219
0.121014
0.193560
0.197566
0.194555
0.193747
0.193701
0.197119
0.194193
0.192780
0.194778
0.194991
0.195997
0.331458
0.196548
0.193539
0.195919
0.195073
0.197016
0.193126
0.201906
0.194242
0.198173
0.198929
0.195419
0.204751
0.193317
0.197705
0.192277
0.195178
0.196134
0.196871
0.198104
0.329567
0.197955
0.195478
0.199716
0.196996
0.197414
0.194815
0.195635
0.197148
0.202954
0.194147
0.194959
0.193584
0.193629
0.194535
0.193496
0.194350
0.193614
0.195563
0.192815
0.328652
0.193765
0.193553
0.195935
0.194400
0.193492
0.194925
0.198843
0.193540
0.192057
0.195070
0.192196
0.194648
0.193893
0.195614
0.194566
0.194218
0.194134
0.192254
0.191417
0.328737
0.192532
0.193665
0.194078
0.195732
0.196420
0.193986
0.196499
0.193739
0.196746
0.194125
0.194006
0.196262
0.197316
0.197007
0.194166
0.195649
0.194565
0.195281
0.194439
0.330812
0.197521
0.193773
0.195390
0.193676
0.193775
0.195461
0.191928
0.196184
0.193949
0.197662
0.193971
0.195376
0.195703
0.193696
0.196553
0.196792
0.194609
0.198841
0.208935
0.338958
0.213480
0.212577
0.213933
0.209898
0.195382
0.208323
0.206768
0.202368
0.209847
0.194117
0.195822
0.211979
0.215233
