48	215	95	257
73	240	70	233
98	216	56	248
119	221	49	252
124	207	56	253
140	209	49	253
141	209	60	264
127	228	78	248
153	218	71	253
150	219	85	259
159	216	79	264
166	212	78	267
183	226	65	251
0	0	0	0
0	0	0	0
0	0	0	0
0	0	0	0
0	0	0	0
0	0	0	0
242	216	70	263
245	219	64	260
247	219	63	249
255	235	67	239
0	0	0	0
270	234	68	243
0	0	0	0
0	0	0	0
295	226	57	255
298	233	58	242
307	237	55	240
309	236	56	239
319	222	47	253
0	0	0	0
0	0	0	0
332	228	44	247
0	0	0	0
0	0	0	0
341	228	52	248
343	234	52	243
350	230	48	230
347	231	59	245
354	239	55	232
360	231	53	237
366	234	51	240
366	248	56	227
374	250	53	215
376	256	55	214
380	260	68	204
382	261	63	203
391	256	59	211
391	256	60	216
400	255	55	218
404	256	53	211
411	257	50	211
415	258	47	204
422	259	42	198
426	253	41	208
427	262	44	203
431	264	40	201
433	266	44	203
435	264	48	201
435	265	47	196
438	262	58	194
441	265	56	181
444	262	57	188
446	265	58	186
451	268	53	181
451	268	57	185
450	271	63	174
455	272	61	173
464	273	56	176
468	271	58	179
478	271	48	178
479	272	52	172
483	272	49	171
487	271	45	173
490	267	45	175
497	270	42	176
498	276	42	169
499	277	45	168
502	274	43	170
507	276	41	170
508	276	44	166
512	274	44	168
512	281	49	159
514	276	46	160
518	281	45	156
520	283	44	154
523	284	47	155
527	285	43	151
532	289	42	147
533	285	43	152
537	285	40	150
539	283	39	153
539	284	43	148
542	282	40	153
543	284	41	151
544	286	42	149
547	280	40	155
547	284	40	150
549	284	40	150
550	287	40	146
551	290	39	140
552	289	40	142
553	289	39	137
553	290	41	137
554	290	41	138
554	290	41	138
557	289	38	139
558	290	38	139
561	291	35	136
562	289	36	138
564	295	34	135
563	283	37	144
564	291	38	133
566	293	34	132
562	297	40	129
565	297	37	127
568	300	33	124
567	304	35	120
566	301	36	121
567	305	35	118
