174	269	78	202
170	266	92	210
173	261	89	217
177	261	82	204
175	260	88	220
177	260	82	216
181	263	75	205
180	261	82	217
182	267	75	206
185	257	78	220
185	254	83	223
196	249	72	230
197	252	72	220
201	251	67	225
201	250	70	227
207	251	66	226
208	259	63	219
210	257	63	219
215	259	57	220
220	257	56	220
220	264	58	213
227	263	55	215
228	257	58	220
235	269	55	208
238	268	56	202
242	270	59	198
249	263	55	213
251	268	51	207
256	273	52	196
260	273	46	184
262	277	46	172
262	280	49	166
264	282	49	167
265	282	51	166
267	280	52	170
267	282	57	166
271	278	55	168
271	282	63	158
275	281	63	163
277	273	67	169
277	279	69	164
278	275	76	164
279	280	75	156
281	278	76	162
283	290	73	146
284	278	79	157
283	279	81	158
280	286	85	152
284	285	82	151
286	275	83	165
283	276	85	168
285	277	81	170
288	270	80	165
287	274	84	165
284	275	84	174
284	272	84	170
286	278	82	163
281	279	89	164
283	273	88	169
284	273	83	170
283	277	82	167
287	270	79	174
284	273	83	172
283	275	85	167
285	280	79	163
282	270	87	173
283	277	85	162
281	280	87	165
283	280	84	155
282	283	82	154
281	279	89	156
278	278	92	164
284	272	84	161
281	272	87	171
282	278	88	163
284	271	87	165
287	271	82	174
288	272	78	187
288	268	81	176
287	276	79	167
286	273	88	165
286	277	84	160
289	272	82	163
291	278	78	158
295	270	79	165
290	273	83	164
291	271	80	177
297	266	73	182
296	271	73	168
298	273	64	164
301	275	50	168
297	280	34	156
0	0	0	0
0	0	0	0
0	0	0	0
315	287	38	159
306	293	53	151
300	283	59	162
296	273	75	168
297	274	74	169
300	267	67	177
299	277	61	173
301	280	47	160
0	0	0	0
0	0	0	0
305	271	45	167
0	0	0	0
0	0	0	0
313	274	58	157
297	281	75	153
294	272	77	172
294	270	78	172
292	279	80	160
292	272	84	162
294	275	79	165
292	268	82	171
297	268	78	173
293	270	82	172
292	270	82	175
296	265	79	172
295	267	77	178
294	269	78	168
291	272	82	167
293	267	80	173
291	276	82	161
294	271	76	164
296	270	77	171
300	266	75	169
299	269	75	167
299	270	75	172
298	270	76	159
299	267	75	169
300	266	73	178
299	272	73	173
300	269	74	169
294	279	81	156
304	275	66	170
304	268	67	175
305	271	65	179
304	269	68	171
303	271	71	172
305	265	68	178
303	267	70	167
301	270	73	170
302	268	70	164
304	268	67	168
302	266	70	170
296	268	79	173
299	270	73	160
296	271	79	154
301	272	73	158
301	272	72	152
301	274	70	154
299	268	74	163
295	272	77	161
293	268	79	168
294	265	79	170
294	267	79	168
292	270	83	157
292	271	81	161
292	266	77	167
289	269	81	165
292	267	74	168
293	266	74	166
288	276	78	156
289	271	74	164
285	268	80	170
288	271	72	163
288	269	78	169
287	268	74	169
286	270	74	164
287	271	70	164
288	274	69	160
290	274	66	163
291	274	63	164
293	273	63	166
296	270	61	172
296	272	62	165
303	269	48	183
301	268	52	183
303	268	54	184
302	269	56	172
308	271	42	176
0	0	0	0
0	0	0	0
319	272	56	170
0	0	0	0
0	0	0	0
0	0	0	0
0	0	0	0
0	0	0	0
0	0	0	0
0	0	0	0
338	280	54	171
346	277	51	164
343	275	48	167
347	272	49	176
349	275	45	176
349	278	45	174
348	278	48	169
351	278	44	182
349	277	47	180
346	279	55	180
347	280	54	171
350	279	52	175
349	281	57	178
350	281	59	176
352	280	59	177
355	282	56	178
358	281	54	177
363	282	50	179
361	284	56	177
369	283	48	171
369	283	52	174
371	281	52	174
375	281	52	172
380	282	48	173
382	283	46	167
387	283	45	162
389	285	42	170
389	275	43	175
392	282	35	172
392	286	34	160
0	0	0	0
0	0	0	0
0	0	0	0
0	0	0	0
0	0	0	0
0	0	0	0
408	290	40	157
409	291	42	157
411	293	44	157
412	294	43	147
414	294	43	154
414	294	45	154
416	294	47	154
417	295	49	152
423	296	44	143
425	295	44	149
429	295	45	147
430	296	46	149
436	295	42	149
438	296	40	149
437	297	43	146
439	296	43	139
440	297	42	144
442	298	39	143
443	300	39	143
443	302	42	136
443	298	40	139
441	300	44	131
443	302	41	128
445	300	41	138
445	299	40	140
446	301	41	137
447	299	41	140
448	301	39	139
448	301	40	136
449	303	39	136
447	302	43	136
450	304	39	133
451	304	38	133
453	305	36	132
453	305	39	129
455	305	38	128
455	304	38	129
456	305	37	130
455	304	37	130
452	308	41	126
454	308	37	127
454	310	37	122
452	312	39	122
452	307	38	129
450	307	40	128
450	308	39	126
450	306	38	126
447	311	41	119
446	313	42	117
447	312	39	118
448	314	38	112
447	314	39	115
446	314	40	114
446	313	41	115
447	314	39	114
448	309	37	120
449	314	36	115
450	315	34	114
450	315	37	114
450	311	36	117
450	315	36	114
451	313	36	113
451	313	37	115
454	306	34	121
454	311	34	117
455	307	33	122
456	309	33	120
456	315	33	113
457	310	32	118
456	313	33	116
456	313	34	114
457	313	33	113
458	312	32	116
458	313	33	115
458	313	34	114
457	310	34	117
457	316	35	109
457	316	36	110
456	314	36	113
455	312	37	115
457	312	35	115
456	311	37	116
455	313	39	112
457	314	38	114
459	315	36	110
459	314	38	114
460	318	38	104
459	318	40	106
463	314	36	114
464	314	37	113
466	314	35	111
465	316	37	110
470	317	31	111
472	312	30	114
470	315	33	109
472	313	32	116
473	310	31	117
471	313	33	114
473	317	33	109
472	316	33	111
471	317	34	110
473	319	33	106
472	319	33	105
473	316	32	110
474	315	31	111
474	313	31	114
474	315	31	112
473	315	33	112
475	316	30	109
475	314	31	113
475	317	30	112
476	315	31	112
476	316	30	112
474	317	34	110
474	317	33	108
475	318	33	106
475	317	33	110
475	317	33	111
472	315	37	111
473	315	35	113
474	318	34	107
473	316	35	110
474	316	35	110
473	317	34	108
471	316	36	110
