0.615677
0.075477
0.078257
0.079993
0.074284
0.074435
0.074024
0.074377
0.073959
0.074308
0.073872
0.074341
0.074219
0.073965
0.073577
0.074313
0.074072
0.073406
0.073496
0.073557
0.103503
0.073191
0.083647
0.074055
0.074173
0.074395
0.073568
0.074097
0.074344
0.073690
0.073822
0.073794
0.074809
0.073375
0.073132
0.073087
0.072916
0.072832
0.072943
0.073069
0.108209
0.072657
0.072685
0.072780
0.072370
0.072703
0.074209
0.073314
0.072596
0.072327
0.072538
0.072314
0.072084
0.072351
0.072964
0.074109
0.073491
0.073045
0.073652
0.073133
0.113439
0.082253
0.082448
0.072867
0.073419
0.073461
0.073528
0.074083
0.073267
0.072891
0.073013
0.078994
0.079590
0.079233
0.083927
0.086195
0.074614
0.082768
0.079505
0.081960
0.116334
0.080133
0.079663
0.080023
0.080026
0.080355
0.079930
0.079499
0.080140
0.080431
0.080178
0.082962
0.078768
0.078655
0.078928
0.081517
0.081433
0.079321
0.080059
0.079881
0.115984
0.080298
0.080257
0.080594
0.082355
0.085574
0.093786
0.088008
0.081711
0.080499
0.083552
0.084302
0.086855
0.083242
0.083445
0.086205
0.080318
0.083956
0.083111
0.082795
0.120232
0.092215
0.082747
0.076291
0.085050
0.085940
0.081571
0.087625
0.083658
0.084210
0.089338
0.087754
0.091696
0.082604
0.086454
0.083219
0.083745
0.084423
0.084082
0.082593
0.118835
0.084838
0.083329
0.084440
0.086099
0.081310
0.084124
0.083985
0.085972
0.083570
0.097761
0.090723
0.082846
0.084335
0.086030
0.089257
0.083966
0.081719
0.083187
0.086214
0.121456
0.112147
0.084586
0.086888
0.083803
0.088398
0.086128
0.084806
0.083628
0.085346
0.089183
0.084869
0.114801
0.086160
0.085447
0.085378
0.089387
0.089657
0.087394
0.087635
0.120672
0.084595
0.084881
0.105855
0.083904
0.086733
0.091609
0.078192
0.087115
0.086115
0.087884
0.082443
0.102176
0.085081
0.086648
0.086844
0.108276
0.086857
0.086961
0.084599
0.125166
0.086548
0.085907
0.085481
0.077177
0.078294
0.078478
0.086548
0.090343
0.080447
0.084017
0.088178
0.086365
0.077424
0.087608
0.086973
0.088239
0.074250
0.073437
0.084643
0.123454
0.080379
0.072867
0.084826
0.087296
0.115738
0.086103
0.085941
0.077998
0.089485
0.084939
0.086241
0.086724
0.091726
0.084997
0.086590
0.084526
0.087634
0.084658
0.086522
0.121297
0.087166
0.085998
0.085713
0.089332
0.084855
0.086430
0.084713
0.086045
0.084194
0.100261
0.084531
0.084018
0.087907
0.084564
0.085119
0.084136
0.087353
0.082898
0.085998
0.118072
0.086239
0.083310
0.083184
0.079061
0.082163
0.089666
0.081497
0.084364
0.084213
0.083524
0.083109
0.088857
0.075171
0.085342
0.082862
0.084435
0.082952
0.083216
0.083880
0.123079
0.081438
0.079340
0.077942
0.084254
0.081163
0.087153
0.088722
0.092163
0.088848
0.075352
0.077783
0.083045
0.084541
0.093404
0.089849
0.084947
0.084339
0.086332
0.094253
0.127242
0.086055
0.094036
0.088953
0.087274
0.083802
0.086560
0.087516
0.085421
0.084010
0.085902
0.082590
0.086290
0.084174
0.084600
0.085156
0.080287
0.083145
0.084181
0.085594
0.119591
0.085305
0.089765
0.074993
0.078331
0.077194
0.083959
0.082734
0.078603
0.075210
0.082175
0.086211
0.075507
0.078992
0.082143
0.084050
0.075094
0.075312
0.076622
0.083028
0.119833
0.083901
0.080912
0.078378
0.083037
0.077730
0.087325
0.081326
0.100412
0.081835
0.082850
0.079592
0.080594
0.077047
0.083363
0.081101
0.074189
0.079952
0.082544
0.084917
0.117037
0.083380
0.083080
0.093359
0.082254
0.082954
0.082318
0.083812
0.082536
0.083962
0.082111
0.111634
0.081773
0.082748
0.100183
0.075968
0.083406
0.084001
0.083927
0.084315
0.117150
0.077060
0.084330
0.082917
0.084206
0.084811
0.084405
0.080891
0.082899
0.082138
0.090569
0.084585
0.081732
0.082304
0.083562
0.084126
0.082718
0.083827
0.083246
0.084191
0.118547
0.080942
0.083391
0.083302
0.082361
0.080647
0.087756
0.080778
0.082059
0.081418
0.095764
0.079884
0.081597
0.080730
0.082692
0.080419
0.082772
0.081549
0.079104
0.075718
0.116611
0.080546
0.084992
0.079954
0.081450
0.080233
0.081400
0.080128
0.120384
0.079347
0.081338
0.080457
0.096406
0.079704
0.080868
0.080535
0.078757
0.083128
0.079054
0.082813
0.117133
0.082998
0.079121
0.082110
0.081467
0.079187
0.080135
0.107019
0.081516
0.080504
0.081015
0.077573
0.072523
0.082821
0.082459
0.080559
0.089520
0.081514
0.082917
0.077992
0.115339
0.082265
0.073695
0.077040
0.081000
0.088385
0.084297
0.088444
0.084988
0.087772
0.085589
0.087608
0.076975
0.079006
0.085658
0.084327
0.079977
0.079932
0.082148
0.083267
0.120012
0.077298
0.083343
0.088744
0.085282
0.081951
0.080974
0.081663
0.081208
0.084602
0.081124
0.083490
0.082863
0.080698
0.082070
0.082390
0.083147
0.082117
0.082075
0.081952
0.119765
0.081914
0.083361
0.080883
0.081203
0.081290
0.075502
0.079833
0.076958
0.080995
0.103227
0.079994
0.078475
0.078154
0.082379
0.101500
0.079221
0.084280
0.082704
0.087009
0.118912
0.084083
0.081164
0.085034
0.085848
0.079620
0.081785
0.081348
0.098360
0.079665
0.083308
0.082604
0.083359
0.083437
0.084001
0.082318
0.082988
0.082959
0.085658
0.083858
0.128707
0.080020
0.089358
0.088532
0.083761
0.082250
0.082152
0.087405
0.084274
0.080741
0.081882
0.083891
0.082182
0.083397
0.083629
0.088444
0.083098
0.088593
0.077426
0.079496
0.117835
0.080416
0.083350
0.081728
0.082801
0.082754
0.081816
0.082789
0.079756
0.084793
0.081885
0.080845
0.082651
0.079957
0.105185
0.080721
0.082121
0.079042
0.082668
0.086601
0.114423
0.081373
0.080428
0.083386
0.080184
0.080294
0.080911
0.083726
0.080738
0.080723
0.079888
0.081592
0.080036
0.079179
0.078610
0.080754
0.073773
0.080854
0.081980
0.080153
