0.614387
0.071963
0.073863
0.072583
0.073625
0.073519
0.072168
0.075895
0.072108
0.071941
0.072009
0.075455
0.073999
0.072422
0.072191
0.073486
0.074046
0.072041
0.074292
0.071871
0.101687
0.071897
0.075301
0.076464
0.077029
0.074950
0.074488
0.071236
0.073891
0.073898
0.070921
0.071514
0.070883
0.072441
0.070703
0.071239
0.071114
0.072040
0.072204
0.070883
0.106360
0.072478
0.071099
0.070679
0.073460
0.071371
0.071513
0.071393
0.071384
0.072826
0.072573
0.070966
0.071322
0.071450
0.073549
0.071365
0.071698
0.070915
0.072164
0.074732
0.107044
0.077246
0.075984
0.072097
0.071434
0.073688
0.076697
0.071792
0.071860
0.074682
0.071761
0.071969
0.071764
0.074027
0.078163
0.072571
0.072013
0.075569
0.075765
0.072516
0.107744
0.072237
0.074762
0.072385
0.074293
0.079236
0.072478
0.071735
0.073740
0.073691
0.072038
0.075941
0.074101
0.072971
0.079979
0.074158
0.072176
0.072125
0.074328
0.076853
0.107825
0.073652
0.074526
0.079446
0.078703
0.074985
0.084390
0.074016
0.074811
0.073274
0.073448
0.074487
0.073440
0.075536
0.073900
0.074398
0.083426
0.083284
0.082782
0.083167
0.118413
0.082883
0.082895
0.073452
0.075308
0.074287
0.076124
0.075211
0.085991
0.085658
0.089568
0.083880
0.083751
0.084193
0.084603
0.085017
0.084507
0.084124
0.084699
0.085300
0.120514
0.084381
0.086287
0.084569
0.084665
0.087871
0.083044
0.082443
0.082278
0.083925
0.076013
0.076337
0.074131
0.085085
0.073115
0.073248
0.072781
0.072585
0.073068
0.072797
0.108856
0.098382
0.085351
0.082826
0.071821
0.071620
0.073244
0.073005
0.079780
0.078439
0.080504
0.083387
0.085148
0.082535
0.080622
0.080873
0.086851
0.090453
0.082612
0.082362
0.117437
0.083011
0.081731
0.086997
0.080989
0.079013
0.087610
0.081492
0.083014
0.082002
0.079893
0.082223
0.088198
0.081243
0.106618
0.081357
0.083716
0.078869
0.081325
0.080498
0.117044
0.081640
0.091291
0.083300
0.078376
0.074840
0.081399
0.086118
0.077085
0.082170
0.090029
0.083141
0.076691
0.075648
0.086869
0.087255
0.075965
0.077113
0.074939
0.082746
0.111580
0.083380
0.084118
0.104843
0.081469
0.083890
0.081252
0.084471
0.101458
0.079150
0.081927
0.081402
0.086511
0.082101
0.080626
0.083419
0.083866
0.081632
0.088126
0.082200
0.118711
0.078830
0.081191
0.082205
0.083083
0.082065
0.081534
0.078319
0.085562
0.081619
0.082297
0.079497
0.084017
0.082795
0.087651
0.080683
0.081470
0.081390
0.082791
0.080430
0.119164
0.081690
0.080367
0.085893
0.080399
0.081268
0.081333
0.106035
0.080566
0.085316
0.082480
0.114678
0.074267
0.081083
0.078191
0.095531
0.075560
0.080166
0.080767
0.079529
0.110669
0.082043
0.079069
0.078710
0.071213
0.080482
0.087528
0.082333
0.075439
0.083872
0.084472
0.080265
0.080258
0.075011
0.081692
0.076884
0.098184
0.074480
0.077336
0.082047
0.127134
0.088242
0.082981
0.080054
0.080768
0.097338
0.087292
0.081100
0.082541
0.083807
0.081493
0.079307
0.081290
0.081879
0.075622
0.079273
0.088610
0.089015
0.073048
0.077705
0.119699
0.091178
0.082029
0.077189
0.081372
0.085797
0.076734
0.084441
0.081385
0.084701
0.074834
0.083126
0.074868
0.079441
0.077506
0.087939
0.081089
0.084659
0.076781
0.084734
0.116977
0.081998
0.081902
0.082303
0.083382
0.082650
0.085092
0.086100
0.100480
0.084690
0.085207
0.078073
0.086530
0.078774
0.076982
0.081745
0.083877
0.087861
0.089077
0.084936
0.121618
0.096059
0.073757
0.082854
0.079625
0.084992
0.084517
0.088958
0.079300
0.085861
0.078482
0.078248
0.084429
0.084731
0.092883
0.083550
0.085181
0.084622
0.085205
0.083180
0.119841
0.076323
0.083663
0.089640
0.084061
0.082573
0.081096
0.082993
0.080709
0.081862
0.082952
0.096521
0.081961
0.080386
0.080923
0.083021
0.083376
0.082439
0.081923
0.087135
0.112895
0.085132
0.088292
0.086211
0.089171
0.083272
0.085353
0.083721
0.088614
0.085231
0.096722
0.085231
0.084340
0.093267
0.078022
0.077899
0.089722
0.091446
0.080279
0.079581
0.114109
0.074493
0.080398
0.084063
0.088084
0.087338
0.084911
0.083905
0.089748
0.085895
0.084240
0.083651
0.085027
0.084280
0.086762
0.082524
0.085082
0.085801
0.085547
0.083946
0.119945
0.088647
0.075679
0.080223
0.086121
0.085072
0.085869
0.084867
0.083713
0.082611
0.083918
0.083122
0.083626
0.090011
0.094026
0.081756
0.083817
0.078985
0.081320
0.076933
0.117194
0.078965
0.081059
0.084313
0.081463
0.081590
0.081454
0.080114
0.083414
