0.758712
0.082894
0.085920
0.083779
0.084271
0.094183
0.084407
0.090146
0.084268
0.084400
0.084888
0.084666
0.082680
0.084454
0.079813
0.085434
0.082910
0.084953
0.082040
0.081139
0.111309
0.080816
0.089025
0.082649
0.085377
0.096309
0.084381
0.077713
0.083996
0.086708
0.078322
0.080655
0.117560
0.078944
0.077233
0.091121
0.087178
0.077003
0.097508
0.085453
0.111322
0.076200
0.093410
0.083419
0.074213
0.080519
0.080133
0.085934
0.082052
0.086818
0.077884
0.086330
0.084820
0.074308
0.090350
0.077365
0.084468
0.082844
0.088162
0.079795
0.124568
0.099717
0.087441
0.084200
0.081132
0.080404
0.085870
0.078444
0.074073
0.072455
0.080173
0.073273
0.073667
0.073442
0.072354
0.071972
0.073941
0.072388
0.037967
0.073080
0.108560
0.072908
0.072185
0.072492
0.071843
0.072492
0.072622
0.072850
0.072776
0.072685
0.073064
0.072537
0.072898
0.072637
0.072704
0.072544
0.072420
0.073376
0.073222
0.073888
0.115777
0.074086
0.077175
0.083221
0.082173
0.073545
0.073358
0.073040
0.073288
0.073150
0.073151
0.073285
0.073148
0.073118
0.075217
0.073145
0.073255
0.072973
0.073320
0.073032
0.108224
0.073142
0.073096
0.073504
0.072999
0.073649
0.073258
0.073337
0.080980
0.081517
0.083189
0.075637
0.074654
0.074246
0.077729
0.082214
0.074623
0.077035
0.082146
0.083358
0.109723
0.083461
0.083368
0.081628
0.074193
0.074181
0.072611
0.072540
0.072768
0.074332
0.072913
0.072783
0.072639
0.072825
0.072429
0.072873
0.072284
0.072537
0.072753
0.072269
0.107582
0.072135
0.072416
0.072357
0.076736
0.078622
0.077513
0.073903
0.080712
0.073448
0.072951
0.073321
0.074004
0.072111
0.072841
0.076785
0.071753
0.070988
0.071846
0.071378
0.108084
0.073452
0.074210
0.070912
0.070321
0.087618
0.076782
0.071085
0.070814
0.072955
0.071675
0.071234
0.071703
0.071434
0.072181
0.074888
0.076608
0.084191
0.082318
0.081746
0.116114
0.072445
0.080014
0.075873
0.073121
0.078336
0.082382
0.077424
0.076306
0.082209
0.074472
0.071148
0.072548
0.071471
0.077262
0.082438
0.079750
0.079936
0.080124
0.071945
0.109525
0.072330
0.072613
0.074707
0.076565
0.084913
0.073812
0.073719
0.073292
0.073711
0.074631
0.080562
0.079758
0.087557
0.082601
0.080511
0.073130
0.074223
0.072664
0.072484
0.108223
0.072413
0.073056
0.072168
0.071623
0.072391
0.070812
0.070930
0.070878
0.071249
0.070561
0.071031
0.070713
0.070090
0.070858
0.070551
0.070471
0.072319
0.075622
0.076178
0.113757
0.076391
0.079521
0.081695
0.072595
0.074977
0.078305
0.079085
0.075052
0.073105
0.072552
0.074094
0.073308
0.074435
0.075233
0.079351
0.079929
0.072989
0.073254
0.071962
0.107525
0.072421
0.072607
0.072978
0.072744
0.072608
0.072579
0.072527
0.072851
0.073611
0.072445
0.071844
0.071846
0.073429
0.072364
0.072629
0.072770
0.073333
0.072978
0.072964
0.108783
0.072667
0.072547
0.072196
0.071892
0.073076
0.072530
0.072909
0.072768
0.072701
0.072088
0.072152
0.073636
0.072464
0.072927
0.072800
0.072664
0.072701
0.072648
0.072787
0.107832
0.072464
0.072711
0.072619
0.072653
0.072389
0.073104
0.073162
0.073165
0.073292
0.073901
0.073218
0.073454
0.073116
0.073183
0.073184
0.073429
0.073109
0.073505
0.073244
0.108627
0.073095
0.074157
0.073642
0.072851
0.073065
0.073462
0.073377
0.073759
0.077158
0.072671
0.072625
0.072560
0.072878
0.072854
0.072887
0.072702
0.072657
0.073108
0.072844
0.108113
0.072850
0.072541
0.072258
0.072423
0.072324
0.072627
0.072509
0.073117
0.074332
0.073316
0.073185
0.073382
0.074706
0.073794
0.073719
0.073402
0.073591
0.082616
0.073908
0.104951
0.074062
0.069603
0.074288
0.069891
0.069936
0.069843
