0.630278
0.073123
0.071915
0.072581
0.071578
0.071585
0.072622
0.071467
0.071369
0.071511
0.071588
0.071703
0.071676
0.071581
0.071641
0.071401
0.071426
0.072300
0.070752
0.070843
0.100094
0.070570
0.070251
0.070298
0.070089
0.069664
0.069570
0.069682
0.069705
0.069675
0.069725
0.069872
0.070212
0.070343
0.070763
0.070268
0.070506
0.071005
0.070706
0.071316
0.105966
0.070590
0.070805
0.070823
0.070807
0.071296
0.071802
0.072047
0.071956
0.071858
0.071958
0.072027
0.073119
0.071880
0.071717
0.071837
0.072203
0.071944
0.071911
0.072025
0.107217
0.071977
0.071990
0.072224
0.072278
0.072327
0.072210
0.073597
0.071988
0.072091
0.072072
0.073158
0.072011
0.071735
0.071941
0.072227
0.071963
0.072051
0.072662
0.071788
0.107039
0.071454
0.071214
0.071042
0.071304
0.070524
0.071032
0.070855
0.070528
0.070973
0.070688
0.070988
0.070742
0.070107
0.069946
0.070171
0.070053
0.077442
0.078720
0.077281
0.106821
0.069857
0.069874
0.069659
0.069694
0.082705
0.078629
0.079804
0.078135
0.078300
0.072285
0.072143
0.075575
0.072600
0.078950
0.078771
0.080512
0.084684
0.078758
0.073151
0.108580
0.073924
0.080473
0.073565
0.073879
0.072581
0.072384
0.073797
0.074404
0.071271
0.070947
0.073084
0.071389
0.070813
0.071325
0.072839
0.071582
0.071484
0.071585
0.073351
0.107075
0.072140
0.071500
0.071603
0.071901
0.071450
0.071597
0.072233
0.071644
0.071753
0.073438
0.072148
0.072415
0.073250
0.084214
0.073704
0.073916
0.074720
0.073730
0.073980
0.109610
0.080119
0.081608
0.082341
0.084814
0.080110
0.079714
0.081450
0.081568
0.080791
0.080944
0.077734
0.074355
0.079516
0.080724
0.082563
0.075686
0.078568
0.081375
0.073558
0.112897
0.079756
0.076348
0.075901
0.077596
0.077065
0.079775
0.073458
0.072478
0.078461
0.078635
0.079519
0.040434
0.035303
0.035244
0.036722
0.071640
0.078799
0.079426
0.080249
0.112213
0.076737
0.073135
0.071720
0.071738
0.071434
0.072954
0.072388
0.072797
0.072672
0.079636
0.073050
0.072065
0.080640
0.080083
0.085230
0.076247
0.072874
0.079736
0.072996
0.108598
0.076063
0.073113
0.077120
0.074015
0.073094
0.076638
0.076451
0.080161
0.081754
0.083387
0.092172
0.084004
0.077686
0.074868
0.073286
0.075313
0.073788
0.072961
0.076895
0.108245
0.073074
0.073337
0.073093
0.073775
0.081111
0.073558
0.073097
0.074530
0.080913
0.073703
0.077005
0.076287
0.073567
0.073195
0.073735
0.073987
0.074605
0.089669
0.073841
0.108875
0.073740
