0.744250
0.089910
0.082207
0.088585
0.085463
0.084008
0.111692
0.082107
0.080966
0.078887
0.097078
0.073231
0.076194
0.038387
0.042438
0.043816
0.048812
0.042570
0.041780
0.039237
0.038683
0.041590
0.036785
0.039829
0.039059
0.039735
0.038791
0.039155
0.038790
0.039698
0.040796
0.092432
0.040681
0.038930
0.041290
0.039616
0.039756
0.038960
0.057057
0.039346
0.040905
0.039535
0.040472
0.039075
0.041976
0.039606
0.040157
0.040353
0.039606
0.038925
0.040838
0.039275
0.038855
0.040226
0.039756
0.079047
0.081256
0.078671
0.081035
