3.262479
0.214307
0.217012
0.216169
0.218409
0.215506
0.219266
0.215570
0.227518
0.214547
0.211553
0.215106
0.211204
0.211239
0.215286
0.215977
0.138115
0.137235
0.215112
0.139606
0.139181
0.141043
0.138706
0.141170
0.140790
0.138959
0.139468
0.141271
0.219142
0.225916
0.133577
0.141673
0.132983
0.217493
0.143326
0.144050
0.142192
0.223215
0.221770
0.222173
0.326887
0.228123
0.220565
0.211439
0.213728
0.208463
0.224675
0.222086
0.218247
0.213575
0.139528
0.140013
0.137979
0.140079
0.136888
0.139352
0.138078
0.137607
0.137138
0.136803
0.139944
0.137838
0.139419
0.139963
0.137001
0.140571
0.137213
0.138536
0.138429
0.138999
0.138309
0.132184
0.136862
0.139302
0.136881
0.132108
0.137553
0.136979
0.138248
0.136951
0.138874
0.137098
0.131670
0.137497
0.137084
0.138348
0.138630
0.141149
0.136781
0.138628
0.137717
0.139384
0.131960
0.132548
0.139082
0.141263
0.143654
0.138757
0.137793
0.132485
0.131727
0.130733
