3.103167
0.212252
0.215582
0.217017
0.215742
0.212196
0.212831
0.209628
0.213117
0.205644
0.213537
0.220797
0.215048
0.223688
0.218217
0.219997
0.216557
0.221924
0.211392
0.211489
0.334239
0.220050
0.221356
0.213289
0.223449
0.213729
0.218900
0.222567
0.209425
0.206958
0.220972
0.209965
0.213750
0.224017
0.215204
0.208127
0.210114
0.216102
0.221853
0.223040
0.354329
0.220861
0.212941
0.218412
0.220330
0.217118
0.210034
0.227064
0.236843
0.220027
0.211091
0.141944
0.218331
0.215916
0.213371
0.221209
0.137738
0.218693
0.216371
0.141216
0.349947
0.217683
0.217041
0.216812
0.220834
0.216392
0.213560
0.216223
0.216691
0.211278
0.209365
0.212524
0.216609
0.211946
0.213363
0.210887
0.216137
0.215184
0.208467
0.203090
0.349875
0.209118
0.205542
0.216903
0.209290
0.212465
0.208965
0.210487
0.212944
0.208131
0.212799
0.212839
0.208770
0.219617
0.212129
0.208347
0.205792
0.209662
0.206035
0.209657
0.338017
0.201134
0.215977
0.209186
0.203547
0.215378
0.278911
0.204206
0.208361
0.201883
0.208787
0.211554
0.204595
0.209615
0.205851
0.207956
0.209508
0.204938
0.205330
0.206518
0.341323
0.205154
0.210020
0.205503
0.210133
0.202366
0.204510
0.205508
0.206716
0.276640
0.204743
0.273723
0.206182
0.208069
0.207095
0.206606
0.212423
0.206123
0.211868
0.210740
0.335454
0.209684
0.213159
0.213363
0.209483
0.206091
0.210780
0.280379
0.205364
0.208952
0.203809
0.278373
0.276502
0.207426
0.208374
0.204439
0.209212
0.203879
0.205508
0.207064
0.356392
0.204682
0.206867
0.277018
0.275538
0.204025
0.274271
0.274692
0.275411
0.210831
0.207526
0.273809
0.207164
0.278551
0.204542
0.211871
0.206730
0.206921
0.206976
0.202826
0.343076
0.207950
0.204210
0.210529
0.273661
0.268841
0.201081
0.279418
0.204405
0.209333
0.203359
0.207365
