3.122099
0.201910
0.211359
0.212765
0.208218
0.210058
0.214258
0.207958
0.204856
0.211467
0.200938
0.212498
0.208791
0.209520
0.202226
0.206719
0.204252
0.207620
0.210085
0.213015
0.327087
0.210625
0.247018
0.210738
0.132289
0.133420
0.132488
0.131374
0.130758
0.133705
0.271094
0.215545
0.210855
0.209131
0.129453
0.141794
0.271681
0.129472
0.204608
0.224759
0.328444
0.197516
0.197029
0.194172
0.198085
0.196445
0.198670
0.196429
0.194434
0.200118
0.200318
0.194291
0.197480
0.193746
0.196186
0.198437
0.201998
0.196321
