30	159	107	304
24	157	114	329
27	156	134	330
15	161	146	324
45	169	141	311
51	176	139	298
63	167	140	277
83	164	120	286
102	179	112	298
127	163	90	294
146	169	76	299
138	177	93	300
118	188	110	291
136	181	131	275
128	197	150	265
134	203	135	266
0	0	0	0
0	0	0	0
159	200	154	276
0	0	0	0
0	0	0	0
0	0	0	0
0	0	0	0
0	0	0	0
0	0	0	0
0	0	0	0
0	0	0	0
0	0	0	0
269	187	167	295
283	181	131	284
0	0	0	0
0	0	0	0
0	0	0	0
218	151	157	326
0	0	0	0
0	0	0	0
0	0	0	0
140	171	178	305
137	146	153	323
132	154	155	312
137	137	134	330
133	139	115	326
111	134	99	341
104	133	103	342
33	134	142	329
17	119	167	351
9	128	136	342
-1	109	129	358
15	120	101	351
11	88	99	390
0	0	0	0
0	0	0	0
0	0	0	0
0	0	0	0
0	0	0	0
0	0	0	0
0	0	0	0
0	0	0	0
0	0	0	0
0	0	0	0
0	0	0	0
0	0	0	0
0	0	0	0
0	0	0	0
0	0	0	0
0	0	0	0
0	0	0	0
0	0	0	0
0	0	0	0
0	0	0	0
0	0	0	0
0	0	0	0
0	0	0	0
0	0	0	0
0	0	0	0
0	0	0	0
0	0	0	0
0	0	0	0
0	0	0	0
0	0	0	0
0	0	0	0
0	0	0	0
0	0	0	0
0	0	0	0
0	0	0	0
0	0	0	0
0	0	0	0
0	0	0	0
0	0	0	0
0	0	0	0
0	0	0	0
0	0	0	0
0	0	0	0
0	0	0	0
0	0	0	0
0	0	0	0
0	0	0	0
0	0	0	0
0	0	0	0
0	0	0	0
0	0	0	0
0	0	0	0
