2.815281
0.200932
0.204322
0.202502
0.196460
0.195685
0.204868
0.195086
0.195576
0.195129
0.195762
0.206765
0.203581
0.199255
0.195318
0.209468
0.201426
0.211935
0.202355
0.203769
0.323375
0.207554
0.209130
0.268400
0.273616
0.208371
0.208694
0.273635
0.209805
0.214906
0.206799
0.204651
0.208272
0.212692
0.223703
0.213556
0.206624
0.208711
0.215371
0.201881
0.279780
0.278146
0.206582
0.276654
0.210129
0.133528
0.126515
0.211504
0.128232
0.210886
0.212854
0.207266
0.206386
0.207064
0.211448
0.209634
0.205861
0.278591
0.209644
0.278318
0.276972
0.278662
0.277653
0.205745
0.208928
0.221375
0.206181
0.211238
0.202212
0.281253
0.202037
0.275100
0.275386
0.203070
0.275761
0.292882
0.282686
0.208442
0.207716
0.202665
0.354619
0.204292
0.206127
0.209088
0.199302
0.207896
0.207870
0.209289
0.209293
0.210572
0.208854
0.206721
0.209343
0.205933
0.207564
0.203084
0.204008
0.206159
0.204559
0.211380
0.345031
