3.079404
0.209102
0.211606
0.212883
0.209504
0.211799
0.209413
0.244225
0.208454
0.209110
0.205403
0.208252
0.206071
0.208468
0.205633
0.211818
0.211007
0.208800
0.210014
0.209761
0.323237
0.205597
0.210650
0.206789
0.209120
0.209524
0.207576
0.211393
0.278232
0.206292
0.214446
0.208590
0.206288
0.209221
0.130862
0.210771
0.215945
0.203921
0.212097
0.212161
0.349589
0.205098
0.132757
0.208502
0.272252
0.132967
0.212883
0.280334
0.132712
0.205472
0.212112
0.279978
0.205426
0.286129
0.216733
0.220683
0.215772
0.210765
0.217553
0.222604
0.351689
0.225135
0.218147
0.218154
0.215407
0.213890
0.213075
