0.734816
0.080880
0.086459
0.078650
0.075905
0.082684
0.073135
0.078744
0.082428
0.079502
0.079755
0.080082
0.081019
0.085177
0.094716
0.082733
0.079719
0.081173
0.093420
0.077844
0.110295
0.079591
0.079487
0.078483
0.081793
0.078031
0.080613
0.078913
0.079144
0.080833
0.079376
0.078497
0.081643
0.079658
0.080553
0.077942
0.077814
0.079441
0.084492
0.078346
0.119917
0.101444
0.097696
0.072587
0.098043
0.094610
0.082541
0.079047
0.079275
0.080349
0.039623
0.040001
0.040179
0.040649
0.040704
0.039653
0.040931
0.040235
0.041256
0.040249
0.040689
0.041267
0.039582
0.040503
0.040074
