65	259	56	169
67	252	48	163
72	258	44	164
81	258	43	162
79	257	45	162
80	249	50	174
81	255	54	166
94	258	46	160
99	261	45	153
103	262	48	155
103	256	49	162
112	259	47	159
105	260	57	157
117	261	50	151
123	262	48	141
130	257	44	154
129	261	42	161
135	260	48	157
137	259	51	161
144	259	45	163
147	261	47	158
156	260	47	156
155	260	52	150
0	0	0	0
0	0	0	0
0	0	0	0
0	0	0	0
0	0	0	0
0	0	0	0
0	0	0	0
201	256	36	141
314	263	36	144
199	255	45	159
203	251	49	161
207	253	47	162
211	254	50	162
218	258	46	152
226	258	43	149
226	258	45	154
231	261	46	148
236	255	44	156
242	258	41	157
246	256	39	149
252	253	38	155
254	253	37	161
259	259	37	152
264	257	35	145
263	261	41	139
268	262	39	142
274	261	41	140
277	261	39	130
285	260	37	129
289	262	37	132
298	264	48	133
294	264	38	123
299	262	47	122
301	261	45	118
302	262	46	128
307	263	41	122
308	263	41	127
172	266	57	127
178	272	62	139
192	260	57	150
202	261	45	153
203	256	55	157
214	257	50	154
333	252	41	145
334	255	48	151
238	260	52	159
241	259	57	165
252	256	57	160
263	251	48	166
276	245	41	176
284	241	38	185
287	238	46	186
292	243	53	169
301	255	51	155
309	251	48	159
318	254	44	159
318	251	49	167
322	255	60	160
327	260	64	156
336	260	55	154
0	0	0	0
360	258	62	161
366	260	61	156
376	248	57	167
377	253	58	162
386	258	53	164
393	255	54	172
0	0	0	0
0	0	0	0
418	250	55	167
419	256	60	157
0	0	0	0
0	0	0	0
436	261	80	148
454	256	71	151
0	0	0	0
0	0	0	0
0	0	0	0
0	0	0	0
501	255	71	162
0	0	0	0
0	0	0	0
0	0	0	0
0	0	0	0
453	252	72	147
0	0	0	0
0	0	0	0
0	0	0	0
455	334	66	124
0	0	0	0
0	0	0	0
0	0	0	0
0	0	0	0
0	0	0	0
0	0	0	0
474	266	66	123
0	0	0	0
0	0	0	0
0	0	0	0
0	0	0	0
0	0	0	0
0	0	0	0
536	282	58	107
0	0	0	0
0	0	0	0
0	0	0	0
581	255	64	120
0	0	0	0
577	248	72	131
0	0	0	0
0	0	0	0
575	241	64	134
0	0	0	0
478	285	51	144
0	0	0	0
469	271	39	156
0	0	0	0
0	0	0	0
0	0	0	0
0	0	0	0
0	0	0	0
0	0	0	0
0	0	0	0
0	0	0	0
0	0	0	0
0	0	0	0
0	0	0	0
0	0	0	0
0	0	0	0
0	0	0	0
0	0	0	0
0	0	0	0
0	0	0	0
0	0	0	0
0	0	0	0
0	0	0	0
0	0	0	0
0	0	0	0
0	0	0	0
0	0	0	0
0	0	0	0
313	259	45	157
210	253	44	159
298	251	49	167
221	256	40	165
283	255	46	164
230	264	41	155
0	0	0	0
245	242	49	156
243	243	51	156
237	248	51	151
228	247	59	156
216	261	69	134
208	267	60	125
198	274	59	118
265	263	43	118
271	260	39	128
273	260	37	122
