0.616820
0.072557
0.073118
0.077401
0.083279
0.077751
0.078348
0.073058
0.072356
0.073205
0.080731
0.072844
0.072110
0.073282
0.077017
0.072916
0.073233
0.072773
0.075073
0.072630
0.103019
0.072839
0.073194
0.076394
0.073806
0.072072
0.078944
0.077352
0.077605
0.080036
0.075999
0.071631
0.070894
0.071651
0.071054
0.072765
0.079769
0.071489
0.073864
0.071659
0.105852
0.084644
0.081331
0.080373
0.070974
0.071018
0.071719
0.071199
0.070865
0.070870
0.070827
0.072300
0.072572
0.081888
0.081454
0.078868
0.073603
0.040869
0.038054
0.038559
0.110302
0.078966
0.074444
0.076054
0.081769
0.080834
0.079004
0.071535
0.079492
0.075447
0.081377
0.085078
0.076249
0.076205
0.079433
0.076255
0.080847
0.085351
0.080890
0.084273
0.119708
0.072578
0.072574
0.072150
0.072841
0.076673
0.072502
0.076195
0.076750
0.070736
0.071538
0.070108
0.074473
0.070917
0.070559
0.070501
0.072146
0.070671
0.070662
0.071050
0.106308
0.070792
0.071566
0.072886
0.070877
0.070996
0.073171
0.075808
0.080135
0.087964
0.085392
0.089363
0.077934
0.071194
0.071162
0.070679
0.071221
0.070318
0.070013
0.070895
0.105838
0.071328
0.069968
0.070300
0.070499
0.070433
0.070799
0.071642
0.072445
0.070158
0.070775
0.070577
0.071629
0.070655
0.070851
0.071892
0.080463
0.073619
0.077319
0.077084
0.114399
0.080141
0.078110
0.078094
0.078392
0.078043
0.077395
0.076912
0.076635
0.079730
0.081959
0.086045
0.080430
0.078067
0.077322
0.077700
0.077622
0.077740
0.078093
0.079072
0.105983
0.071342
0.081435
0.080007
0.071567
0.071474
0.071402
0.072478
0.079822
0.076839
0.076768
0.076697
0.078727
0.078715
0.076484
0.078106
0.078195
0.077563
0.077580
0.077502
0.112440
0.077106
0.075120
0.078382
0.078370
0.077760
0.082074
0.097725
0.083008
0.078507
0.075763
0.071777
0.071859
0.074603
0.070969
0.075888
0.076256
0.071542
0.080545
0.076896
0.119493
0.081277
0.076251
0.075293
0.095300
0.085633
0.082568
0.076719
0.089264
0.075506
0.081003
0.077824
0.091547
0.074122
0.073225
0.076790
0.079037
0.078632
0.075393
0.101090
0.108473
0.075155
0.073174
0.081295
0.079122
0.073041
0.073291
0.078452
0.080230
0.083876
0.075032
0.077902
0.081511
0.080907
0.074657
0.075638
0.085548
0.080634
0.084677
0.078066
0.123798
0.075743
0.077954
0.072855
0.089364
0.085501
0.083176
0.072764
0.097209
0.078066
0.079941
0.077592
0.080283
0.085270
0.074205
0.079313
0.084240
0.089338
0.077976
0.080003
0.117362
0.097052
0.081428
0.082847
0.077919
0.097151
0.079496
0.083116
0.078855
0.077482
0.080362
0.078982
0.078602
0.078619
0.079636
0.079572
0.078677
0.078491
0.078007
0.079740
0.114889
0.079596
0.078348
0.101450
0.080042
0.083087
0.080686
0.077264
0.076887
0.072179
0.076778
0.074669
