0.783986
0.080775
0.100485
0.082886
0.078837
0.080961
0.082063
0.078578
0.039742
0.039442
0.038933
0.038679
0.038806
0.039945
0.081508
0.077641
0.078392
0.078284
0.079776
0.079610
0.106458
0.078696
0.082178
0.074066
0.080177
0.081803
0.080335
0.082124
0.080752
0.079276
0.082003
0.077802
0.083682
0.078300
0.078869
0.079987
0.081071
0.039202
0.040329
0.039136
0.039772
0.042970
0.040310
0.040637
0.039427
0.081386
0.077407
0.078407
0.077626
0.098305
0.078941
0.078758
0.082467
0.078715
0.079343
0.080378
0.086179
0.085034
0.079529
0.072366
0.114639
0.075880
0.035470
0.037667
0.038771
0.039143
0.038749
0.075332
0.081630
0.077557
0.081574
0.081317
0.078454
0.078517
0.078999
0.079508
0.080099
0.080042
0.080134
0.080353
0.118123
0.081385
0.078771
0.082193
0.079591
0.079950
0.079371
0.081869
0.078854
0.080273
0.077917
0.079638
0.079847
0.080314
0.080278
0.081326
0.080659
0.073225
0.075720
0.076693
0.107554
0.096441
0.081557
0.075012
0.078746
0.076964
0.076904
0.073090
0.083071
0.083978
0.074288
0.079623
0.078022
0.075124
0.079047
0.074840
0.070587
0.080650
0.078549
0.078353
0.115017
0.079062
0.080724
0.078044
0.079974
0.077777
0.077626
0.077254
0.078485
0.084218
0.076645
0.080257
0.078695
0.080123
0.078940
0.079194
0.079655
0.079238
0.084497
0.077866
0.117855
0.082256
0.080582
0.080977
0.084219
0.078788
0.081172
0.081359
0.083244
0.081853
0.078488
0.082994
0.074323
0.077198
0.081286
0.080213
0.080203
0.078612
0.081936
0.078697
0.115279
0.081713
0.075701
0.078963
0.074038
0.035303
0.037320
0.037448
0.036648
0.035664
0.039236
0.041248
0.042265
0.040548
0.076948
0.073631
0.077391
0.078369
0.077564
0.078329
0.116584
0.083764
0.073884
0.072797
0.039829
0.036872
0.035271
0.037771
0.039657
0.036429
0.035056
0.036763
0.036838
0.034933
0.039288
0.039542
0.039254
0.039005
0.077661
0.078988
0.113429
0.079222
0.078400
0.079380
0.078314
0.078926
0.081764
0.076072
0.039337
0.036326
0.038503
0.038481
0.055722
0.037912
0.038441
0.040468
0.039895
0.039437
0.040264
0.036945
0.111244
0.083133
0.077490
0.072960
0.076209
0.075976
0.080451
0.079862
0.039686
0.038351
0.039493
0.038532
0.038773
0.038333
0.045289
0.038773
0.038348
0.040130
0.038524
0.038798
0.038345
0.040939
0.078259
0.077774
0.077673
0.078273
0.079426
0.077470
0.081094
0.079120
0.083583
0.084673
0.079145
0.083609
0.081838
0.043336
0.035002
0.036771
0.035920
0.039619
0.112487
0.090198
0.077441
0.077226
0.077526
0.077262
0.079034
0.077076
0.081867
0.080979
0.076377
0.082560
0.079148
0.084996
0.076543
0.039106
0.040615
0.039645
0.039217
0.039682
0.039770
0.038386
0.040031
0.039851
0.039595
0.038385
0.079308
0.075923
0.077250
0.081503
0.076329
0.080621
0.078804
0.098304
0.078897
0.077973
0.078837
0.077430
0.078011
0.038969
0.038479
0.038684
0.038830
0.038863
0.038357
0.039790
0.039865
0.039270
0.039869
0.036531
0.075921
0.076756
0.081423
0.077031
0.077844
0.079389
0.076243
0.080353
0.077119
0.039746
0.040320
0.038605
0.038507
0.039081
0.038690
0.038267
0.039313
0.039504
0.038745
0.038132
0.039612
0.040181
0.038878
0.039237
0.039804
0.076162
0.079789
0.077281
0.108212
0.077024
0.114389
0.078942
0.092727
0.039747
0.038458
0.038853
0.039784
0.037068
0.038393
0.037952
0.038949
0.039338
0.039442
0.038702
0.039161
0.037938
0.038477
0.038794
0.038791
0.039570
0.038125
0.037270
0.036667
0.035256
0.038089
0.039043
0.039738
0.040016
0.038028
0.038521
0.038958
0.037850
0.037926
0.039087
0.038557
0.039637
0.038136
0.038522
0.037980
0.038389
0.037867
0.039052
0.039080
0.037858
0.039511
0.038545
0.038569
0.038577
0.044638
0.038718
0.036373
0.037803
0.038431
0.036843
0.037833
0.038468
0.038211
0.039637
0.039627
0.038032
0.039452
0.037205
0.036291
0.037859
