0.673461
0.080243
0.077370
0.080484
0.079116
0.078607
0.086596
0.078670
0.077836
0.076208
0.075323
0.090031
0.078699
0.073960
0.097280
0.078391
0.075421
0.078123
0.081826
0.077660
0.106045
0.078801
0.080482
0.077308
0.083632
0.078058
0.078310
0.081568
0.079419
0.081638
0.078571
0.077541
0.086452
0.080390
0.079730
0.078140
0.038377
0.039177
0.039469
0.038550
0.116368
0.078240
0.076834
0.077465
0.078015
0.080404
0.080788
0.092046
0.079701
0.078206
0.081565
0.078054
0.078778
0.080363
0.078415
0.080952
0.079597
0.077503
0.083300
0.081882
0.117042
0.079694
0.080324
0.078151
0.078364
0.077484
0.080354
0.079544
0.078871
0.079882
0.079756
0.082243
0.078564
0.078706
0.080118
0.077725
0.079687
0.079361
0.079143
0.078937
0.114846
0.080552
0.078038
0.079013
0.078415
0.077922
0.079628
0.077265
0.079788
0.078366
0.077263
0.086547
0.078282
0.078284
0.078646
0.080534
0.080409
0.078976
0.078307
0.078167
0.117826
0.079009
0.079750
0.080938
0.079077
0.080193
0.080993
0.078663
0.076166
0.073832
0.072387
0.040176
0.038553
0.038422
0.039802
0.040281
0.038925
0.038457
0.079161
0.078762
0.112605
0.079118
0.073924
0.079105
0.082277
0.075579
0.078175
0.078415
0.072838
0.081126
0.077595
0.078807
0.082036
0.077893
0.078642
0.072391
0.076355
0.096448
0.081980
0.072204
0.112163
0.078378
0.096336
0.079348
0.078691
0.080012
0.081859
0.078233
0.079971
0.078000
0.078679
0.082100
0.080788
0.080828
0.073074
0.075731
0.080999
0.080610
0.090405
0.080945
0.112389
0.080956
0.078955
0.078862
0.079821
0.079517
0.084220
0.086345
0.090823
0.083017
0.079775
0.041637
0.038804
0.039842
0.034839
0.035941
0.034837
0.071454
0.074841
0.079833
0.107892
0.076744
0.080662
0.078851
0.080509
0.071442
0.070414
0.070624
0.070560
0.070478
0.070674
0.070529
0.070328
0.070683
0.072643
0.070450
0.070577
0.070763
0.070372
0.072903
0.106076
