2.728756
0.203024
0.212322
0.209427
0.194680
0.194156
0.194555
0.194548
0.196343
0.195849
0.195696
0.195951
0.195196
0.193829
0.194517
0.194134
0.193581
0.194272
0.193666
0.194434
0.308547
0.194268
0.197490
0.193410
0.194318
0.193676
0.193558
0.195538
0.201238
0.196234
0.195371
0.218812
0.195142
0.195103
0.196370
0.200327
0.199745
0.200213
0.201185
0.201077
0.337859
0.202548
0.206907
0.199007
0.200402
0.200570
0.206210
0.205571
0.199857
0.200652
0.206552
0.203969
0.213700
0.130260
0.125505
0.205163
0.209488
0.203145
0.223799
0.201728
0.341538
0.206330
0.205307
0.208033
0.204413
0.206018
0.208674
0.204159
0.201613
0.207645
0.203830
0.214079
0.204213
0.211527
0.209478
0.207594
0.204961
0.205277
0.208228
0.208116
0.344004
0.204091
0.206204
0.206888
0.205087
0.205796
0.208157
0.208038
0.204573
0.201820
0.206166
0.203630
0.202651
0.204672
0.207475
0.206334
0.204738
0.210279
0.203738
0.207875
0.344541
0.207724
0.127618
0.128320
0.129793
0.128449
0.129872
0.129191
0.128245
0.209082
0.206120
0.205572
0.206609
0.210418
0.208567
0.207187
0.272705
0.277190
0.202959
0.207589
0.344878
0.203028
0.206046
0.204525
0.208149
0.216030
0.202410
0.208029
0.208590
0.204952
0.201306
0.206628
0.209854
0.205968
0.204447
0.225194
0.202174
0.208462
0.211123
0.207265
0.345362
0.200752
0.206244
0.208300
0.204895
0.205200
0.206777
0.202597
0.209156
0.206671
0.206865
0.205305
0.212005
0.210181
0.203388
0.201721
0.206580
0.205573
0.275240
0.206743
0.277281
0.274260
0.129587
0.127707
0.129524
0.125207
0.128875
0.129143
0.128835
0.127490
