2.598109
0.209140
0.194888
0.198966
0.195223
0.197320
0.203413
0.195525
0.198039
0.194935
0.196748
0.195986
0.199984
0.195975
0.197228
0.196682
0.194371
0.196434
0.194602
0.254503
0.309166
0.200174
0.125286
0.122823
0.123128
0.125049
0.194939
0.197546
0.194663
0.196602
0.195775
0.208068
0.198822
0.197831
0.199407
0.197795
0.266706
0.268417
0.271322
0.266208
0.269846
0.281954
0.285387
0.277441
0.195855
0.266765
0.195907
0.269145
0.199609
0.199864
0.200873
0.208357
0.202512
0.198220
0.197279
0.213651
0.199980
0.198617
0.197230
0.198702
0.332762
0.196334
0.200201
0.199045
0.203851
0.198304
0.198574
0.199697
0.197928
0.200511
0.196011
0.199872
0.197417
0.203640
0.196786
0.198968
0.199533
0.200130
0.200347
0.199023
0.337347
0.202585
0.202543
0.202976
0.200013
0.205603
0.208109
0.204660
0.206722
0.207850
0.207945
0.130787
0.125683
0.125830
0.127162
0.125085
0.125535
0.127399
0.125404
0.125554
0.127161
0.125273
0.127366
0.125672
0.127984
0.127529
0.198510
0.207517
0.206008
0.205169
0.215603
0.205639
0.279865
0.208176
0.274270
0.202031
0.268780
0.196493
0.200616
0.271211
0.335239
0.201840
0.197600
0.196865
0.269328
0.197109
0.197765
0.200117
0.200509
0.197113
0.200558
0.199075
0.197362
0.198728
0.199001
0.201156
0.198986
0.200450
0.197916
0.201616
0.335331
0.204749
0.204463
0.206028
0.202055
0.203581
0.204177
0.211623
0.206141
0.204207
0.207688
0.205137
0.200440
0.203653
0.199457
0.203575
0.204761
0.199216
0.200234
0.199796
0.337523
0.200450
0.205669
0.202591
0.205532
0.201470
0.204302
0.202293
0.201372
0.204111
0.203879
0.279361
0.209748
0.202132
0.196296
0.200243
0.197850
0.205298
0.204201
0.207717
0.341403
0.205337
0.196884
0.209066
0.198578
0.196313
0.195437
0.198155
0.196106
0.199206
0.197150
0.265866
0.196647
0.197795
0.195906
0.196357
0.197569
0.197726
0.195360
0.195347
0.332557
0.197630
0.194050
0.196658
0.194850
0.196370
0.195096
0.194668
0.197922
0.188076
0.197641
0.194678
0.201507
0.197129
0.200575
0.268722
0.195429
0.199050
0.196486
0.266783
0.334044
0.199480
0.196175
0.197906
0.195892
0.196669
0.196159
0.194123
0.198439
0.199470
0.197039
0.194867
0.197445
0.195198
0.197846
0.195830
0.196835
0.197192
0.197818
0.198119
0.331347
0.194691
0.196840
0.194533
0.198749
0.195820
0.199415
0.196960
0.194821
0.197058
0.199391
0.196513
0.194286
0.197950
0.194211
0.199239
0.193466
0.195806
0.203001
0.198407
0.335357
0.194642
0.195126
0.194169
0.197999
0.207299
0.196576
0.199802
0.196737
0.196607
0.194910
0.200662
0.199137
0.197908
0.195463
0.200172
0.197877
0.205441
0.195459
0.197257
0.340221
0.196647
0.199208
0.198386
0.198108
0.199076
0.199422
0.199892
0.203089
0.124853
0.124397
0.122896
0.124258
0.126599
0.198935
0.122997
0.123964
0.123432
0.123772
0.194945
0.125739
0.123020
0.196051
0.195724
0.205443
0.198726
0.200583
0.271153
0.262953
0.204285
0.199492
0.203558
0.196535
0.196062
0.270252
0.202945
0.201572
0.198419
0.204540
0.197140
0.331238
0.198097
0.196173
0.205283
0.194598
0.194610
0.200574
0.196907
0.193784
0.193665
0.198406
0.193453
0.197239
0.197360
0.205091
0.196957
0.196932
0.198424
0.200546
0.198492
0.348449
0.203169
0.198873
0.196902
0.198469
0.195830
0.198000
0.198827
0.196208
0.212098
0.199618
0.200877
0.206836
0.217567
0.199724
0.205436
0.202137
0.199740
0.198743
0.201400
0.336905
0.199456
0.197358
0.198924
0.196136
0.197618
0.201403
0.195609
0.201739
0.209533
0.196090
0.196715
0.195975
0.198435
0.197366
0.198257
0.199101
0.197975
0.199095
0.196538
0.125149
0.123662
0.125850
0.123877
0.124382
0.124002
0.124243
0.129804
0.126149
0.125453
0.123691
0.123696
0.126617
0.123866
0.126151
0.123415
0.123879
0.125557
0.123802
0.123378
0.124513
0.127254
0.124575
0.123524
0.124377
0.126687
0.123705
0.127996
0.123779
0.125337
0.124200
0.125425
0.125021
0.200042
0.204263
0.201985
0.200433
0.198027
0.201191
0.198285
0.337759
0.203738
0.201041
0.199658
0.200013
0.199929
0.200424
0.198361
0.199614
0.199258
0.199988
0.202204
0.199852
0.197555
0.199696
0.197126
0.199970
0.197166
0.196180
0.202460
0.333338
0.196077
0.199633
0.196057
0.197411
0.198295
0.196135
0.199976
0.194811
0.198438
0.197006
0.198154
0.195114
0.197679
0.198956
0.203036
0.200791
0.199416
0.200829
0.199028
0.333717
0.196859
0.199524
0.200256
0.197588
0.196917
0.196265
0.197293
0.201110
0.203815
0.199293
0.200773
0.198440
0.270641
0.198230
0.204854
0.203386
0.200304
0.193950
0.198431
0.334862
0.202920
0.198557
0.194460
0.197898
0.196823
0.193045
0.199736
0.197787
0.194331
0.200866
0.197806
0.199330
0.200887
0.196747
0.195841
0.197699
0.195363
0.197294
0.197345
