0.639284
0.071434
0.071201
0.071276
0.070253
0.071095
0.074399
0.070344
0.070233
0.070570
0.071371
0.072499
0.074753
0.074250
0.074375
0.074422
0.074644
0.074679
0.070465
0.077827
0.116636
0.071530
0.069909
0.071855
0.069936
0.074614
0.074882
0.077490
0.078794
0.073387
0.074495
0.071591
0.075865
0.073094
0.071729
0.076604
0.078023
0.082371
0.075152
0.070445
0.106187
0.075990
0.075052
0.077962
0.074102
0.078153
0.076069
0.077350
0.082148
0.080843
0.070735
0.071969
0.069748
0.070001
0.071023
0.070535
0.075844
0.076684
0.071248
0.071916
0.107374
0.070832
0.070695
0.077976
0.071864
0.071638
0.076064
0.076263
0.072120
0.076857
0.081391
0.075724
0.082561
0.080331
0.090374
0.075830
0.070274
0.071569
0.072965
0.070845
0.107217
0.080275
0.070753
0.070420
0.071832
0.074863
0.070428
0.073151
0.073623
0.076426
0.076062
0.077778
0.077361
0.070709
0.070907
0.073225
0.075266
0.077675
0.079922
0.071739
0.111893
0.078320
0.083129
0.076269
0.070208
0.069989
0.075334
0.071069
0.082460
0.084445
0.086006
0.071850
0.073289
0.074930
0.077080
0.080865
0.072782
0.077637
0.085685
0.076150
0.109303
0.072093
0.077409
0.084755
0.082203
0.086123
0.081164
0.071364
0.071481
0.071136
0.072213
0.072735
0.071351
0.074322
0.070266
0.073057
0.070568
0.070548
0.071141
0.076325
0.105330
0.069911
0.070129
0.069734
0.070033
0.071309
0.070373
0.071067
0.070951
0.075352
0.076423
0.073441
0.070177
0.070840
0.072659
0.074771
0.073534
0.070738
0.069907
0.070485
0.105315
0.069726
0.069687
0.070269
0.070683
