0.625580
0.080765
0.074417
0.073617
0.074230
0.074258
0.074312
0.075438
0.075304
0.073051
0.072568
0.073169
0.073834
0.072755
0.081542
0.081506
0.077992
0.081699
0.078410
0.076761
0.104314
0.075186
0.074484
0.074467
0.073310
0.076339
0.074348
0.073372
0.073502
0.073277
0.073106
0.073842
0.076014
0.076795
0.072535
0.071768
0.073684
0.071858
0.073833
0.072182
0.112131
0.071542
0.071418
0.073088
0.072329
0.071301
0.070969
0.072692
0.071242
0.072525
0.075256
0.073375
0.071360
0.071318
0.072805
0.071111
0.070894
0.082125
0.074430
0.071006
0.107192
0.071144
0.071239
0.070503
0.070936
0.070527
0.071944
0.070382
0.071908
0.071438
0.072255
0.071015
0.071135
0.073834
0.071462
0.071910
0.072544
0.071196
0.072799
0.072580
0.107037
0.070832
0.071949
0.071055
0.073054
0.072967
0.073240
0.071411
0.071006
0.072647
0.077790
0.075035
0.080446
0.078105
0.082345
0.081486
0.074744
0.078805
0.072274
0.078967
0.114091
0.075209
0.080213
