0.650274
0.071940
0.072261
0.073681
0.073935
0.072292
0.072604
0.072594
0.075495
0.072643
0.072050
0.074721
0.071972
0.075252
0.071416
0.070805
0.072481
0.071508
0.071998
0.071194
0.101063
0.078246
0.070868
0.071123
0.072452
0.071558
0.070853
0.087558
0.072576
0.072057
0.035425
0.072385
0.036104
0.034958
0.071372
0.034800
0.076671
0.043944
0.037950
0.035130
0.034637
0.034577
0.034659
0.034618
0.034688
0.034527
0.034610
0.034534
0.034707
0.034648
0.034749
0.034582
0.034667
0.035336
0.034807
0.034787
0.036518
0.035295
0.034691
0.035084
0.034978
0.034872
0.034938
0.072648
0.074274
0.073571
0.082735
0.084375
0.078698
0.071730
0.074271
0.075701
0.078501
0.100559
0.080848
0.074111
0.073565
0.097335
0.077780
0.078577
0.114426
0.078141
0.077979
0.076856
0.077903
0.077871
0.038713
0.038722
0.038958
0.039238
0.038635
0.077332
0.038944
0.077857
0.038333
0.038150
0.037945
0.037957
0.076041
0.039082
0.039425
0.038393
0.075795
0.038782
0.038450
0.038491
0.038824
0.038576
0.038503
0.038282
0.038383
0.038626
0.038730
0.039263
0.042017
0.040880
0.038929
0.038593
0.034718
0.034617
0.034819
0.035031
0.037598
0.038630
0.039919
0.038542
0.038697
0.038287
0.034819
0.040971
0.040176
0.038939
0.039741
0.038715
0.038438
0.057724
0.039673
0.040898
0.038659
0.039319
0.059987
0.039840
0.038310
0.038593
0.040282
0.038784
0.050864
0.038131
0.039730
0.039579
0.038626
0.085348
0.076421
0.038575
0.038671
0.078740
0.038878
0.039355
0.080314
0.077109
0.038284
0.079757
0.039634
0.037945
0.039629
0.039394
0.038707
0.051393
0.038261
0.079901
0.077884
0.037852
0.090222
0.038718
0.038268
0.076946
0.078567
0.077329
0.077999
0.038525
0.113079
0.078583
0.075218
0.108653
0.096913
0.079230
0.078603
0.076850
0.077824
0.078269
0.096644
