0.685748
0.098149
0.091332
0.085508
0.085628
0.079190
0.083979
0.085003
0.086757
0.084157
0.082918
0.082746
0.082412
0.089591
0.085074
0.083617
0.084819
0.076494
0.076403
0.084348
0.104760
0.089049
0.083243
0.105947
0.077079
0.082884
0.085739
0.086594
0.077531
0.084411
0.097032
0.083201
0.083594
0.082537
0.084434
0.097260
0.082504
0.082680
0.082320
0.083593
0.117024
0.081937
0.081968
0.084698
0.077664
0.083893
0.083040
0.083882
0.097772
0.084702
0.084928
0.085340
0.128707
0.077236
0.086099
0.094240
0.074034
0.085594
0.086724
0.087302
0.123348
0.080839
0.077090
0.111856
0.085040
0.076722
0.086336
0.081195
0.086974
0.078023
0.076319
0.074293
0.080566
0.084756
0.084953
0.083282
0.082248
0.103288
0.075323
0.077830
0.113405
0.081603
0.084880
0.080955
0.082092
0.079746
0.082531
0.080045
0.082133
0.081187
0.080944
0.089823
0.080949
0.081897
0.080013
0.096417
0.083245
0.081663
0.081292
0.080663
0.119396
0.082186
0.081326
0.082906
0.081735
0.081084
0.081641
0.079698
0.083568
0.080723
0.080701
0.081580
0.081971
0.081613
0.090042
0.080114
0.102292
0.080001
0.081897
0.081048
0.121077
0.081542
0.077254
0.082747
0.086392
0.082143
0.083631
0.081678
0.083976
0.076236
0.085323
0.083110
0.081711
0.081437
0.081904
0.076498
0.079086
0.082465
0.083645
0.081041
0.116913
0.084383
0.080631
0.082181
0.080264
0.080016
0.076133
0.085784
0.079902
0.080261
0.084483
0.082052
0.080499
0.080618
0.042908
0.041059
0.042958
0.037500
