0.745783
0.081488
0.079392
0.080158
0.085802
0.080141
0.075194
0.079396
0.081109
0.085895
0.081477
0.088872
0.075722
0.082592
0.082008
0.087415
0.072226
0.080563
0.079697
0.095541
0.107942
0.077713
0.085211
0.078289
0.081892
0.076207
0.086938
0.078879
0.078973
0.076463
0.078374
0.082186
0.078728
0.078360
0.080978
0.073183
0.080578
0.080110
0.081083
0.078300
0.113042
0.075628
0.080997
0.080368
0.079648
0.078940
0.078041
0.091943
0.079011
0.084113
0.039459
0.038988
0.041627
0.040556
0.039271
0.039704
0.039434
0.039814
0.038898
0.048146
0.114635
0.081783
0.078589
0.077717
0.100077
0.096833
0.084759
0.081017
0.080302
0.037439
0.041080
0.040306
0.081673
0.097664
0.097406
0.080041
0.081368
0.079888
0.081901
0.082875
0.114383
0.096911
0.079449
0.080712
0.079391
0.077296
0.080531
0.079657
0.078709
0.078851
0.078655
0.083232
0.078668
0.081240
0.078936
0.078963
0.072974
0.076900
0.079384
0.092853
0.115909
0.080850
0.077808
0.080492
0.078587
0.079472
0.079170
0.078868
0.081793
0.080962
0.077894
0.080340
0.075197
0.078002
0.079900
0.073082
0.075922
0.078178
0.079443
0.080871
0.112916
0.079101
0.079286
0.079046
0.080632
0.077683
0.078670
