227	160	72	239
230	160	56	256
229	155	62	265
226	154	60	265
226	157	61	263
224	159	68	258
225	159	65	245
220	164	67	251
223	163	60	254
221	160	60	262
220	158	57	261
214	158	65	260
210	171	72	243
210	171	67	235
211	168	61	246
206	166	68	248
205	165	71	253
203	167	69	246
205	163	68	255
209	169	60	242
213	165	56	248
205	167	67	248
210	161	64	250
210	166	64	243
213	171	64	240
221	164	56	249
225	166	52	247
227	167	50	250
228	163	55	253
230	155	53	266
230	166	55	249
231	165	56	250
233	164	57	252
232	162	61	256
229	161	69	255
229	158	73	262
230	159	77	262
243	159	62	258
243	149	63	275
244	134	62	288
249	125	60	300
246	139	69	285
254	154	56	267
251	154	64	265
255	134	57	289
253	127	61	296
255	131	58	292
259	129	59	292
257	131	61	291
265	127	56	298
262	126	56	295
265	140	66	280
267	148	73	273
273	156	58	251
281	156	64	249
288	156	69	248
289	159	70	246
293	159	73	241
297	158	72	235
303	156	65	240
305	156	73	243
306	155	72	254
310	158	71	249
316	155	67	258
315	156	73	270
316	146	80	263
323	158	67	237
322	158	69	233
327	158	65	227
329	162	64	209
329	166	65	221
330	165	66	213
324	171	78	232
324	175	82	229
332	179	71	210
330	183	71	207
335	189	58	201
331	198	63	181
331	207	65	168
332	211	63	159
0	0	0	0
0	0	0	0
0	0	0	0
0	0	0	0
337	226	49	142
0	0	0	0
0	0	0	0
0	0	0	0
172	249	46	125
175	251	41	121
171	251	45	119
0	0	0	0
0	0	0	0
158	246	58	118
0	0	0	0
145	252	73	100
0	0	0	0
0	0	0	0
0	0	0	0
0	0	0	0
0	0	0	0
0	0	0	0
0	0	0	0
0	0	0	0
0	0	0	0
150	250	66	96
0	0	0	0
0	0	0	0
0	0	0	0
0	0	0	0
0	0	0	0
0	0	0	0
0	0	0	0
0	0	0	0
0	0	0	0
0	0	0	0
0	0	0	0
0	0	0	0
0	0	0	0
0	0	0	0
0	0	0	0
0	0	0	0
0	0	0	0
0	0	0	0
0	0	0	0
0	0	0	0
0	0	0	0
0	0	0	0
0	0	0	0
0	0	0	0
0	0	0	0
0	0	0	0
0	0	0	0
0	0	0	0
0	0	0	0
0	0	0	0
0	0	0	0
0	0	0	0
0	0	0	0
325	238	78	108
328	225	69	113
335	224	60	124
330	218	70	144
333	210	63	154
334	193	59	167
333	180	62	187
329	181	70	199
334	175	61	189
336	175	58	196
336	172	57	208
333	167	64	209
333	163	64	209
330	163	69	225
332	160	66	221
335	157	61	217
337	159	56	223
329	166	72	234
331	159	71	246
331	159	71	250
329	155	78	233
328	156	75	232
329	154	68	234
324	156	77	245
328	155	63	228
326	154	65	222
317	162	75	236
316	159	75	234
312	158	80	238
309	159	83	248
305	162	83	248
301	160	78	253
300	159	78	266
293	163	84	258
293	164	75	256
287	162	77	262
282	159	81	261
280	159	70	262
280	157	60	244
274	161	69	248
279	156	52	235
275	155	54	249
271	156	58	248
273	160	50	248
271	155	53	253
266	152	59	264
267	156	58	248
262	156	59	262
264	158	58	258
262	160	53	249
260	160	59	255
259	157	60	257
258	150	59	266
253	160	59	258
252	155	59	258
248	162	63	254
245	159	64	255
244	163	59	254
237	159	74	257
236	165	68	251
235	165	67	252
232	167	67	247
231	167	68	249
226	163	71	255
227	162	62	254
228	158	57	259
227	158	59	263
224	159	63	262
224	153	64	263
221	160	66	254
221	163	59	258
219	160	59	260
215	159	64	258
211	163	75	253
214	157	61	259
211	159	65	257
210	160	65	255
208	160	67	255
205	166	70	246
202	159	72	252
200	159	75	253
204	160	66	253
199	159	71	255
196	159	70	251
194	159	68	256
188	159	72	254
183	162	76	251
179	164	73	244
176	163	70	249
170	165	72	248
168	164	75	246
168	161	71	254
163	163	79	255
162	164	75	248
158	162	79	256
