3.097644
0.214009
0.212786
0.216731
0.208480
0.210079
0.213700
0.208463
0.214193
0.213668
0.213139
0.215636
0.208373
0.210854
0.212895
0.211416
0.210835
0.213792
0.215090
0.210284
0.324184
0.204832
0.208921
0.211046
0.207562
0.208471
0.210523
0.214347
0.209422
0.213936
0.209126
0.218460
0.213020
0.209029
0.217812
0.208730
0.217161
0.209843
0.211392
0.213019
0.347507
0.211785
0.216286
0.209959
0.207355
0.214073
0.211370
0.211684
0.207224
0.215166
0.209672
0.204728
0.215853
0.214573
0.209938
0.215179
0.214971
0.209416
0.213547
0.216430
0.348590
0.214246
0.220655
0.210940
0.210407
0.214070
0.216422
0.212684
0.218127
0.228011
0.209297
0.204351
0.213763
0.205109
0.218295
0.209601
0.213781
0.208148
0.213278
0.214328
0.350861
0.210110
0.212507
0.206628
0.213766
0.210197
0.214515
0.213029
0.212140
0.210779
0.207616
0.211847
0.208592
0.216058
0.211095
0.215079
0.207588
0.213403
0.209577
0.211450
0.345046
0.211673
0.213413
0.208559
0.210657
0.206910
0.213849
0.201553
0.204468
0.208027
0.209918
0.208715
0.204448
0.216349
0.212037
0.200630
0.203897
0.205216
0.208864
0.211770
0.340004
0.204916
0.211968
0.214154
0.212015
0.201917
0.207375
0.210655
0.211548
0.215759
0.209863
0.212211
0.210070
0.209866
0.211189
0.202396
0.210533
0.210685
0.211584
0.208379
0.349026
0.203794
0.208700
0.209290
0.205966
0.205159
0.211374
0.212524
0.203403
0.207891
0.213503
0.212881
0.218024
0.214202
0.230887
0.223908
0.224211
0.227221
0.208705
0.197076
0.355676
0.199492
0.205793
0.197829
0.205502
0.200091
0.197947
0.199118
0.197341
0.200035
0.196586
0.198559
0.196330
0.201705
0.197163
0.197941
0.200669
0.202783
0.216800
0.196187
0.354650
0.199467
0.206568
0.207318
0.198146
0.208035
0.201159
0.225519
0.204407
0.220095
0.202474
0.199707
0.198380
0.199268
0.197666
0.200811
0.198153
0.201336
0.209582
0.202043
0.342836
0.199734
0.199279
0.200163
0.215741
0.195951
0.199469
0.198671
0.198549
0.204572
0.217405
0.201097
0.201838
0.217278
0.194384
0.195839
0.195559
0.206340
0.195345
0.213239
0.347985
0.196254
0.198153
0.206727
0.204019
0.203134
0.204618
0.197754
0.195809
0.198838
0.202642
0.195263
0.197556
0.196354
0.196401
0.204723
0.205106
0.198545
0.202162
0.208398
0.341488
0.214203
0.212642
0.211782
0.214463
0.207225
0.203248
0.207890
0.210678
0.211098
0.231167
0.212605
0.207239
0.206027
0.213390
0.209748
0.205275
0.211219
0.203417
0.215080
0.345784
0.210032
0.210166
0.213068
0.207522
0.204843
0.210353
0.209049
0.206758
0.203812
0.226407
0.209103
0.224803
0.211231
0.212045
0.211266
0.211687
0.218788
0.211400
0.215126
0.348125
0.213109
0.213215
0.211324
0.208487
0.212493
0.212157
0.214438
0.214195
0.212664
0.211085
0.218799
0.215036
0.214052
0.211092
0.216106
0.214106
0.212520
0.210758
0.211111
