3.018644
0.206073
0.208957
0.211134
0.208022
0.208427
0.208106
0.208520
0.209126
0.209416
0.213920
0.207657
0.216488
0.211265
0.205208
0.218588
0.208142
0.209831
0.208561
0.210243
0.325013
0.210985
0.212126
0.207410
0.212463
0.209679
0.211733
0.211690
0.209982
0.205784
0.210473
0.209035
0.210401
0.212535
0.211412
0.208803
0.209097
0.210795
0.209527
0.201837
0.354008
0.211989
0.205531
0.224963
0.209880
0.206871
0.209951
0.214845
0.213027
0.211620
0.211900
0.210502
0.233550
0.210078
0.214196
0.212073
0.199974
0.199829
0.195328
0.212847
0.355080
0.211882
0.222978
0.198706
0.206120
0.198637
0.197626
0.195630
0.204556
0.195303
0.194499
0.194882
0.200694
0.218420
0.214062
0.197516
0.204100
0.201410
0.193979
0.202061
0.122133
0.122071
0.121963
0.128962
0.195958
0.121368
0.121246
0.121266
0.192582
0.193969
0.192323
0.121315
0.123086
0.195014
0.121973
0.196920
0.121645
0.121806
0.122219
0.123353
0.121382
0.125162
0.126369
0.125498
0.122401
0.211942
0.132254
0.123852
0.120999
0.134687
0.136636
0.121449
0.125207
0.121351
0.132194
0.135122
0.128944
0.125513
0.132105
0.132890
0.124169
0.121441
0.126595
0.133233
0.132784
0.123238
0.131225
0.131059
0.122930
0.124307
0.121476
0.123225
0.121334
0.126071
0.131107
0.126393
0.123478
0.122238
0.127687
0.193666
0.331498
0.195573
0.194171
0.196534
0.266596
0.195317
0.195472
0.196419
0.194705
0.198482
0.195980
0.216531
0.198892
0.197804
0.196362
0.214763
0.202043
0.199534
0.196064
0.198246
0.330512
0.198141
0.197776
0.198481
0.197639
0.195001
0.195843
0.197405
0.198071
0.197701
0.199618
0.198938
0.198278
0.198601
0.197875
0.197743
0.196910
0.200953
0.196759
0.196900
0.352833
0.197699
0.197036
0.218894
0.219231
0.218834
0.215437
0.197029
0.208150
0.214494
0.195209
0.202811
0.197495
0.195808
0.207919
0.197208
0.195740
0.195474
0.195445
0.195759
0.331348
0.196921
0.195917
0.200539
0.195777
0.195900
0.195920
0.195236
0.197184
0.195051
0.195896
0.197997
0.196401
0.195252
0.195667
0.196114
0.195630
0.195450
0.195832
0.196575
0.334799
0.198026
0.196572
0.199320
0.194486
0.194861
0.195621
0.197955
0.195746
0.196363
0.196952
0.196461
0.197936
0.196574
