2.619734
0.206905
0.196490
0.196325
0.195567
0.196388
0.198728
0.201599
0.198623
0.197234
0.201549
0.206708
0.202732
0.202369
0.202215
0.207004
0.210118
0.135849
0.130617
0.131194
0.130697
0.129352
0.132087
0.211012
0.212490
0.134776
0.131704
0.134788
0.132537
0.131221
0.131138
0.133349
0.132337
0.204087
0.208261
0.213271
0.210366
0.211130
0.207818
0.210891
0.274487
0.210894
0.210805
0.210065
0.209028
0.209126
0.279394
0.212785
0.281022
0.216161
0.207293
0.210881
0.209872
0.206218
0.211622
0.206737
0.207536
0.210615
0.225744
0.208323
0.347092
0.208717
0.210523
0.274047
0.216440
0.281457
0.212210
0.210274
0.210702
0.222081
0.211667
0.206745
0.209746
0.211338
0.211932
0.213046
0.209870
0.210562
0.211662
0.208203
0.345410
0.209917
0.212319
0.211313
0.209558
0.208214
0.212819
0.209556
0.210519
0.207035
0.210434
0.210012
0.202977
0.211752
0.203492
0.207574
0.208781
0.211430
0.208124
0.204564
0.343695
0.212415
0.213796
0.207639
0.208822
0.208461
0.210445
0.209110
0.211396
0.206883
0.208902
0.210265
0.211037
0.207445
0.207252
0.208116
0.210382
0.214312
0.208521
0.205501
0.346698
0.209723
0.208001
0.209778
0.211429
0.223272
0.210684
0.209579
0.211195
0.202974
0.212761
0.206279
0.206552
0.213647
0.207486
0.205988
0.208078
0.212548
0.211234
0.208591
0.351237
0.214060
0.213665
0.214049
0.208210
0.226182
0.208869
0.206000
0.212919
0.209682
0.208516
0.214679
0.209096
0.210536
0.207516
0.212662
0.214709
0.210851
0.210935
0.209603
0.349156
0.214251
0.212054
0.206518
0.213205
0.211594
0.210489
0.217139
0.207675
0.209528
0.213277
0.212411
0.207082
0.208163
0.214613
0.210759
0.211782
0.208061
0.209392
0.208357
0.338322
0.210892
0.210524
0.219242
0.205087
0.209814
0.214255
0.208302
0.204725
0.208068
0.204786
0.134319
0.207922
0.211780
0.207147
0.216879
0.210574
0.208230
0.211112
0.211669
0.136069
0.132464
0.140666
0.141527
0.139534
0.137924
0.135715
0.133648
0.137080
0.134047
0.218351
0.216795
0.215176
0.209569
0.213578
0.215782
0.214493
0.227045
0.216423
0.210452
0.359998
0.220910
0.210697
0.214700
0.222773
0.209862
0.209119
0.210847
0.216142
0.208226
0.205061
0.208895
0.204113
0.206212
0.203918
0.204962
0.199599
0.203562
0.219768
0.203840
0.340559
0.197530
0.197831
0.197448
0.196444
0.195986
0.196781
0.194274
0.199329
0.202194
0.195998
0.195450
0.197473
0.198837
0.207278
0.202172
0.208641
0.206876
0.213478
0.216061
0.343795
0.213072
0.209956
0.227267
0.209269
0.211892
0.208992
0.210654
0.211084
0.210080
0.207350
0.207341
0.205357
0.213480
0.213116
0.209138
0.209203
0.210899
0.213009
0.209702
0.345218
0.208793
0.211725
0.210891
0.209578
0.207682
0.210124
0.214118
0.212774
0.209328
0.212410
0.212632
0.213291
0.210288
0.211111
0.208874
0.212437
0.215020
0.215887
0.213456
0.345251
0.207016
0.208027
0.222450
0.210386
0.225338
0.210634
0.207668
0.211190
0.209327
0.204835
0.210445
0.208715
0.210792
0.207493
0.212744
0.213919
0.210078
0.213236
0.209979
0.346707
0.210621
0.211415
0.210843
0.222616
0.210961
0.211354
0.213961
0.207678
0.223243
0.205733
0.206944
0.212779
0.206040
0.206147
0.212875
0.209087
0.211605
0.208088
0.207930
0.346046
0.207410
0.209974
0.206389
0.210248
0.203392
0.206891
0.209332
0.208425
0.209033
0.211438
0.207253
0.211702
0.216669
0.209807
0.209092
0.210789
0.204584
0.210226
0.219103
0.344277
0.203516
0.219289
0.208779
0.208033
0.278479
0.208628
0.209137
0.278638
0.205584
0.211926
0.208495
0.201351
0.213081
0.209160
0.204575
0.209758
0.206925
0.211381
0.210037
0.338847
0.213463
0.209243
0.212169
0.216676
0.211537
0.211390
0.213392
0.214026
0.216421
0.213737
0.210766
0.210916
0.216397
0.217937
0.209391
0.205094
0.209173
0.212422
0.209987
0.345206
0.208143
0.211583
0.210449
0.209945
0.214132
0.211649
0.209772
0.210797
0.210204
0.210482
0.208066
0.211495
0.203719
0.206111
0.206501
0.210622
0.206876
0.211129
0.210400
0.340967
0.209536
0.212015
0.210275
0.211558
0.209713
0.209434
0.211191
0.212760
0.208018
0.212973
0.212590
0.208532
0.210996
0.213715
0.209803
0.210695
0.210471
0.210195
0.213517
0.353982
0.209308
0.215098
0.212238
0.211046
0.209296
0.215685
0.212341
0.206790
0.213894
0.204356
0.212694
0.213488
0.217681
0.211797
0.208005
0.209698
0.211069
0.213761
0.213870
0.348791
0.210014
0.208304
0.212655
0.215404
0.215166
0.221987
0.214411
0.217694
0.210851
0.211404
0.213518
0.212427
0.210884
0.215569
0.211907
0.211079
0.218711
0.212238
0.208615
0.349804
0.212888
0.204247
0.210326
0.212182
0.218877
0.214009
0.210058
0.210799
0.212774
0.211496
0.213201
0.213303
0.213298
0.222330
0.213109
0.210004
0.211844
0.212996
0.212462
0.350397
0.210239
0.210357
0.212228
0.214071
0.213797
0.205300
0.214129
0.209607
0.208885
0.212651
0.209541
0.211118
0.217559
0.209499
0.214327
0.209228
0.211468
0.210002
0.206383
0.348779
0.212936
0.208992
0.226497
0.213898
0.211255
0.218427
0.213292
0.212764
0.223731
0.206646
0.203607
0.213279
0.204168
0.209259
0.208047
0.207664
0.216972
0.207466
0.197577
0.330469
0.195903
0.194810
0.195605
0.196620
0.266786
0.195624
0.196204
0.196429
0.195797
0.196113
0.194438
0.195122
0.197533
0.196417
0.195545
0.196852
0.123142
0.123158
0.123221
0.123644
0.123869
0.195970
0.199242
0.197170
0.200696
0.199434
0.199732
0.200238
0.202223
0.201361
0.201694
0.205134
0.203439
0.204375
0.203834
0.204886
0.194870
0.196899
0.196092
0.332656
0.196449
0.195761
0.195569
0.204949
0.195591
0.196337
0.197080
0.202053
0.197230
0.198654
0.197221
0.199069
0.126107
0.126258
0.126129
0.125970
0.125782
0.129782
0.125695
0.125809
0.125664
0.125708
0.126054
0.125847
0.198195
0.198033
0.197472
0.198404
0.128514
0.125303
0.125539
0.125198
0.125739
0.125252
0.199133
0.125265
0.198963
0.126428
0.126286
0.126359
0.129613
0.126490
0.126279
0.199514
0.198328
0.126332
0.198171
0.199096
0.196986
0.198334
0.203177
0.199461
0.199978
0.198926
0.198694
0.200219
0.201822
0.138408
0.212554
0.339317
0.199170
0.202904
0.201857
0.202854
0.203299
0.202317
0.202446
0.204683
0.200374
0.201524
0.201066
0.200027
0.201160
0.204825
0.207737
0.219032
0.213858
0.197750
0.197919
0.334348
0.203101
0.198623
0.203396
0.198442
0.203212
0.197531
0.199041
0.214072
0.200764
0.199489
0.201165
0.197626
0.200548
0.201657
0.198767
0.199664
0.199089
0.199211
0.212700
0.346240
0.211709
0.215655
0.206802
0.215076
0.217045
0.220146
0.195843
0.206712
0.206331
0.207397
0.205359
0.207349
0.204603
0.220081
0.220899
0.235348
0.214211
0.206776
0.205667
0.336896
0.202665
0.206002
0.201216
0.213310
0.210872
0.199398
0.198874
0.198384
0.198075
0.199198
0.197682
0.204381
0.212089
0.201788
0.206033
0.199622
0.199517
0.200456
0.202327
0.339928
0.214430
0.208148
0.275173
0.284381
0.282250
0.281634
0.201543
0.199944
0.198978
0.207977
0.199445
0.196748
0.200485
0.197200
0.213925
0.200370
0.201181
0.198630
0.290028
0.330776
0.206916
0.199244
0.196450
0.266901
0.267281
0.199858
0.196182
0.195926
0.196998
0.196535
0.196205
0.196391
0.196262
0.196018
0.198327
0.196782
0.198030
0.197104
0.196086
0.333307
0.196642
0.198509
0.197715
0.197540
0.196244
0.197264
0.197296
0.196230
0.196384
0.196808
0.196841
0.198568
0.197317
0.196730
0.196796
0.196539
0.197091
0.197873
0.196566
0.331872
0.197108
0.195764
0.196860
0.195338
0.195708
0.196933
0.196464
0.195627
0.195756
0.196509
0.196448
0.196588
0.195840
0.196458
0.195345
0.194925
0.195877
0.195863
0.211789
0.342630
0.196209
0.197894
0.197051
0.196555
0.198110
0.218789
0.217932
0.215028
0.198110
0.200106
0.197625
0.198793
0.196971
0.199817
0.200771
0.197267
0.207594
0.221087
0.222070
0.335702
0.197653
0.200423
0.201168
0.213980
0.205713
0.202282
0.207988
0.198580
0.196962
0.201468
0.197492
0.201185
0.198714
0.196737
0.199865
0.197750
0.195836
0.198743
0.201132
0.332934
0.195878
0.198554
0.198081
0.200902
0.195671
0.199299
0.196980
0.197041
0.199480
0.196186
0.204486
0.216795
0.198577
0.201820
0.197056
0.196890
0.201754
0.198140
0.197506
0.334417
0.195755
0.199048
0.196235
0.198551
0.199614
0.197186
0.197796
0.198104
0.214398
0.211760
0.212135
0.207066
0.199812
0.200322
0.197137
0.200032
0.198493
0.195048
0.199844
0.331010
0.199846
0.196867
0.198200
0.195389
0.199132
0.197995
0.198543
0.195672
0.196683
0.198823
0.200163
0.197956
0.196026
0.199496
0.198136
0.198870
0.196775
0.201671
0.198515
