3.110333
0.207875
0.211333
0.209900
0.210824
0.210957
0.211452
0.208265
0.209978
0.205744
0.208500
0.209393
0.212260
0.210084
0.208436
0.210496
0.206868
0.208177
0.208328
0.209949
0.319321
0.207199
0.208526
0.210741
0.206989
0.210511
0.201777
0.207108
0.204281
0.204828
0.206261
0.208188
0.207368
0.204795
0.159019
0.128816
0.128800
0.132297
0.206966
0.209462
0.340670
0.210793
0.206157
0.212506
0.215054
0.201188
0.195290
0.197764
0.194807
0.196280
0.198521
0.198332
0.199092
0.199474
0.196557
0.125041
0.124224
0.199307
0.124984
0.124579
0.136149
0.133667
0.227340
0.208769
0.224758
0.202267
0.198350
0.197008
0.197145
0.196056
0.195978
0.197157
0.197103
0.195417
0.198329
0.199306
0.200995
0.201239
0.205421
0.199417
0.336417
0.202700
0.202623
0.200200
0.202174
0.205652
0.200447
0.200116
0.199280
0.201401
0.201264
0.199261
0.200483
0.203666
0.201098
0.200227
0.198485
0.200093
0.200890
0.204517
0.336567
0.215207
0.223076
0.205410
0.202400
0.201145
0.200448
0.200934
0.202302
0.201049
0.201001
0.200158
0.198785
0.202762
0.200820
0.198529
0.198039
0.200040
0.207255
0.202440
0.344030
0.203132
0.210639
0.215692
0.209732
0.207370
0.212904
0.203588
0.207948
0.210511
0.205574
0.205444
0.211290
0.208842
0.213712
0.209181
0.209303
0.207192
0.131341
0.132732
0.130927
0.132895
0.212762
0.131449
0.134026
0.130740
0.208765
0.208987
0.212363
0.212258
0.210789
0.205383
0.210211
0.211848
0.207960
0.215933
0.215212
0.207909
0.218316
0.217007
0.347620
0.211451
0.219088
0.217028
0.219382
0.217812
0.216521
0.243248
0.244803
0.223650
0.220296
0.228814
0.219698
0.226355
0.221665
0.221256
0.217525
0.216550
0.216005
0.218137
0.136799
0.219535
0.218472
0.137065
0.218658
0.135580
0.212857
0.215567
0.136285
0.216427
0.219477
0.217684
0.229761
0.217019
0.227077
0.221978
0.226385
0.228772
0.211138
0.208261
0.350297
0.211015
0.211608
0.212291
0.210764
0.210726
0.209504
0.214524
0.209803
0.212095
0.215150
0.220571
0.213279
0.212340
0.217017
0.216813
0.215484
0.210725
0.217119
0.215624
0.350296
0.211538
0.215687
0.217002
0.216731
0.226743
0.219542
0.218315
0.215824
0.207898
0.213710
0.213409
0.208179
0.215018
0.218775
0.211354
0.219163
0.224969
0.214001
0.214267
0.348856
0.212886
0.215714
0.215121
0.210804
0.220250
0.217498
0.216787
0.213972
0.213378
0.216366
0.218710
0.209349
0.217227
0.211060
0.210431
0.215287
0.215459
0.226592
0.219242
0.345056
0.216179
0.217155
0.215095
0.215513
0.211157
0.219950
0.216753
0.217450
0.211085
0.215039
0.213805
0.212360
0.213718
0.214674
0.212311
0.216187
0.220019
0.212537
0.213473
0.350484
0.213577
0.208526
0.216236
0.215380
0.214079
0.214296
0.215787
0.214630
0.211959
0.215330
0.215701
0.214878
0.212230
0.210736
0.215119
0.212100
0.214070
0.213776
0.210042
0.352269
0.210546
0.211094
0.203969
0.212274
0.205086
0.211618
0.214485
0.224491
0.215784
0.209716
0.212640
0.211954
0.212625
0.225036
0.209315
0.208884
0.211434
0.211650
0.210063
0.348473
0.211183
0.217773
0.213784
0.211525
0.208173
0.211408
0.212607
0.228398
0.204108
0.215280
0.212081
0.231485
0.202307
0.200642
0.196392
0.200131
0.196750
0.197438
0.201995
0.337099
0.199554
0.197190
0.195182
0.197499
0.197368
0.196759
0.197343
0.196644
0.197209
0.196917
0.197764
0.196519
0.197459
0.198295
0.197640
0.197523
0.203318
0.199745
0.197449
0.334147
0.198024
0.199145
0.199010
0.198368
0.200883
0.197444
0.196220
0.196457
0.195718
0.197177
0.197050
0.195470
0.197930
0.199330
0.197072
0.200365
0.200907
0.199344
0.197086
0.342776
0.199280
0.208344
0.216972
0.199286
0.198014
0.197906
0.197140
0.196624
0.198004
0.196703
0.196139
0.195759
0.198534
0.201641
0.205233
0.199731
0.206881
0.205784
0.209716
0.355510
0.204859
0.218152
0.211297
0.215160
0.211820
0.206752
0.206361
0.209227
0.208620
0.216248
0.203524
0.216916
0.214839
0.208608
0.214961
0.212348
0.223353
0.203826
0.207100
0.369348
0.213650
0.228296
0.212762
0.212969
0.213733
0.211180
0.211900
0.206131
0.219102
0.215724
0.209634
0.214565
0.215005
0.208725
0.213294
0.209017
0.212182
0.216201
0.214159
0.352043
0.215353
0.216432
0.210602
0.216134
0.212089
0.215839
0.211761
0.214886
0.221920
0.211848
0.212005
0.213380
0.215416
0.207577
0.209790
0.211520
0.205591
0.212577
0.218507
0.342935
0.221384
0.213254
0.215600
0.214221
0.213910
0.217276
0.212142
0.218944
0.218220
0.212319
0.208900
0.217357
0.217870
0.212837
0.207840
0.208919
0.215024
0.206599
0.209860
0.351081
0.207631
0.205170
0.216373
0.216998
0.213685
0.210140
0.204467
0.213111
0.214759
0.209822
0.206561
0.208205
0.214078
0.211241
0.206283
0.216321
0.208585
0.206675
0.209609
0.340652
0.217543
0.210032
0.213737
0.212182
0.209473
0.209011
0.209041
0.210607
0.211412
0.210429
0.225228
0.209959
0.210661
0.227602
0.213485
0.213940
0.210871
0.208747
0.213576
0.347050
0.214197
0.212744
0.209433
0.216320
0.212860
0.209110
0.213380
0.214619
0.205922
0.219275
0.213670
0.217449
0.216295
0.204192
0.211583
0.214089
0.213622
0.210077
0.210106
0.348687
0.225810
0.212342
0.210289
0.212120
0.209249
0.214868
0.213559
0.211354
0.211597
0.215023
0.216584
0.207149
0.211925
0.210239
0.208115
0.208792
0.204533
0.205334
0.222157
0.356198
0.212739
0.215804
0.213404
0.215241
0.215933
0.210837
0.211648
0.212511
0.216215
0.214567
0.217406
0.212120
0.215451
0.214705
0.225304
0.211061
0.207926
0.215498
0.218157
0.348613
0.213291
0.212985
0.209459
0.211551
0.217563
0.215640
0.215512
0.215480
0.216274
0.213418
0.209346
0.216094
0.218680
0.210154
0.217030
0.212712
0.218213
0.224722
0.216347
0.341551
0.211554
0.218001
0.221970
0.216760
0.215677
0.219457
0.211694
0.217146
0.215535
0.214809
0.209879
0.208962
0.209317
0.208386
0.213800
0.212327
0.215879
0.219808
0.208795
0.347496
0.215863
0.209944
0.208323
0.214754
0.212404
0.209436
0.206833
0.206750
0.211116
0.216556
0.215411
0.210504
0.209167
0.214676
0.216654
0.212228
0.206807
0.210956
0.214307
0.344922
0.212740
0.210152
0.208708
0.214016
0.208151
0.207327
0.212554
0.207066
0.218503
0.208544
0.203546
0.207384
0.207767
0.207928
0.215120
0.218274
0.219150
0.216845
0.209829
0.351191
0.208084
0.220068
0.214087
0.211124
0.212625
0.216552
0.216879
0.221007
0.213891
0.219874
0.210013
0.216498
0.215442
0.217656
0.206601
0.213166
0.213788
0.205982
0.211428
0.342288
0.213378
0.212935
0.209621
0.229390
0.237641
0.209471
0.200623
0.198082
0.207478
0.200802
0.214080
0.203419
0.204533
0.220365
0.200870
0.197515
0.198700
0.201932
0.221059
0.340474
0.204279
0.222738
0.199580
0.200107
0.199569
0.197717
0.201550
0.197045
0.212008
0.204408
0.221417
0.208765
0.200533
0.213358
0.213956
0.196795
0.197422
0.199204
0.198925
0.337662
0.198293
0.202363
0.196727
0.212339
0.197440
0.206382
0.213528
0.198039
0.200125
0.204794
0.210491
0.202706
0.208786
0.206402
0.206084
0.204954
0.214373
0.233238
0.209784
0.344092
0.199361
0.201168
0.200058
0.198444
0.199649
0.198401
0.199824
0.205250
0.197154
0.199538
0.211328
0.207334
0.219201
0.206339
0.199438
0.209643
0.212654
0.207807
0.214649
0.361982
0.207065
0.226735
0.214462
0.214987
0.214218
0.208884
0.214967
0.212448
0.212237
0.214141
0.221376
0.212324
0.221650
0.216022
0.214705
0.219352
0.214093
0.225827
0.211776
0.354200
0.211910
0.207349
0.227832
0.216241
0.213271
0.213072
0.207368
0.223026
0.210662
0.211711
0.209716
0.213088
0.207559
0.207186
0.208508
0.215814
0.211546
0.205292
0.210335
0.349869
0.213820
0.212726
0.213116
0.213620
0.227131
0.213230
0.204943
0.207055
0.212744
0.216429
0.215076
0.209417
0.207359
0.213106
0.212625
0.217999
0.207832
0.208734
0.213113
0.351429
0.212807
0.212404
0.213651
0.214143
0.211809
0.213706
0.216094
0.214467
0.208267
0.213732
0.217425
0.216640
0.206665
0.213513
0.222609
0.213231
0.213017
0.215617
0.211842
0.348249
0.212487
0.214980
0.210937
0.213023
0.211076
0.213491
0.206116
0.214487
0.212360
0.223556
0.214370
0.218131
0.214383
0.214760
0.218296
0.211436
0.224054
0.212957
0.212439
0.357048
0.207260
0.210248
0.230997
0.207349
0.207837
0.204097
0.213900
0.214983
0.207999
0.210265
0.212340
0.210340
0.214258
0.214020
0.220094
0.208612
0.212525
0.209549
0.210745
0.342532
0.225287
0.234916
0.224993
0.214179
0.222972
0.225692
0.230339
0.220932
0.222919
0.222390
0.220047
0.221519
0.218362
0.219853
0.226353
0.218196
0.210842
0.218612
0.218046
