224	207	72	264
228	209	69	250
234	218	56	246
243	226	47	231
231	242	50	210
226	245	64	206
224	250	68	202
224	251	68	201
214	249	82	204
220	256	73	195
210	260	82	194
236	251	60	203
222	258	69	193
229	266	60	186
226	265	62	187
229	269	63	184
230	257	63	193
231	256	62	199
234	254	57	200
238	266	50	186
244	258	46	191
235	267	52	183
236	270	51	182
236	265	54	183
234	266	59	184
233	272	56	179
234	261	57	186
236	266	52	184
239	264	47	192
245	265	36	186
240	257	41	180
223	263	41	173
239	264	44	183
218	264	49	193
0	0	0	0
0	0	0	0
0	0	0	0
0	0	0	0
252	257	40	184
237	264	54	180
230	264	57	173
253	257	35	187
251	254	34	183
230	267	52	180
239	263	41	183
239	257	38	193
240	255	32	188
231	265	39	185
219	259	48	191
208	266	70	191
212	263	77	185
211	254	96	214
209	237	104	234
228	250	82	229
213	237	100	242
0	0	0	0
0	0	0	0
202	237	101	242
0	0	0	0
0	0	0	0
0	0	0	0
0	0	0	0
211	238	96	237
211	220	82	260
218	213	72	267
215	218	76	264
211	205	87	276
211	213	89	268
221	220	79	257
203	226	84	245
206	241	98	222
187	219	104	247
208	228	101	234
195	230	111	240
198	220	144	255
174	216	171	262
154	224	189	251
165	236	197	232
141	257	206	204
158	230	217	242
154	249	194	215
137	235	204	223
147	269	214	184
126	262	223	175
137	275	222	171
128	254	239	199
132	271	203	184
130	261	220	165
136	260	221	198
125	256	214	194
134	230	210	213
149	250	211	205
133	250	212	208
162	262	188	194
136	251	215	197
151	261	202	192
139	240	211	214
126	257	221	203
139	254	222	182
124	259	221	201
133	242	219	220
145	259	197	207
157	244	191	217
137	262	211	199
135	255	215	201
147	269	198	184
165	245	168	214
168	254	166	209
169	241	143	211
172	240	158	218
176	258	134	202
180	226	159	232
177	250	153	217
179	239	139	228
190	263	116	201
213	250	130	205
184	233	138	227
177	231	128	243
175	234	158	234
182	250	138	222
178	228	141	249
191	232	96	243
200	244	89	234
198	234	108	232
200	229	114	247
197	229	91	251
202	215	89	269
204	216	85	266
210	225	72	254
210	218	78	258
216	213	72	268
219	201	74	291
213	210	64	283
218	216	62	277
215	208	71	279
216	217	68	266
219	218	63	262
220	219	60	262
0	0	0	0
0	0	0	0
0	0	0	0
0	0	0	0
229	215	57	277
0	0	0	0
0	0	0	0
0	0	0	0
221	209	72	283
234	209	64	283
218	218	86	265
242	216	60	268
214	214	79	274
224	221	83	265
210	226	96	257
193	225	114	253
195	239	132	235
182	205	155	272
242	241	129	259
251	241	91	234
209	221	112	256
230	215	94	261
216	220	114	257
232	226	102	254
221	232	114	247
215	234	126	242
219	239	123	238
220	232	126	225
169	240	161	233
152	227	196	248
146	223	201	252
137	217	211	262
157	199	195	281
163	211	184	268
186	197	164	282
168	193	158	282
185	189	122	282
201	182	78	293
204	189	79	288
211	199	70	278
213	198	72	280
221	188	63	297
0	0	0	0
224	183	69	300
227	182	76	304
0	0	0	0
301	216	62	270
0	0	0	0
226	202	88	278
210	224	120	254
0	0	0	0
186	224	142	243
194	199	172	278
181	175	193	301
178	187	193	289
160	177	221	296
185	209	190	262
172	181	206	287
142	198	250	280
156	177	262	298
124	168	286	304
110	217	332	249
88	217	331	242
100	223	384	248
99	257	386	202
49	248	424	183
6	254	482	183
31	262	492	178
3	269	538	177
16	249	495	184
4	246	485	203
40	247	455	199
28	261	464	192
14	203	484	243
9	207	490	257
7	234	509	217
-15	252	522	185
5	258	525	188
5	272	486	167
17	246	470	198
-23	265	516	176
10	250	495	159
-9	264	509	150
-15	256	525	183
-11	264	512	188
-5	225	522	222
-19	232	561	234
-18	242	543	213
-14	240	548	222
-14	234	558	215
-18	228	564	232
-9	236	548	227
-24	238	582	230
-14	247	568	196
-19	251	579	201
-20	240	579	214
-5	252	568	187
-25	238	582	207
-13	244	572	206
-14	236	576	218
4	241	561	221
-9	243	574	215
1	258	565	200
-24	245	563	211
-22	252	600	195
-19	250	608	207
-42	223	628	237
-34	229	625	219
-40	230	655	227
-63	234	666	227
-46	230	645	220
-29	254	659	189
-57	254	651	190
-28	257	605	182
-36	240	664	225
-70	239	666	213
-59	216	703	247
-11	243	663	211
-51	248	703	209
-94	223	750	242
-44	223	697	225
-52	214	707	245
-63	237	688	226
-18	230	679	229
-57	251	674	191
-44	246	701	220
-52	252	683	206
-38	241	665	220
-48	252	598	209
1	261	509	195
22	260	477	203
0	209	498	259
9	253	474	206
-13	259	515	204
-15	267	519	192
-17	234	485	211
21	248	467	218
14	257	485	211
15	264	508	204
19	252	477	183
3	243	485	219
-1	255	495	212
6	256	478	207
-2	253	488	209
-11	245	490	215
12	249	503	215
19	257	472	187
5	257	486	200
17	259	465	202
3	256	475	202
-13	266	515	196
-11	253	496	202
29	273	483	188
10	280	492	179
8	256	479	194
-4	266	501	191
-12	280	516	160
-13	288	497	164
15	249	483	201
3	262	482	197
3	269	469	186
-5	272	477	188
10	264	517	168
8	265	508	186
-4	266	505	191
-10	267	504	187
-19	265	504	185
16	280	500	174
9	270	494	192
10	265	492	193
32	289	450	163
36	256	462	199
20	264	493	195
10	261	509	192
42	273	457	183
57	289	436	163
39	266	413	186
23	270	424	181
46	268	431	188
32	266	468	189
37	289	460	169
43	274	423	173
33	265	458	188
31	260	471	195
15	255	488	204
23	265	477	196
18	270	482	187
12	267	486	186
6	268	492	190
15	289	480	167
16	261	482	192
17	281	466	177
17	302	488	151
7	269	481	170
12	269	465	188
15	279	461	181
11	276	440	177
34	270	448	182
31	266	463	194
12	270	466	188
-12	288	481	166
-2	260	546	204
-23	272	597	175
-20	278	589	180
-9	305	567	148
-35	252	600	194
-23	257	579	194
3	277	546	178
-8	277	543	179
-11	270	550	176
-12	262	551	197
-17	260	566	198
-23	255	562	196
-9	261	544	193
-14	257	547	204
-10	262	536	198
-17	233	560	233
-14	256	555	212
0	253	535	217
1	263	524	200
-7	244	536	216
14	242	498	226
-5	239	532	215
23	215	477	258
14	234	506	231
27	245	476	219
-7	220	540	248
29	254	470	187
33	252	469	199
-11	250	475	220
30	237	442	234
15	238	430	234
19	236	409	234
27	243	414	221
10	229	417	244
22	247	435	217
19	245	421	216
19	251	476	206
-1	244	480	223
10	237	453	235
14	242	461	225
10	233	475	233
-13	251	497	199
-12	251	462	209
9	248	475	218
15	256	444	200
-7	232	475	236
8	224	483	254
15	227	452	233
25	260	418	184
-8	219	458	244
30	241	398	225
20	251	456	206
21	250	395	219
38	240	387	234
8	207	396	267
17	206	400	267
40	233	379	241
17	211	384	262
79	207	345	280
97	226	310	241
111	234	291	241
117	219	290	256
83	225	330	247
58	216	367	258
13	250	415	208
49	243	413	214
8	255	474	198
-12	262	471	198
31	259	466	203
11	261	477	202
18	268	456	192
-8	279	485	183
-4	265	505	200
3	274	493	190
-20	266	503	195
21	269	469	197
33	281	466	185
26	260	470	199
6	272	501	191
25	290	467	166
17	306	490	146
14	269	480	188
-15	264	521	189
-10	277	517	179
-13	292	529	166
-19	274	539	187
-24	287	552	166
-22	287	553	166
-22	320	549	135
-15	272	542	178
-13	273	540	190
-13	296	531	160
-34	253	590	201
-19	267	566	181
-22	278	568	183
-13	317	534	138
-20	269	550	189
-20	275	560	174
-17	278	560	176
-18	273	565	180
-29	256	585	200
-31	268	585	185
-42	267	599	190
-20	270	578	182
-17	309	574	142
-40	276	564	160
-32	289	563	164
-43	291	614	161
-20	305	597	148
-32	265	589	188
-34	271	609	184
-27	268	621	185
-57	267	643	187
-46	271	641	182
-48	267	651	189
-50	275	635	183
-33	293	638	166
-45	310	636	146
-63	257	634	196
-52	256	670	198
-64	236	677	233
-49	252	681	205
-65	261	687	193
-57	257	695	202
-82	246	718	211
-37	269	672	182
-55	269	672	182
-28	303	655	142
-63	306	673	147
-35	284	640	178
-74	305	681	156
-45	250	655	209
-41	252	667	200
-58	260	653	193
-38	267	645	186
-52	273	646	179
-39	267	636	188
-31	285	628	167
-42	317	613	133
-49	252	632	196
-24	255	596	196
-27	287	600	168
-17	323	579	128
-32	279	595	167
-21	289	588	164
-21	299	586	157
-20	275	577	183
-14	285	574	158
-26	267	589	185
-36	290	599	162
-26	303	590	143
-43	286	603	164
-39	285	585	164
-37	270	586	182
-39	259	593	190
-24	279	557	167
-16	278	554	172
-24	268	567	189
-11	275	545	183
-8	273	554	183
-11	270	535	186
-15	271	525	187
-19	298	549	153
-10	294	518	152
-5	303	514	147
-4	268	512	159
2	269	510	162
6	272	499	172
-2	275	515	167
2	277	504	177
18	292	477	154
3	275	498	178
20	269	480	186
32	289	466	169
39	308	465	147
27	268	490	187
27	262	486	198
12	265	486	191
-12	261	510	201
-13	246	540	221
-20	252	522	217
26	263	491	187
3	268	514	182
-8	251	517	214
-24	241	534	224
-22	231	519	234
-16	231	504	243
6	236	474	233
10	226	482	245
11	240	480	214
8	220	486	250
-1	208	495	269
-16	218	504	255
31	242	441	228
54	233	409	242
49	223	424	253
28	219	436	254
-10	220	460	253
30	232	422	233
-11	215	448	243
22	231	404	243
15	215	444	260
27	232	397	239
51	230	380	236
26	214	393	252
40	229	402	228
3	232	426	211
16	247	448	216
0	230	440	237
5	236	473	222
-9	225	453	235
0	219	473	242
0	212	457	246
27	226	470	235
5	206	484	257
-6	231	461	212
24	222	466	235
14	232	448	226
23	237	405	220
29	233	433	216
-1	238	478	207
-9	236	433	215
9	248	463	209
-3	249	485	206
-8	239	480	221
-12	217	454	238
13	240	453	197
-12	225	479	213
21	236	484	227
-1	212	490	253
-10	200	491	258
-19	231	468	206
31	233	444	234
15	205	479	266
-14	211	515	258
-16	229	516	239
-6	235	488	208
-31	224	530	224
-34	226	532	240
-16	222	540	235
-8	205	514	266
-12	200	517	277
-10	215	513	244
-17	226	516	221
-16	241	522	205
-25	215	539	245
-36	220	562	240
-45	223	569	240
-36	206	548	264
-19	229	535	229
-25	214	547	245
-16	220	537	246
-32	225	548	232
-39	208	558	255
-51	212	597	242
-48	217	577	253
-43	227	566	228
-51	223	590	229
-44	225	583	233
-38	223	579	241
-44	219	585	245
-39	243	577	209
-37	237	582	222
-35	219	576	247
-36	222	592	240
-40	218	598	242
-24	217	581	250
-21	229	582	232
-62	226	625	227
-39	232	607	231
-37	225	614	235
-29	224	605	232
-61	220	633	245
-46	220	622	241
-34	233	611	213
-77	236	654	223
-55	229	645	229
-16	220	631	248
-55	226	648	240
-36	215	657	250
-54	214	649	244
-46	227	666	234
-83	205	702	262
-89	227	728	233
-72	243	720	205
-82	227	712	235
-49	228	697	234
-65	219	714	229
-40	223	693	242
-77	220	729	230
-45	247	696	186
-68	236	717	218
-85	221	733	238
-73	224	719	226
-44	242	693	212
-78	217	728	245
-46	229	691	235
-74	227	719	230
-79	239	723	204
-73	222	721	244
-104	226	755	226
-65	248	714	200
-82	242	727	201
-32	235	677	218
-58	227	704	232
-41	227	673	222
-40	248	675	189
-49	239	698	213
-69	222	719	240
-28	229	673	221
-52	231	695	214
-90	235	744	227
-61	224	706	234
-62	227	701	220
-30	230	678	227
-41	236	650	207
-32	243	678	200
-50	248	696	199
-78	248	727	212
-77	232	734	227
-65	234	709	210
-73	223	721	237
-37	225	678	222
-25	225	674	236
-48	220	693	233
-26	235	673	224
-64	237	713	212
-42	234	688	206
-54	237	704	206
-47	219	693	242
-29	226	673	228
-35	254	674	175
-45	234	683	220
-62	239	699	218
-21	228	664	229
-39	223	665	238
-21	242	664	198
-39	238	633	224
-1	242	599	211
-10	222	593	239
0	227	594	234
-40	230	616	228
-34	247	602	195
-8	243	560	220
-20	249	573	197
-28	245	583	212
-10	251	556	211
-40	257	596	190
-29	256	584	198
-40	256	604	202
-32	255	580	203
-28	251	572	207
-26	257	566	188
-22	270	568	189
-41	258	596	191
-33	244	582	206
-27	251	564	200
-28	256	552	193
-33	234	586	223
-33	226	572	236
-13	242	524	221
-20	252	524	197
-24	242	538	212
-27	247	539	197
-17	255	528	185
-23	256	544	191
-16	243	523	216
-23	259	520	181
-20	249	568	201
-23	255	575	182
-25	249	578	197
-7	237	537	221
0	249	501	207
-11	252	495	196
8	259	525	178
7	254	514	191
3	261	514	191
-3	244	510	213
7	237	491	221
10	254	490	188
-7	243	514	209
9	232	488	225
-6	233	508	223
-17	236	511	211
-16	230	506	226
3	240	484	214
-10	234	495	216
-14	240	504	205
-25	243	512	204
18	230	495	218
-7	223	522	226
-19	236	534	210
-20	237	515	216
-6	231	531	219
-16	229	510	221
59	229	459	234
19	230	479	219
9	226	489	225
-11	195	537	266
-7	222	546	229
-8	223	532	228
-28	224	554	233
0	213	541	252
-4	219	530	235
-12	236	525	219
-16	236	535	226
-6	238	510	216
-11	241	518	210
-25	233	546	224
-19	221	523	237
-9	218	527	235
-17	227	522	229
-19	235	518	217
6	245	496	199
-6	249	518	208
-16	241	514	212
-11	243	510	222
-13	224	511	236
-17	229	539	230
1	231	501	231
0	236	504	225
8	249	492	215
17	261	480	201
-7	242	506	222
8	246	491	220
-6	221	514	242
13	227	487	234
10	212	504	257
19	234	481	225
11	231	488	219
3	228	497	236
5	239	493	215
14	224	481	237
11	235	490	228
20	223	477	247
6	234	481	229
0	240	489	224
5	230	469	237
-7	207	488	259
19	237	442	220
17	247	435	215
70	235	425	232
12	242	452	220
2	247	460	225
67	257	424	204
-2	262	454	204
19	270	474	194
34	282	455	181
14	255	477	211
39	249	444	216
39	250	447	213
46	251	441	217
45	268	447	195
32	251	463	212
40	242	448	221
35	245	446	222
29	227	445	240
14	248	474	211
28	227	422	240
34	231	394	229
58	215	429	246
40	231	378	218
61	233	388	222
42	241	403	216
27	254	398	197
60	253	345	206
69	229	399	232
46	239	403	223
27	239	397	221
41	226	405	234
20	248	393	207
33	234	422	227
25	234	388	227
23	243	427	211
12	235	416	223
15	214	429	255
30	241	478	208
16	227	505	230
11	217	501	249
0	229	511	238
-2	233	488	227
6	237	516	209
0	233	503	212
-13	223	523	237
-8	220	511	240
-3	219	496	241
-7	215	508	245
0	218	491	250
-3	227	488	236
-4	210	485	253
-4	210	509	251
-11	215	504	251
-8	233	479	229
4	221	483	238
-10	239	517	224
-11	219	507	243
-5	220	463	241
-13	208	511	249
-11	225	498	234
-7	220	516	236
-12	232	511	221
-26	241	537	211
-19	226	528	237
-5	234	492	224
-8	223	502	241
-5	213	497	254
-11	207	508	259
-1	218	506	243
-11	220	518	234
-5	234	501	222
-6	228	515	226
-5	228	509	225
-8	226	511	231
7	228	473	221
-1	228	494	231
-6	226	508	236
0	239	495	219
-3	241	512	222
16	227	469	230
4	224	504	227
15	232	484	214
24	232	468	219
17	230	478	235
16	248	480	213
8	245	492	215
22	235	474	228
13	244	484	216
10	231	483	231
12	235	490	223
26	250	456	203
27	246	464	215
31	244	469	219
25	250	479	214
45	241	442	219
40	237	455	224
57	240	432	218
29	223	403	239
67	231	421	226
21	233	395	230
46	244	377	203
49	242	347	209
87	263	330	191
86	240	309	221
94	236	283	232
111	228	266	240
114	223	263	240
124	230	253	225
121	215	248	250
131	226	243	246
133	216	228	258
140	221	221	252
145	212	208	264
153	211	203	265
157	210	199	264
165	207	187	268
163	193	157	282
177	183	117	299
177	176	112	301
167	183	132	305
167	176	138	304
158	171	179	307
