293	331	149	124
288	325	150	134
282	325	158	136
275	322	156	137
272	316	159	149
259	312	167	147
248	326	172	133
241	319	172	145
229	326	171	137
266	307	172	158
248	314	178	151
214	319	209	150
202	332	189	135
183	333	163	134
180	333	158	132
174	326	138	138
164	323	139	142
155	327	140	137
148	324	141	148
136	317	134	149
127	320	126	142
115	315	127	148
109	315	126	149
107	322	113	143
105	318	101	149
98	317	90	146
98	314	92	154
96	310	99	151
90	308	107	157
83	309	112	154
75	310	109	153
73	310	88	151
69	308	85	150
69	303	100	148
68	301	106	150
0	0	0	0
0	0	0	0
76	297	118	158
95	301	119	174
70	302	117	171
91	304	128	170
83	302	163	171
47	294	203	175
39	301	192	169
55	300	155	168
59	300	126	171
71	294	122	179
62	298	118	170
57	296	120	168
56	303	120	169
50	300	130	168
76	295	143	172
56	299	152	160
49	306	159	151
54	309	136	153
81	275	156	161
59	266	176	196
65	252	178	209
59	267	163	199
84	254	173	209
71	246	193	212
73	234	196	226
69	265	175	197
65	287	165	178
60	309	170	158
50	312	172	156
57	303	182	159
68	312	145	152
59	300	168	165
58	309	166	156
61	301	167	165
67	302	162	160
72	310	151	154
78	305	160	156
80	295	171	165
78	300	167	153
77	296	152	163
75	305	174	154
76	306	180	155
77	300	199	157
83	289	215	169
83	302	209	167
97	294	184	173
96	315	206	150
106	323	199	148
119	324	192	140
181	292	176	174
205	287	159	165
225	283	156	169
233	276	160	170
243	287	177	163
267	308	174	133
136	285	184	112
136	293	183	96
144	301	175	85
153	302	165	85
149	303	166	86
153	302	160	88
157	303	153	86
158	302	153	89
193	307	123	81
202	308	109	80
235	303	80	81
246	292	69	89
239	292	71	91
277	287	62	78
290	290	56	78
294	291	57	78
282	291	62	76
282	285	66	82
285	275	62	88
283	272	59	91
284	279	58	87
292	291	47	75
289	290	52	72
293	284	50	75
295	285	49	75
300	285	47	77
307	283	40	75
306	282	41	79
305	282	37	77
303	280	40	79
299	277	40	79
298	274	40	79
