0.595071
0.070610
0.070607
0.070653
0.071179
0.071746
0.071550
0.071597
0.071338
0.070831
0.070670
0.070808
0.071248
0.070478
0.070586
0.072059
0.070360
0.070379
0.070417
0.070511
0.085737
0.086196
0.085985
0.086164
0.086364
0.086397
0.073858
0.074988
0.070256
0.071144
0.070158
0.071081
0.074265
0.074647
0.070319
0.035390
0.034844
0.070736
0.070390
0.070900
0.105733
0.070523
0.070988
0.070688
0.071051
0.072652
0.070848
0.070680
0.077855
0.070556
0.073451
0.077707
0.078233
0.075887
0.080431
0.070006
0.070174
0.072677
0.070372
0.070148
0.107820
0.077156
0.078699
0.076167
0.078939
0.078634
0.084494
0.084015
0.081700
0.079761
0.079479
0.079270
0.079108
0.078587
0.079514
0.079840
0.079464
0.079748
0.080186
0.082546
0.116861
0.078596
0.080450
0.079352
0.080658
0.079480
0.078988
0.082044
0.080469
0.080584
0.079904
0.079409
0.078160
0.078238
0.077534
0.078686
0.084746
0.104010
0.090977
0.089999
0.122286
0.081737
0.080729
0.082955
0.085472
0.086813
0.086799
0.092394
0.086688
0.082867
0.093152
0.078835
0.100266
0.080626
0.085860
0.082571
0.112023
0.076172
0.074476
0.104815
0.112852
0.075732
0.077538
0.078955
