0.722527
0.079192
0.080816
0.079168
0.080533
0.081670
0.082998
0.094689
0.080977
0.079646
0.080414
0.079795
0.080161
0.080814
0.082112
0.076895
0.080023
0.081372
0.081803
0.081505
0.113913
0.082080
0.082238
0.081866
0.083714
0.082455
0.083814
0.084878
0.085907
0.086510
0.085924
0.084059
0.087711
0.083841
0.085172
0.084785
0.088769
0.087203
0.089500
0.078303
0.123278
0.086845
0.086837
0.086686
0.089622
0.090286
0.084285
0.087363
0.087057
0.087407
0.079163
0.078110
0.085258
0.078052
0.086484
0.087073
0.087898
0.084330
0.081913
0.043387
0.042953
0.044014
0.082428
0.085699
0.084225
0.043279
0.058633
0.083162
0.087798
0.076965
0.082678
0.077641
0.095153
0.105712
0.104166
0.083271
0.080453
