0.737231
0.083727
0.084143
0.086068
0.086947
0.082804
0.084680
0.085553
0.087889
0.084548
0.088031
0.082734
0.080862
0.084150
0.074521
0.084432
0.082389
0.088226
0.103574
0.080171
0.113340
0.082378
0.081743
0.080648
0.090325
0.082732
0.081438
0.080418
0.083827
0.080804
0.080071
0.081048
0.082351
0.080494
0.082714
0.075662
0.078534
0.081885
0.078083
0.078172
0.115554
0.087393
0.076157
0.083189
0.076836
0.079563
0.078813
0.073656
0.082187
0.079275
0.086551
0.079609
0.081362
0.080294
0.084498
0.081634
0.080905
0.081582
0.081998
0.079771
0.116259
0.080739
0.080665
0.079490
0.078174
0.081471
0.079256
0.081495
0.078513
0.093741
0.076441
0.080794
0.081780
0.082173
0.085499
0.080289
0.082433
0.080306
0.094394
0.080337
0.116815
0.075455
0.080074
0.106211
0.082075
0.083102
0.079854
0.082537
0.081181
0.081623
0.083863
0.081416
0.085478
0.079782
0.083653
0.082096
0.117692
0.081267
0.084660
0.079742
0.114299
0.082120
0.078831
0.080295
0.080774
0.080804
0.085093
0.074652
0.080666
0.078954
0.082050
0.082021
0.083205
0.079229
0.081648
0.081816
0.080362
0.082244
0.085672
0.085795
0.119052
0.078507
0.082334
0.083349
0.081128
0.080086
0.079408
0.086130
0.080493
0.081379
0.079601
0.085937
0.073952
0.088806
0.081980
0.082826
0.084127
0.083225
0.082434
0.081895
0.122855
0.074301
0.075169
0.078634
0.088498
0.084956
0.082392
0.084255
0.077317
0.082965
0.080179
0.080084
0.083939
0.081426
0.080412
0.080709
