0.690407
0.081368
0.078568
0.082737
0.077311
0.077515
0.079180
0.078145
0.080760
0.078422
0.083704
0.079401
0.079988
0.078507
0.079241
0.081540
0.076912
0.080053
0.080276
0.079054
0.109382
0.085982
0.079243
0.078716
0.079316
0.091669
0.072170
0.079838
0.080138
0.080124
0.079671
0.079578
0.078760
0.072720
0.073381
0.072135
0.082156
0.081324
0.079982
0.078076
0.114561
0.079044
0.080602
0.079140
0.078217
0.079410
0.078702
0.080157
0.082231
0.095862
0.077492
0.079138
0.078559
0.080414
0.078554
0.081926
0.078750
0.078285
0.081374
0.079046
0.117073
0.078093
0.084721
0.072289
0.085196
0.080028
0.078342
0.075217
0.076941
0.077393
0.079516
0.074600
0.081115
0.079182
0.078629
0.078578
0.080366
0.081028
0.077805
0.078023
0.111598
0.094757
0.082116
0.073936
0.075113
0.080010
0.076010
0.076699
0.078691
0.071231
0.076404
0.071443
0.072290
0.076914
0.077778
0.077973
0.079170
0.077573
0.077667
0.070993
0.108882
0.075511
0.075876
0.077384
0.080595
0.078621
0.078450
0.077791
0.077712
0.079269
0.077524
0.076238
0.078737
0.076949
0.076998
0.082727
0.076767
