187	245	50	52
191	242	49	49
189	240	49	50
189	228	49	49
190	224	50	50
197	218	48	50
198	215	52	50
203	212	52	50
199	213	51	48
199	210	49	50
209	210	49	48
212	208	52	50
222	204	49	50
225	203	51	51
236	202	51	51
241	200	49	50
250	197	50	48
256	195	50	48
277	194	52	48
290	193	51	47
309	189	52	50
317	187	50	51
330	185	51	51
336	184	51	50
340	181	50	49
339	180	52	49
340	180	50	50
341	179	50	52
343	179	47	49
339	180	42	50
312	184	45	47
303	184	45	48
288	185	44	48
284	185	44	48
276	185	42	46
271	181	46	48
264	177	47	50
261	177	47	49
255	178	45	47
251	174	51	52
250	171	49	56
251	170	44	60
251	171	45	55
251	172	44	52
252	173	44	49
254	171	44	49
255	168	45	48
256	167	44	47
255	165	45	47
255	163	45	48
255	162	45	47
256	161	46	46
260	158	45	44
262	158	43	46
267	154	43	46
269	153	44	48
277	151	42	46
281	150	40	45
287	147	40	46
289	146	43	47
294	144	43	46
294	141	45	46
298	138	43	45
298	136	45	47
303	134	41	46
304	132	41	47
303	134	42	45
301	135	44	44
301	135	45	44
302	133	41	44
301	133	41	44
301	130	41	46
300	129	42	44
301	129	41	45
300	128	43	42
301	127	42	44
301	126	43	43
300	126	40	42
300	126	41	41
299	126	42	41
303	127	41	40
306	128	40	42
307	129	41	42
311	130	41	43
313	132	41	41
319	133	42	41
