0.740983
0.075469
0.079249
0.085899
0.075083
0.075722
0.080269
0.084383
0.080182
0.079539
0.082330
0.079319
0.074017
0.074214
0.077303
0.076694
0.080631
0.080591
0.073562
0.080751
0.116336
0.085872
0.081168
0.080093
0.078125
0.082820
0.075606
0.078309
0.076701
0.082403
0.080261
0.073783
0.080116
0.077831
0.094764
0.080311
0.080433
0.079810
0.076697
0.077877
0.114409
0.079943
0.074541
0.082182
0.083013
0.076239
0.078650
0.076923
0.080676
0.075736
0.074960
0.075782
0.079800
0.079525
0.071842
0.072645
0.080960
0.078367
0.075458
0.080336
0.114854
0.077673
0.079118
0.082249
0.080266
0.080791
0.084537
0.082873
0.081071
0.077734
0.079975
0.080894
0.081846
0.078653
0.075983
0.076169
0.078999
0.081553
0.082246
0.075637
0.116003
0.077628
0.078786
0.080884
0.079000
0.075276
0.078367
0.076293
0.078553
0.078173
0.078508
0.078037
0.081175
0.078735
0.079018
0.079366
0.078827
0.080427
0.078999
0.083458
0.108551
0.073014
0.075287
0.081742
0.074314
0.078614
0.079788
0.079044
0.079904
0.080437
0.079233
0.072326
0.075518
0.078427
0.078505
0.079993
0.079251
0.074909
0.078979
0.079566
0.108347
0.072963
