1.659585
0.085941
0.091153
0.090837
0.091043
0.090641
0.091599
0.099287
0.091922
0.095368
0.095863
0.095636
0.091911
0.095878
0.097726
0.147332
0.092575
0.096527
0.095790
0.091824
0.098131
0.064493
0.064598
0.064414
0.092651
0.094207
0.095850
0.096221
0.096324
0.091077
0.090498
0.090565
0.091744
0.095102
0.095802
0.094185
0.095067
0.092252
0.095818
0.091795
0.222069
0.092694
0.090828
0.091038
0.090334
0.090280
0.090136
0.090154
0.090209
0.090198
0.090736
0.093544
0.090892
0.090779
0.091711
0.090978
0.091347
0.090978
0.091248
0.090749
0.217716
0.090828
0.092130
0.092273
0.090378
0.091481
0.091665
0.089756
0.089374
0.089804
0.089808
0.089627
0.089852
0.090073
0.089868
0.088996
0.089291
0.063420
0.063290
0.089733
0.215935
0.090485
0.090781
0.091005
0.090640
0.156454
0.090070
0.089361
0.090123
0.089952
0.091753
0.089412
0.089706
0.089693
0.089434
0.089524
0.089338
0.089353
0.089360
0.089878
0.216672
0.089941
0.089896
0.090616
0.092395
0.094743
0.096241
0.096884
0.095572
0.095748
0.092880
0.097491
0.095098
0.100127
0.092527
0.094576
0.092270
0.097692
0.093154
0.098949
0.226477
0.096035
0.096130
0.096496
0.105471
0.096978
0.099280
0.097369
0.098686
0.098200
0.096500
0.095657
0.105617
0.104515
0.103951
0.105163
0.101517
0.099628
0.097252
0.097403
0.226899
0.094452
0.091315
0.090608
0.091089
0.091288
0.090834
0.091232
0.091528
0.091047
0.095077
0.094843
0.098215
0.096280
0.094939
0.093852
0.095167
0.094144
0.095073
0.094323
0.217160
0.090766
0.090162
0.090815
0.091278
0.090585
0.091164
0.090734
0.091111
0.090218
0.092502
0.089865
0.090065
0.090148
0.090241
0.090482
0.091218
0.090934
0.091742
0.091438
0.218682
0.091780
0.096551
0.090955
0.090589
0.090727
