1.382729
0.098134
0.090667
0.090135
0.090819
0.089968
0.090647
0.090101
0.090200
0.064435
0.064340
0.064661
0.090335
0.065328
0.090565
0.090873
0.091086
0.091357
0.091556
0.143060
0.143786
0.091571
0.091610
0.090794
0.091214
0.090769
0.146869
0.090497
0.091193
0.092986
0.089956
0.090812
0.151823
0.151618
0.152532
0.153750
0.089905
0.089805
0.089828
0.089906
0.090975
0.090215
0.157373
0.156279
0.090479
0.155457
0.156415
0.155914
0.089599
0.156203
0.089792
0.156598
0.089825
0.089544
0.090085
0.090318
0.089977
0.090286
0.090531
0.090245
0.216848
0.091117
0.091396
0.091769
0.090712
0.090521
0.091492
0.091070
0.158844
0.157946
0.090755
0.091620
0.091396
0.089856
0.089570
0.089915
0.090492
0.091284
0.091008
0.091075
0.218701
0.090920
0.089924
0.089237
0.089607
0.090465
0.089758
0.089807
0.089695
0.089621
0.089919
0.089750
0.090135
0.089732
0.089672
0.089691
0.089491
0.089174
0.089639
0.089384
0.216872
0.089588
0.089122
0.089002
0.089489
0.088866
0.089673
0.089084
0.090433
0.090282
0.089437
0.090502
0.090879
0.091262
0.090262
0.089474
0.090588
0.063211
0.088992
0.089355
0.216312
0.089665
0.089582
0.089592
0.089494
0.091616
0.090525
0.089929
0.090124
0.090282
0.089979
0.090015
0.091074
0.092877
0.089922
0.090172
0.090235
0.090747
0.089504
0.089612
0.216631
0.157418
0.090735
0.090084
0.090793
0.090840
0.090779
0.091131
0.092270
0.090609
0.090477
0.090297
0.090976
0.091370
0.091010
0.091468
0.092047
0.092933
0.092410
0.092355
0.219193
0.095168
0.093209
0.094717
0.094949
0.095858
0.095126
0.093848
0.095973
0.092581
0.092071
0.092169
0.091670
0.091999
0.091409
0.091659
0.091671
0.092471
0.092691
0.092796
0.220813
0.094551
0.094656
0.095439
0.095806
