0.314217
0.036622
0.036425
0.036200
0.036440
0.036120
0.036296
0.036478
0.038264
0.036645
0.036777
0.036460
0.037025
0.036432
0.036347
0.036171
0.036662
0.036687
0.037049
0.036721
0.065119
0.037481
0.037137
0.036858
0.037136
0.037028
0.036992
0.037528
0.036868
0.036858
0.036935
0.036794
0.036715
0.036718
0.036780
0.037176
0.037218
0.037986
0.036888
0.037207
0.070198
0.037227
0.036986
0.037157
0.037084
0.037159
0.037785
0.037953
0.037704
0.037620
0.037761
0.037636
0.038153
0.037963
0.037761
0.037918
0.038235
0.037894
0.039620
0.037945
0.070479
0.037452
0.037408
0.037462
0.037468
0.037465
0.037699
0.037378
0.037719
0.037410
0.037733
0.037349
0.037894
0.037519
0.037773
0.037373
0.036944
0.036834
0.037033
0.036877
0.070214
0.037762
0.037671
0.037061
0.037148
0.037504
0.037102
0.036882
0.037677
0.038625
0.037652
0.037659
0.037820
0.037983
0.037910
0.037535
0.037662
0.037614
0.037562
0.037598
0.070462
0.037357
0.037554
0.037905
0.037494
0.037362
0.037407
0.037133
0.037073
0.037412
0.037293
0.036920
0.036849
0.036849
0.036525
0.036766
0.036605
0.036660
0.036600
0.037055
0.069631
0.036650
0.036465
0.036954
0.036614
0.036642
0.036143
0.036715
0.035926
0.035905
0.036186
0.035987
0.036218
0.035827
0.036088
0.037915
0.036435
0.036251
0.036393
0.036461
0.069566
0.036482
0.036931
0.037039
0.037324
0.037442
0.037320
0.037143
0.037546
0.037245
0.037319
0.036670
0.036820
0.036773
0.036987
0.036560
0.037153
0.036466
0.036473
0.036458
0.069915
0.036884
0.036620
0.037015
0.037497
0.037462
0.037270
0.037427
0.038017
0.037575
0.038529
0.037759
0.037497
0.038031
0.037179
0.037847
0.037326
0.038556
0.038820
0.038570
0.072357
0.038841
0.038668
0.039274
0.038950
0.039097
0.038874
0.039026
0.039079
0.039247
0.039152
0.039045
0.038756
0.037433
0.038853
0.038869
0.038934
0.038819
0.039532
0.038138
0.071123
0.038145
0.037923
0.045311
0.038728
0.038755
0.038825
0.038706
0.038779
0.038925
0.038959
0.038930
0.039073
0.038777
0.038772
0.038830
0.038948
0.038810
0.039186
0.038826
0.072578
0.038844
0.038970
0.039072
0.038246
0.038830
0.039244
0.039524
0.037512
0.037195
0.037305
0.037279
0.037248
0.037282
0.037548
0.037621
0.038246
0.038954
0.038136
0.038393
0.071570
0.038152
0.038391
0.038352
0.038267
0.038301
0.038292
0.038224
0.038057
0.038143
0.038269
0.038054
0.038338
0.038403
0.038204
0.038392
0.038129
0.038071
0.038611
0.039222
0.072324
0.039001
0.039397
0.039155
0.038504
0.039177
0.039148
0.038937
0.037460
0.037394
0.037493
0.037507
0.037469
0.037456
0.037507
0.037513
0.037519
0.037483
0.037338
0.037138
0.070353
0.037686
0.037995
0.038057
0.037858
0.039026
0.038649
0.038633
0.038254
0.038507
0.038849
0.038472
0.038577
0.038671
0.038481
0.038662
0.038358
0.038549
0.038615
0.038264
0.071624
0.038659
0.038366
0.038378
0.038424
0.038240
0.038696
0.038553
0.038423
0.038221
0.038344
0.038360
0.038300
0.038334
0.038280
0.038220
0.038341
0.038154
0.038344
0.038426
0.071571
0.038640
0.038800
0.038457
0.038360
0.037946
0.037762
0.037668
0.037939
0.037614
0.037653
0.037622
0.037714
0.037740
0.037611
0.037496
0.037758
0.037928
0.037879
0.037988
0.071009
0.037677
0.037850
0.037872
0.037748
0.038408
0.038052
0.037868
0.037788
0.037718
0.038114
0.038471
0.038350
0.038667
0.038612
0.038276
0.037878
0.037995
0.037601
0.037966
0.070512
0.037462
0.037942
0.038192
0.037811
0.037018
0.037252
0.037024
0.037563
0.037601
0.037609
0.038052
0.037762
0.037880
0.037337
0.037591
0.037932
0.038032
0.037604
0.037511
0.070906
0.037703
0.037702
0.037262
0.037507
0.037721
0.037476
0.037468
0.037404
0.036984
0.036924
0.037345
0.037145
0.037548
0.037320
0.038067
0.036911
0.036932
0.037266
0.037138
0.070071
0.037379
0.037242
0.037427
0.037682
0.037749
0.037691
0.039207
0.037848
0.038274
0.038373
0.038411
0.038561
0.038074
0.038001
0.037590
0.037667
0.037055
0.037481
0.037924
0.071952
0.038511
0.037312
0.036875
0.036887
0.036925
0.037120
0.039670
0.037856
0.039160
0.037379
0.037439
0.037341
0.037154
0.037731
0.037303
0.037616
0.037424
0.037162
0.037390
0.070224
0.037860
0.037538
0.037179
0.037059
0.037045
0.037164
0.037193
0.037236
0.036793
0.036580
