0.310884
0.037225
0.037075
0.036920
0.037110
0.036972
0.037099
0.037081
0.037407
0.036961
0.037296
0.036988
0.037029
0.036857
0.036520
0.037082
0.036870
0.036937
0.036924
0.036720
0.064918
0.036901
0.036846
0.036884
0.036932
0.036969
0.036704
0.036897
0.036989
0.036900
0.036484
0.036506
0.036563
0.036345
0.036470
0.036775
0.036767
0.036763
0.037080
0.037195
0.070204
0.037162
0.036605
0.036539
0.036697
0.036667
0.036630
0.036797
0.036737
0.036717
0.036553
0.036737
0.036856
0.036733
0.036752
0.037062
0.036630
0.036967
0.036639
0.036968
0.069701
0.036579
0.037052
0.036617
0.036892
0.037673
0.036774
0.036869
0.036610
0.036604
0.036537
0.036853
0.036867
0.036937
0.036814
0.037004
0.036920
0.036976
0.037083
0.036637
0.070438
0.037280
0.037072
0.037326
0.038758
0.037134
0.037193
0.036954
0.036914
0.037001
0.036666
0.036575
0.036915
0.036530
0.036975
0.036918
0.036888
0.036817
0.037525
0.037434
0.070558
0.037543
0.037590
0.037824
0.037390
0.038368
0.037421
0.037298
0.036811
0.036774
0.036865
0.036890
0.037017
0.039326
0.037124
0.036951
0.037079
0.036893
0.036740
0.036855
0.070372
0.037043
0.037185
0.037320
0.037105
0.037117
0.037173
0.037535
0.036990
0.037054
0.037145
0.037215
0.037059
0.036462
0.036429
0.036355
0.036319
0.036317
0.036298
0.036329
0.069981
0.036467
0.036644
0.036605
0.036852
0.036600
0.036583
0.036688
0.036805
0.037039
0.036607
0.036569
0.036767
0.037067
0.036950
0.037894
0.036890
0.036967
0.037041
0.036939
0.070452
0.037035
0.036732
0.037574
0.037293
0.037273
0.037428
0.037452
0.037260
0.037692
0.037205
0.037331
0.037274
0.037334
0.037117
0.037730
0.036697
0.036938
0.036996
0.036691
0.070318
0.036958
0.036623
0.036583
0.036530
0.036499
0.036604
0.036725
0.036680
0.036694
0.037177
0.036919
0.036759
0.036884
0.036685
0.036680
0.036659
0.036735
0.036796
0.036677
0.069799
0.037063
0.037025
0.037177
0.037045
0.036624
0.037019
0.037162
0.036819
0.036968
0.036954
0.036777
0.037794
0.037259
0.037204
0.037492
0.037428
0.037463
0.037779
0.037626
0.070695
0.037480
0.037518
0.037685
0.037523
0.037554
0.037681
0.037512
0.037429
0.037549
0.037336
0.036719
0.037005
0.036915
0.037051
0.036920
0.037182
0.037184
0.037291
0.037828
0.069911
0.037048
0.036738
0.036996
0.037144
0.036810
0.037955
0.037312
0.038072
0.037809
0.037746
0.037975
0.037759
0.037167
0.037894
0.037223
0.037113
0.037819
0.037153
0.037246
0.070264
0.038067
0.036954
0.037327
0.037034
0.036979
0.037389
0.037205
0.037233
0.037053
0.037152
0.037220
0.037298
0.037090
0.037189
0.037345
0.037122
0.037328
0.037136
0.037096
0.070217
0.037020
0.036938
0.037432
0.037423
0.037650
0.037240
0.037231
0.038555
0.037220
0.037131
0.037384
0.037096
0.037097
0.037347
0.037179
0.037201
0.037266
0.037111
0.037238
0.070278
0.037084
0.037139
0.036903
0.036719
