0.316556
0.038749
0.038377
0.038456
0.038372
0.038200
0.038149
0.038316
0.038071
0.037611
0.037561
0.039040
0.037513
0.039732
0.039326
0.039367
0.039963
0.039040
0.038863
0.039493
0.068538
0.039880
0.037646
0.040096
0.038543
0.038521
0.038594
0.038379
0.038280
0.037874
0.037311
0.038836
0.039017
0.038812
0.038809
0.038792
0.038756
0.038380
0.038339
0.038690
0.071997
0.037929
0.038399
0.037380
0.037557
0.037457
0.037648
0.037631
0.037583
0.037895
0.037977
0.037638
0.037742
0.037959
0.037872
0.037771
0.037643
0.037363
0.037087
0.038099
0.070606
0.037529
0.036851
0.036759
0.036731
0.036966
0.037249
0.042625
0.038064
0.043151
0.044126
0.038268
0.038457
0.038844
0.038543
0.038639
0.039115
0.039420
0.039448
0.039521
0.073185
0.039469
0.039492
0.039413
0.039749
0.039295
0.039359
0.039818
0.037838
0.039656
0.039048
0.039526
0.039486
0.039956
0.037668
0.037897
0.038118
0.037635
0.040333
0.039854
0.073123
0.039726
0.039806
0.039519
0.037677
0.037313
0.038950
0.043805
0.046548
0.043316
0.041831
0.040029
0.038643
0.039604
0.039339
0.038750
0.039822
0.038936
0.037502
0.037793
0.070761
0.037513
0.038098
0.038570
0.038719
0.038811
0.038973
0.038514
0.038198
0.038276
0.037827
0.037772
0.037793
0.038665
0.038085
0.038033
0.038898
0.039390
0.039364
0.040046
0.071823
0.037881
0.037965
0.038267
0.038147
0.037894
0.037997
0.037751
0.039913
0.039798
0.044320
0.039469
0.039157
0.039484
0.039258
0.040125
0.039711
0.039696
0.039766
0.039556
0.073964
0.039655
0.039974
0.039841
0.038311
0.037822
0.038378
0.037637
0.037756
0.037791
0.038116
