0.315384
0.037921
0.037360
0.037373
0.038896
0.038854
0.039042
0.038898
0.038715
0.038807
0.038717
0.039596
0.038893
0.039063
0.039340
0.038881
0.038798
0.038797
0.038626
0.039223
0.067345
0.038611
0.038490
0.037502
0.038070
0.038202
0.038326
0.037897
0.037830
0.037895
0.037622
0.037755
0.036757
0.036920
0.038210
0.036885
0.037205
0.036471
0.054230
0.054716
0.069986
0.036771
0.036760
0.036902
0.037158
0.037228
0.037163
0.037500
0.037730
0.037166
0.037159
0.037892
0.018811
0.018910
0.038189
0.037734
0.037733
0.037523
0.037747
0.036209
0.069072
0.036169
0.036007
0.036021
0.036286
0.036261
0.036231
0.036426
0.036485
0.036544
0.036719
0.037226
0.037301
0.037110
0.036959
0.036911
0.036611
0.036610
0.036699
0.036879
0.070276
0.037410
0.037040
0.036817
0.037778
0.037009
0.036893
0.037080
0.037242
0.037374
0.037187
0.037213
0.037133
0.037313
0.038625
0.037080
0.037000
0.036978
0.036759
0.036920
0.070186
0.036620
0.036702
0.036644
0.036553
0.036836
0.036635
0.036680
0.036949
0.036860
0.037231
0.036641
0.036648
0.036754
0.036997
0.037034
0.036871
0.036999
0.037656
0.036898
0.070006
0.036713
0.036768
0.036831
0.036676
0.036953
0.036800
0.036491
0.036221
0.036194
0.036114
0.036217
0.036376
0.036397
0.036418
0.036202
0.036197
0.036533
0.036879
0.037035
0.070258
0.036949
0.037201
0.036897
0.036730
0.036544
0.036418
0.036285
0.036285
0.036401
0.036128
0.036446
0.036147
0.036101
0.036371
0.036032
0.035868
0.036317
0.036342
0.036058
0.069340
0.036614
0.036862
0.036974
0.037082
0.036835
0.037142
0.037264
0.037506
0.037612
0.037272
