0.310812
0.036908
0.036856
0.036878
0.038301
0.037184
0.037053
0.037082
0.037032
0.036562
0.036930
0.036856
0.036697
0.036084
0.036013
0.036163
0.036233
0.036478
0.036558
0.036264
0.069515
0.036307
0.036494
0.036353
0.036297
0.036322
0.036206
0.036168
0.037951
0.036611
0.036426
0.053236
0.053118
0.036051
0.053216
0.036086
0.036084
0.036050
0.036071
0.036708
0.069269
0.040659
0.036330
0.036359
0.036155
0.036204
0.036296
0.036521
0.036174
0.036107
0.036163
0.036237
0.036141
0.036123
0.036445
0.036139
0.035967
0.037554
0.036164
0.036344
0.069925
0.036031
0.036028
0.036097
0.036027
0.036134
0.036284
0.036089
0.036301
0.036406
0.036263
0.036037
0.036039
0.036026
0.036195
0.036171
0.036315
0.036188
0.036073
0.036158
0.069196
0.036203
0.036088
0.036052
0.036232
0.035957
0.036075
0.037368
0.041024
0.036293
0.035928
0.036338
0.035919
0.035777
0.053278
0.036017
0.053323
0.036019
0.035940
0.035827
0.068826
0.035845
0.035916
0.035900
0.035895
0.018786
0.035959
0.035877
0.036155
0.036370
0.036398
0.036432
0.036395
0.036372
0.035824
0.036452
0.036474
0.036607
0.036414
0.036381
0.069753
0.036396
0.036697
0.036533
0.036509
0.036355
0.036433
0.036407
0.036432
0.036456
0.036391
0.036564
0.036379
0.036588
0.036443
0.036670
0.036407
0.036479
0.036383
0.036408
0.070548
0.036697
0.036577
0.036888
0.036620
0.037117
0.036987
0.036249
0.036103
0.035804
0.035964
0.035914
0.035964
0.035849
0.036933
0.037524
0.036432
0.036695
0.036543
0.036455
0.069830
0.035894
0.038977
0.036498
0.036503
0.036329
0.036446
0.036248
0.036035
0.035960
0.035871
0.036059
0.035734
0.035846
0.035951
0.036063
0.035977
0.036374
0.036196
0.036014
0.070845
0.036023
0.036427
0.035102
0.036864
0.036538
0.036291
0.036526
0.036357
0.036284
0.036173
0.036427
0.036333
0.036916
0.036459
0.036448
0.038051
0.036324
0.036170
0.036190
0.070884
0.037111
0.038306
0.037287
0.037155
0.037055
0.037323
0.037144
0.018710
0.036698
0.018646
0.018656
0.018618
0.018737
0.018682
0.018623
0.018689
0.018623
0.018750
0.036986
0.069936
0.036948
0.036783
0.036870
0.036663
0.036692
0.036737
0.036371
0.036059
0.036074
