0.308926
0.036672
0.036714
0.036709
0.036611
0.036431
0.036429
0.035990
0.040171
0.037765
0.039664
0.039629
0.043010
0.039708
0.040095
0.036360
0.041583
0.039844
0.042483
0.039499
0.069676
0.038463
0.040722
0.041163
0.036667
0.036551
0.036631
0.036282
0.039575
0.039742
0.043025
0.037944
0.037604
0.039141
0.039363
0.037365
0.037412
0.037721
0.037647
0.037384
0.072221
0.039968
0.039866
0.044088
0.038991
0.039894
0.042386
0.037905
0.037432
0.037581
0.037516
0.037511
0.038550
0.041392
0.038845
0.042787
0.036197
0.036114
0.036097
0.036026
0.069607
0.036047
0.036062
0.036251
0.037623
0.038608
0.036776
0.037038
0.036892
0.036813
0.036065
0.036257
0.036126
0.037817
0.035966
0.036371
0.036498
0.036117
0.036083
0.036133
0.069413
0.036227
0.036153
0.036218
0.037277
0.037100
0.036938
0.037000
0.036938
0.037002
0.036871
0.036720
0.037082
0.037014
0.036832
0.036860
0.036791
0.036930
0.036818
0.036992
0.070168
0.036697
0.036584
0.036882
0.036739
0.036758
0.036821
0.036719
0.036843
0.036677
0.036572
0.036612
0.036072
0.036049
0.035800
0.035980
0.036007
0.035919
0.035966
0.035829
0.069243
0.035819
0.035744
0.036089
0.035709
0.035956
0.035630
0.035861
0.035799
0.036011
0.035776
0.037189
0.035892
0.035909
0.035957
0.036085
0.035953
0.035957
0.035653
0.035679
0.068914
0.035721
0.035780
0.035765
0.035785
0.035913
0.035713
0.018193
0.035907
0.035706
0.035650
0.036192
0.035803
0.035806
0.036163
0.035718
0.035860
0.018274
0.036030
0.035646
0.069197
0.035806
0.035672
0.035728
0.037571
0.036234
0.035969
0.035698
0.036008
0.035874
0.035767
0.035783
0.036007
0.035818
0.035806
0.035644
0.036017
0.035883
0.035895
0.036806
0.069049
0.035892
0.035671
0.035622
0.053073
0.035823
0.035833
0.035816
0.035655
0.036251
0.035885
0.035677
0.035879
0.035708
0.036318
0.036241
0.036237
0.036341
0.036326
0.036429
0.069626
0.036350
0.036383
0.036393
0.036346
0.036210
0.036242
0.038085
0.036587
0.036336
0.036452
0.036359
0.036340
0.036433
0.036599
0.036966
0.036433
0.036458
0.036339
0.036342
0.069552
0.036447
0.036502
0.036619
0.036458
0.036325
0.036389
0.036454
0.036345
0.036452
0.036531
0.035859
0.036033
0.035887
0.036099
0.036000
0.035855
0.035888
0.034720
0.053384
0.068939
0.035922
0.035959
0.035788
0.018062
0.053492
0.035688
0.035709
0.035874
0.035777
0.053115
0.055358
0.037487
0.036770
0.036560
0.036879
0.036813
0.036576
0.036444
0.037254
0.069643
0.036707
0.036715
0.036803
0.036611
0.036577
0.037528
0.036683
0.036998
0.037916
0.036976
0.036775
0.038168
0.037088
0.037893
0.036953
0.036757
0.036804
0.036273
0.036505
0.069674
0.036080
0.036194
0.036081
0.036289
0.036751
0.036381
0.036192
0.036049
0.036739
0.035889
0.035684
0.053330
0.053509
0.035313
0.037382
0.035797
0.018111
0.018141
0.018115
0.018142
0.018475
0.018171
0.018118
0.018209
0.018137
0.018170
0.018104
0.018143
0.018139
0.018150
0.018114
0.018246
0.018140
0.035912
0.035829
0.036014
0.035910
0.035678
0.036278
0.068999
0.035800
0.035861
0.035649
0.035973
0.036092
0.035646
0.035835
0.035736
0.035902
0.035954
0.036048
0.036220
0.036390
0.036921
0.036825
