0.309845
0.036924
0.036644
0.036931
0.036003
0.036332
0.036063
0.036154
0.036109
0.036278
0.036148
0.036132
0.036074
0.038342
0.039117
0.036725
0.036729
0.036834
0.036866
0.036670
0.066160
0.037063
0.037001
0.036579
0.036437
0.037014
0.036839
0.036700
0.036837
0.037136
0.036826
0.036654
0.036205
0.036377
0.036074
0.037997
0.036296
0.035938
0.036025
0.036238
0.069182
0.035983
0.036066
0.036057
0.035849
0.035939
0.035929
0.036156
0.035814
0.036216
0.036260
0.036188
0.035904
0.036134
0.036108
0.035994
0.035949
0.035831
0.035900
0.035957
0.069415
0.036880
0.035947
0.037575
0.036020
0.036057
0.036283
0.040966
0.038410
0.038979
0.036878
0.036852
0.036036
0.035975
0.035878
0.037744
0.037554
0.037854
0.037547
0.038207
0.069415
0.036034
0.036237
0.035740
0.036020
0.037391
0.036641
0.036651
0.036628
0.036546
0.036590
0.036669
0.036439
0.038092
0.036626
0.036774
0.036792
0.037467
0.037833
0.038564
0.071539
0.037533
0.038001
0.037448
0.037652
0.037475
0.038287
0.037571
0.038035
0.037642
0.037756
0.037750
0.037905
0.037946
0.037996
0.040026
0.036861
0.037172
0.036962
0.036341
0.035581
0.037706
0.037018
0.036892
0.036949
0.038670
0.036970
0.036792
0.037197
