0.312967
0.037095
0.037226
0.037101
0.036833
0.039154
0.036702
0.037904
0.037931
0.038005
0.036201
0.036197
0.036173
0.036408
0.036321
0.036220
0.036199
0.036220
0.036167
0.036282
0.064816
0.036741
0.036714
0.036805
0.037100
0.037013
0.036800
0.035476
0.036848
0.037917
0.037969
0.037768
0.038312
0.038267
0.037956
0.037945
0.038302
0.037088
0.037245
0.037357
0.070358
0.037174
0.037273
0.037894
0.037830
0.036517
0.038271
0.038033
0.037809
0.038142
0.038221
0.038341
0.038655
0.037274
0.038847
0.038547
0.038486
0.038719
0.038646
0.038697
0.070564
0.038745
0.039191
0.037965
0.037727
0.037995
0.038608
0.038488
0.039221
0.039015
0.054660
0.055694
0.037734
0.037778
0.037931
0.038234
0.037994
0.056442
0.038018
0.056079
0.071865
0.038682
0.038798
0.037794
0.037923
0.037035
0.037185
0.037414
0.037573
0.038372
0.036401
0.036923
0.038144
0.037020
0.036926
0.037037
0.037046
0.036881
0.036722
0.036735
0.070845
0.038136
0.056469
0.056355
0.055880
0.037342
0.038116
0.038257
0.056408
0.038072
0.038192
0.038373
0.038646
0.038257
0.037890
0.038601
0.038620
0.038810
0.037761
0.038474
0.071991
0.038665
0.038263
0.038318
0.037835
0.038339
0.038244
0.037854
0.039368
0.037228
0.037244
0.037334
0.036847
0.039248
0.039036
0.038867
0.038797
0.039013
0.038115
0.038519
0.071823
0.038630
0.038556
0.038817
0.042572
0.038658
0.038462
0.038921
0.036989
0.036818
0.038976
0.039500
0.037752
0.037996
0.037880
0.038143
0.036698
0.038478
0.038435
0.038418
0.072129
0.038434
0.038132
0.038110
0.038398
0.038015
0.038633
0.038090
0.036810
0.038954
0.038708
0.037663
0.038337
0.039003
0.037705
0.037676
0.037591
0.037866
0.038273
0.037157
0.070453
0.037233
0.037120
0.037065
0.036811
0.036922
0.037811
0.045644
0.036573
0.036812
0.036687
0.036747
0.036773
0.037103
0.036894
0.036772
0.037053
0.036874
0.036882
0.037445
0.070831
0.037297
0.037157
0.037229
0.039039
0.042142
0.037449
0.038544
0.045083
0.046631
0.047077
0.038534
0.037640
0.037475
0.037699
0.037596
0.039020
0.038234
0.038765
0.038170
0.071317
0.039703
0.042517
0.043018
0.038259
0.037462
0.037253
0.037345
0.037411
0.037110
0.037272
0.037129
0.037685
0.036995
0.037040
0.037352
0.039199
0.036688
0.036681
0.036915
0.071477
0.038478
0.044067
0.036653
0.036701
0.036999
0.036468
0.036409
0.036296
0.036000
0.036021
0.035972
0.036091
0.036064
0.036084
0.036469
0.036203
0.037230
0.036043
0.036202
0.069838
0.036446
0.036361
0.036370
0.036419
0.038033
0.037191
0.036857
0.036763
0.036954
0.038646
0.036662
0.036710
0.036752
0.036904
0.036232
0.036534
