0.311198
0.037065
0.036912
0.036959
0.036998
0.037027
0.036966
0.036865
0.037031
0.037047
0.037327
0.036932
0.037024
0.036968
0.036961
0.036554
0.036959
0.038092
0.037215
0.037099
0.065514
0.036959
0.037073
0.037278
0.037320
0.037270
0.037153
0.037300
0.037288
0.037513
0.036856
0.036871
0.037970
0.037092
0.037113
0.037221
0.037194
0.037730
0.037822
0.037951
0.071513
0.038425
0.036012
0.039014
0.038750
0.039017
0.036921
0.037249
0.037184
0.036913
0.036862
0.036787
0.036889
0.036879
0.038950
0.039249
0.038803
0.038548
0.055383
0.037676
0.070671
0.037360
0.037096
0.037209
0.036868
0.036948
0.036945
0.037686
0.036449
0.036233
0.038433
0.038198
0.037665
0.037276
0.037526
0.037030
0.037259
0.037445
0.037971
0.038069
0.070900
0.037894
0.037626
0.037463
0.037550
0.020144
0.020457
0.020161
0.020139
0.020125
0.020143
0.020337
0.020228
0.020129
0.020162
0.020103
0.020251
0.020128
0.020097
0.020114
0.020144
0.020122
0.020198
0.020121
0.020146
0.020168
0.020171
0.020214
0.020197
0.037796
0.019840
0.019928
0.019830
0.019824
0.019836
0.019863
0.019841
0.019800
0.037408
0.037662
0.070811
0.037752
0.037359
0.037265
0.037117
0.037329
0.037561
0.037533
0.036794
0.036832
0.037412
0.037455
0.037151
0.037055
0.037306
0.037183
0.036850
0.036819
0.036661
0.036708
0.069975
0.036790
0.036574
0.036531
0.036504
0.037432
0.036678
0.036815
0.037117
0.037046
0.037527
