0.314136
0.036165
0.036089
0.035689
0.035801
0.035998
0.035721
0.035918
0.035984
0.035945
0.036027
0.036036
0.036222
0.036186
0.036059
0.036299
0.036415
0.036300
0.036277
0.036145
0.065173
0.036262
0.036117
0.036364
0.036237
0.036334
0.036431
0.036507
0.036258
0.037314
0.036265
0.036156
0.036394
0.036395
0.036911
0.036777
0.036699
0.036230
0.035876
0.039364
0.070082
0.036572
0.036683
0.036428
0.036324
0.036380
0.036600
0.036652
0.036379
0.036590
0.036065
0.035794
0.035835
0.035924
0.035789
0.035811
0.035859
0.036011
0.035815
0.035851
0.069246
0.035924
0.036362
0.037235
0.035825
0.035823
0.036976
0.040438
0.036060
0.036066
0.036043
0.035852
0.036205
0.036505
0.036350
0.036475
0.036292
0.035834
0.035921
0.035791
0.069016
0.035868
0.036061
0.035893
0.036432
0.038057
0.036397
0.036447
0.036474
0.036684
0.036539
0.036509
0.036538
0.036893
0.036404
0.036559
0.036401
0.036581
0.036491
0.036271
0.069576
0.036753
0.036758
0.036838
0.037551
0.036595
0.036371
0.036379
0.036413
0.036425
0.037971
0.039514
0.036745
0.036670
0.036594
0.036489
0.036374
0.036240
0.036657
0.036649
0.069752
0.036632
0.036525
0.036417
0.035874
0.036102
0.036078
0.035938
0.035837
0.035837
0.035903
0.035955
0.036165
0.041694
0.036166
0.036280
0.036035
0.035908
0.036403
0.035810
0.069456
0.035946
0.036144
0.036170
0.036185
0.035838
0.036083
0.035906
0.035882
0.035944
0.036735
0.041620
0.035811
0.036090
0.036057
0.035986
0.035802
0.035867
0.035901
0.036226
0.069435
0.036137
0.035763
0.036164
0.035811
0.035933
0.035929
0.035715
0.035833
0.035756
0.035758
0.035899
0.035860
0.036044
0.036098
0.036183
0.036039
0.035954
0.035919
0.035918
0.069178
0.035899
0.037672
0.038649
0.036624
0.036626
0.036846
0.036672
0.037890
0.036641
0.036537
0.036661
0.036759
0.036659
0.036956
0.036746
0.037202
0.036794
0.036775
0.036558
0.070198
0.036975
0.036925
0.036929
0.036813
0.036980
0.037007
0.036883
0.036932
0.036844
0.036862
0.036764
0.036752
0.037025
0.036917
0.037448
0.036620
0.038162
0.036865
0.036782
0.069948
0.036534
0.036623
0.036477
0.036401
0.036493
0.036447
0.036314
0.036157
0.036407
0.036334
0.036218
0.036042
0.036154
0.036283
0.036486
0.036170
0.036092
0.036137
0.036265
0.069796
0.036251
0.036293
0.036358
0.036280
0.036345
0.036043
0.036116
0.036221
0.036084
0.036114
0.036416
0.036188
0.036320
0.036595
0.036020
0.036442
0.036215
0.036352
0.036121
0.069588
0.036485
0.036143
0.036017
0.036295
0.036066
0.036029
0.037519
0.037352
0.036544
0.036899
0.036090
0.039432
0.036574
0.036721
0.037037
0.036339
0.036119
