0.314540
0.036546
0.036308
0.036121
0.036295
0.036264
0.036126
0.036846
0.036282
0.036376
0.036552
0.036593
0.036500
0.036333
0.036636
0.036442
0.036359
0.036374
0.036334
0.036307
0.064651
0.018903
0.018942
0.036349
0.036550
0.036325
0.036343
0.036263
0.036360
0.018822
0.018851
0.018890
0.036411
0.018835
0.018791
0.018827
0.018861
0.018900
0.018858
0.018829
0.018774
0.018844
0.019191
0.036889
0.036784
0.036708
0.036812
0.018682
0.053609
0.036586
0.036763
0.036644
0.036618
0.036851
0.036651
0.036654
0.036782
0.036718
0.036660
0.036734
0.070049
0.036921
0.036698
0.036827
0.038607
0.036741
0.036810
0.036733
0.038173
0.055517
0.055701
0.037110
0.055743
0.038089
0.037854
0.037938
0.037993
0.037912
0.038073
0.038076
0.071328
0.037816
0.038583
0.038052
0.037893
0.038065
0.037818
0.037808
0.038014
0.037760
0.037881
0.037823
0.037849
0.037960
0.037742
0.038205
0.037857
0.037738
0.037907
0.038038
0.071230
0.037782
0.038073
0.037972
0.037982
0.037839
0.038230
0.037763
0.037869
0.038398
0.055890
0.038043
0.037805
0.037930
0.037966
0.038162
0.038189
0.038011
0.038036
0.039179
0.070121
0.036927
0.037091
0.038327
0.038040
0.036985
0.037689
0.037872
0.037770
0.037826
0.038045
0.037685
0.037885
0.037818
0.037875
0.037845
0.037794
0.038035
0.037150
0.036875
0.071378
0.037909
0.038067
0.038004
0.038491
0.038267
0.038160
0.038244
0.038161
0.038154
0.037931
0.038380
0.038186
0.040632
0.042963
0.041950
0.037737
0.018575
0.018689
0.019998
0.018603
0.018578
0.018577
0.018597
0.018561
0.018574
0.018602
0.018624
0.018606
0.018595
0.018589
0.018584
0.018692
0.018580
0.018627
0.018558
0.018604
0.018622
0.018589
0.018574
0.018600
0.018603
0.018539
0.018564
0.018588
0.018577
0.018552
0.018647
0.018572
0.018579
0.018595
0.018572
0.018585
0.018646
0.018633
0.018639
0.018617
0.019454
0.019440
0.019408
0.019365
0.019413
0.019419
0.019464
0.019434
0.019404
0.019454
0.019363
0.019395
0.019408
0.019503
0.019410
0.019400
0.019400
0.019416
0.039059
0.039336
0.039591
0.039653
0.039771
0.073713
0.057675
0.057009
0.056291
0.038602
0.038705
0.038456
0.038450
0.038608
0.038468
0.038266
0.038400
0.038750
0.039028
0.039175
0.039134
0.039076
0.039749
0.039569
0.038849
0.072960
0.039177
0.039179
0.039351
0.039135
0.039212
0.039017
0.039382
0.039485
0.039976
0.040382
0.038103
0.038085
0.038289
0.038638
0.038445
0.038754
0.037223
0.037291
0.037314
0.070579
0.037305
0.037068
0.036774
0.036627
0.036549
0.036446
0.036516
0.036400
0.036566
0.036164
0.036358
0.036468
0.036325
0.039083
0.039115
0.039177
0.039133
0.038980
0.039270
0.072859
0.039056
0.038976
0.037248
0.039998
0.039823
0.040063
0.039911
0.039879
0.040111
0.039834
0.040281
0.039592
0.039913
0.040107
0.039636
0.040177
0.039888
0.040059
0.039912
0.073406
0.041102
0.039755
0.039753
0.039562
0.039451
0.039437
0.039316
0.039376
0.039780
0.039623
0.039183
0.039279
0.039085
0.039213
0.039187
0.039358
