0.312513
0.040616
0.036811
0.037558
0.036760
0.036734
0.036609
0.036802
0.036805
0.036699
0.036653
0.036686
0.036742
0.036764
0.037049
0.036747
0.036932
0.036732
0.036915
0.018941
0.018947
0.018872
0.018897
0.018974
0.018947
0.018898
0.018871
0.019014
0.018891
0.018863
0.018874
0.018891
0.018952
0.018934
0.018920
0.018887
0.018914
0.018936
0.018945
0.018883
0.018852
0.018844
0.019014
0.018964
0.018914
0.018869
0.018890
0.018844
0.018897
0.018882
0.018906
0.018899
0.019591
0.018891
0.018908
0.018899
0.018887
0.018929
0.018924
0.018893
0.019186
0.018939
0.018957
0.018885
0.018965
0.018887
0.018889
0.018885
0.018914
0.018854
0.018892
0.018941
0.018902
0.018905
0.018873
0.018909
0.018924
0.018870
0.018880
0.019235
0.018918
0.018888
0.018878
0.018869
0.018924
0.018872
0.018885
0.018870
0.018878
0.018942
0.018910
0.018924
0.018893
0.018885
0.018886
0.018882
0.018930
0.018923
0.018905
0.018884
0.018897
0.018940
0.018882
0.018889
0.018924
0.018910
0.018945
0.018905
0.018911
0.018873
0.018955
0.018871
0.018889
0.018887
0.018943
0.019000
0.018903
0.018897
0.018904
0.018904
0.018920
0.018909
0.018939
0.018940
0.018886
0.018911
0.018927
0.018874
0.018894
0.019032
0.018927
0.019109
0.018875
0.018904
0.018935
0.018914
0.018947
0.018864
0.018924
0.018883
0.018936
0.018914
0.018873
0.018929
0.018913
0.019175
0.018900
0.018883
0.018898
0.018919
0.018885
0.018892
0.018971
0.018898
0.018896
0.019098
0.018873
0.018902
0.018857
0.018911
0.019119
0.018895
0.018907
0.018892
0.018947
0.018884
0.018898
0.018900
0.018889
0.018909
0.018920
0.018913
0.018970
0.018954
0.018914
0.018910
0.018995
0.018928
0.018998
0.019181
0.018891
0.018881
0.018942
0.018913
0.018906
0.018930
0.018906
0.018889
0.018910
0.018905
0.018898
0.018902
0.018889
0.018898
0.018924
0.019007
0.019063
0.018905
0.018890
0.018927
0.018932
0.018923
0.018882
0.018894
0.018896
0.018872
0.018941
0.018931
0.018925
0.018916
0.018912
0.018897
0.018898
0.018896
0.018922
0.018922
0.018898
0.018898
0.018888
0.018927
0.018879
0.018920
0.018904
0.018907
0.018938
0.018878
0.018947
0.018896
0.018868
0.018934
0.018931
0.018893
0.018867
