0.324250
0.037161
0.036983
0.037749
0.037034
0.037029
0.036803
0.036857
0.036723
0.036785
0.036783
0.036808
0.036907
0.037024
0.036921
0.037777
0.036769
0.036851
0.036878
0.036874
0.064931
0.036915
0.038106
0.036975
0.037203
0.037286
0.036988
0.036967
0.036936
0.036935
0.036731
0.036276
0.036117
0.036280
0.036301
0.036216
0.036230
0.036191
0.036252
0.034761
0.069729
0.036546
0.036252
0.036417
0.036328
0.036169
0.036359
0.036470
0.036418
0.036357
0.038304
0.043838
0.037106
0.037077
0.036859
0.036890
0.037012
0.036806
0.036870
0.037145
0.070397
0.037141
0.036882
0.036855
0.036863
0.035455
0.036997
0.036807
0.036791
0.037089
0.036999
0.036752
0.036867
0.037065
0.036865
0.036865
0.036747
0.036913
0.036806
0.036882
0.070308
0.037042
0.036833
0.036953
0.036747
0.037205
0.036926
0.036840
0.036931
0.037195
0.036895
0.036895
0.036969
0.036868
0.036790
0.036813
0.036785
0.036683
0.036724
0.036764
0.070250
0.036863
0.036737
0.036742
0.036845
0.036803
0.036835
0.038198
0.036736
0.036844
0.036837
0.036970
0.036848
0.036516
0.036456
0.036322
0.036349
0.036215
0.036330
0.036470
0.069858
0.036354
0.036428
0.037261
0.036931
0.036885
0.036793
0.036969
0.036906
0.036902
0.037002
0.036591
0.036309
0.036227
0.036341
0.036165
0.036035
0.035937
0.036111
0.036165
0.069061
0.035982
0.036590
0.036313
0.035893
0.035959
0.036130
0.035961
0.035830
0.035914
0.035975
0.036082
0.036388
0.036083
0.053623
0.053463
0.053656
0.035426
0.053629
0.055433
0.054187
0.054640
0.036909
0.036729
0.036595
0.036648
0.036594
0.036848
0.036844
0.053462
0.035779
0.053553
0.036120
0.053489
0.053465
0.054304
0.054386
0.036562
0.054061
0.036424
0.054329
0.036779
0.036516
0.036592
0.036628
0.036652
0.036637
0.036662
0.036656
0.036667
0.036410
0.036301
0.036044
0.036191
0.036476
0.034821
0.036336
0.036577
0.036462
0.036178
0.069746
0.036317
0.036338
0.036286
0.036323
0.036539
0.036651
0.036459
0.036538
0.036314
0.036330
0.036642
0.036212
0.036525
0.036608
0.036236
0.036179
0.036241
0.036105
0.053922
0.069674
0.036471
0.036211
0.036384
