0.312685
0.037807
0.037885
0.038004
0.037902
0.037814
0.037466
0.037495
0.037497
0.037781
0.037523
0.037566
0.037431
0.037762
0.037360
0.037354
0.037091
0.037152
0.037080
0.037021
0.065279
0.036894
0.036928
0.036797
0.037146
0.037459
0.037223
0.036971
0.037238
0.037307
0.037257
0.037635
0.037662
0.038135
0.037778
0.038104
0.038713
0.038371
0.038023
0.038275
0.071265
0.038225
0.037941
0.037932
0.038445
0.038527
0.038662
0.038684
0.038573
0.038583
0.038677
0.036527
0.038488
0.036494
0.036410
0.036371
0.036508
0.037659
0.036994
0.037248
0.070294
0.036329
0.036527
0.036222
0.038576
0.038547
0.038581
0.038719
0.038610
0.038780
0.038644
0.038897
0.036411
0.038709
0.038286
0.038046
0.038012
0.037938
0.038116
0.038313
0.071318
0.037964
0.037730
0.037893
0.038002
0.039329
0.038473
0.038833
0.038859
0.038665
0.038772
0.038984
0.038842
0.038813
0.038506
0.038612
0.038885
0.038485
0.038396
0.038437
0.071576
0.038220
0.038415
0.038745
0.038676
0.038798
0.038624
0.039045
0.039127
0.038758
0.038739
0.038909
0.038843
0.038842
0.038293
0.038263
0.038587
0.038589
0.038678
0.036567
0.069906
0.036789
0.036366
0.036736
0.036645
0.036598
0.036565
0.037177
0.036397
0.037073
0.036421
0.036147
0.039038
0.038763
0.038996
0.038313
0.037949
0.039259
0.038979
0.038374
0.071463
0.037976
0.037685
0.037589
0.038089
0.038416
0.037810
0.037907
0.037951
0.037750
0.038291
0.038547
0.038309
0.038157
0.038258
0.038170
0.038533
0.038238
0.038292
0.038236
0.071338
0.038161
0.038141
0.038239
0.038177
0.038185
0.038234
0.038217
0.038429
0.038333
0.038549
0.038855
0.038799
0.038861
0.039223
0.039088
0.038818
0.038570
0.038423
0.038431
0.071560
0.038279
0.038374
0.038129
0.038508
0.037663
0.037512
0.038163
0.037890
0.037906
0.037613
0.037288
0.037578
0.037575
0.037791
