193	132	55	69
192	139	58	61
193	135	53	67
192	137	54	66
188	142	54	64
181	142	61	66
175	142	66	65
175	143	71	64
164	143	74	68
157	145	79	70
147	150	81	69
143	158	77	65
145	168	73	61
140	174	75	56
151	187	73	54
155	191	71	53
154	189	73	55
143	178	77	61
136	167	80	64
126	147	81	72
118	132	84	75
117	128	78	69
117	127	76	71
120	129	74	71
240	80	74	81
250	82	73	79
254	85	74	81
277	100	69	77
282	97	71	76
291	95	75	79
290	99	81	78
289	101	82	83
291	107	83	79
283	113	80	79
268	123	84	78
252	134	84	83
243	146	81	80
224	160	84	81
194	174	82	79
183	177	83	84
185	178	80	78
195	172	81	81
201	165	84	78
231	140	86	73
232	143	86	75
232	148	86	71
229	149	85	72
228	148	88	71
235	151	86	68
243	146	89	70
240	142	86	70
247	120	87	70
243	123	86	70
237	131	85	70
231	148	87	70
222	163	87	74
211	173	90	73
208	176	90	73
210	177	88	72
210	179	90	73
211	183	86	69
210	188	83	67
211	195	82	68
208	198	80	71
205	199	84	76
201	199	85	78
199	196	88	77
198	195	84	78
190	191	85	74
182	182	86	73
169	170	89	73
166	166	81	69
162	158	80	68
240	213	88	80
240	205	90	82
237	194	88	82
228	188	87	81
230	190	87	83
231	200	87	84
237	216	86	82
240	221	86	84
244	230	90	83
253	234	91	90
252	242	88	90
249	273	82	85
252	276	77	86
251	279	69	89
254	283	70	85
248	279	76	87
247	277	72	89
247	276	74	89
249	277	76	87
263	272	74	89
321	240	76	81
323	236	82	79
323	237	79	76
317	234	80	77
317	233	77	79
318	235	74	76
288	235	77	83
276	236	79	86
273	238	77	82
274	240	74	84
260	243	79	87
250	249	76	87
212	260	77	91
208	260	75	92
203	261	80	89
208	262	77	87
213	256	79	90
214	251	86	89
220	245	91	89
229	238	89	95
227	233	97	109
232	231	102	104
244	225	91	93
248	224	93	82
255	215	92	82
258	208	90	84
260	204	87	84
260	197	89	85
259	197	89	82
260	196	86	80
259	200	88	77
257	211	89	76
258	221	90	73
256	230	84	74
258	287	82	74
257	293	81	76
253	296	83	83
253	299	83	83
249	297	86	82
243	297	87	77
237	291	86	80
235	287	86	76
230	282	86	78
228	274	84	81
224	267	87	84
228	261	87	84
233	255	88	86
234	254	89	81
239	254	87	81
247	250	88	85
252	248	89	83
256	246	91	82
260	238	88	80
264	233	86	75
261	224	88	72
261	220	84	71
259	215	82	70
256	211	80	67
252	207	77	68
245	203	74	63
241	201	70	62
234	198	76	60
221	195	79	64
213	197	79	58
202	201	81	60
187	208	81	65
177	216	80	67
168	227	83	76
163	236	85	76
161	245	87	69
161	247	88	68
165	242	84	69
170	239	79	67
175	230	81	77
191	176	83	72
194	168	77	68
199	160	74	56
201	154	73	55
202	150	75	57
202	149	79	59
194	182	82	58
193	179	79	64
191	175	83	69
192	172	82	67
193	173	80	73
194	173	82	77
194	175	84	86
196	176	82	79
197	172	87	89
205	170	89	91
211	169	84	80
224	167	78	73
228	166	80	64
236	162	75	60
240	157	75	63
243	158	75	59
245	160	75	58
246	164	72	63
246	174	71	62
246	184	72	61
244	190	72	61
240	190	72	60
236	186	74	64
232	184	71	63
226	187	72	60
224	193	73	63
222	202	73	66
218	213	74	64
216	215	78	64
211	209	79	69
208	203	78	71
204	200	78	68
197	198	79	67
195	199	81	67
191	196	80	70
187	187	82	73
184	181	81	69
180	167	82	69
177	160	80	70
175	154	78	68
171	147	80	67
168	135	80	69
164	125	79	69
162	122	80	68
159	108	79	75
156	97	77	67
152	88	78	69
146	82	81	70
146	78	79	64
144	79	79	63
144	84	80	65
141	97	79	66
137	107	82	73
139	121	81	70
137	131	83	70
133	132	82	70
125	132	83	70
121	135	85	72
113	140	87	74
106	145	86	71
99	151	87	72
94	160	88	76
85	170	90	80
80	176	94	80
75	184	93	87
72	191	94	87
67	196	94	89
67	210	99	88
69	216	95	94
63	229	102	93
64	231	98	95
58	231	95	98
56	232	95	95
45	234	94	92
34	230	98	95
25	226	94	94
10	216	97	96
0	210	97	96
6	199	80	88
4	185	79	86
7	175	78	87
23	158	76	85
9	152	88	87
7	145	95	84
9	142	95	77
15	136	94	84
