349	269	200	117
348	266	204	116
354	270	193	113
357	265	195	115
352	269	200	120
358	263	191	118
359	264	191	125
361	258	190	126
360	251	194	132
360	259	194	129
359	251	201	134
359	255	196	133
360	244	199	133
362	250	196	140
362	247	197	135
362	238	204	138
360	237	202	144
368	232	194	147
370	232	195	142
368	227	199	151
368	222	205	149
369	221	206	154
371	213	209	157
368	226	199	155
378	219	198	154
373	216	203	158
377	205	209	164
374	200	208	171
376	199	198	171
382	194	200	176
379	194	202	165
383	190	196	177
380	192	191	175
386	192	196	172
378	193	201	180
387	190	193	176
387	188	195	177
395	181	191	177
395	177	191	180
399	178	192	180
395	174	198	179
392	173	201	183
399	177	200	180
401	172	195	181
403	174	202	181
400	172	204	182
403	168	203	186
403	175	215	180
412	174	207	182
406	171	210	184
409	165	211	190
417	165	193	188
422	164	192	192
408	163	215	189
414	161	208	193
415	163	208	187
416	166	211	185
415	166	205	186
415	168	208	185
417	170	205	182
414	173	209	179
412	176	213	177
418	175	214	174
429	173	204	174
428	176	202	163
425	168	209	165
431	170	201	161
429	177	206	139
423	181	210	139
427	180	203	155
435	186	199	148
438	183	195	153
434	186	199	152
434	191	199	147
433	195	201	142
436	196	196	145
437	192	195	151
436	181	199	160
447	171	191	165
440	162	199	180
445	167	187	171
439	160	199	176
439	165	195	176
451	163	184	177
440	157	194	186
460	178	176	154
456	171	184	159
452	171	183	170
461	176	173	159
450	178	190	146
460	176	178	150
462	175	174	151
458	171	179	146
448	170	191	137
463	139	177	175
452	131	182	177
461	138	175	183
466	127	168	203
461	131	172	197
465	127	169	201
464	127	170	202
460	141	172	184
466	147	170	183
463	140	171	200
460	160	173	173
466	172	174	160
456	180	182	156
472	178	168	165
460	172	176	181
468	168	167	178
469	178	168	161
469	180	169	157
458	171	180	172
462	167	176	177
472	170	166	170
464	174	172	147
465	169	171	146
467	163	173	169
471	169	163	149
474	170	164	150
470	172	169	155
474	168	161	172
465	175	171	153
452	172	189	174
453	166	187	179
469	155	168	191
442	145	195	203
456	152	178	189
459	170	176	163
461	168	181	175
475	169	160	169
479	174	157	155
481	174	155	165
486	181	148	146
483	182	153	167
483	189	154	152
484	195	153	140
492	191	140	163
489	185	145	165
486	186	151	163
482	178	155	168
480	181	157	157
482	175	153	173
486	181	151	161
486	186	150	143
485	184	151	163
484	191	152	157
488	190	147	166
483	182	153	166
483	178	152	163
480	176	157	178
477	180	161	163
474	180	163	159
479	183	158	143
469	179	170	164
472	184	165	144
463	180	174	165
464	185	174	164
463	184	172	157
467	178	172	165
476	192	161	148
469	184	168	157
483	187	153	163
478	180	158	166
482	181	155	160
476	181	161	159
482	191	156	132
482	201	158	116
480	194	159	125
486	202	152	119
485	208	154	108
483	206	155	109
491	207	153	101
481	204	163	106
484	203	154	115
488	201	151	129
487	196	151	125
481	197	158	111
481	199	159	112
479	195	158	115
477	187	162	129
480	182	158	134
475	184	164	145
478	183	158	134
477	185	161	128
479	184	162	120
481	187	156	130
479	187	158	128
480	189	157	129
477	186	158	122
480	185	151	135
475	185	160	136
474	179	159	129
473	184	158	128
475	184	156	134
466	181	163	126
465	184	161	130
468	185	154	120
468	189	152	123
464	188	148	117
457	187	162	124
449	181	162	128
446	182	161	131
443	182	160	124
437	184	167	127
434	182	165	127
426	175	174	144
432	179	154	126
432	183	153	128
427	183	161	140
420	181	169	129
414	176	173	144
407	173	169	144
406	173	171	140
402	172	167	158
396	166	170	151
388	166	181	155
392	169	166	157
390	170	169	140
379	167	182	162
380	165	171	155
369	166	187	167
378	165	164	159
367	167	174	169
369	162	169	165
355	165	174	175
361	164	174	169
362	168	165	164
360	169	158	159
352	166	171	162
359	164	153	162
354	165	157	178
352	170	157	156
340	172	168	165
346	172	160	161
338	173	163	147
329	170	171	163
326	173	163	160
327	171	152	163
320	168	153	158
313	170	149	164
312	172	146	151
306	172	148	151
297	165	158	180
300	172	145	166
291	171	146	161
287	172	144	142
274	171	145	137
263	172	155	137
255	175	162	140
252	169	166	145
245	168	164	151
242	165	169	161
240	165	160	162
223	170	171	139
227	174	173	146
220	165	176	159
211	167	173	164
210	168	169	158
203	171	174	150
203	173	173	152
206	171	163	148
187	168	179	152
170	159	191	182
186	159	168	177
165	162	189	169
155	163	186	169
174	165	163	168
161	161	171	174
147	163	182	170
158	167	170	165
147	159	170	172
151	159	171	182
149	165	164	167
147	166	160	166
141	162	162	173
135	167	169	164
130	157	169	171
129	167	161	158
125	166	164	152
118	166	170	165
118	169	161	158
113	167	164	153
111	171	162	152
110	169	165	153
112	175	158	140
101	171	164	153
92	170	176	156
92	169	177	157
91	172	175	154
87	169	171	157
79	166	177	168
84	161	169	168
81	168	171	159
77	169	170	161
77	166	167	163
73	170	174	159
75	171	163	156
73	166	165	161
73	169	165	156
69	168	166	159
72	173	163	149
70	168	171	159
71	165	160	161
72	166	162	159
73	171	156	157
72	169	162	152
70	172	158	153
72	173	163	149
71	168	161	158
72	172	155	152
75	174	151	151
73	176	164	142
70	170	167	158
72	172	163	155
75	167	164	157
72	165	163	162
70	164	183	161
75	162	170	161
76	159	162	162
76	152	176	172
79	145	180	184
82	155	174	178
98	147	158	169
102	130	164	183
103	132	170	189
100	137	169	183
103	133	165	189
97	137	172	185
84	129	185	190
102	132	161	186
109	135	154	179
109	128	155	183
113	128	151	181
112	125	161	186
116	140	152	174
115	144	156	168
112	147	162	165
118	139	156	175
113	152	158	163
123	128	142	189
121	130	150	184
126	128	139	186
129	124	141	196
138	130	123	191
141	147	118	173
145	154	114	165
143	122	116	184
142	116	114	189
147	128	107	177
150	134	117	167
151	143	112	160
157	151	106	153
155	120	111	179
171	113	105	186
171	119	104	185
170	113	99	185
170	113	101	185
171	115	99	183
172	119	97	181
172	115	103	185
174	122	97	180
174	122	103	183
175	122	101	185
180	123	111	186
184	136	115	168
188	125	117	179
189	126	125	177
193	120	129	179
197	121	126	174
196	120	132	176
203	118	118	179
202	118	118	170
202	114	117	171
199	126	128	165
198	125	130	173
202	116	126	182
202	117	131	180
204	118	126	177
203	122	127	171
199	120	137	174
202	118	133	176
205	119	130	177
207	117	121	173
196	119	144	183
197	132	136	166
190	133	148	158
190	130	136	154
189	131	135	149
187	144	136	136
183	159	138	123
182	165	129	116
181	167	124	115
181	174	127	107
180	173	129	108
180	173	131	111
181	176	128	108
185	177	127	104
184	175	123	107
183	177	133	106
185	178	126	102
183	179	134	102
185	175	138	107
187	174	141	115
192	171	145	116
195	173	149	115
206	170	148	123
232	164	131	136
231	169	142	126
234	172	143	113
230	170	149	127
233	169	151	122
228	170	158	134
232	169	157	133
238	168	162	131
230	164	170	136
238	166	171	136
232	167	188	140
235	166	191	143
239	165	192	149
234	160	203	146
239	163	200	149
239	160	203	151
243	161	202	147
272	162	177	126
279	160	173	136
292	159	162	144
303	157	158	144
320	160	141	131
327	159	138	121
331	162	136	112
332	160	136	115
335	159	135	121
337	159	133	123
339	160	132	118
345	158	123	119
338	159	131	121
337	162	134	119
336	164	135	117
340	167	126	110
336	167	130	106
333	164	132	111
340	168	125	110
333	168	133	119
334	167	134	106
337	169	131	100
340	157	132	122
337	153	141	130
337	154	141	125
336	154	141	117
341	159	131	112
341	155	133	117
339	156	136	121
344	155	130	116
332	154	144	116
333	155	146	118
334	151	144	124
342	153	134	120
345	153	129	119
347	154	128	119
356	154	116	119
355	152	117	122
354	153	119	118
353	152	120	119
350	151	128	119
353	150	123	120
354	150	122	120
352	149	127	122
353	152	126	118
356	153	121	116
357	152	121	120
348	153	134	116
349	153	129	116
346	152	134	117
349	152	129	117
351	154	125	123
353	151	126	119
354	152	125	114
348	155	131	115
348	151	129	121
353	150	123	121
346	151	134	118
350	153	128	120
349	152	127	116
349	152	128	120
349	153	127	119
342	154	138	116
350	155	128	116
344	146	135	123
349	150	126	119
350	148	122	121
348	147	130	122
348	150	130	123
355	151	120	119
355	155	121	115
351	157	125	112
350	157	127	112
347	157	128	110
352	151	122	122
355	153	120	117
355	152	122	117
356	154	120	115
349	155	129	116
347	149	132	127
357	150	120	123
349	149	133	129
352	157	127	113
354	157	126	114
358	157	121	113
360	156	117	112
355	153	124	119
351	149	126	122
358	151	119	118
357	153	120	115
355	149	123	123
357	147	119	125
359	147	118	127
359	147	119	124
355	147	123	125
363	150	112	117
362	151	113	119
361	149	116	117
360	148	121	124
362	149	123	123
362	148	132	127
367	148	126	123
374	148	127	119
382	148	130	121
384	146	131	123
387	146	122	124
385	148	133	121
392	146	122	124
397	147	118	120
395	148	126	121
399	148	124	122
399	149	127	121
402	147	124	123
404	148	120	123
403	148	124	125
397	147	135	128
405	149	123	123
402	149	131	125
404	147	125	123
406	150	124	118
401	146	131	126
404	146	124	126
406	150	122	122
403	148	128	126
406	148	121	121
402	146	125	129
402	148	123	121
402	148	123	124
401	149	127	123
403	148	122	123
395	146	135	126
400	146	124	124
398	147	126	122
398	148	126	124
400	150	126	123
403	151	120	118
399	148	126	124
399	148	127	122
400	148	129	126
405	149	121	123
400	151	129	124
397	152	131	119
396	149	134	123
395	149	133	123
391	148	139	126
395	149	134	126
399	151	127	126
397	151	128	119
395	153	135	122
396	152	136	127
402	152	129	123
398	149	134	124
403	152	127	120
398	149	133	127
398	150	133	127
402	150	126	126
400	150	129	125
396	151	131	125
397	153	130	126
404	154	121	129
409	157	114	123
406	154	116	129
402	152	119	132
403	155	117	129
408	154	112	132
400	149	120	140
405	153	115	135
406	155	114	132
403	153	115	137
403	155	113	134
402	159	115	131
400	158	116	131
393	156	120	131
396	155	114	136
395	154	114	136
397	156	112	134
392	159	118	128
389	155	120	132
385	154	123	131
382	154	129	138
389	155	125	134
386	157	129	130
388	156	139	131
390	156	143	126
395	156	134	126
394	155	135	128
398	157	131	126
395	159	137	124
395	157	135	125
393	157	142	132
392	155	140	135
391	155	149	145
385	159	154	140
391	160	145	137
388	158	150	140
389	161	154	137
394	163	143	131
391	165	152	128
386	159	155	136
382	160	161	141
389	162	150	142
388	161	154	142
392	164	147	138
391	162	151	140
389	163	152	145
393	165	149	141
393	167	152	144
395	167	149	138
396	170	152	139
394	166	153	143
392	168	155	143
398	171	154	142
390	168	161	155
399	173	149	146
398	177	153	145
392	173	160	150
388	173	168	159
388	170	167	159
389	175	169	157
392	176	165	150
389	176	167	155
384	174	175	158
386	177	169	156
391	181	165	153
387	180	173	151
387	181	170	150
386	181	171	156
384	181	172	153
381	179	178	156
379	181	178	157
382	183	174	153
378	181	185	158
380	183	180	159
382	184	181	155
374	182	188	157
382	185	176	156
379	183	184	157
377	184	187	156
380	187	179	158
376	181	181	162
369	185	193	160
375	186	186	161
373	184	188	164
373	185	186	163
372	184	187	163
369	181	192	167
367	182	199	164
375	185	179	164
375	180	183	168
367	184	197	167
373	185	192	165
369	182	196	167
373	182	186	168
373	180	188	170
370	186	184	158
370	185	190	165
372	184	190	162
369	184	193	162
370	185	196	163
369	186	196	163
376	181	186	174
373	186	191	160
379	189	185	159
382	190	183	160
375	187	192	166
370	187	202	167
365	188	197	159
363	192	209	160
369	192	198	161
364	191	210	160
365	191	206	164
355	190	219	178
356	194	207	155
359	193	215	164
356	194	212	160
354	195	215	161
354	197	210	153
348	194	222	172
348	191	233	162
345	189	228	179
349	190	224	157
350	189	228	169
350	191	225	155
348	190	225	165
348	192	219	144
352	195	212	155
345	192	219	157
348	196	211	157
346	207	219	144
350	241	218	119
341	247	220	130
338	253	216	139
345	251	196	169
307	257	206	191
289	293	197	160
299	300	182	144
