0.311849
0.036708
0.036457
0.036515
0.036580
0.036637
0.036641
0.036635
0.037165
0.037464
0.037411
0.037468
0.037507
0.037428
0.037494
0.037476
0.037535
0.038363
0.037501
0.037617
0.065382
0.038900
0.036965
0.039203
0.039905
0.039951
0.039185
0.039097
0.039154
0.039108
0.039200
0.039227
0.039047
0.039079
0.039087
0.039325
0.043011
0.039219
0.040013
0.039191
0.077901
0.038690
0.037539
0.037483
0.037336
0.037428
0.037306
0.037782
0.037484
0.037492
0.037490
0.037451
0.037399
0.037601
0.037587
0.037555
0.037567
0.037394
0.037563
0.037633
0.072804
0.036321
0.037214
0.037121
0.036978
0.036853
0.036891
0.036803
0.037676
0.037790
0.038178
0.037762
0.037637
0.037771
0.038077
0.037611
0.037606
0.037760
0.036779
0.037858
0.070149
0.036985
0.036892
0.036889
0.036825
0.036894
0.037734
0.037597
0.038135
0.037612
0.038043
0.037464
0.037631
0.037558
0.037586
0.037648
0.036983
0.036880
0.036987
0.036927
0.070181
0.036329
0.037228
0.037370
0.036259
0.037323
0.037176
0.036881
0.036952
0.036119
0.037180
0.037015
0.036911
0.037689
0.037863
0.038095
0.037613
0.037643
0.038974
0.037512
0.070732
0.037575
0.037131
0.036887
0.036732
0.036547
0.036280
0.037538
0.036177
0.037203
0.037181
0.037020
0.037194
0.037047
0.036657
0.036865
0.037116
0.036654
0.037012
0.036785
0.070125
0.036858
0.036892
0.036866
0.036762
0.036967
0.037415
0.037383
0.037881
0.037425
0.037856
0.037616
0.037201
0.037096
0.036699
0.037663
0.036601
0.037709
0.037703
0.037591
0.070884
0.037413
0.037831
0.037411
0.037542
0.037426
0.037437
0.037315
0.037044
0.037254
0.036308
0.036253
0.036421
0.036132
0.036320
0.036519
0.036561
0.036397
0.036460
0.036256
0.069854
0.036680
0.036489
0.036789
0.036952
0.036551
0.036436
0.036421
0.036510
0.036620
0.036429
0.036566
0.036494
0.036811
0.036469
0.036602
0.036636
0.036630
0.036579
0.036356
0.069902
0.036594
0.036673
0.036632
0.036837
0.036533
0.036613
0.036635
0.036467
0.036596
0.036580
0.036627
0.036737
0.036711
0.036752
0.036910
0.036961
0.036985
0.036800
0.036831
0.070514
0.036822
0.037155
0.036825
0.037032
0.037032
0.037217
0.037207
0.036892
0.036742
0.036801
0.036762
0.037255
0.037396
0.037471
0.037638
0.037422
0.037642
0.037693
0.037535
0.071030
0.037503
0.037384
0.037547
0.037562
0.037392
0.037517
0.037195
0.037218
0.037383
0.037455
0.037685
0.037369
0.037663
0.037456
0.037412
0.037387
0.037624
0.037674
0.037596
0.070630
0.036942
0.037478
0.037776
0.036707
0.037656
0.037056
0.037885
0.037539
0.037789
0.037570
0.037151
0.037035
0.037111
0.036931
0.036924
0.036941
0.036908
0.037021
0.037069
0.070071
0.036903
0.036885
0.036812
0.036788
0.036793
0.036918
0.036847
0.036984
0.036845
0.036728
0.038019
0.036945
0.037059
0.037013
0.037370
0.036934
0.037421
0.037808
0.037581
0.070705
0.037605
0.037644
0.037603
0.037501
0.037344
0.037459
0.037396
0.037578
0.037423
0.037356
0.037363
0.036729
0.036768
0.036962
0.036850
0.036770
0.036990
0.037045
0.036938
0.070322
0.037094
0.036395
0.037121
0.036809
0.037127
0.036257
0.037125
0.037023
0.036172
0.036279
0.037061
0.036964
0.037005
0.037019
0.036989
0.036906
0.037243
0.036954
0.036860
0.070393
0.036934
0.036806
0.036869
0.036875
0.036924
0.036563
0.036574
0.036531
0.036681
0.036431
0.037350
0.037517
0.036436
0.036490
0.036564
0.036675
0.036621
0.036488
0.036505
0.069632
0.036489
0.036377
0.036528
0.036719
0.037254
0.037125
0.037227
0.037117
0.036671
0.036684
0.036723
0.036735
0.036602
0.036987
0.036598
0.036675
0.036863
0.036586
0.036664
0.070326
0.036734
0.036872
0.036734
0.036779
0.036935
0.036774
0.036763
0.036620
0.036587
0.036582
0.036417
0.036579
0.038728
0.038640
0.038660
0.036372
0.038658
0.038451
0.038825
0.072191
0.038394
0.038549
0.036584
0.036550
0.036525
0.036711
0.036700
0.036568
0.036523
0.036562
0.036592
0.036510
0.036782
0.036726
0.036619
0.036837
0.036940
0.037031
0.037143
0.070426
0.037534
0.037807
0.038009
0.037978
0.037444
0.037506
0.037743
0.037707
0.037212
0.037400
0.037100
0.037077
0.037224
0.037208
0.038548
0.037758
0.036528
0.036549
0.037160
0.072918
0.039232
0.037182
0.039416
0.037201
0.040842
0.046812
0.044183
0.042408
0.042238
0.044754
0.044404
0.037158
0.037133
0.037117
0.037379
0.037195
0.037327
0.037495
0.037363
0.071169
0.039079
0.039557
0.039273
0.039325
0.037214
0.037610
0.040408
0.036412
0.037823
0.038737
0.038694
0.036620
0.036328
0.036436
0.036584
0.036491
0.036453
0.038812
0.036346
0.069836
0.036560
0.036536
0.036486
0.036415
0.036441
0.036393
0.036513
0.036374
0.036454
0.036412
0.036236
0.036518
0.036417
0.038737
0.038931
0.038699
0.038691
0.038844
0.036319
0.072262
0.038724
0.038789
0.036495
0.036578
0.036580
0.036348
0.038803
0.038649
0.038607
0.038662
0.036709
0.036437
0.038666
0.040692
0.038273
0.039057
0.038296
0.038315
0.038604
0.079109
0.040900
0.047271
0.038281
0.040522
0.038618
0.038340
0.041282
0.043752
0.042183
0.039423
0.043208
0.038490
0.045884
0.042270
0.038262
0.040082
0.040590
0.043972
0.043262
0.076531
0.039086
0.041677
0.043952
0.042666
0.042884
0.041532
0.039665
0.038192
0.037857
0.037530
0.037156
0.036485
0.036545
0.036585
0.036404
0.036394
0.036489
0.036546
0.036450
0.072080
0.036472
0.036421
0.036384
0.036591
0.036598
0.036540
0.036447
0.036309
0.036639
0.037182
0.040987
0.040999
0.037492
0.037147
0.037090
0.039211
0.041027
0.042117
0.039821
0.072340
0.038696
0.044204
0.042524
0.041342
0.047671
0.038409
0.042923
0.044208
0.038015
0.037423
0.037419
0.037309
0.036249
0.036655
0.036559
0.036469
0.036545
0.036564
0.036514
0.069825
0.036420
0.036463
0.036528
0.036627
0.036617
0.036611
0.036605
0.036661
0.036626
0.036685
0.036453
0.036507
0.036515
0.036708
0.036761
0.036772
0.036784
0.036864
0.036766
0.070038
0.036564
0.036666
0.036700
0.036813
0.036766
0.036833
0.036669
0.036739
0.036915
0.037563
0.036741
0.037146
0.036940
0.036835
0.037062
0.036818
0.036923
0.036777
0.036711
0.070117
0.037148
0.037081
0.037071
0.036865
0.036969
0.037142
0.036997
0.037040
0.037065
0.036837
0.036996
0.037016
0.037128
0.037154
0.037037
0.037125
0.037455
0.037150
0.037189
0.070386
0.037100
0.037185
0.037055
0.037260
0.037241
0.037140
0.037173
0.037122
0.037090
0.036422
0.036192
0.037155
0.037199
0.036206
0.037341
0.036412
0.037323
0.036421
0.037299
0.071072
0.037748
0.040095
0.037085
0.036987
0.037158
0.037706
0.037666
0.037712
0.036954
0.037160
0.038042
0.036922
0.037133
0.037070
0.037047
0.037111
0.036972
0.036928
0.036385
0.069758
0.036347
0.036493
0.036493
0.036677
0.036437
0.036436
0.036317
0.036397
0.037129
0.037184
0.036433
0.036289
0.037255
0.037036
0.037044
0.037209
0.036525
0.036519
0.037348
