0.322042
0.036601
0.036385
0.036526
0.037131
0.036644
0.036540
0.036678
0.036508
0.037120
0.037075
0.036827
0.036357
0.036431
0.036554
0.036543
0.036600
0.036386
0.036811
0.036460
0.064474
0.036364
0.036289
0.036339
0.036243
0.036591
0.036418
0.036757
0.036238
0.036427
0.036602
0.036428
0.036559
0.036328
0.036482
0.036584
0.036482
0.036511
0.036597
0.037014
0.069849
0.036652
0.036747
0.036668
0.036663
0.036474
0.036761
0.036358
0.036455
0.036896
0.036742
0.036985
0.036719
0.037025
0.036901
0.037530
0.037543
0.037537
0.037419
0.037642
0.071108
0.037727
0.037767
0.037438
0.037244
0.037522
0.037472
0.037714
0.037555
0.037321
0.037343
0.038330
0.037277
0.037347
0.037148
0.037035
0.036841
0.036716
0.036829
0.037046
0.071341
0.036689
0.036921
0.036719
0.036625
0.036297
0.036602
0.036758
0.036542
0.036487
0.036543
0.036574
0.036727
0.036622
0.036743
0.036568
0.036641
0.036811
0.036862
0.036894
0.070407
0.036858
0.036598
0.036722
0.036704
0.036994
0.036926
0.036701
0.036647
0.036809
0.037067
0.038517
0.036755
0.036559
0.038379
0.036545
0.036451
0.036782
0.036728
0.036379
0.069997
0.036850
0.036613
0.036790
0.036771
0.036607
0.036774
0.036817
0.036744
0.036708
0.036790
0.036716
0.037592
0.037033
0.036897
0.036878
0.036598
0.036602
0.036561
0.036684
0.069806
0.036552
0.036555
0.036522
0.036602
0.036628
0.039323
0.036388
0.036499
0.036680
0.036599
0.036527
0.036797
0.036509
0.036479
0.036869
0.037130
0.036774
0.036791
0.036852
0.069993
0.036487
0.036447
0.036611
0.036465
0.036415
0.036559
0.036646
0.036898
0.036743
0.036828
0.036360
0.036309
0.038598
0.038663
0.038616
0.038125
0.038359
0.038688
0.038561
0.072949
0.038340
0.038576
0.036445
0.038586
0.036586
0.036196
0.036452
0.036219
0.036156
0.036586
0.036244
0.036247
0.036320
0.036189
0.036333
0.036436
0.036350
0.036158
0.040511
0.072465
0.039158
0.039216
0.039312
0.039374
0.039351
0.038365
0.038265
0.038660
0.038787
0.039070
0.038889
0.039064
0.038958
0.038934
0.039120
0.038952
0.039163
0.039492
0.036914
0.072431
0.037084
0.037016
0.037206
0.037461
0.037108
0.037095
0.037101
0.037512
0.037181
0.036910
0.036898
0.036920
0.036848
0.036404
0.043188
0.037205
0.037125
0.037209
0.036945
0.069628
0.036479
0.036445
0.036397
0.036306
0.036483
0.036509
0.036472
0.036442
0.036637
0.036726
0.036853
0.036672
0.036507
0.036531
0.036868
0.036781
0.036869
0.036617
0.036800
0.069778
0.036954
0.036894
0.037083
0.036650
0.036612
0.036788
0.036747
0.036755
0.036675
0.036667
0.036482
0.036639
0.036889
0.036557
0.038406
0.036774
0.036637
0.037482
0.036917
0.070544
0.037264
0.037208
0.037312
0.037079
0.037089
0.037138
0.036753
0.037319
0.036973
0.037141
0.036948
0.037179
0.036938
0.036695
0.037178
0.036926
0.037243
0.037240
0.036975
0.070362
0.036966
0.037081
0.037063
0.037101
0.037496
0.037074
0.037247
0.036940
0.036879
0.036953
0.036844
0.036789
0.037114
0.037041
0.037087
0.037103
0.036794
0.037205
0.036921
0.070449
0.036803
0.036906
0.036714
0.036913
0.036740
0.036796
0.036711
0.036863
0.036708
0.036851
0.036803
0.036736
0.036948
0.036995
0.036612
0.036868
0.036612
0.036682
0.036640
0.070291
0.036831
0.036860
0.036891
0.037109
0.036700
0.037027
0.036644
0.036717
0.036693
0.036808
0.036646
0.037228
0.036717
0.037040
0.036936
0.037405
0.037266
0.036875
0.036859
0.070388
0.037030
0.037765
0.037793
0.038507
0.037347
0.037483
0.037348
0.037442
0.037627
0.037124
0.037038
0.039292
0.039156
0.036969
0.039515
0.039048
0.039032
0.039294
0.037038
0.070506
0.037090
0.037076
0.036964
0.039335
0.039822
0.039192
0.036947
0.039429
0.039112
0.039516
0.039208
0.038986
0.039194
0.039366
0.038924
0.038769
0.039205
0.039155
0.040360
0.072273
0.038883
0.038995
0.039341
0.039400
0.039402
0.037101
0.037185
0.037161
0.037043
0.037115
0.040326
0.039285
0.039219
0.038870
0.038589
0.038492
0.036741
0.038558
0.038901
0.069790
0.036367
0.036443
0.038317
0.036456
0.036506
0.038718
0.038961
0.036789
0.036535
0.036608
0.036392
0.036456
0.036644
0.036648
0.036584
0.036324
0.036482
0.036473
0.036538
0.069741
0.036523
0.036552
0.036622
0.036597
0.036526
0.036493
0.036680
0.036570
0.036417
0.036603
0.036535
0.038809
0.036587
0.036753
0.036481
0.036522
0.036422
0.038447
0.038539
0.071553
0.038243
0.038628
0.038652
0.038525
0.038234
0.038496
0.039901
0.038246
0.038519
0.038078
0.038181
0.038493
0.039820
0.038257
0.038254
0.038598
0.038519
0.038617
0.038220
0.071713
0.038150
0.038096
0.038596
0.038349
0.038264
0.038217
0.038456
0.038389
0.038435
0.038496
0.038343
0.038193
0.038002
0.038153
0.038209
0.037863
0.037888
0.037883
0.037947
0.071373
0.037648
0.037655
0.037755
0.037855
0.037908
0.037805
0.037932
0.038218
0.038158
0.038299
0.038521
0.038317
0.038552
0.038429
0.038576
0.043719
0.040027
0.037313
0.037538
0.070708
0.037454
0.037516
0.037620
0.037498
0.037453
0.037490
0.037618
0.037525
0.037465
0.037421
0.037345
0.037471
0.037881
0.037655
0.037504
0.037634
0.039036
0.037558
0.037623
0.071016
0.037575
0.037573
0.037568
0.037657
0.037736
0.037438
0.037566
0.037943
0.037721
0.038563
0.038469
0.038406
0.038344
0.037456
0.037560
0.037676
0.037512
0.037384
0.037276
0.070668
0.037417
0.037357
0.037260
0.037197
0.037442
0.036686
0.036659
0.036684
0.036835
0.038635
0.038688
0.038753
0.038798
0.037602
0.037403
