0.318291
0.037618
0.037073
0.037620
0.038818
0.039436
0.038233
0.037829
0.037819
0.037916
0.037772
0.037483
0.038306
0.037432
0.037262
0.037456
0.037456
0.037448
0.037327
0.039017
0.067369
0.039089
0.044693
0.038719
0.040473
0.040981
0.038982
0.041511
0.039048
0.041040
0.041171
0.041883
0.042837
0.039842
0.039208
0.039367
0.038957
0.039062
0.046389
0.039141
0.073814
0.042121
0.037963
0.038059
0.037911
0.038800
0.045271
0.044739
0.039059
0.044540
0.043195
0.043478
0.042725
0.040905
0.037590
0.037508
0.037387
0.037666
0.037823
0.037864
0.071169
0.037785
0.037531
0.037934
0.055784
0.037903
0.038063
0.038415
0.037972
0.038234
0.038168
0.039290
0.038299
0.037864
0.038034
0.037970
0.036247
0.038387
0.038261
0.038023
0.071815
0.038378
0.038939
0.039236
0.039670
0.039307
0.038667
0.038419
0.038277
0.038306
0.038248
0.038260
0.038295
0.038850
0.038222
0.038655
0.038302
0.038146
0.038211
0.038540
0.071609
0.042052
0.039468
0.037480
0.037875
0.037765
0.037750
0.039423
0.041034
0.045124
0.039000
0.045011
0.039052
0.043867
0.045038
0.041998
0.044504
0.039113
0.045690
0.045170
0.078920
0.039985
0.039833
0.042520
0.045643
0.045579
0.045900
0.045491
0.040050
0.040014
0.040222
0.043333
0.040339
0.045929
0.043478
0.047328
0.043356
0.046060
0.045352
0.041512
0.079010
0.044517
0.043742
0.046008
0.040498
0.040639
0.046108
0.045308
0.044113
0.040542
0.040735
0.045023
0.039778
0.039455
0.039833
0.040731
0.039028
0.039776
0.037780
0.038459
0.071615
0.037680
0.038241
0.037854
0.037735
0.037748
0.038530
0.041115
0.037050
0.037069
0.036942
0.037230
0.036542
0.036525
0.036288
0.036192
0.036295
0.036184
0.036160
0.036906
