2.508338
0.153807
0.143786
0.148390
0.149570
0.189590
0.147034
0.159450
0.148482
0.148136
0.149640
0.186750
0.148745
0.149486
0.160595
0.149858
0.151642
0.153716
0.157618
0.148210
0.261334
0.151360
0.151738
0.155064
0.191988
0.151784
0.153868
0.165312
0.151103
0.152147
0.152213
0.242842
0.152153
0.149923
0.149875
0.153752
0.168073
0.148245
0.153381
0.151244
0.318588
0.151118
0.141758
0.164245
0.098555
0.154528
0.180625
0.155133
0.144271
0.097745
0.097674
0.096931
0.096907
0.173410
0.176755
0.144714
0.143398
0.146576
0.145970
0.146752
0.097533
0.097791
0.144452
0.094408
0.096384
0.098718
0.106883
0.101493
0.096606
0.096569
0.096619
0.114624
0.096354
0.096873
0.097195
0.096871
0.096537
0.093554
0.097635
0.097045
0.096982
0.094377
0.104874
0.096604
0.096639
0.096971
0.096445
0.096150
0.098888
0.096431
0.096843
0.096903
0.094805
0.099091
0.096613
0.096578
0.095209
0.097788
0.138202
0.149549
0.314781
0.154281
0.156258
0.141847
0.149227
0.139520
0.142987
0.173214
0.154465
0.160546
0.153132
0.099340
0.121666
0.096222
0.105090
0.148476
0.147018
0.146836
0.151011
0.152044
0.285214
0.149054
0.190965
0.149374
