2.514681
0.154349
0.172983
0.152386
0.165459
0.144215
0.150876
0.159991
0.182024
0.149337
0.149673
0.153499
0.148521
0.185030
0.156085
0.149352
0.150392
0.149545
0.150438
0.151216
0.246924
0.152636
0.148445
0.186436
0.149379
0.153291
0.148015
0.148680
0.149981
0.188020
0.158887
0.177784
0.140856
0.142025
0.146658
0.166444
0.169008
0.145889
0.149791
0.146733
0.282158
0.145501
0.173308
0.145761
0.144628
0.145188
0.142782
0.155808
0.140825
0.147057
0.145350
0.146527
0.147211
0.154073
0.148621
0.145777
0.162419
0.161172
0.145108
0.145108
0.303389
0.146173
0.145381
0.143137
0.142671
0.145936
0.145414
0.181037
0.145054
0.145912
0.144326
0.145528
0.147897
0.166348
0.145721
0.145957
0.147200
0.146962
0.147529
0.151639
0.283491
0.158074
0.149893
0.156220
0.147211
0.186085
0.147850
0.146967
0.145856
0.146889
0.149526
0.181878
0.147141
0.146012
0.147821
0.150796
0.160381
0.182724
0.151465
0.147269
0.286894
0.147970
0.175116
0.163614
0.161138
0.171801
0.144513
0.148582
0.148640
0.185918
0.149209
0.148340
0.150461
0.146102
0.147388
0.148272
0.144533
0.159177
0.149789
0.142485
0.277555
0.170269
0.144095
0.144182
0.143038
0.143583
0.142618
0.145557
0.144102
0.168437
0.143468
0.142115
0.158709
0.139093
0.107383
0.094220
0.146094
0.141311
0.095299
0.142028
0.095309
0.094512
0.110080
0.094114
0.094263
0.094151
0.094274
0.142188
0.091841
0.095758
0.095216
0.181319
0.143965
0.095467
0.096256
0.095820
0.095520
0.097057
0.096206
0.183581
0.094250
0.094514
0.094900
0.094805
0.095209
0.094279
0.094740
0.095006
0.094883
0.146989
0.094508
0.094609
0.094681
0.142893
0.141056
0.155474
0.141842
0.142568
0.181217
0.142356
0.276734
0.140349
0.136271
0.092846
0.176033
0.094013
0.093964
0.093904
0.095612
0.091386
0.091982
0.093829
0.094306
0.093488
0.104231
0.140149
0.138256
0.092828
0.093313
0.208191
0.297933
0.139833
0.140186
0.143614
0.146155
0.156375
0.236328
0.152948
0.145480
0.140189
0.156183
0.140429
0.156039
0.141621
0.139980
0.140635
0.208120
0.210637
0.209853
0.247055
0.277278
0.162348
0.140080
0.160651
0.093117
0.176568
0.092906
0.150938
0.216245
0.091477
0.091334
0.093586
0.092925
0.111702
0.093116
0.093395
0.093529
0.092622
0.093473
0.091291
0.098973
0.090936
0.092771
0.103721
0.095105
0.095244
0.104931
0.091409
0.096282
