0.501453
0.060018
0.067009
0.067849
0.059983
0.060869
0.057956
0.060819
0.062374
0.061617
0.060079
0.063231
0.061347
0.060680
0.060777
0.060165
0.060453
0.060279
0.056524
0.063292
0.093814
0.060429
0.057776
0.059773
0.059656
0.062953
0.062639
0.078646
0.060883
0.060162
0.067700
0.066000
0.067003
0.074743
0.060583
0.079993
0.066875
0.063540
0.061269
0.096735
0.126996
0.064044
0.094718
0.053252
0.032861
0.032727
0.032605
0.032521
0.070778
0.070970
0.058685
0.072555
0.067995
0.072810
0.060567
0.077303
0.064207
0.065089
0.064347
0.062301
0.115302
0.062464
0.063593
0.070303
0.069208
0.067655
0.068003
0.075689
0.083191
0.067007
0.068849
0.112424
0.063591
0.061294
0.083018
0.081959
0.062027
0.067690
0.066368
0.072959
0.127526
0.068558
0.066490
0.064896
0.062533
0.031403
0.032947
0.032569
0.032984
0.059516
0.057495
0.057572
0.075330
0.062780
0.060718
0.093739
0.092482
0.068165
0.065383
0.096945
0.108804
0.069396
0.055723
0.055144
0.056845
0.060378
0.060447
0.059422
0.065945
0.055576
0.086781
0.059453
0.061994
0.059830
0.058934
0.065569
0.070039
0.095039
0.059767
0.065439
0.109520
0.076478
0.105725
0.095349
0.106237
0.068956
0.069121
0.063615
0.062419
0.061252
0.078069
0.070212
0.060385
0.063004
0.062395
0.062904
0.057824
0.085533
0.072393
0.068493
0.115990
0.062173
0.030201
0.044483
0.031371
0.061263
0.057066
0.056972
0.063644
0.071913
0.079667
0.061747
0.063217
0.066955
0.064654
0.066970
0.074378
0.061706
0.060485
0.066111
0.112713
0.067755
0.063219
0.066000
0.073971
0.063405
0.095397
0.080082
0.070024
0.070235
0.066219
0.102423
0.064942
0.063492
0.061252
0.031000
0.031115
0.031194
0.030537
0.093804
0.124479
0.054981
0.056604
0.055757
0.057258
0.060551
0.092563
0.062034
0.062966
0.062157
0.059444
0.058703
0.065058
0.065870
0.066011
0.066451
0.062045
0.066325
0.066071
0.065722
0.116156
0.065963
0.067490
0.066858
0.063318
0.066462
0.105330
0.074283
0.071079
0.067372
0.080232
0.056765
0.057018
0.058702
0.057559
0.071517
0.060406
0.061422
0.030650
0.030628
0.029740
0.029713
0.030451
0.035706
0.030907
0.029511
0.030514
0.033431
0.029417
0.030513
0.034051
0.031103
0.030597
0.030666
0.029498
