0.413156
0.057422
0.057524
0.057544
0.057746
0.057817
0.057767
0.056858
0.057008
0.057558
0.057783
0.057881
0.058543
0.055957
0.058349
0.058143
0.058133
0.058782
0.058064
0.059319
0.091849
0.057333
0.057859
0.057742
0.057537
0.057990
0.057950
0.058472
0.057604
0.057923
0.057472
0.058253
0.058503
0.058265
0.058402
0.057793
0.057947
0.057985
0.057556
0.057894
0.104044
0.058340
0.058628
0.058780
0.058509
0.057831
0.057120
0.057738
0.058796
0.057960
0.057912
0.057630
0.057809
0.057755
0.058147
0.058631
0.058033
0.059368
0.059135
0.059466
0.105191
0.057916
0.056645
0.056452
0.056339
0.056117
0.057431
0.058256
0.057799
0.057844
0.057537
0.057912
0.058373
0.058331
0.058346
0.058249
0.056056
0.056129
0.056029
0.056579
0.101967
0.056566
0.056872
0.057227
0.057724
0.057361
0.057836
0.058931
0.058561
0.058425
0.057960
0.058329
0.058477
0.057522
0.057093
0.056668
0.056878
0.056125
0.056267
0.056365
0.102566
0.056056
0.056449
0.056806
0.056629
0.056558
0.056468
0.056487
0.056418
0.056565
0.056545
0.056599
0.056839
0.055883
0.055625
0.056023
0.055826
0.056293
0.056727
0.055690
0.103179
0.056535
0.056961
0.056535
0.056867
0.056679
0.057304
0.057165
0.056742
0.061598
0.056729
0.056724
0.056991
0.057376
0.059690
0.059688
