0.410547
0.055336
0.061383
0.061336
0.060646
0.060878
0.060235
0.060282
0.060156
0.060990
0.060750
0.060499
0.059994
0.060342
0.061541
0.060968
0.060562
0.060187
0.060097
0.059793
0.093375
0.060034
0.060812
0.060235
0.060734
0.060858
0.061804
0.061164
0.061637
0.061224
0.060685
0.060188
0.059678
0.060018
0.060521
0.060628
0.060571
0.060006
0.059937
0.059731
0.032498
0.032150
0.058425
0.058181
0.058328
0.060797
0.059486
0.059902
0.060206
0.062178
0.062183
0.055079
0.062511
0.055101
0.062340
0.061530
0.060587
0.060908
0.060337
0.059588
0.105397
0.059762
0.059739
0.059989
0.060103
0.060236
0.059577
0.058068
0.057516
0.058268
0.057487
0.058966
0.059424
0.060497
0.061115
0.061684
0.062444
0.062032
0.062592
0.062000
0.106694
0.062466
0.062367
0.062100
0.062175
0.061912
0.062794
0.061192
0.059720
0.059153
0.058815
0.059210
0.059562
0.061615
0.060342
0.061027
0.060849
0.060639
0.060416
0.061523
0.100758
0.055001
0.055549
0.056045
0.056939
0.056617
0.056595
0.057655
0.057228
0.057044
0.056496
0.056501
0.057063
0.054808
0.054613
0.054757
0.055279
0.054931
0.054752
0.055218
0.100737
0.055334
0.054837
0.055105
0.055119
0.056013
0.054904
0.054898
0.055140
0.054946
0.054597
0.054932
0.054834
0.054948
0.055369
0.055059
0.055329
0.058582
0.054635
0.054340
0.099991
0.055934
0.055484
0.055423
0.055312
0.055601
0.055102
0.055023
0.055254
0.056872
0.059566
0.055611
0.059646
0.059016
0.057044
0.056235
0.059646
0.059230
0.058305
0.057680
0.103125
0.057897
0.057660
0.057777
0.058434
0.058232
0.059142
0.056971
0.057639
0.057092
0.057496
0.057568
0.055483
0.055929
0.054010
0.055839
0.055585
0.055140
0.055264
0.055187
0.101594
0.055609
0.055390
0.055233
0.079104
0.055611
0.055535
0.055914
0.055733
0.055331
0.055148
0.054405
0.054429
0.054788
0.054978
