0.410306
0.055332
0.055032
0.054732
0.054823
0.054971
0.054957
0.054821
0.054925
0.054827
0.059574
0.056258
0.055706
0.056073
0.055746
0.056118
0.055801
0.055510
0.055914
0.056072
0.088734
0.056529
0.055932
0.056023
0.055519
0.055498
0.055591
0.055106
0.062649
0.063118
0.064706
0.064889
0.068625
0.060934
0.064718
0.064675
0.064562
0.064629
0.065172
0.065351
0.111281
0.065369
0.069898
0.064180
0.064456
0.066649
0.059797
0.067041
0.067434
0.064885
0.063269
0.064243
0.063257
0.064233
0.063744
0.063548
0.063687
0.063126
0.064345
0.062899
0.108721
0.062445
0.061956
0.062008
0.062291
0.058527
0.059491
0.059883
0.060893
0.062673
0.055017
0.055549
0.055958
0.056015
0.056078
0.056620
0.056671
0.056330
0.055878
0.056991
0.102935
0.056773
0.056062
0.055880
0.056265
0.056950
0.055990
0.055647
0.056446
0.056959
0.056229
0.055286
0.057338
0.054943
0.055255
0.055664
0.059704
0.055175
0.054934
0.054999
0.100682
0.054934
0.054553
0.055175
0.054735
0.062433
0.055011
0.054565
0.055439
0.055177
0.054969
0.054896
0.054612
0.054381
0.054627
0.054865
0.061340
0.054628
0.054990
0.054967
0.101212
0.055971
0.056152
0.056298
0.056177
0.056580
0.056333
0.056306
0.056090
0.055899
0.056119
0.056414
0.056118
0.056433
0.056526
0.056784
0.057053
0.057137
0.056626
0.057296
0.102416
0.057039
0.057049
0.056486
0.056619
0.057239
0.056894
0.057279
0.057004
0.057139
0.056823
0.056188
0.055366
0.054991
0.055394
0.055416
0.055043
0.054901
0.061350
0.061678
0.106573
0.062511
0.062316
0.054805
0.054754
0.055214
0.054894
0.054639
0.054862
0.062606
0.062099
0.062558
0.054981
0.055059
0.054567
0.060659
0.060798
0.054551
0.062154
0.060511
0.106095
0.059768
0.060678
0.060967
0.061128
0.062338
0.063246
0.063885
0.063921
0.064710
0.057369
0.057240
0.064122
0.057374
0.057457
0.056826
0.064305
0.062606
0.063321
0.063840
0.109742
0.056838
0.057231
0.058107
0.058441
0.058923
0.059021
0.057317
0.056707
0.056905
0.059663
0.056834
0.057125
0.057694
0.058108
0.057829
0.058841
0.057397
0.056665
0.056348
0.103218
0.057136
0.057460
0.057400
0.057201
0.056894
0.056073
0.055937
0.055480
0.055828
0.054800
0.054857
0.055829
0.056100
0.056008
0.055418
0.056455
0.056361
0.054868
0.057200
0.105741
0.060172
0.057216
0.054490
0.057043
0.057122
0.057492
0.056998
0.056669
0.056103
0.056200
0.056272
0.056617
0.056318
0.056846
0.057155
0.056352
0.056318
0.056436
0.056168
0.101108
0.055704
0.058617
0.055964
0.055446
0.055307
0.054810
0.055428
0.055106
0.055573
0.055759
0.055101
0.055778
0.055738
0.055586
0.055650
0.062361
0.060155
0.059127
0.059262
0.105043
0.060874
0.060160
0.059601
0.059991
0.059936
0.059308
0.061775
0.061289
0.061775
0.061173
0.061091
0.061940
0.062360
0.061496
0.062923
0.062665
0.062171
0.061946
0.061782
0.108862
0.062308
0.061960
0.062085
0.061353
0.062294
0.061942
0.061765
0.061184
0.061840
0.061780
0.062025
0.061556
0.061860
0.061652
0.061026
0.061811
0.061268
0.061360
0.061448
0.106965
0.061173
0.061855
0.061293
0.062547
0.060328
0.059718
0.059348
0.061291
0.060840
0.061540
0.061418
0.061331
0.061087
0.060260
0.060332
0.060170
0.060319
0.059720
0.059436
0.105207
0.059432
0.060611
0.060993
0.062075
0.060813
0.061077
0.060922
0.060626
0.059875
0.060031
0.059525
0.060064
0.059857
0.060434
0.060464
0.063354
0.061659
0.058239
0.057905
0.104144
0.059041
0.059218
0.060662
0.060534
0.060508
0.060427
0.060322
0.062379
0.066973
0.067203
0.067224
0.063618
0.066242
0.064986
0.066754
0.066793
0.065828
0.067661
0.061344
0.112227
0.062451
0.062703
0.069982
0.067159
0.068522
0.057612
0.061030
0.069626
0.057503
0.064034
0.061307
0.058415
0.060567
0.061639
0.061102
0.061322
0.064639
0.060878
0.060819
0.107704
0.058635
0.059609
0.058681
0.061793
0.060618
0.060819
0.061369
0.058585
0.061828
0.058659
0.060521
0.056927
0.056207
0.055249
0.054821
0.055329
0.054885
0.061922
0.062073
0.108809
0.054971
0.054709
0.054862
0.062768
0.062742
0.062731
0.054739
0.062605
0.055204
0.055220
0.055270
0.055064
0.055110
0.055182
0.054879
0.055063
0.055374
0.055846
0.056067
0.102059
0.055916
0.057682
0.058754
0.059201
0.058836
0.059638
0.061678
0.057821
0.061064
0.059451
0.058546
0.061392
0.062143
0.061790
0.062401
0.062128
0.062540
0.062849
