0.420910
0.058407
0.058272
0.059505
0.063948
0.058747
0.059267
0.059485
0.059972
0.059802
0.060215
0.060036
0.060037
0.059889
0.059723
0.059020
0.059384
0.058853
0.058669
0.057705
0.091388
0.058863
0.057333
0.058395
0.057846
0.057511
0.057249
0.057198
0.059302
0.058659
0.056594
0.056657
0.056275
0.056774
0.056493
0.056239
0.056038
0.056344
0.057533
0.057327
0.103425
0.057534
0.056677
0.059548
0.060795
0.056069
0.028058
0.028000
0.027976
0.027993
0.028231
0.027832
0.028092
0.028250
0.027955
0.028008
0.027849
0.027910
0.027975
0.027757
0.027995
0.027919
0.027833
0.028012
0.027863
0.027918
0.028237
0.027938
0.027972
0.027965
0.027972
0.028198
0.027938
0.056570
0.060611
0.056720
0.057590
0.057544
0.058038
0.058799
0.107879
0.058555
0.061630
0.059443
0.058901
0.059320
0.059385
0.062172
0.057918
0.057934
0.060434
0.062881
0.063103
0.060705
0.061152
0.060925
0.060551
0.060860
0.060297
0.060575
0.106746
0.061955
0.064185
0.061828
0.061206
0.062222
0.062382
0.061732
0.062974
0.067018
0.066418
0.068988
0.057098
0.057047
0.057641
0.064220
0.064201
0.067928
0.065307
0.057962
0.105406
0.056857
0.056943
0.060596
0.057665
0.057619
0.059969
0.057409
0.057400
0.060219
0.057067
0.064681
0.054738
0.054821
0.062124
0.056845
0.057657
0.071065
0.064853
0.064408
0.111871
0.063914
0.067924
0.063795
0.063545
0.064141
0.062760
0.063994
0.064899
0.064482
0.064549
0.064480
0.064278
0.062174
0.062411
0.062534
0.063510
0.057149
0.056787
0.056930
0.102960
0.056936
0.057145
0.057356
0.057458
0.057738
0.057089
0.059144
0.057680
0.058231
0.057572
0.057436
0.057359
0.057800
0.057751
0.058049
0.058096
0.058025
0.058370
0.058383
0.103899
0.057878
0.057971
0.058203
0.060599
0.057817
0.057705
0.058020
0.058207
0.060842
0.060517
0.060248
0.058035
0.058146
0.058432
0.058156
0.060919
0.058492
0.057476
0.059010
0.104570
0.057970
0.058095
0.060968
0.057787
0.057795
0.057197
0.057487
0.058740
0.057471
0.057981
0.057802
0.058908
0.058051
0.057806
0.057743
0.058053
0.061713
0.057867
0.057787
