1.978976
0.142541
0.141954
0.140268
0.097008
0.097078
0.097019
0.096807
0.097263
0.098642
0.101365
0.096922
0.096364
0.096760
0.140115
0.140115
0.139648
0.139277
0.139799
0.095894
0.095657
0.095763
0.095370
0.095832
0.139453
0.140493
0.141474
0.097066
0.096520
0.097078
0.096890
0.096833
0.140453
0.140250
0.140721
0.140851
0.141260
0.139666
0.139756
0.095475
0.230800
0.139181
0.139555
0.095443
0.095036
0.094828
0.095392
0.094769
0.094909
0.094968
0.095252
0.095023
0.095274
0.095181
0.095294
0.095098
