1.965339
0.141545
0.139091
0.138890
0.139444
0.139441
0.139645
0.139301
0.138118
0.138513
0.093750
0.094131
0.093815
0.093926
0.093487
0.093906
0.093487
0.093971
0.093828
0.093857
0.093988
0.138773
0.138861
0.138885
0.141960
0.139886
0.140453
0.139182
0.139400
0.139122
0.139007
0.140064
0.138619
0.139173
0.139040
0.139330
0.139035
0.138844
0.138873
0.141768
0.257965
0.138875
0.138319
0.140450
0.139708
0.140131
0.139685
0.139379
0.139478
0.139853
0.140931
0.140884
0.140614
0.141143
0.141755
0.142209
0.143167
0.142720
0.142041
0.143124
0.277237
0.146225
0.143492
0.142506
0.142331
0.141112
0.141710
0.141435
0.142647
0.141641
0.142564
0.142289
0.141820
0.142675
0.142966
0.142539
0.147800
0.145167
0.146212
0.147519
0.277518
0.142815
0.142024
0.143204
0.142929
0.143215
0.140767
0.139739
0.140140
0.140283
0.139797
0.140228
0.139682
0.139817
0.139367
0.140062
0.139215
0.139340
0.139474
0.140915
0.273477
0.140152
0.139599
0.140468
0.139061
0.139089
0.139552
0.139657
0.140168
0.140182
0.139746
0.139462
0.139654
0.138769
0.139173
0.138628
0.138736
0.138723
0.207837
0.138712
0.271604
0.093190
0.093324
0.092805
0.092644
0.092700
0.092513
0.092787
0.092453
0.092890
0.093123
0.137221
0.136382
0.094138
0.093674
0.093860
0.094006
0.093665
0.094360
0.094179
0.094184
0.094175
0.137658
0.093387
0.093635
0.093924
0.093591
0.093553
0.093584
0.093244
0.137489
0.138556
0.094207
0.095080
0.095186
0.094339
0.095701
0.094821
0.094766
0.094787
0.095035
0.095128
0.095065
0.094733
0.094615
0.094995
0.094908
0.094938
0.094712
0.094353
0.094956
0.094733
0.094697
