517	205	76	237
513	204	75	242
504	203	78	245
502	201	69	245
484	200	81	245
481	209	88	235
473	216	77	229
471	204	72	239
453	204	82	238
440	205	84	237
434	208	77	233
434	210	79	232
415	208	85	236
410	215	82	227
402	197	76	245
401	200	85	243
394	197	66	245
387	195	70	249
375	193	70	249
372	200	70	242
346	206	92	237
354	217	77	223
348	198	67	235
346	199	66	242
340	197	54	244
334	194	57	244
316	202	65	237
310	194	70	247
297	192	69	242
301	201	61	238
279	190	73	252
277	190	72	251
267	185	71	256
260	192	72	249
253	183	75	259
258	191	57	247
249	192	61	249
240	194	63	247
227	193	68	247
212	199	77	242
199	201	86	241
158	193	117	248
169	196	108	245
180	212	95	230
159	205	107	235
169	199	94	241
153	210	102	229
154	201	97	239
153	201	88	237
138	206	101	234
127	212	106	230
109	225	123	211
108	231	107	207
111	214	107	218
113	207	91	234
97	210	109	230
79	210	123	232
79	227	122	211
85	211	114	230
88	215	111	226
83	217	115	224
77	220	121	222
86	210	111	231
91	214	106	227
88	216	109	226
92	220	105	221
104	215	95	224
93	219	106	220
98	223	78	217
106	216	69	206
0	0	0	0
0	0	0	0
0	0	0	0
0	0	0	0
0	0	0	0
142	223	56	207
135	229	63	197
112	230	87	207
131	231	68	210
106	244	93	192
103	241	96	199
92	247	110	187
100	244	100	195
112	239	86	200
115	241	84	199
117	251	80	188
122	242	73	196
124	242	73	199
121	243	77	198
122	253	78	187
123	249	77	189
123	251	79	190
128	253	77	186
133	257	71	183
135	254	73	187
140	256	66	184
141	260	71	180
142	250	70	186
141	256	76	183
143	265	74	173
138	260	82	170
138	264	82	168
139	266	81	172
143	263	76	176
145	272	76	167
147	263	71	176
152	263	65	176
154	262	63	176
151	269	66	170
152	265	67	173
154	265	63	175
155	261	60	178
156	259	59	183
158	263	57	174
160	264	58	176
160	264	59	175
162	266	55	169
164	266	52	173
162	267	61	172
162	273	66	166
165	275	66	165
169	273	62	167
169	274	65	167
173	270	61	165
177	270	56	169
176	270	59	168
175	275	62	153
175	277	63	150
177	278	60	158
175	277	65	152
174	279	66	158
177	278	60	153
177	279	59	157
177	280	59	158
177	282	61	157
177	278	61	161
177	277	58	163
177	278	60	162
178	278	57	161
183	279	52	160
182	279	54	162
186	281	47	160
182	280	53	160
183	282	52	158
182	281	54	160
187	282	48	159
190	284	44	156
190	284	46	156
195	284	41	155
195	283	42	156
192	286	47	151
194	286	44	150
195	285	42	153
197	283	40	151
198	282	40	151
194	285	43	154
195	281	41	161
191	284	44	157
193	286	41	154
194	286	38	152
191	281	43	160
189	283	44	160
190	286	42	154
192	287	38	152
192	289	34	149
193	286	31	155
190	286	34	154
191	290	31	149
187	289	33	150
187	290	32	150
183	289	36	151
181	286	39	153
179	288	39	151
178	284	39	155
175	284	39	154
180	283	33	150
182	282	30	154
179	282	32	154
179	287	31	149
178	284	32	154
173	289	37	149
173	288	34	150
173	290	31	148
171	283	33	152
167	283	39	155
165	289	43	147
167	286	29	150
160	286	34	155
158	282	35	158
157	282	35	158
155	285	35	155
153	283	36	158
152	285	38	156
152	293	33	146
150	287	38	152
149	285	36	156
149	286	37	154
149	284	37	157
149	298	36	141
148	293	36	146
148	288	37	153
147	295	42	146
148	297	38	140
146	296	40	140
147	296	39	142
146	295	39	145
148	286	39	154
145	288	44	153
145	293	42	148
146	293	41	147
138	288	44	153
139	300	47	140
139	298	44	138
138	300	46	139
143	298	40	142
141	295	44	146
139	294	45	145
134	292	45	138
137	301	45	137
127	292	55	139
115	299	69	138
135	301	52	138
131	287	49	154
122	288	55	153
121	293	62	147
120	303	65	138
122	313	63	126
0	0	0	0
0	0	0	0
0	0	0	0
0	0	0	0
0	0	0	0
0	0	0	0
0	0	0	0
0	0	0	0
0	0	0	0
110	324	73	115
116	321	72	113
111	328	75	107
114	328	76	102
112	334	72	97
109	335	75	98
