507	276	79	169
499	276	87	169
489	282	89	168
475	273	90	167
470	281	68	167
453	277	77	165
442	272	75	167
439	271	72	166
428	272	78	169
413	271	86	169
415	266	65	176
394	273	84	165
393	270	75	172
380	264	72	177
376	270	74	168
355	266	87	165
348	264	95	172
343	261	91	176
337	258	92	176
327	264	84	172
314	271	82	169
308	269	84	168
294	262	73	177
291	270	67	173
269	258	83	176
267	267	85	172
252	262	101	180
240	257	114	181
235	257	120	185
229	269	123	169
200	269	133	170
0	0	0	0
170	266	96	167
176	272	86	162
166	275	87	159
164	272	84	168
149	270	83	162
134	266	92	171
123	262	93	177
120	266	89	170
82	273	108	166
74	268	104	174
72	268	99	172
21	260	126	180
21	245	116	199
22	238	101	205
9	240	102	202
-1	241	101	197
-5	244	93	209
-6	247	90	201
-2	254	87	181
-29	246	98	185
-23	243	109	190
0	0	0	0
0	0	0	0
0	0	0	0
0	0	0	0
0	0	0	0
0	0	0	0
0	0	0	0
0	0	0	0
0	0	0	0
0	0	0	0
0	0	0	0
0	0	0	0
0	0	0	0
