68	210	70	227
99	207	49	239
108	210	47	233
118	208	56	233
135	209	52	230
151	206	54	230
163	200	58	242
173	212	60	226
187	210	57	229
207	216	54	217
214	214	52	222
233	213	50	222
238	210	49	228
254	196	48	244
262	207	44	232
0	0	0	0
0	0	0	0
0	0	0	0
0	0	0	0
317	219	52	226
315	218	62	224
332	214	58	223
350	213	41	216
363	221	41	213
372	220	42	213
375	223	44	220
386	223	54	221
394	222	55	219
409	226	47	218
420	226	61	220
427	227	59	222
433	227	53	217
449	225	69	215
458	224	58	220
462	224	60	226
469	225	65	222
477	230	64	218
491	232	67	215
498	228	64	227
505	235	77	210
511	238	77	206
531	231	62	214
539	232	59	214
548	231	59	214
557	235	56	210
568	236	59	214
