0.434820
0.062059
0.062183
0.062892
0.062825
0.062664
0.062936
0.055130
0.062785
0.062973
0.062417
0.062941
0.062861
0.062618
0.054892
0.054495
0.055158
0.054790
0.054613
0.055012
0.087729
0.062348
0.062281
0.054985
0.054701
0.062722
0.054763
0.054763
0.056456
0.062749
0.062715
0.062706
0.062634
0.062675
0.062519
0.054894
0.055151
0.055025
0.054608
0.054951
0.100488
0.054747
0.054600
0.054898
0.055145
0.054908
0.054944
0.063198
0.062973
0.061715
0.062058
0.061282
0.061674
0.061688
0.062453
0.063047
0.068958
0.058508
0.057711
0.058048
0.112412
0.057807
0.064578
0.063433
0.065080
0.064568
0.063792
0.062814
0.062111
0.061995
0.061951
0.062331
0.062278
0.061815
0.062246
0.061103
0.061562
0.062533
0.062072
0.061788
0.107727
0.061448
0.060771
0.061861
0.061183
0.069502
0.061055
0.061235
0.061235
0.061271
0.063042
0.064539
0.060037
0.065685
0.059227
0.058858
0.059071
0.058930
0.059894
0.060759
0.107099
0.062192
0.064469
0.061737
0.064025
0.059157
0.060083
0.059645
0.061014
0.064216
0.062158
0.087536
0.059976
0.062520
0.058787
0.059523
0.063985
0.060540
0.062144
0.061772
0.109118
0.061749
0.059632
0.064247
0.062227
0.062706
0.063808
0.062852
0.065189
0.061811
0.064065
0.057771
0.057885
0.058944
0.059255
0.056855
0.060716
0.057015
0.057426
0.059822
0.106137
0.059535
0.058311
0.058452
0.058251
0.057986
0.058014
0.055979
0.058215
0.057292
0.057490
0.057665
0.063723
0.064240
0.064100
0.067676
0.061412
0.061389
0.084575
0.084470
0.084852
0.086395
0.061342
0.062995
0.060467
0.059907
0.059738
0.059838
0.060103
0.059740
0.059390
0.059575
0.059929
0.059873
0.060435
0.060179
0.060635
0.060739
0.060799
0.061273
0.105767
0.062180
0.061061
0.061362
0.060773
0.061023
0.060563
0.060688
0.059911
0.060284
0.079521
0.055045
0.062852
0.086260
0.085860
0.061948
0.086524
0.086860
0.079020
0.079395
0.054651
0.054425
0.079022
0.085328
0.061036
0.060214
0.059762
0.059832
0.059940
0.060176
0.059753
0.059608
0.059352
0.059458
0.059552
0.059848
0.059579
0.059365
0.059562
0.059166
0.105180
