1.971564
0.142714
0.140927
0.142159
0.142131
0.142594
0.143340
0.142987
0.143886
0.145328
0.144180
0.143083
0.144064
0.144502
0.144550
0.145962
0.146506
0.145671
0.145409
0.145515
0.239908
0.146281
0.146253
0.145156
0.144490
0.143498
0.142883
0.142068
0.142107
0.143411
0.143303
0.142423
0.142624
0.142011
0.142656
0.143850
0.142154
0.142635
0.142901
0.142909
0.280474
0.146079
0.159629
0.145018
0.145950
0.145297
0.145636
0.145438
0.144093
0.146033
0.146297
0.147329
0.144521
0.145068
0.145501
0.144717
0.144473
0.143992
0.144085
0.142890
0.277110
0.142913
0.142412
0.141773
0.140491
0.140348
0.139609
0.139213
0.137081
0.136901
0.136270
0.135981
0.136329
0.136111
0.135820
0.135326
0.135988
0.136484
0.135532
0.135922
0.270267
0.135912
0.135430
0.135341
0.135386
0.135323
0.135775
0.136525
0.139220
0.135377
0.135499
0.135201
0.138122
0.137453
0.137335
0.137099
0.137186
0.137447
0.137169
0.137608
