0.416626
0.059655
0.059406
0.058321
0.058789
0.058183
0.058231
0.059107
0.058454
0.058287
0.058182
0.057703
0.059060
0.055610
0.028940
0.028752
0.029066
0.028832
0.029135
0.028765
0.028694
0.028927
0.054388
0.053801
0.059533
0.057654
0.054259
0.055180
0.054655
0.055503
0.055549
0.055642
0.055594
0.056314
0.056246
0.056408
0.056287
0.056382
0.056437
0.057826
0.105571
0.057942
0.057656
0.058467
0.058136
0.058588
0.058131
0.058105
0.057929
0.057690
0.058144
0.057480
0.057172
0.053956
0.057554
0.055166
0.054815
0.054975
0.054920
0.054967
0.100777
0.055027
0.054875
0.055764
0.055316
0.055387
0.055324
0.055157
0.057078
0.055892
0.054818
0.054701
0.054861
0.055218
0.054777
0.055455
0.055086
0.055088
0.055609
0.055119
0.100520
0.055258
0.055497
0.055182
0.055858
0.055466
0.055118
0.055359
0.055533
0.055464
0.055623
0.055714
0.056193
0.058041
0.055471
0.055145
0.055234
0.054580
0.054279
0.053909
0.028024
0.027893
0.027970
0.027910
0.027944
0.028011
0.053751
0.053083
0.053456
0.054862
0.055029
0.055064
0.055286
0.055342
0.055782
0.057135
0.058168
0.058444
0.058771
0.058658
0.106103
0.056729
0.056521
0.056676
0.056506
0.056580
0.056775
0.057174
0.056885
0.056607
0.056899
0.056639
0.056822
0.056479
0.056959
0.056113
0.056190
0.056215
0.055991
0.055543
0.100832
0.054227
0.054125
0.053666
0.027527
0.027665
0.027635
0.053394
0.053600
0.054076
0.055489
0.053676
0.053292
0.053808
0.053727
0.053754
0.054015
0.054187
0.055041
0.055378
0.101320
0.055586
0.055509
0.056112
0.055801
0.055476
0.055743
0.055434
0.055498
0.055704
0.055713
0.056807
0.057839
0.057864
0.057937
0.058011
0.057734
0.058392
0.057853
0.058136
0.103998
0.057866
0.056764
0.056945
0.028593
0.028505
0.028332
0.028422
0.028615
0.028601
0.028499
0.028323
0.028269
0.056506
0.056473
0.056463
0.056628
0.056647
0.057235
0.058246
0.104693
0.059061
0.058564
0.059315
0.059138
0.058427
0.058588
0.058589
0.056903
0.056576
0.056834
0.056589
0.056431
0.057016
0.056540
0.056406
0.056723
0.056579
0.056195
0.056340
0.101506
0.056769
0.055888
0.056206
0.056127
0.055913
0.055410
0.054941
0.054494
0.053682
0.077106
0.027733
0.027639
0.027587
0.027734
0.027701
0.053246
0.053576
0.053794
0.053447
0.099302
0.054815
0.055311
0.055221
0.056021
0.056049
0.055799
0.056607
0.056283
0.056406
0.056072
0.056420
0.056272
0.056223
0.056380
0.056982
0.056097
0.056426
0.056540
0.056451
0.102400
