0.414592
0.057469
0.058695
0.057906
0.058235
0.058446
0.058182
0.058402
0.058912
0.059079
0.058977
0.059093
0.058636
0.058237
0.058851
0.058384
0.057894
0.058206
0.058439
0.058133
0.090965
0.057571
0.056766
0.057412
0.057043
0.056472
0.056648
0.056225
0.055939
0.056011
0.056040
0.056835
0.057036
0.056139
0.056489
0.056384
0.056620
0.056623
0.057101
0.056548
0.028367
0.028309
0.028103
0.028178
0.028334
0.028263
0.028280
0.028251
0.028256
0.028017
0.028246
0.028227
0.028310
0.055717
0.055857
0.055903
0.056315
0.056396
0.056569
0.056978
0.103393
0.057387
0.058473
0.058238
0.057801
0.058156
0.057859
0.058115
0.058338
0.057931
0.057916
0.058541
0.058797
0.059284
0.058937
0.058477
0.058968
0.059346
0.059176
0.059116
0.104757
0.059008
0.059136
0.058651
0.058343
0.058884
0.058170
0.058475
0.058971
0.059094
0.058877
0.059637
0.059693
0.060448
0.061234
0.060868
0.061645
0.061913
0.062803
0.062333
0.108735
0.062491
0.063343
0.062412
0.062308
0.062338
0.062968
0.062406
0.061583
0.060881
0.060074
0.058790
0.058554
0.058455
0.058119
0.058254
0.058457
0.058254
0.058604
0.059330
0.105956
0.059172
0.059361
0.058713
0.058874
0.058333
0.058574
0.058884
0.058514
0.058141
0.058589
0.058102
0.057748
0.057800
0.058606
0.058297
0.056714
0.058398
0.058841
0.058990
0.104747
0.058464
0.058257
0.058727
0.058970
0.056991
0.057051
0.056961
0.056850
0.056627
0.056545
0.056670
0.056793
0.057053
0.057703
0.056973
0.057795
0.057743
0.058425
0.058354
0.103791
0.058145
0.058120
0.058072
0.057959
0.057701
0.057514
0.057651
0.057142
0.058024
0.057899
0.058600
0.058630
0.059422
0.058899
0.058013
0.058961
0.059368
0.059046
0.058427
0.104949
0.059087
0.060295
0.060760
0.060127
0.060649
0.059728
0.059689
0.058497
0.058412
0.058466
0.059291
0.059425
0.060109
0.060710
0.060654
0.061622
0.062044
0.061298
0.061234
0.108028
0.062155
0.061125
0.061087
0.061507
0.061535
0.061941
0.062057
0.061710
0.060476
0.061493
0.061762
0.061289
0.061135
0.061155
0.062402
0.062081
0.062003
0.062285
0.061656
0.107618
0.060978
0.060738
0.060962
0.074916
0.061229
0.061281
0.061174
0.060823
0.060913
0.064589
0.061195
0.061333
0.061212
0.061114
0.058446
0.057989
0.058740
0.058530
0.058459
0.104185
0.058097
0.058519
0.059604
0.059177
0.058798
0.059101
0.059835
0.059572
0.059714
0.059519
