303	259	124	81
294	256	126	80
287	253	117	81
282	257	112	75
269	255	112	76
267	250	112	78
262	250	110	77
260	248	103	80
259	245	86	84
260	250	79	78
259	242	72	84
257	244	70	81
258	243	64	82
260	242	58	83
258	239	54	85
258	238	57	85
259	239	57	85
257	240	61	82
258	241	67	79
257	241	72	77
258	240	66	83
258	241	68	81
257	240	75	84
258	241	75	78
256	241	83	75
258	242	84	71
256	242	93	71
256	244	98	68
258	244	101	68
258	246	105	68
260	245	109	64
269	246	103	67
266	245	117	69
275	246	111	66
284	246	107	70
288	241	109	68
293	245	111	68
296	244	112	71
298	246	116	68
299	246	120	70
311	245	108	71
320	243	110	71
323	245	107	75
328	240	102	76
331	240	103	81
335	240	99	84
337	239	98	84
340	241	99	81
340	241	96	82
340	245	95	79
342	242	95	81
345	243	88	81
349	244	81	76
353	244	71	79
352	245	73	80
355	244	70	79
360	244	63	82
361	242	58	82
359	241	56	82
357	240	58	84
356	239	56	82
354	239	56	83
351	239	58	83
347	240	61	79
341	240	66	78
339	242	68	74
329	242	73	73
323	244	77	72
314	243	84	72
313	243	83	71
304	244	89	70
300	241	91	70
290	243	97	69
282	243	99	67
277	246	100	67
268	244	101	65
256	245	105	67
256	241	95	73
253	244	92	73
252	240	84	75
253	240	75	73
255	241	68	70
254	241	67	72
254	242	65	73
253	243	62	72
255	243	48	76
257	246	35	68
202	242	30	65
205	243	26	65
195	244	36	62
195	244	36	62
191	240	37	66
176	241	52	64
165	242	62	61
160	238	69	67
158	238	73	71
155	237	77	73
153	235	78	73
157	236	75	73
160	236	70	76
161	239	66	70
163	240	60	68
164	242	53	67
167	238	48	69
171	240	43	68
171	239	55	69
169	241	60	66
165	237	67	68
166	233	66	73
165	234	69	72
166	234	67	72
165	238	68	69
166	239	68	69
168	238	66	68
174	239	60	63
179	239	56	62
180	241	54	59
185	241	50	62
190	242	44	59
197	243	47	56
201	243	37	54
260	236	45	62
259	235	47	64
256	236	55	64
257	236	57	63
258	235	61	65
257	236	63	65
258	235	70	67
255	235	77	66
256	235	82	67
257	237	87	66
258	239	96	63
259	238	99	64
267	241	99	64
278	239	89	67
282	242	96	61
287	241	92	62
292	245	98	63
295	242	100	64
306	242	99	64
310	244	96	64
319	245	89	59
321	245	88	65
322	240	91	66
324	241	88	69
327	238	84	70
328	238	81	73
330	235	74	73
330	241	72	71
331	238	68	76
332	236	65	78
335	232	55	82
336	235	50	79
337	243	48	70
336	244	46	71
329	240	53	76
329	248	60	72
322	243	68	74
317	244	79	73
313	241	86	75
312	238	89	78
312	238	92	79
310	241	96	78
312	238	97	80
320	239	86	78
316	240	90	79
309	240	97	80
308	235	97	84
303	242	100	79
297	240	107	80
298	234	101	82
298	237	100	83
291	231	102	87
291	238	100	78
280	236	105	82
277	233	104	87
272	232	100	84
265	234	107	82
263	240	103	76
260	237	107	81
259	241	102	77
254	243	108	73
255	238	101	79
254	240	95	77
253	239	86	79
252	237	85	81
253	240	82	77
255	239	81	77
255	239	78	77
253	241	82	74
255	239	80	78
254	240	81	78
252	241	84	76
253	240	84	76
253	240	85	77
252	242	86	75
252	243	88	75
253	241	84	77
254	242	85	73
255	237	84	78
255	242	83	73
257	243	80	73
255	242	82	73
257	242	79	72
256	243	82	73
256	244	81	71
255	242	83	74
257	241	82	74
256	237	82	79
255	241	84	76
255	240	84	77
255	239	85	78
257	241	81	75
256	241	82	75
253	236	86	81
256	241	82	75
254	239	85	77
255	240	82	77
255	240	82	76
256	240	83	77
256	241	80	75
254	240	85	75
255	239	83	78
253	241	85	75
255	239	82	77
253	241	85	75
