48	215	95	257
67	220	89	253
90	220	72	252
112	224	69	246
116	217	69	256
128	207	73	267
133	211	74	263
143	209	68	267
154	206	73	267
163	210	74	264
164	211	81	265
166	215	95	258
186	221	111	252
0	0	0	0
0	0	0	0
0	0	0	0
0	0	0	0
0	0	0	0
0	0	0	0
0	0	0	0
241	230	102	242
237	233	98	240
247	236	89	232
264	238	75	230
265	237	78	235
288	228	65	240
290	227	62	246
306	220	69	236
302	228	96	244
303	229	110	237
290	235	107	236
300	232	95	242
309	233	85	240
315	237	78	236
322	230	72	244
316	241	83	231
324	239	75	233
328	237	74	237
335	240	65	233
349	228	73	247
349	234	59	239
352	227	65	245
354	232	68	237
357	249	67	212
363	247	63	197
369	253	67	201
369	261	87	206
381	255	73	216
376	256	76	214
383	255	73	216
392	256	66	212
399	253	64	208
404	252	62	208
412	250	55	211
421	258	47	196
429	257	40	200
430	259	46	198
435	261	41	201
435	257	49	205
435	264	55	201
438	270	62	184
435	265	61	189
440	265	63	178
437	265	62	175
445	265	61	185
451	264	61	189
450	266	62	182
456	273	62	174
452	272	70	174
455	273	72	172
463	274	67	172
474	271	57	177
481	269	53	176
483	271	51	170
488	273	50	168
491	273	50	165
485	275	59	165
493	277	52	164
493	279	53	162
499	279	51	164
508	280	43	161
505	281	49	153
505	280	53	156
513	280	48	149
513	280	50	149
512	280	56	152
515	284	55	149
516	284	58	148
519	286	57	147
520	286	58	147
529	287	52	146
530	285	51	148
529	286	55	145
535	285	51	144
539	284	47	146
539	285	49	144
542	287	48	138
545	289	44	135
547	286	43	143
547	288	43	138
549	292	44	129
548	290	45	133
550	292	44	128
550	293	45	127
552	290	42	134
551	293	46	126
553	291	44	133
554	292	45	132
553	288	46	137
556	295	43	129
557	295	42	128
560	293	40	132
561	295	40	129
565	296	38	127
561	295	42	127
563	292	40	127
562	295	42	122
566	296	38	124
564	299	41	119
564	300	40	119
564	301	41	119
564	301	40	120
