1.971674
0.145405
0.137378
0.136886
0.136296
0.136147
0.137520
0.136650
0.137606
0.136557
0.136905
0.136032
0.135734
0.136550
0.136263
0.136147
0.136039
0.136373
0.136636
0.136006
0.231133
0.136714
0.136384
0.136831
0.137174
0.134759
0.092013
0.092242
0.135905
0.135791
0.091280
0.135072
0.090514
0.090518
0.090325
0.090270
0.134199
0.090507
0.090352
0.090460
0.090664
0.090720
0.090393
0.090265
0.090532
0.090134
0.090312
0.090438
0.090430
0.134408
0.134679
0.135420
0.135559
0.135372
0.135437
0.135741
0.135747
0.135831
0.135545
0.136187
0.270386
0.138054
0.137701
0.138198
0.091379
0.092126
0.091427
0.091691
0.091403
0.091790
0.091956
0.137019
0.137363
0.137266
0.137208
0.136752
0.137912
0.138064
0.138305
0.137297
0.272416
0.137104
0.137612
0.138062
0.138103
0.137631
0.137965
0.138310
0.137430
0.137974
0.137217
0.137836
0.137516
0.140288
0.137055
0.136803
0.137540
0.137865
0.137884
0.137644
0.270868
0.139578
0.138088
0.137292
0.137537
0.137326
0.137691
0.137838
0.138485
0.137883
0.138318
0.138011
0.137482
0.137472
0.137873
0.136998
0.137931
0.137978
0.137450
0.137719
0.271923
0.138650
0.137460
0.137357
0.137471
0.136507
0.135971
0.090811
0.091000
0.091172
0.090864
0.091241
0.091499
0.090970
0.090602
0.090861
0.090661
0.090929
0.091060
0.090600
0.090825
0.091207
0.091155
0.090778
0.091349
0.090812
0.090709
0.091222
0.091300
0.090916
0.091194
0.091088
0.091299
0.091356
0.090971
0.090948
0.137291
0.136999
0.136755
0.136930
0.271815
0.137483
0.135515
0.137182
0.136999
0.136798
0.136860
0.137179
0.139789
0.138486
0.137869
0.137402
0.138356
0.138453
0.137714
0.138445
0.138226
0.138284
0.137460
0.137861
0.271788
0.139143
0.137764
0.137981
0.138159
0.148287
0.141028
0.136533
0.135766
0.136362
0.137187
0.135989
0.135841
0.135559
0.135296
0.136068
