1.979337
0.154031
0.144836
0.128414
0.144812
0.143275
0.143903
0.142899
0.144805
0.144559
0.146124
0.143554
0.143372
0.142092
0.142339
0.142012
0.142066
0.141563
0.141028
0.142103
0.236769
0.141499
0.140602
0.140599
0.139633
0.140423
0.140242
0.139488
0.140189
0.140192
0.141197
0.140514
0.140601
0.141755
0.140836
0.140692
0.140115
0.141920
0.141504
0.141186
0.275789
0.140801
0.140227
0.140193
0.140748
0.142114
0.140264
0.140252
0.140424
0.140020
0.140686
0.141290
0.139163
0.139809
0.139948
0.140119
0.140360
0.140372
0.140834
0.139615
0.274523
0.140604
0.139799
0.139428
0.140384
0.139702
0.139856
0.140184
0.140309
0.140305
0.141390
0.140231
0.140311
0.139583
0.139630
0.140026
0.139989
0.140144
0.143890
0.139817
0.275386
0.146620
0.140772
0.140123
0.141166
0.139723
0.140354
0.142481
0.142976
0.142281
0.144491
0.139937
0.093298
0.095151
0.093102
0.139875
0.140654
0.142418
0.142821
0.142282
0.275408
0.141394
0.140875
0.139407
0.092053
0.092516
0.092703
0.092196
0.138819
0.138934
0.140193
0.141083
0.143312
0.140911
0.140466
0.140568
0.139824
0.139872
0.140320
0.139819
0.273535
0.143147
0.142229
0.142023
0.147762
0.142855
0.143201
0.144261
0.142192
0.143437
0.142364
0.142791
0.142888
0.142866
0.142221
0.141931
0.141797
0.142343
0.142150
0.141897
0.276816
0.145930
0.149862
0.146123
0.142751
0.141377
0.141062
0.142144
0.141596
0.141401
0.145270
0.141876
0.141503
0.140378
0.140127
0.140601
0.140246
0.139742
0.140095
0.139901
0.274893
0.139829
0.139853
0.143103
0.142096
0.141440
0.141740
0.141531
0.141427
0.141745
0.142645
0.141700
0.141440
0.142449
0.143072
0.143744
0.143427
0.142927
0.143657
0.142371
0.275810
0.140606
0.138924
0.140636
0.096101
0.096317
0.095995
0.096850
0.097571
0.106295
0.096159
0.095996
0.096235
0.095725
0.142319
0.139987
0.140674
0.139309
0.136751
0.137932
0.273651
0.138054
0.138805
0.137461
0.139000
0.138891
0.139766
0.139506
0.139214
0.138119
0.138483
0.138858
0.139463
0.138972
0.139115
0.138643
0.138236
0.138168
0.139008
0.140162
0.274497
0.139151
0.139462
0.092501
0.093066
0.092953
0.092835
0.092723
0.139420
0.138953
0.137114
0.139143
0.138482
0.139821
0.139902
0.138427
0.139062
0.139998
0.140035
0.139790
0.273893
0.139382
0.138620
0.138764
0.138934
0.139970
0.136472
0.137173
0.137063
0.139210
0.137463
0.138355
0.138710
0.138303
0.138281
0.140314
0.138502
0.138541
0.138739
0.136442
0.272885
0.139285
0.138422
0.138927
0.138878
0.138411
0.138613
0.138510
0.137709
0.138804
0.138588
0.139337
0.136139
0.137248
0.136862
0.136057
0.136598
0.135921
0.136167
0.136991
0.270306
0.136019
0.136506
0.136304
0.137529
0.138277
0.137846
0.138117
0.135095
0.137872
0.139672
0.137949
0.137727
0.138020
0.137487
0.137282
0.136601
0.137822
0.134622
0.134998
0.269132
0.137164
0.135618
0.134798
0.135164
0.134964
0.135457
0.135767
0.134477
0.135883
0.135494
0.135423
0.135530
0.135279
0.135885
0.135175
0.135381
0.135218
0.134967
0.136853
0.268618
0.136478
0.135109
0.135317
0.134185
0.134452
0.134963
0.135683
0.135557
0.135846
0.134768
0.135266
0.135357
0.135494
0.134761
0.134473
0.134916
0.134543
0.134872
0.135163
0.269827
0.135252
0.135053
0.135016
0.134839
0.134575
0.134633
0.135012
0.134539
0.136976
0.135656
0.134715
0.134878
0.137345
