2.002034
0.150408
0.147137
0.144753
0.144437
0.144674
0.145939
0.146017
0.145551
0.145237
0.146305
0.147449
0.149182
0.108133
0.107804
0.107396
0.107792
0.107949
0.107480
0.107941
0.226167
0.149781
0.148474
0.146452
0.145275
0.145842
0.144253
0.143299
0.145169
0.150771
0.153434
0.151593
0.150426
0.149076
0.147194
0.146978
0.148278
0.147280
0.145750
0.146654
0.270624
0.145102
0.145854
0.146122
0.145522
0.143854
0.141903
0.144797
0.143145
0.143427
0.143852
0.143492
0.142298
0.142575
0.141724
0.139542
0.138659
0.139484
0.139150
0.140702
0.276101
0.144638
0.141149
0.140326
0.141112
0.140915
0.141519
0.140805
0.140745
0.141872
0.142008
0.142025
0.140344
0.139793
0.139170
0.139391
0.138861
0.140128
0.139400
0.139521
0.274226
0.140056
0.140745
0.140238
0.139886
0.138190
0.140476
0.140767
0.140363
0.140599
0.140523
0.139951
0.139332
0.140846
0.140056
0.139650
0.139163
0.139727
0.138820
0.139189
0.273719
0.139231
0.138305
0.138314
0.138304
0.138933
0.139227
0.138572
0.139118
0.139562
0.138250
0.138405
0.138962
0.138958
0.137141
0.137094
0.136615
0.136157
0.136455
0.136354
0.271163
0.137605
