283	179	82	102
283	175	83	106
284	175	79	105
285	178	79	104
285	179	80	103
282	180	79	100
282	179	83	103
285	183	77	99
284	184	75	98
283	183	75	100
282	183	80	101
285	186	74	99
283	187	77	98
281	188	74	95
282	189	76	97
281	186	74	101
283	186	71	100
282	190	75	97
282	194	72	93
285	192	71	94
284	192	73	95
281	193	74	95
283	192	75	100
282	195	74	95
281	196	74	93
282	196	71	93
282	197	74	93
280	196	75	95
282	197	72	92
283	198	73	93
282	201	71	89
282	204	72	88
281	206	70	85
279	202	73	89
281	206	69	85
281	203	71	88
278	205	72	86
279	204	72	88
277	207	74	85
277	205	71	88
277	205	74	89
277	205	73	87
279	204	73	91
278	204	71	87
280	204	71	89
282	203	71	89
281	205	71	84
283	205	73	83
284	199	74	90
286	198	76	89
288	196	72	91
287	191	77	97
285	192	72	93
291	195	73	92
289	192	71	94
288	192	76	95
288	189	72	97
286	190	73	94
285	188	74	95
284	187	73	95
283	188	74	94
279	189	74	91
280	189	73	91
277	186	74	92
276	184	74	94
274	186	74	90
273	187	74	88
270	182	77	94
270	180	77	94
269	177	77	98
269	178	79	98
270	177	78	98
270	176	77	100
271	180	79	96
270	174	80	102
271	178	81	96
272	173	79	101
273	174	81	101
275	175	81	99
279	173	80	100
279	171	80	102
283	169	79	104
284	171	83	104
288	167	84	107
292	167	84	108
297	165	86	112
297	162	89	115
306	166	88	108
311	164	86	109
322	162	83	112
324	165	88	107
332	164	91	110
338	163	87	110
347	162	90	111
352	163	88	107
364	158	86	113
364	160	94	109
376	155	91	116
378	154	93	114
385	154	96	116
389	152	97	118
401	149	93	120
405	148	93	120
412	148	97	121
413	150	101	115
417	151	103	116
424	153	101	114
429	145	99	122
433	145	103	121
437	142	102	124
440	149	104	115
446	144	100	121
448	145	104	118
450	143	100	121
452	139	106	128
456	139	101	128
455	142	109	124
458	140	101	127
456	142	108	124
458	141	102	126
453	139	105	129
455	144	105	122
455	140	103	127
454	142	103	126
453	142	101	128
452	142	102	126
445	142	103	127
443	144	105	126
440	145	102	121
441	142	99	128
435	142	104	128
432	143	107	127
430	145	105	126
428	144	102	128
423	142	100	128
423	150	99	116
419	143	97	124
416	142	100	125
409	146	98	126
406	148	95	120
401	150	93	120
396	148	94	124
388	151	89	121
388	151	91	121
378	150	89	127
371	149	90	128
367	153	88	124
363	154	86	124
355	159	87	118
350	159	89	117
347	160	84	117
343	162	85	113
338	170	82	108
334	168	84	108
329	168	83	109
324	169	89	109
320	173	89	111
319	175	82	106
314	178	82	104
311	182	82	101
309	182	78	103
305	181	77	104
299	186	80	104
297	185	75	103
292	186	76	104
286	186	79	106
281	186	78	104
278	190	76	98
273	195	73	92
269	192	74	94
265	190	73	98
264	193	74	96
260	198	71	90
258	194	73	95
255	194	72	95
254	196	76	94
253	195	73	94
253	193	74	96
251	196	73	91
251	192	75	96
249	191	77	95
249	196	76	92
249	193	78	94
244	192	83	96
243	193	86	96
243	192	86	98
242	195	88	94
251	199	80	89
250	196	82	92
249	194	84	94
251	198	83	91
258	204	76	82
269	207	66	77
271	210	64	74
273	201	62	83
274	206	62	77
271	203	64	80
274	202	62	79
275	204	62	77
275	200	63	80
278	200	61	81
279	203	59	77
280	203	58	77
282	203	56	77
280	202	57	78
281	204	57	75
284	208	53	69
283	205	54	73
282	206	55	71
284	208	53	69
286	208	50	70
284	206	54	74
285	206	53	72
283	207	55	72
285	208	52	70
285	208	53	71
283	205	55	75
278	207	61	73
276	204	63	78
271	197	68	85
270	196	69	87
263	197	73	87
260	194	77	90
256	195	77	88
258	195	76	89
258	194	76	90
259	199	74	83
257	196	74	88
259	200	71	84
259	197	70	88
258	196	71	89
258	196	71	90
256	197	73	89
257	196	72	90
255	198	74	87
254	196	74	89
256	192	75	96
254	199	75	87
258	195	73	90
259	195	70	91
261	195	71	91
261	197	70	88
263	194	70	92
263	194	74	94
263	194	73	93
266	192	69	94
266	192	70	94
267	194	69	92
267	191	70	94
267	191	67	92
266	191	72	92
267	189	70	95
266	187	72	97
265	188	74	98
266	188	71	98
269	187	70	101
270	188	69	99
271	189	69	96
272	187	70	97
271	189	73	95
272	187	73	98
273	186	73	100
274	186	75	104
276	186	76	102
277	186	77	102
278	187	70	98
278	187	71	100
279	186	70	101
279	188	69	96
279	187	71	98
279	186	71	99
279	185	72	100
279	185	73	101
280	185	72	101
282	185	68	100
281	186	66	99
283	186	62	98
281	190	61	90
281	186	66	95
282	190	60	90
280	187	57	93
281	187	55	92
281	186	50	94
281	181	49	99
279	182	53	99
281	184	47	95
281	181	47	100
279	184	51	96
280	183	51	97
279	182	53	97
281	182	53	96
281	182	53	97
280	182	57	98
281	182	56	98
281	184	59	94
282	181	60	99
284	182	64	98
285	184	64	96
286	183	66	98
284	181	73	104
289	183	69	102
287	183	74	103
286	188	74	94
288	187	70	97
287	185	71	98
288	184	72	101
286	185	72	102
289	187	72	99
283	187	76	99
282	185	76	101
282	191	77	95
283	189	73	98
285	188	72	99
283	190	74	96
284	190	72	96
282	189	74	98
282	192	75	95
282	191	73	97
280	192	77	96
281	195	75	93
281	195	73	92
280	193	72	96
279	196	73	92
277	195	75	93
276	191	72	98
276	196	71	91
273	193	75	96
273	193	72	94
272	192	70	94
271	193	72	91
270	192	71	89
268	191	74	91
267	188	74	94
266	189	72	93
266	187	74	93
262	185	76	97
265	185	74	95
263	187	73	91
264	184	75	92
262	183	75	93
264	176	76	97
264	177	79	97
267	177	78	92
268	178	78	90
272	172	81	94
274	163	83	104
280	165	84	101
280	162	86	106
286	160	87	106
286	156	90	111
290	154	98	112
293	153	93	114
297	150	97	118
301	148	94	123
306	147	95	121
303	149	95	120
306	145	96	124
310	148	93	122
313	146	93	121
309	147	91	118
315	145	95	121
312	143	93	120
319	146	97	115
323	141	96	121
329	140	93	120
331	140	92	118
337	140	94	119
339	136	97	123
347	134	99	127
348	136	98	119
358	135	95	122
361	138	99	119
371	133	93	122
376	137	98	119
387	138	95	116
390	140	95	109
402	139	92	108
405	139	96	108
417	148	92	98
422	145	94	98
433	147	90	98
446	141	88	105
448	139	93	106
458	142	92	103
466	147	92	96
470	148	96	92
482	150	94	90
486	146	92	96
489	150	97	94
492	153	96	90
498	156	93	88
498	153	96	93
499	156	96	90
497	154	101	93
501	154	93	94
497	154	98	95
497	154	97	98
497	151	93	103
492	152	98	105
491	154	96	104
490	151	96	112
487	154	99	109
487	152	97	118
486	152	97	118
483	152	99	122
482	154	99	118
481	155	99	121
480	157	95	119
477	153	101	131
476	156	104	124
475	158	102	125
475	156	100	130
475	158	100	128
473	159	103	125
473	158	101	132
474	157	98	131
472	158	100	132
470	159	104	130
472	157	101	131
473	159	99	126
472	157	101	131
471	158	100	128
470	156	100	129
467	159	100	129
466	158	100	129
461	162	101	122
461	161	100	124
455	160	100	128
455	160	100	127
446	163	97	124
447	162	98	128
444	166	98	121
440	165	97	121
435	163	98	125
432	169	95	116
431	168	93	115
431	166	90	120
429	167	89	120
426	167	89	118
421	168	91	121
415	168	93	118
411	169	90	118
405	169	91	121
401	175	87	115
397	177	88	111
392	176	93	116
390	179	87	112
387	181	86	111
380	183	89	109
381	184	79	109
377	182	82	113
369	190	86	105
366	192	81	102
360	198	78	94
356	193	78	101
350	196	80	101
348	200	80	96
345	208	74	88
343	204	71	93
338	203	72	96
331	206	70	95
330	208	69	93
327	211	68	89
322	210	68	91
319	213	65	89
320	214	61	86
314	213	62	88
311	218	64	83
309	217	62	85
