0.446345
0.063569
0.057615
0.057836
0.058201
0.057948
0.057603
0.058343
0.057709
0.058369
0.058413
0.058450
0.058396
0.058256
0.058820
0.058330
0.058197
0.057272
0.057097
0.056676
0.089179
0.057115
0.058014
0.058175
0.058288
0.059105
0.058669
0.057950
0.058830
0.058049
0.059330
0.058909
0.058471
0.057503
0.057023
0.057136
0.057695
0.057220
0.057861
0.057913
0.102587
0.057596
0.058264
0.058172
0.058321
0.058522
0.058289
0.058222
0.057862
0.058200
0.059355
0.058216
0.058210
0.058807
0.058623
0.058636
0.059170
0.058707
0.059034
0.059301
0.104594
0.059916
0.059404
0.059313
0.059551
0.059505
0.059099
0.058541
0.060270
0.059826
0.059112
0.059330
0.059121
0.059034
0.058928
0.058272
0.058514
0.058222
0.058140
0.058843
0.103783
0.058986
0.058043
0.058265
0.057956
0.058337
0.058759
0.058205
0.058252
0.057842
0.058300
0.058493
0.059933
0.059647
0.060543
0.060135
0.060546
0.060026
0.060162
0.060590
0.105853
0.059425
0.057427
0.056890
0.056257
0.057093
0.057375
0.057472
0.057426
0.057140
0.057481
0.057154
0.057523
0.057139
0.057237
0.057352
0.057565
0.057633
0.057294
0.057393
0.102252
0.057317
0.057141
0.057084
0.057470
0.057559
0.057919
0.056967
0.057310
0.057756
0.057190
0.057771
0.058028
0.057292
0.058233
0.057859
0.058538
0.057962
0.062147
0.063772
0.104002
0.058416
0.058252
0.058469
0.058503
0.057986
0.058234
0.058508
0.059276
0.058787
0.059219
0.059122
0.059748
0.059062
0.059977
0.059513
0.059623
0.083507
0.059239
0.059758
0.105418
0.060117
0.060435
0.060435
0.067582
0.061246
0.061148
0.061089
0.060204
0.060912
0.060014
0.059794
0.059271
0.059888
0.059575
0.059458
0.059115
0.061102
0.058881
0.059201
0.104464
0.059566
0.059180
0.058943
0.058865
0.059236
0.059303
0.059316
0.058474
0.058827
0.058096
0.057074
0.029584
0.029659
0.029476
0.029476
0.056006
0.056616
0.056927
0.057959
0.104039
0.059128
0.058612
0.058953
0.059069
0.059583
0.059749
0.059546
0.059612
0.059962
0.059728
0.060085
0.061099
0.062733
0.060926
0.060299
0.060359
0.062166
0.063845
0.064662
0.107080
0.061468
0.060870
0.060916
0.061026
0.061502
0.070107
0.064374
0.062319
0.068069
0.065944
0.062644
0.068132
0.063339
0.065849
0.063702
0.066393
0.062402
0.065827
0.066389
0.112086
0.061828
0.061961
0.076858
0.060774
0.061259
0.060313
0.060690
0.060327
0.060736
0.060160
0.061134
0.060184
0.060313
0.060136
0.060311
0.060441
0.061784
0.061269
0.061666
0.107805
0.061593
