0.428068
0.062951
0.062165
0.062083
0.061899
0.062030
0.061450
0.061895
0.062012
0.061984
0.065275
0.061229
0.061758
0.062757
0.063001
0.061648
0.064207
0.065579
0.061149
0.064231
0.096692
0.061027
0.062706
0.066019
0.061118
0.061811
0.061416
0.063704
0.062910
0.062001
0.064144
0.065416
0.062892
0.064237
0.064842
0.059772
0.058880
0.059961
0.059536
0.059007
0.104791
0.058768
0.059474
0.059375
0.059676
0.059291
0.059409
0.059264
0.059402
0.059336
0.059090
0.059131
0.059512
0.059658
0.059161
0.059242
0.060091
0.056436
0.056255
0.056771
0.102153
0.056134
0.056307
0.056365
0.056384
0.056750
0.056815
0.056664
0.057475
0.057889
0.058136
0.057338
0.058259
0.058144
0.058006
0.058031
0.057600
0.058080
0.057621
0.057953
0.103385
0.057139
0.057727
0.057538
0.057589
0.057588
0.057128
0.057473
0.057708
0.055711
0.057632
0.057244
0.057146
0.057804
0.057822
0.057709
0.057552
0.058113
0.058357
0.058241
0.103981
0.058275
0.058578
0.058462
0.059714
0.056528
0.056077
0.056944
0.057082
0.056875
0.057067
0.057046
0.057249
0.057277
0.058046
0.057742
0.057725
0.057891
0.058056
0.058330
0.104552
0.058832
0.058855
0.059351
0.059358
0.058779
0.059297
0.059563
0.059898
0.059881
0.059599
0.059385
0.059355
0.059689
0.059673
0.059559
0.059783
0.060092
0.059494
0.059661
0.105237
0.060098
0.059942
0.059683
0.060152
0.059722
0.059515
0.062502
0.063271
0.063056
0.061890
0.064927
0.063839
0.062584
0.063463
0.063069
0.062273
0.061697
0.062814
0.064999
0.109401
0.062966
0.066952
0.066813
0.067702
0.062514
0.059428
0.058818
0.058774
0.058279
0.058718
0.064664
0.063310
0.057734
0.059862
0.060205
0.063433
0.064950
0.059974
0.060795
0.107492
0.056661
0.056777
0.059633
0.059521
0.060209
0.059663
0.059687
0.059256
0.060225
0.059589
0.059175
0.056252
0.055888
0.055794
0.057184
0.058241
0.056716
0.060454
0.058699
0.105215
0.060590
0.060896
0.059098
0.059400
0.062717
0.063479
0.058164
0.059171
0.061485
0.058284
0.059949
0.064917
0.061978
0.061842
0.061114
0.063388
0.063042
0.063553
0.059448
0.107078
0.063977
0.063771
0.061189
0.061936
0.063967
0.065692
0.065607
0.060366
0.060189
0.062455
0.061574
0.060557
0.061469
0.060713
0.058462
0.057918
0.058053
0.057946
0.061118
0.109976
0.059973
0.066086
0.063554
0.064397
0.062506
0.058734
0.059282
0.059033
0.058740
0.059083
0.058738
0.059725
0.059280
0.061764
0.065005
0.066308
0.061547
0.060959
0.060130
0.105496
0.060817
0.061126
0.062109
0.060143
0.060375
0.060142
0.061919
0.067256
0.067191
0.069641
0.067568
0.070136
0.064008
0.065979
0.062416
0.060155
0.060178
0.062983
0.063539
0.106148
0.060113
0.060060
0.061068
0.060061
0.060170
0.060183
0.060410
0.060256
0.060300
0.060736
0.060283
0.060486
0.060679
0.060481
0.061376
0.060842
0.060836
0.060912
0.060903
0.107665
0.061343
0.062822
0.064142
0.062341
0.062964
0.062526
0.062385
0.063034
0.063544
0.062866
0.062038
0.062309
0.061811
0.062125
0.062681
0.062076
0.063844
0.062267
0.062925
0.108200
0.062290
0.062123
0.061486
0.060266
0.059755
0.059265
0.059398
0.058087
0.058051
0.057695
0.058642
0.059174
0.059409
0.061084
0.072856
0.061793
0.058711
0.058353
0.058868
0.103070
0.058329
0.057533
0.057885
0.058177
0.058075
0.057886
0.058328
0.058029
0.058040
0.057687
0.057771
0.058104
0.058223
0.058220
0.059313
0.057420
0.059399
0.060776
0.058338
0.103935
0.057355
0.057334
0.057232
0.057096
0.056818
0.056630
0.056963
0.056138
0.056391
0.056754
0.062894
0.059399
0.056915
0.058225
0.059441
0.060457
0.059957
0.060039
0.059763
0.107933
0.062291
0.061301
0.060493
0.063156
0.058375
0.061388
0.061057
0.062249
0.062095
0.058980
0.058070
0.060404
0.057201
0.057078
0.060654
0.063296
0.057395
0.056568
0.056967
0.102947
0.056835
0.056949
0.056621
0.056350
0.057152
0.057029
0.057908
0.057774
0.057880
0.058228
0.057899
0.059406
0.060179
0.059344
0.061144
0.058672
0.058816
0.059132
0.058492
0.104464
0.061248
0.060001
0.056502
0.056547
0.056251
0.059910
0.062179
0.059805
0.055489
0.055428
0.055565
0.055811
0.055869
0.055805
0.056097
0.056651
0.055512
0.055413
0.064493
0.102327
0.055795
0.055506
0.057129
0.060960
0.058465
0.062742
0.062529
0.063193
0.059634
0.061776
0.060709
0.059509
0.061734
0.062741
0.063519
0.061087
0.057521
0.058619
0.056898
0.103976
0.058120
0.056429
0.057692
0.058392
0.058763
0.060651
0.056270
0.056144
0.055930
0.056155
0.055942
0.057559
0.061173
0.062782
0.061543
0.061199
0.062348
0.060582
0.061796
0.110362
0.057684
0.067228
0.061889
0.059648
0.061816
0.060951
0.059841
0.063275
0.062474
0.063312
0.064710
0.063447
0.059315
0.062972
0.061135
0.059350
0.064833
0.061069
0.065350
0.107975
0.057650
0.057950
0.059393
0.063325
0.062737
0.064155
0.060154
0.063135
0.063254
0.066530
0.060524
0.064655
0.063045
0.063414
0.063168
0.062995
0.063784
0.061078
0.061024
0.108472
0.057350
0.057372
0.057360
0.059759
0.057657
0.062284
0.062448
0.059234
0.058926
0.061759
0.058249
0.059048
0.065277
0.060892
0.061714
0.061373
0.060756
0.060459
0.056459
0.101800
0.055966
0.056576
0.060826
0.061923
0.060971
0.057364
0.061123
0.061961
0.061169
0.061168
0.061507
0.059106
0.059177
0.059816
0.061546
0.062038
0.059691
0.062244
0.062059
0.108757
0.058044
0.058884
0.058915
0.059392
0.062513
0.061753
0.062051
0.062565
0.062569
0.059043
0.060249
0.064486
0.059669
0.062767
0.064071
0.057688
0.058228
0.057773
0.061134
0.109675
0.058860
0.058970
0.060948
0.062386
0.057717
0.056584
0.058939
0.062246
0.055770
0.056078
0.057974
0.055679
0.055962
0.055694
0.057321
0.063183
0.062918
0.061928
0.064911
