415	176	91	100
414	172	89	105
411	172	92	106
414	167	89	111
410	168	90	108
410	168	94	110
409	171	88	104
412	166	90	110
408	166	88	109
410	164	87	113
409	164	84	109
408	162	95	112
410	159	90	116
409	159	93	113
417	157	85	123
416	157	85	127
414	158	90	128
411	157	95	135
410	157	97	117
412	157	95	116
415	159	90	99
412	163	95	86
412	176	93	73
414	166	91	84
412	177	91	83
412	172	92	93
415	164	94	107
413	164	94	113
414	173	91	101
415	170	91	109
414	172	89	109
413	181	91	96
412	186	93	91
413	187	92	90
414	184	90	94
414	178	92	101
413	180	94	99
413	177	93	102
414	186	93	93
413	180	94	98
415	186	91	93
415	180	90	98
414	186	92	91
415	189	90	87
416	183	90	95
416	186	90	92
417	182	90	97
418	185	90	94
417	186	91	91
418	188	88	89
419	182	90	97
420	185	89	94
420	185	88	94
421	180	90	100
423	184	86	95
423	187	87	91
422	185	90	92
424	188	88	89
425	188	85	88
424	184	88	91
424	183	88	95
425	186	87	91
424	183	89	93
423	186	89	91
424	184	89	93
426	182	85	93
425	182	86	94
423	183	91	95
426	185	87	91
426	180	88	99
426	186	89	91
430	184	85	94
436	186	78	92
446	178	70	98
443	158	73	116
434	153	86	122
423	151	97	110
423	152	97	96
424	151	100	96
427	151	93	92
431	149	80	99
430	154	82	95
414	171	83	94
421	185	63	83
427	184	74	88
420	182	91	92
421	176	94	99
421	171	93	106
423	166	94	113
426	166	90	113
426	167	88	110
422	166	95	110
423	163	95	114
425	172	93	103
426	171	92	105
425	166	94	110
427	170	91	106
426	170	94	106
426	170	92	105
426	167	94	108
424	161	97	117
425	164	98	113
427	169	90	106
427	164	92	111
425	164	90	111
427	161	93	115
425	165	89	109
425	168	90	106
423	167	90	106
421	172	91	100
423	178	89	95
422	179	88	93
423	177	89	97
422	170	90	105
421	161	90	113
423	165	88	110
419	166	89	107
418	175	92	100
420	176	91	99
421	164	89	111
416	172	90	100
420	166	90	109
419	167	89	103
419	170	91	102
420	168	88	103
419	166	92	107
418	165	91	108
419	163	90	110
417	170	88	100
417	175	90	96
415	176	89	95
414	177	90	94
412	177	87	97
413	175	87	101
409	180	90	98
411	183	89	98
409	183	86	98
410	179	89	102
407	183	89	98
410	192	86	87
409	190	87	91
409	190	90	91
411	192	88	90
412	193	86	89
411	194	89	86
412	191	89	92
413	192	89	90
413	194	88	87
414	194	89	84
415	193	88	86
418	194	84	82
417	195	85	79
418	200	83	70
417	196	86	73
422	204	81	59
417	201	85	61
413	196	89	70
413	188	91	87
410	181	94	110
410	176	95	120
407	171	98	123
409	167	96	132
411	168	95	121
408	170	97	117
407	167	100	122
409	167	97	120
410	167	95	119
410	167	96	118
410	168	96	115
412	170	94	113
409	169	97	116
407	167	100	115
409	169	99	113
410	166	96	116
411	166	96	115
412	168	96	111
408	163	100	120
408	165	98	117
409	166	97	115
409	165	96	118
406	164	99	120
410	163	95	118
399	166	106	116
409	163	95	119
398	167	107	114
407	165	97	116
407	164	98	119
401	166	103	116
403	166	102	114
407	163	98	122
406	164	97	121
402	166	102	118
405	165	98	118
401	165	103	119
403	164	100	123
404	170	98	117
405	166	99	121
410	173	88	117
411	175	86	111
412	180	87	108
412	184	86	102
417	194	79	91
416	204	79	80
418	210	76	73
419	218	74	63
416	216	79	64
418	216	76	64
417	212	79	66
418	211	79	68
418	199	80	81
416	194	85	89
416	201	85	80
416	200	84	81
415	199	87	82
414	197	91	85
414	197	90	86
414	196	89	86
412	197	91	84
415	196	88	87
414	196	88	87
413	196	87	88
412	197	89	85
411	197	91	84
412	197	86	86
412	195	86	88
409	194	90	89
410	196	88	87
409	192	88	92
409	192	89	92
410	192	87	92
409	187	88	99
410	186	89	99
408	191	88	95
413	187	87	98
412	194	84	90
412	195	86	89
411	196	88	87
413	193	87	91
413	199	85	83
415	196	84	87
415	198	86	85
414	199	88	83
416	201	87	81
416	202	86	79
417	209	83	72
418	209	82	72
419	213	81	69
416	217	84	64
419	222	81	59
421	225	78	57
424	227	73	53
421	233	75	47
416	180	74	64
413	174	83	81
406	169	97	91
408	167	95	112
409	166	98	117
405	167	100	114
407	166	102	115
412	167	97	116
410	168	96	114
410	164	98	124
409	167	98	117
408	167	100	129
407	166	102	121
406	171	102	125
406	169	100	141
411	168	96	145
412	169	94	148
410	170	97	137
408	173	98	135
409	169	97	142
412	169	92	141
412	170	92	142
415	170	86	142
411	169	91	144
416	170	86	144
414	171	86	144
417	167	85	151
416	167	85	148
413	167	96	153
417	167	89	139
419	168	87	130
419	171	87	111
418	171	88	106
417	171	90	108
419	170	89	107
419	170	88	108
417	177	86	102
419	176	86	99
419	172	87	101
420	189	84	82
420	182	85	95
420	178	86	99
421	174	83	102
417	172	90	112
415	173	93	140
416	174	92	148
416	170	91	156
420	171	88	151
419	170	92	150
420	170	89	148
419	173	91	145
420	175	89	139
417	168	92	140
418	171	90	133
419	170	93	124
418	170	94	121
418	169	94	121
419	170	87	120
417	171	85	117
418	177	80	109
419	187	82	98
419	194	81	91
417	194	86	89
419	192	86	92
419	197	86	87
419	195	85	89
419	188	87	98
417	191	88	94
418	189	87	96
420	189	86	97
418	185	86	100
419	187	87	99
419	186	86	99
419	189	84	98
419	194	87	90
418	196	88	89
420	194	84	90
419	187	89	98
417	196	89	87
420	193	87	91
419	196	89	88
419	195	90	88
419	194	89	90
420	194	87	91
420	194	87	91
421	193	87	92
421	191	86	94
420	196	87	91
420	189	89	95
418	195	89	91
421	195	87	88
421	187	87	99
419	185	90	103
421	196	85	89
420	195	88	90
419	197	89	87
420	196	88	87
419	193	88	90
421	193	86	92
420	190	85	94
419	193	87	90
418	188	88	96
419	190	87	94
420	194	82	88
417	195	86	89
419	192	84	92
417	192	86	91
417	194	85	90
417	193	83	88
415	186	87	94
413	183	85	94
413	186	83	90
407	178	87	94
407	175	83	96
399	170	85	99
394	173	84	95
385	164	89	102
381	165	87	101
370	161	85	99
356	154	87	104
349	151	89	107
338	148	89	105
329	147	90	107
316	147	90	103
309	148	94	103
299	146	94	106
292	143	97	109
285	148	94	106
282	146	95	106
276	141	100	111
275	141	98	111
274	141	96	108
272	135	100	119
271	137	100	114
269	135	101	116
