201	226	84	71
205	232	82	65
205	235	82	66
208	233	78	66
207	231	81	62
207	228	80	67
204	227	77	68
206	227	78	61
203	225	76	64
203	223	78	61
203	221	78	66
204	221	78	63
205	220	76	67
204	222	75	66
204	222	79	63
203	221	76	64
208	220	75	65
208	220	76	63
212	219	78	63
213	221	76	63
218	220	75	60
217	219	75	61
220	217	76	60
220	215	74	63
222	213	72	62
221	212	72	59
219	210	72	61
218	211	75	59
218	209	71	61
219	210	71	61
217	212	71	62
216	212	70	61
214	214	70	46
244	287	72	52
247	268	77	53
252	258	73	55
257	245	78	52
0	0	0	0
0	0	0	0
0	0	0	0
0	0	0	0
295	212	75	53
0	0	0	0
0	0	0	0
0	0	0	0
0	0	0	0
0	0	0	0
0	0	0	0
0	0	0	0
0	0	0	0
0	0	0	0
398	234	79	54
0	0	0	0
0	0	0	0
0	0	0	0
0	0	0	0
0	0	0	0
0	0	0	0
0	0	0	0
0	0	0	0
0	0	0	0
0	0	0	0
0	0	0	0
0	0	0	0
0	0	0	0
0	0	0	0
0	0	0	0
0	0	0	0
0	0	0	0
0	0	0	0
0	0	0	0
0	0	0	0
0	0	0	0
0	0	0	0
0	0	0	0
0	0	0	0
0	0	0	0
0	0	0	0
0	0	0	0
0	0	0	0
0	0	0	0
0	0	0	0
0	0	0	0
0	0	0	0
0	0	0	0
0	0	0	0
0	0	0	0
0	0	0	0
272	132	77	51
275	128	78	52
283	122	75	53
287	120	75	52
293	115	73	52
295	113	73	53
296	113	77	55
296	117	75	55
293	125	79	53
292	131	75	54
287	143	74	55
286	150	74	54
281	163	75	57
279	171	73	56
274	184	75	57
272	192	75	56
268	208	76	55
266	214	77	60
263	231	80	66
261	240	82	60
260	258	79	56
259	265	81	56
258	280	88	60
257	285	88	65
257	294	79	60
257	300	79	54
167	191	87	65
164	186	90	71
164	179	93	78
163	175	90	76
163	167	91	77
165	161	90	77
167	153	89	76
165	148	91	77
171	141	86	75
172	137	90	72
177	131	87	75
178	129	87	77
185	129	87	75
181	134	88	74
188	138	86	77
188	143	85	80
191	153	84	78
192	156	83	82
193	172	81	68
190	176	86	58
249	278	84	68
248	273	82	54
250	261	74	56
247	257	78	53
244	246	79	55
243	242	79	53
237	236	80	52
235	233	81	61
230	231	77	57
227	232	77	56
223	236	75	57
216	240	89	60
213	240	98	64
210	239	109	67
243	228	94	75
249	226	94	70
261	220	94	74
267	215	95	76
279	209	98	75
290	204	102	74
293	198	105	79
302	191	97	81
304	187	98	84
302	184	98	80
307	182	96	78
306	180	99	82
308	179	99	83
306	179	97	82
308	179	96	79
304	179	96	82
302	178	99	78
297	177	98	82
294	175	102	88
287	178	104	78
286	178	100	80
279	176	100	78
275	177	98	79
266	176	100	77
263	178	96	70
257	181	95	55
254	184	95	46
297	276	87	50
302	269	79	51
309	257	78	53
311	251	79	54
318	241	75	56
319	238	77	55
324	232	75	55
327	231	75	54
332	231	73	56
334	231	74	54
341	236	74	52
346	237	75	55
356	241	75	57
362	243	74	55
373	248	78	55
381	250	75	55
396	254	77	54
404	253	77	55
416	255	77	57
424	256	77	59
438	258	81	56
445	258	79	55
461	259	77	54
468	258	78	56
480	256	77	56
486	255	76	55
496	250	76	56
499	249	79	57
504	247	82	55
510	244	79	60
515	242	80	57
517	240	81	60
521	241	79	58
521	240	79	57
519	239	79	60
519	239	79	56
514	238	79	58
511	239	78	56
502	239	79	55
497	239	80	57
490	238	80	56
488	238	77	56
483	238	78	55
479	237	80	57
477	238	80	56
477	238	81	57
475	238	82	58
479	239	79	57
479	241	79	56
480	240	82	56
485	240	79	55
487	241	80	55
492	240	79	58
494	241	81	56
499	241	77	55
501	240	79	55
504	240	80	59
503	239	82	59
504	240	79	57
502	240	79	57
500	240	80	57
499	240	79	57
496	239	79	56
493	241	78	54
489	239	79	55
487	240	79	54
482	239	80	54
481	239	80	57
480	238	78	56
478	238	78	57
477	237	81	60
478	238	78	58
476	238	79	56
478	238	80	54
479	238	77	55
478	239	80	55
481	238	79	58
482	239	80	53
483	239	79	56
485	238	79	56
486	238	80	57
484	238	80	58
485	238	79	55
487	237	79	60
484	238	78	57
483	238	82	56
480	238	81	56
481	238	82	54
481	237	79	54
482	236	78	54
481	236	79	54
482	235	77	56
480	234	79	56
477	235	80	56
475	236	81	55
474	236	82	58
472	238	82	56
471	237	81	57
471	239	80	55
471	237	80	55
469	238	80	52
467	239	83	51
467	237	81	53
467	236	81	55
469	233	77	55
470	231	80	53
471	226	79	52
472	221	79	55
475	217	80	56
473	215	78	56
471	209	80	57
470	206	79	54
469	205	76	54
468	204	76	52
466	205	77	50
465	205	77	53
463	206	78	51
460	208	80	50
460	212	79	49
461	212	79	52
461	215	77	54
458	217	81	53
457	220	80	54
458	220	80	60
456	225	78	54
457	225	80	56
459	229	79	54
460	228	79	57
459	229	81	59
462	230	80	54
464	231	79	54
467	229	80	56
469	229	79	55
473	228	80	55
475	228	78	57
476	228	80	54
478	228	82	55
480	228	79	56
480	229	80	56
481	228	79	56
479	230	80	54
478	228	80	57
476	229	79	54
476	229	81	55
473	228	81	58
472	228	80	57
471	229	83	55
470	229	80	54
470	229	80	56
471	229	81	57
470	230	80	53
471	231	79	51
472	230	79	56
472	229	79	57
472	230	81	57
473	230	80	61
472	231	81	55
474	233	79	57
473	238	77	55
474	241	77	58
468	251	79	54
465	256	80	55
459	269	80	53
457	274	82	55
450	283	85	54
447	288	87	55
442	300	87	54
437	303	93	58
430	319	95	60
425	327	94	67
411	357	100	71
401	371	103	76
0	0	0	0
0	0	0	0
0	0	0	0
0	0	0	0
0	0	0	0
0	0	0	0
0	0	0	0
0	0	0	0
0	0	0	0
0	0	0	0
0	0	0	0
204	225	95	66
176	217	88	70
177	218	83	74
174	219	91	73
175	222	82	74
173	221	86	72
169	223	90	73
169	223	89	77
167	228	89	77
166	226	90	75
161	234	101	73
160	234	101	74
159	238	93	78
156	238	94	75
153	240	95	77
150	240	99	76
148	241	100	77
146	236	103	76
146	235	102	78
146	235	100	79
145	232	102	77
144	229	104	78
