0.423951
0.063555
0.057912
0.062540
0.062233
0.057432
0.058054
0.061869
0.057792
0.056569
0.056486
0.057127
0.057578
0.056663
0.059360
0.057484
0.057869
0.056467
0.057294
0.062126
0.094433
0.058187
0.061086
0.058767
0.058647
0.057897
0.058398
0.056536
0.056350
0.058266
0.061011
0.056655
0.056106
0.051665
0.056143
0.058286
0.057905
0.029824
0.029844
0.029682
0.029989
0.057666
0.031048
0.029825
0.029781
0.029955
0.030143
0.029623
0.029716
0.029880
0.029942
0.058805
0.031872
0.031865
0.031854
0.031612
0.032214
0.031906
0.031858
0.034892
0.031194
0.030225
0.030395
0.030079
0.031890
0.029849
0.029756
0.029869
0.029753
0.029882
0.030645
0.032517
0.030861
0.029953
0.029849
0.029848
0.030035
0.030007
0.029953
0.030115
0.029854
0.030018
0.029912
0.029903
0.029870
0.029870
0.029976
0.029783
0.056003
0.079692
0.080051
0.079195
0.055979
0.056691
0.055977
0.055755
0.055918
0.058536
0.056632
0.082700
0.082375
0.082242
0.058311
0.056251
0.056539
0.056372
0.056620
0.057186
0.056762
0.056359
0.058889
0.087174
0.056511
0.055623
0.080185
0.080657
0.081204
0.081406
0.080781
0.081006
0.102822
0.057109
0.057658
0.056932
0.070372
0.061083
0.057366
0.057950
0.057721
0.058221
0.058046
0.057631
0.058270
0.056285
0.080480
0.057340
0.057377
0.057423
0.058025
0.058109
0.104335
0.057862
0.059181
0.058486
0.056200
0.058222
0.059752
0.059392
0.060238
0.060024
0.059776
0.059587
0.060814
0.060361
0.062329
0.061512
0.060756
0.060987
0.068537
0.060353
0.107520
0.061204
0.060224
0.060643
0.061143
0.061349
0.061732
0.061727
0.060780
0.060769
0.060025
0.060611
0.060603
0.059634
0.058913
0.058476
0.058325
0.057792
0.057542
0.058236
0.103776
0.058139
0.058661
0.058252
0.057702
0.057682
0.057714
0.057602
0.058208
0.057894
0.059498
0.055634
0.055462
0.055867
0.056187
0.056188
0.057099
0.056308
0.056089
0.056405
0.104491
0.055852
0.056355
0.056195
0.061280
0.056738
0.056563
0.056125
0.056194
0.055901
0.055957
0.055763
0.056116
0.055868
0.056065
0.056008
0.055777
0.056834
0.056637
0.055765
0.101768
0.057278
0.058149
0.058347
0.058225
0.065223
0.063204
0.058908
0.056415
0.055752
0.056676
0.058922
0.056682
0.057495
0.056502
0.056545
0.056193
0.066384
0.057087
0.057497
0.105090
0.057836
0.057664
0.059625
0.057343
0.056589
0.059381
0.056999
0.057027
0.056651
0.056395
0.056439
0.056326
0.056622
0.058096
0.058217
0.058160
0.062382
0.059376
0.058694
0.104636
0.061616
0.057968
0.058337
0.058664
0.059208
0.058053
0.057819
0.057803
0.055858
0.055783
0.056444
0.056238
0.056096
0.056007
0.056343
0.058220
0.058144
0.058290
0.058716
0.104146
0.057796
0.058294
0.058499
0.058506
0.059370
0.057773
0.058334
0.061664
0.063000
0.061503
0.063117
0.058007
0.061740
0.063075
0.060358
0.059555
0.061081
0.061765
0.063194
0.106332
0.061804
0.061891
0.062562
0.064038
0.064417
0.061992
0.062584
0.059916
0.059124
0.061643
0.063455
0.058639
0.057839
0.061758
0.057960
0.061497
0.058259
0.061421
0.062134
0.109171
0.061074
0.062974
0.062502
0.059667
0.058148
0.058567
0.058951
0.057912
0.063316
0.062306
0.060514
0.063488
0.060286
0.061686
0.057737
0.058051
0.060237
0.060701
0.058024
0.106217
0.058559
0.061469
0.062704
0.061507
0.064916
0.063138
0.033900
0.034133
0.033305
0.039437
0.036836
0.038841
0.036728
0.037733
0.034218
0.036544
0.038851
0.064153
0.061472
0.108752
0.063190
0.066339
0.062376
0.061077
0.064241
0.063779
0.060638
0.063592
0.060102
0.063242
0.063883
0.063398
0.065143
0.064270
0.065048
0.064167
0.064205
0.065242
0.064456
