314	113	144	186
324	108	153	196
334	110	146	203
346	118	144	195
348	115	143	195
351	118	149	193
360	114	142	199
356	112	147	198
356	112	147	195
353	113	150	191
349	109	148	189
339	106	153	188
332	100	151	193
308	98	167	184
291	90	185	196
268	90	186	188
265	96	148	181
234	92	145	191
221	91	147	196
210	90	145	196
186	90	148	202
167	92	143	198
159	92	142	198
137	105	144	180
129	106	143	181
117	108	140	179
113	112	132	176
108	119	138	173
101	128	139	172
99	129	141	176
97	136	140	177
100	140	137	179
107	153	128	172
109	156	132	175
119	159	120	178
121	162	130	181
131	169	127	180
135	172	126	175
141	174	130	179
154	204	133	151
158	202	139	156
165	192	139	173
178	189	139	180
186	182	147	188
204	197	150	182
215	194	149	186
239	188	144	186
250	191	144	200
282	193	133	203
289	192	146	211
300	188	146	214
331	198	135	204
346	196	134	203
369	199	132	202
376	192	133	205
397	191	128	203
411	193	123	186
436	190	113	176
447	187	107	186
453	185	107	198
465	194	107	190
474	198	105	186
480	206	104	176
482	202	102	180
479	209	101	174
475	201	103	185
465	207	105	176
459	207	108	186
448	213	109	189
437	218	111	181
423	223	119	181
402	218	123	189
393	233	126	179
367	232	135	185
359	236	129	187
329	247	133	175
308	235	147	190
287	250	133	171
269	241	146	182
237	236	155	188
234	225	146	194
226	217	143	196
210	218	133	182
205	229	127	167
189	201	125	188
180	200	122	177
167	209	121	164
162	206	122	164
147	177	125	185
141	168	121	188
138	163	117	189
125	159	116	188
120	153	120	187
117	158	118	181
108	148	122	188
103	143	120	188
99	146	123	173
97	132	125	183
92	120	131	184
91	113	140	189
95	107	140	192
94	99	148	197
100	97	154	199
104	102	152	190
117	92	155	199
127	101	153	197
136	94	157	198
148	85	156	205
161	110	165	185
161	112	179	179
180	99	176	189
197	104	169	180
216	92	166	188
241	85	163	191
250	71	165	208
278	65	159	212
286	61	169	222
303	62	171	219
315	61	168	219
334	60	162	222
344	55	158	228
361	58	157	222
372	56	149	220
378	58	157	215
375	59	159	219
386	70	148	206
380	67	156	209
375	70	151	209
373	69	153	206
365	75	156	205
355	87	162	191
349	82	161	200
343	90	164	190
332	82	166	201
328	79	166	202
321	84	164	200
309	80	171	203
302	78	171	203
286	77	188	204
272	76	197	197
277	72	192	207
269	75	196	203
257	78	207	195
262	79	205	196
264	80	194	195
272	83	173	186
262	75	192	193
255	72	193	198
259	72	172	195
258	73	153	192
257	72	154	194
252	81	190	188
245	82	190	189
244	80	214	192
236	75	223	200
229	79	230	204
226	78	231	212
222	83	235	208
226	76	235	218
218	77	246	224
225	92	241	203
210	84	272	213
209	84	274	222
194	87	294	220
199	95	301	208
178	92	329	207
173	103	340	192
155	93	337	208
176	104	366	190
164	105	370	187
161	117	365	175
159	98	377	201
161	112	349	178
157	112	336	183
145	109	347	197
110	97	380	212
88	86	379	243
145	102	405	184
134	97	432	197
130	98	403	196
138	104	370	192
151	110	365	180
145	94	427	195
140	103	442	185
142	103	455	193
139	105	453	187
118	86	470	221
146	99	431	235
147	105	452	209
117	92	481	220
144	99	454	232
166	97	427	277
174	92	408	326
224	83	347	359
243	91	313	324
169	91	373	358
167	97	355	334
188	94	311	331
159	35	316	315
170	82	296	277
185	90	284	233
190	85	266	214
176	90	270	208
170	78	277	203
171	72	273	208
175	73	267	208
171	68	268	207
166	62	275	218
164	45	273	245
165	28	265	267
167	4	258	296
166	59	273	283
164	53	272	237
172	32	263	249
168	71	266	226
172	35	271	255
181	5	251	278
167	63	222	247
167	76	200	229
172	112	157	195
182	133	140	169
179	126	135	173
182	117	136	185
179	123	138	179
181	120	134	178
178	114	139	184
180	118	140	179
181	111	136	187
179	124	143	173
178	120	141	176
181	117	144	182
188	133	132	163
187	121	139	178
186	114	142	186
193	113	137	184
195	115	139	184
190	114	141	187
196	123	129	175
195	125	134	172
195	133	133	166
189	125	140	171
194	126	135	172
195	124	132	174
194	118	131	182
193	119	139	180
188	117	134	181
192	115	136	181
192	120	134	177
193	136	129	160
188	149	135	142
188	138	155	154
187	140	160	149
229	93	169	162
200	81	205	190
185	81	200	213
185	77	164	243
173	90	181	276
176	96	180	279
167	111	174	269
160	111	195	276
162	112	176	253
159	110	167	223
133	150	196	224
134	156	201	199
121	158	208	185
130	148	197	186
145	128	181	192
161	115	165	243
170	90	172	266
169	79	191	272
174	76	202	232
173	61	215	233
183	42	216	250
189	27	224	265
197	22	244	240
195	27	261	249
188	73	246	230
181	50	274	250
177	56	307	230
180	10	315	278
186	90	260	282
175	87	256	268
166	94	249	223
175	104	253	198
183	103	246	198
182	105	256	190
177	102	269	196
184	105	271	189
175	100	277	193
184	102	277	187
168	98	284	198
187	103	270	187
175	114	263	176
187	103	247	195
184	100	266	192
178	98	287	197
186	100	287	181
174	103	285	189
178	93	295	203
176	102	296	183
173	100	290	198
181	98	281	197
180	99	283	197
179	105	290	175
175	103	291	196
179	106	299	175
177	95	286	198
181	93	294	206
184	104	292	192
180	95	330	206
177	103	336	190
178	104	341	190
180	98	327	219
182	102	319	202
194	101	298	204
182	101	298	196
191	101	297	188
185	100	295	188
192	104	288	179
182	120	266	228
179	94	283	260
180	95	291	220
175	99	294	199
171	99	286	185
173	89	282	209
169	82	285	213
185	72	270	209
177	50	280	229
192	40	251	245
198	32	241	242
180	64	283	222
193	44	269	207
168	76	285	217
159	83	307	164
150	91	328	165
134	84	353	177
118	86	367	193
113	78	395	198
104	93	380	171
92	99	363	172
85	101	360	176
91	99	355	176
89	105	368	161
91	104	367	172
90	104	369	168
91	108	364	167
95	107	358	169
96	109	361	167
101	109	366	169
104	108	362	168
106	106	362	171
105	106	362	167
112	105	377	169
124	112	338	158
137	116	294	146
145	116	308	142
155	92	355	170
155	80	351	182
168	64	323	202
182	46	306	234
183	55	283	216
197	52	272	225
238	67	218	220
234	60	215	242
229	66	224	244
226	59	221	262
229	60	222	257
224	52	231	267
216	57	238	263
217	55	234	267
223	59	231	243
216	75	237	236
204	61	252	251
181	65	275	269
212	72	250	219
199	66	271	232
176	68	291	239
167	66	315	237
185	75	294	211
166	67	311	241
187	53	292	243
208	62	279	218
129	120	283	240
230	60	253	212
167	100	268	214
195	74	279	210
213	76	257	205
231	69	234	208
174	82	255	251
204	69	249	234
250	71	197	197
269	78	176	186
291	81	150	182
293	51	140	184
284	47	141	201
282	49	143	226
227	79	174	226
250	69	189	207
186	65	238	203
184	68	241	247
202	55	231	259
213	48	206	261
220	58	237	236
235	63	221	228
237	59	227	229
260	64	205	221
292	85	168	197
232	72	205	204
218	59	243	214
203	60	286	209
190	54	308	217
184	44	328	223
175	51	337	212
171	51	363	214
170	57	364	207
169	54	381	214
161	59	390	201
165	79	374	183
164	75	346	190
164	88	350	177
160	94	328	175
161	94	327	173
162	93	329	177
159	96	317	177
165	108	308	163
157	108	309	164
157	110	304	159
156	102	310	177
159	101	299	181
156	99	298	193
155	109	303	171
140	95	315	207
147	99	324	202
151	109	321	179
145	109	350	195
148	91	410	219
140	98	420	215
166	105	394	203
170	94	376	226
222	100	315	206
168	97	356	207
196	105	309	200
196	100	300	223
178	86	297	225
170	94	287	223
167	96	299	217
127	89	331	231
129	102	330	200
123	103	324	188
124	100	306	211
132	92	303	195
139	86	293	208
136	84	286	200
154	85	261	215
165	89	248	200
165	85	236	206
165	79	236	199
174	84	202	194
184	88	168	197
200	100	150	184
202	103	155	189
192	99	162	190
196	96	153	199
183	92	163	204
178	95	170	200
176	95	152	199
176	94	144	196
169	112	140	186
164	95	159	208
