0.423423
0.059090
0.058501
0.058357
0.058847
0.058404
0.058566
0.058338
0.058017
0.057911
0.057514
0.058041
0.058691
0.059055
0.059553
0.058877
0.058734
0.057615
0.056527
0.056380
0.090719
0.058545
0.059016
0.059000
0.057673
0.056748
0.057270
0.075141
0.055845
0.074751
0.056063
0.055971
0.054948
0.055387
0.055690
0.056776
0.056029
0.057112
0.057348
0.029709
0.101582
0.029577
0.055331
0.055019
0.055598
0.056012
0.056389
0.056224
0.057202
0.057721
0.058625
0.058787
0.058936
0.058357
0.057978
0.057871
0.057824
0.057338
0.057582
