533	211	57	139
527	219	60	137
523	215	61	149
519	210	60	163
517	209	64	161
509	212	66	161
507	212	64	160
503	213	58	160
501	211	55	153
494	214	56	161
492	213	57	156
490	216	59	160
491	217	59	157
489	214	60	161
489	212	59	157
487	207	55	168
487	209	54	161
486	209	59	168
486	208	57	175
482	207	60	174
480	208	61	172
472	214	70	167
469	214	71	163
461	212	64	163
461	213	59	161
454	212	57	161
452	213	57	164
446	214	61	160
438	209	68	173
424	204	72	166
423	208	74	165
418	208	68	158
417	207	63	156
414	207	57	155
411	206	52	153
404	205	53	161
401	206	51	158
394	208	50	157
387	209	53	151
379	208	47	156
373	209	46	156
369	205	43	155
364	206	47	152
353	197	48	162
350	196	45	162
344	197	49	166
329	197	63	168
331	203	48	155
329	207	43	151
324	210	41	143
319	206	40	146
313	206	41	147
307	207	43	143
297	208	42	145
295	202	39	146
290	200	38	143
290	199	35	146
276	196	46	150
275	197	42	140
269	199	39	142
262	201	43	150
256	199	48	168
246	197	56	164
245	193	55	167
241	188	52	169
238	186	53	172
232	186	54	162
224	190	59	171
222	185	59	155
221	192	59	152
218	187	58	158
217	189	56	155
212	191	62	165
210	191	62	172
207	193	64	169
208	192	64	174
207	191	66	177
207	197	66	163
205	192	70	173
207	196	70	163
206	194	70	171
206	195	71	163
208	195	71	166
211	194	70	170
213	193	70	169
215	197	71	157
222	199	65	144
230	202	59	131
233	204	57	138
237	211	56	120
240	220	53	111
240	224	52	105
240	230	53	95
239	234	54	91
238	240	59	93
238	242	58	86
239	243	59	85
236	246	63	73
238	249	61	76
237	248	61	71
240	247	60	80
240	246	57	81
241	243	58	82
239	244	59	80
240	243	60	81
239	242	57	84
238	242	57	83
239	240	53	82
237	240	56	83
236	240	53	88
231	239	55	86
229	240	53	85
227	241	54	88
226	241	51	89
227	241	49	87
225	242	56	80
224	244	59	75
228	240	55	76
227	240	54	77
227	241	55	76
227	238	54	83
228	238	51	84
228	238	53	83
226	239	53	85
230	239	51	82
228	240	52	80
230	240	51	82
229	240	49	81
228	238	50	85
228	238	52	85
228	237	51	84
227	238	53	82
224	237	52	85
226	237	55	83
224	238	53	85
224	239	56	80
222	237	57	86
223	237	57	85
221	238	60	88
222	237	59	92
227	240	56	98
226	239	58	111
231	240	55	122
234	239	57	123
241	239	52	119
241	238	63	111
243	237	59	108
244	239	54	110
245	237	58	101
242	240	63	113
246	235	57	113
243	236	58	125
245	232	59	125
246	230	58	119
247	230	56	116
252	232	53	98
253	236	56	100
252	239	60	97
257	239	57	80
258	242	58	73
263	241	53	74
264	242	49	69
264	242	51	69
266	240	49	72
264	241	52	73
264	241	52	73
265	240	50	75
261	239	54	79
261	240	55	74
262	241	54	70
263	238	53	77
263	235	52	78
265	237	51	78
265	240	51	74
266	237	50	78
265	237	49	78
267	237	47	76
266	239	46	74
268	240	42	71
265	241	47	69
264	239	47	72
265	236	47	77
265	236	45	76
266	238	43	73
265	239	47	72
262	237	51	73
263	235	48	74
268	236	44	72
266	237	45	70
265	235	45	72
264	233	46	73
264	231	45	76
268	235	44	72
269	236	45	73
269	236	47	72
268	236	46	74
270	237	46	70
270	236	47	71
270	237	44	69
269	237	47	67
269	235	46	71
266	236	48	71
264	236	51	73
266	234	47	76
265	234	47	78
266	237	48	75
268	240	48	74
265	238	46	79
267	241	47	74
267	243	44	71
266	242	46	72
264	243	46	71
270	242	42	71
263	238	48	75
263	236	47	77
263	234	47	78
266	236	45	75
263	239	47	69
264	236	46	74
265	237	47	73
266	237	46	74
269	239	42	71
268	240	44	70
267	241	44	69
266	240	44	68
264	237	47	71
261	234	50	74
259	236	47	72
254	234	52	77
0	0	0	0
0	0	0	0
249	225	63	88
245	232	67	79
224	238	85	77
246	241	68	69
235	243	77	70
258	238	69	73
257	239	55	71
262	233	49	81
262	233	49	78
265	237	45	71
265	239	45	69
267	236	42	72
266	237	43	68
262	233	47	72
264	231	43	73
263	231	44	73
261	230	47	74
262	232	43	73
264	235	41	66
259	232	46	71
258	232	46	71
260	233	45	71
259	232	46	72
257	229	49	77
263	233	44	70
260	233	45	71
262	234	45	71
260	235	46	70
259	235	47	69
259	237	46	68
257	235	48	69
263	237	41	67
262	235	42	68
262	235	44	72
261	233	44	74
262	234	44	72
261	235	46	71
261	234	46	73
263	233	46	77
258	239	50	71
260	233	47	79
261	237	48	73
260	240	46	71
259	237	46	74
259	235	46	77
264	240	41	71
260	240	46	71
260	238	45	74
259	238	47	75
257	240	49	74
259	239	46	75
260	237	44	76
261	238	47	74
264	240	44	71
262	238	45	74
262	237	46	73
261	237	47	70
261	234	45	73
261	233	47	75
260	230	47	79
260	234	48	73
261	235	47	71
261	236	44	70
264	236	44	69
262	236	45	71
262	237	47	70
263	237	46	70
262	237	47	72
262	235	47	73
262	236	48	71
262	236	46	72
263	234	45	72
262	236	45	70
265	237	41	71
268	237	44	61
261	233	50	68
0	0	0	0
0	0	0	0
0	0	0	0
0	0	0	0
0	0	0	0
0	0	0	0
0	0	0	0
265	234	46	73
271	240	38	69
282	241	27	67
0	0	0	0
0	0	0	0
0	0	0	0
259	234	19	65
264	234	23	64
263	236	28	67
264	234	35	70
264	236	42	69
262	237	45	66
262	235	44	69
263	237	46	66
262	236	47	68
261	235	47	69
262	233	47	72
260	232	48	73
260	231	48	74
260	232	47	72
260	231	47	74
262	230	46	75
260	231	47	74
263	231	45	72
261	231	45	72
264	231	44	71
262	232	47	70
262	230	46	74
260	229	48	75
259	229	48	76
264	229	43	74
260	227	45	76
263	232	47	72
261	232	47	72
260	231	47	74
262	232	45	72
260	231	49	73
262	230	47	74
262	228	48	76
262	231	48	74
262	231	47	75
262	228	46	77
264	229	45	77
263	230	46	75
265	231	45	73
263	230	47	76
265	234	46	71
266	235	45	72
265	236	45	71
262	235	48	72
262	235	49	72
264	236	47	70
262	237	46	71
258	234	50	75
263	236	44	71
258	238	48	69
258	231	50	75
260	233	50	73
262	232	46	75
265	233	43	72
262	228	50	76
264	229	48	77
268	234	43	71
266	232	45	74
266	234	46	71
264	237	46	69
264	233	45	73
261	233	47	71
261	232	46	70
258	231	49	71
261	226	47	77
260	224	47	80
262	224	45	78
260	222	47	79
264	227	44	73
263	228	47	72
264	227	46	74
262	225	45	77
262	223	47	79
262	224	47	76
263	226	47	74
266	228	43	73
264	228	45	73
264	228	45	73
263	229	48	71
262	226	47	75
264	228	46	73
264	227	46	74
263	227	47	76
263	226	48	78
265	231	46	71
265	231	46	72
265	230	48	74
269	229	46	77
268	232	46	74
271	233	45	72
269	232	46	74
269	232	48	75
274	237	42	69
271	236	44	69
269	234	44	73
268	234	45	70
269	234	46	70
270	231	47	74
271	235	50	70
275	233	45	74
