0.422147
0.058216
0.057571
0.057944
0.057437
0.057409
0.057447
0.057043
0.057438
0.057082
0.057295
0.057520
0.057511
0.056914
0.057337
0.057466
0.057913
0.057474
0.058010
0.058273
0.090952
0.058820
0.057974
0.057976
0.058476
0.058625
0.058139
0.058446
0.058926
0.058911
0.059657
0.059770
0.059452
0.059405
0.060518
0.034494
0.034482
0.034376
0.034503
0.063308
0.105426
0.059447
0.059181
0.060214
0.059405
0.059132
0.059530
0.059378
0.059721
0.060039
0.059469
0.059858
0.060720
0.060466
0.060602
0.059976
0.061263
0.036767
0.067120
0.037618
0.038525
0.036803
0.036303
0.036117
0.036292
0.036427
0.036578
0.063297
0.062834
0.061922
0.033648
