532	254	65	115
533	251	60	113
531	248	62	115
529	252	60	112
531	256	59	115
529	253	57	117
527	260	53	115
527	258	53	118
523	260	54	116
522	258	54	119
514	257	57	118
512	254	55	121
508	252	55	119
506	249	56	117
504	241	58	118
498	242	59	120
496	239	56	124
488	239	59	126
477	237	63	121
465	234	65	120
465	232	64	129
464	231	57	138
460	231	55	139
457	232	58	138
455	233	54	137
447	238	55	132
441	231	54	139
424	235	59	135
418	231	58	141
408	220	59	151
401	215	59	154
392	219	60	148
391	225	58	138
375	221	63	142
359	217	71	148
0	0	0	0
0	0	0	0
0	0	0	0
0	0	0	0
311	219	65	153
310	223	62	143
310	202	58	154
305	187	58	170
300	190	51	176
300	187	48	172
281	196	52	173
278	198	53	169
266	198	59	160
260	195	62	161
250	191	59	162
240	189	63	154
222	226	70	155
225	183	61	181
213	168	57	186
209	168	55	184
189	179	58	185
172	170	78	178
0	0	0	0
210	232	82	155
0	0	0	0
0	0	0	0
0	0	0	0
0	0	0	0
0	0	0	0
0	0	0	0
0	0	0	0
0	0	0	0
51	190	90	147
51	187	84	149
249	233	72	131
0	0	0	0
