0.425331
0.058508
0.056478
0.061409
0.055755
0.055909
0.055424
0.055825
0.055926
0.055707
0.055679
0.055926
0.055885
0.055452
0.056280
0.055634
0.060610
0.056714
0.058886
0.056332
0.090413
0.058482
0.057699
0.059597
0.056296
0.056479
0.056361
0.056797
0.058706
0.061868
0.056092
0.056617
0.056184
0.056249
0.056323
0.056060
0.056192
0.056031
0.056383
0.056542
0.101798
0.059220
0.059293
0.057520
0.056800
0.057610
0.057649
0.058657
0.066721
0.062792
0.060089
0.061760
0.060873
0.062188
0.059905
0.058164
0.056058
0.056053
0.056368
0.055999
0.101321
0.055987
0.059147
0.055656
0.055523
0.057479
0.064200
0.057949
0.055367
0.056104
0.056737
0.056082
0.056854
0.056125
0.055709
0.060852
0.056591
0.055521
0.055072
0.058176
0.100813
0.054984
0.055056
0.055221
0.055355
0.055874
0.056870
0.054806
0.054815
0.055086
0.055007
0.055181
0.055275
0.054759
0.054969
0.055226
0.057578
0.062239
0.060210
0.058669
0.103700
0.057658
0.058750
0.057009
0.057642
0.056677
0.057055
0.057304
0.058716
0.055235
0.055314
0.056831
0.055928
0.056308
0.056506
0.056248
0.056621
0.056073
0.056571
0.054590
0.102645
0.057373
0.056996
0.056311
0.057434
0.053998
0.054301
0.054975
0.054896
0.054510
0.054346
0.054092
0.054557
0.055524
0.054799
0.055371
0.057844
0.057063
0.057587
0.057609
0.104234
0.057765
0.058165
0.058649
0.059143
0.059190
0.059098
0.059696
0.060076
0.059787
0.060690
0.060207
0.060819
0.061455
0.062025
0.063520
0.064338
