2.633505
0.159160
0.186301
0.220033
0.155434
0.161472
0.172600
0.162832
0.164629
0.226574
0.167245
0.168478
0.164821
0.161989
0.212766
0.175547
0.189532
0.171648
0.184113
0.173320
0.329102
0.170955
0.179048
0.177665
0.189914
0.270258
0.228779
0.220078
0.218851
0.294348
0.238465
0.161614
0.166631
0.167407
0.173890
0.172383
0.237162
0.170994
0.181856
0.168169
0.306408
0.270708
0.168366
0.172780
0.172274
0.129791
0.129288
0.192831
0.212412
0.167988
0.131469
0.129220
0.128222
0.123766
0.128919
0.179509
0.121795
0.174500
0.121405
0.123239
0.128133
0.139778
0.117620
0.119237
0.121477
0.175997
0.124343
0.124042
0.124274
0.125417
0.120320
0.124135
0.130416
0.132892
0.137113
0.145856
0.118846
0.145241
0.120921
0.124531
0.124862
0.124153
0.121958
0.122362
0.161332
0.118982
0.118898
0.119485
0.167207
0.124873
0.138904
0.120335
0.121387
0.147912
0.124413
0.124091
0.150188
0.123815
0.121189
0.128676
0.124159
0.119663
0.118664
0.126586
0.186803
0.121366
0.175126
0.179246
0.173151
0.112179
0.112100
0.170570
0.154217
0.101018
0.145390
0.100379
0.162776
0.147961
0.164413
0.148132
0.143843
0.146991
0.141656
0.178192
0.213493
0.182552
0.149131
0.146911
0.147106
0.149562
0.243256
0.152710
0.149458
0.150691
0.145779
0.167842
0.147882
0.132748
0.161464
0.146140
0.279763
0.162315
0.245203
0.162499
0.159045
0.159388
0.152972
0.155679
0.228102
0.155056
0.153930
0.155440
0.156106
0.166827
0.154591
0.202273
0.151352
0.158454
0.156337
0.157364
0.293989
0.218968
0.154455
0.157937
0.156780
0.153654
0.162274
0.251631
0.169155
0.166886
0.163400
0.157970
0.158592
0.337217
0.170129
0.186921
0.113446
0.114151
0.114944
0.118267
0.117554
0.184231
0.113526
0.118479
0.113684
0.115315
0.117472
0.116983
0.117967
0.131521
0.131211
0.197664
