2.482342
0.146620
0.209181
0.145311
0.145921
0.147007
0.157658
0.150143
0.207361
0.194563
0.205720
0.161136
0.152101
0.211071
0.151024
0.185825
0.147535
0.187707
0.257609
0.160547
0.235771
0.140911
0.143754
0.209689
0.142288
0.143326
0.142682
0.198900
0.233402
0.210668
0.142731
0.145358
0.145816
0.148274
0.275167
0.212104
0.215437
0.153772
0.096691
0.210811
0.278140
0.144002
0.231140
0.143619
0.161737
0.144181
0.143895
0.141785
0.144519
0.144991
0.130951
0.096503
0.106600
0.096827
0.097045
0.096921
0.142139
0.143763
0.223892
0.160986
0.275351
0.095478
0.096599
0.141811
0.193647
0.142587
0.142948
0.146282
0.141622
0.142436
0.276994
0.147445
0.212502
0.223784
0.149087
0.278656
0.217669
0.222901
0.143227
0.142455
0.263253
0.213130
0.138788
0.161525
0.143776
0.208036
0.143181
0.146480
0.140758
0.141178
0.143503
0.207971
0.149547
0.145544
0.148864
0.158334
0.168962
0.209754
0.143029
0.144297
0.279485
0.150754
0.213196
0.151732
0.144797
0.142856
0.141367
0.156896
0.207383
0.153466
0.141421
0.146578
0.147814
0.144477
0.211800
0.144060
0.144026
0.143599
0.141023
0.144149
0.348238
0.146363
0.155175
0.148093
0.157543
