0.520957
0.067570
0.070169
0.069671
0.081662
0.090069
0.098257
0.062012
0.062176
0.070636
0.071364
0.061308
0.062293
0.063806
0.062420
0.062263
0.138227
0.067318
0.062596
0.061516
0.094220
0.064734
0.062793
0.060821
0.061467
0.061401
0.150219
0.061484
0.061592
0.060870
0.060333
0.060186
0.060787
0.060667
0.061315
0.060554
0.059728
0.104140
0.087240
0.077509
0.058690
0.089204
0.119049
0.057271
0.066112
0.067911
0.064402
0.127074
0.069403
0.070205
0.057805
0.059358
0.060790
0.056147
0.060915
0.057334
0.070381
0.069732
0.169246
0.060951
0.111687
0.085524
0.062904
0.066149
0.085096
