514	225	64	240
513	229	53	241
494	226	59	249
467	234	79	240
450	251	100	222
428	235	112	237
421	238	108	237
406	233	95	230
411	233	71	194
0	0	0	0
0	0	0	0
0	0	0	0
0	0	0	0
0	0	0	0
0	0	0	0
0	0	0	0
0	0	0	0
0	0	0	0
0	0	0	0
0	0	0	0
0	0	0	0
0	0	0	0
0	0	0	0
0	0	0	0
238	238	63	207
213	242	88	203
205	234	80	220
194	226	71	246
190	216	68	257
175	213	65	265
180	213	55	256
164	207	64	266
154	215	70	260
128	228	84	240
121	221	74	247
106	212	73	244
104	214	53	237
81	212	67	256
74	211	67	262
57	220	69	253
0	0	0	0
0	0	0	0
0	0	0	0
0	0	0	0
0	0	0	0
0	0	0	0
0	0	0	0
0	0	0	0
347	209	93	238
