0.474449
0.063859
0.063958
0.063871
0.064530
0.063851
0.057459
0.072116
0.062633
0.062814
0.055108
0.063099
0.056103
0.062826
0.062201
0.063118
0.063229
0.062911
0.062951
0.063139
0.087443
0.061830
0.061871
0.061694
0.062052
0.061934
0.055085
0.062618
0.061770
0.061186
0.061993
0.061199
0.061143
0.062018
0.062474
0.060900
0.060393
0.061592
0.060775
0.060045
0.106892
0.060478
0.060107
0.059860
0.059698
0.059766
0.059195
0.059791
0.059192
0.060014
0.060482
0.068168
0.060000
0.059324
0.059322
0.059480
0.059084
0.061279
0.059501
0.059644
0.105144
0.059358
0.059035
0.059329
0.059781
0.059935
0.059560
0.060267
0.059636
0.060331
0.060297
0.060455
0.060885
0.073890
0.070950
0.061380
0.061726
0.062906
0.061977
0.061468
0.107715
0.064652
0.062916
0.062928
0.062713
0.063293
0.064910
0.062647
0.062746
0.062463
0.062230
0.062115
0.061703
0.061357
0.059240
0.058615
0.058631
0.058331
0.058660
0.058916
0.104783
0.058302
0.059223
0.061356
0.059232
0.059004
0.059286
0.059236
0.059329
0.060076
0.059734
0.058858
0.058677
0.058670
0.058644
0.058841
0.060012
0.058752
0.058318
0.060593
0.104749
0.058536
0.058025
0.057651
0.057698
0.057649
0.057456
0.057327
0.057649
0.058336
0.058137
0.058636
0.059466
0.057557
0.057120
0.057558
0.058001
0.057891
0.058421
0.058244
0.105814
0.060464
0.059710
0.060462
0.060776
0.060437
0.060967
0.060519
0.061256
0.060853
0.060976
0.061200
0.060620
0.060630
0.060967
0.060925
0.060430
0.061143
0.058975
0.059374
0.105402
0.059992
0.059905
0.059794
0.059872
0.060886
0.061203
0.061261
0.061961
0.063230
0.060375
0.056998
0.057411
0.057429
0.057841
0.057407
0.059191
0.057937
0.058012
0.058681
0.104132
0.057991
0.058433
0.058390
0.062405
0.062674
0.058998
0.058619
0.059366
0.057269
0.056698
0.059417
0.059449
0.060018
0.059130
0.058746
0.063572
0.065568
0.058722
0.058347
0.104218
0.058454
0.058287
0.056488
0.056571
0.055851
0.057748
0.055503
0.057565
0.056859
0.057004
0.056752
0.069244
0.066947
0.068715
0.065632
0.067574
0.062578
0.063731
0.062035
0.108187
0.061728
0.066913
0.066827
0.065254
0.065531
0.066580
0.063967
0.062321
0.061661
0.061349
0.066978
0.066672
0.062345
0.066039
