2.597190
0.182051
0.175461
0.149189
0.148716
0.148316
0.147677
0.238972
0.146900
0.144223
0.144857
0.141554
0.147043
0.219885
0.144580
0.142736
0.160101
0.147433
0.146005
0.202455
0.237787
0.152811
0.141033
0.146276
0.248004
0.147774
0.156050
0.147233
0.146192
0.171882
0.164435
0.142486
0.143669
0.150784
0.147654
0.143178
0.196879
0.157068
0.143843
0.143279
0.273212
0.240087
0.146078
0.146253
0.099248
0.098846
0.099219
0.099271
0.167864
0.153123
0.146796
0.148793
0.139655
0.145786
0.241606
0.160799
0.162858
0.146080
0.156910
0.151990
0.381799
0.150153
0.147092
0.169513
0.147455
0.246432
0.152842
0.142247
0.159549
0.236339
0.246336
0.265738
0.211175
0.151341
0.147541
0.216431
0.147464
0.240232
0.147567
0.146548
0.279362
0.148124
0.251078
0.145144
0.147230
0.147377
0.157888
0.147226
0.230739
0.145124
0.149293
0.147847
0.143939
0.146870
0.250106
0.142236
0.148044
0.142603
0.163913
0.144304
0.386943
