2.531513
0.145077
0.146120
0.245054
0.148773
0.144413
0.147527
0.142929
0.150844
0.138959
0.242769
0.143936
0.144458
0.145023
0.158996
0.145243
0.145416
0.280220
0.190354
0.142745
0.249711
0.145610
0.146516
0.144527
0.098232
0.098314
0.166397
0.097241
0.098426
0.144945
0.146209
0.165911
0.154803
0.245639
0.161963
0.147961
0.152941
0.145837
0.151118
0.309064
0.279453
0.214612
0.219173
0.215004
0.292596
0.226819
0.155816
0.143977
0.157096
0.318503
0.144301
0.224023
0.147292
0.139495
0.230615
0.311696
0.146379
0.145398
0.212616
0.163613
0.284778
0.142359
0.151305
0.141107
0.160844
0.141903
0.161429
0.241639
0.142716
0.145800
0.145516
0.145306
0.155744
0.245105
0.151305
0.144597
0.142912
0.142531
0.144934
0.149474
0.322042
0.142597
0.150416
0.153710
0.153773
0.160803
0.161280
0.095299
0.096894
0.144186
0.098828
0.098669
0.098541
0.099551
0.098612
0.161314
0.098400
0.098259
0.147630
0.156973
0.304915
0.240185
0.165060
0.142107
0.144166
0.146656
0.180905
0.155375
0.134383
0.109547
0.098086
0.095157
0.094459
0.095764
0.157153
0.147100
0.146988
0.250330
0.155879
0.145738
0.284298
0.147698
0.153032
0.203168
0.143573
0.112805
0.095075
0.140988
0.095250
0.095466
0.113419
0.098439
0.164826
0.097389
0.144435
0.141056
0.229606
0.146342
0.145373
0.152155
0.281344
0.151512
0.143002
0.148865
0.200991
0.156014
0.146142
0.146396
0.150786
0.145584
0.244795
0.254908
0.148459
0.166333
0.145228
0.153800
0.152966
0.322181
0.150929
0.151102
0.288289
0.204096
0.150795
0.151310
0.150265
0.159807
0.333302
0.153997
0.223589
0.163142
0.156523
0.204660
0.150345
0.152960
0.152108
0.155727
0.255456
0.154529
0.152365
0.156246
0.310135
