308	95	103	117
310	90	98	128
306	91	101	127
310	89	102	138
307	90	102	130
307	86	104	148
304	89	104	138
308	91	105	134
306	89	105	136
307	88	103	142
307	90	103	128
305	89	107	138
308	91	107	132
304	89	103	131
306	91	105	128
306	89	103	140
305	91	104	130
302	89	106	135
304	90	104	137
300	90	109	139
303	90	103	136
301	91	107	134
302	92	103	129
303	91	104	135
302	92	105	135
302	92	107	136
298	92	107	131
301	92	104	129
298	90	103	128
302	91	104	131
301	91	101	123
303	91	102	127
298	91	105	125
303	91	101	132
301	92	98	123
300	92	94	122
299	90	100	134
298	91	94	122
299	93	94	116
296	91	95	129
294	93	92	122
296	93	91	122
291	94	93	115
292	95	87	115
289	94	90	120
287	95	86	112
286	95	89	117
284	98	88	110
284	96	92	115
282	94	89	124
281	97	90	115
282	97	92	112
280	96	88	115
276	98	90	111
278	100	91	106
280	97	87	114
273	96	90	117
278	97	89	116
271	99	87	109
268	100	94	108
268	99	93	109
271	99	91	108
267	99	91	107
265	97	90	114
262	97	94	112
263	98	93	110
258	97	95	114
259	98	94	110
255	96	96	115
258	96	95	116
254	96	97	118
255	96	100	119
252	96	97	116
253	97	100	116
251	98	99	112
249	97	103	118
249	97	101	114
248	96	104	118
248	99	103	112
247	99	104	110
246	98	103	117
246	100	104	112
246	100	103	113
247	99	101	112
244	99	104	119
247	99	102	114
246	100	101	114
245	99	103	116
245	98	102	114
248	99	98	110
247	100	100	106
250	99	94	106
253	97	90	108
252	97	89	107
257	102	84	96
259	99	84	102
254	100	88	100
258	100	85	99
257	99	89	103
256	100	86	100
261	101	86	100
262	99	88	105
265	99	86	105
264	97	87	110
267	99	89	107
266	102	93	103
271	100	90	106
273	99	92	110
277	100	87	105
278	102	89	103
280	104	87	98
282	104	86	97
284	108	84	95
285	108	85	93
286	112	88	96
287	114	81	93
289	118	84	95
289	120	79	89
289	125	80	103
287	128	82	100
288	136	81	95
290	139	76	94
288	145	80	87
289	145	73	87
288	148	73	86
289	148	71	84
286	153	73	81
285	154	71	78
281	155	76	78
282	158	73	75
283	157	73	74
282	158	73	75
282	155	73	75
283	156	71	75
282	153	75	79
280	151	80	83
282	147	76	83
282	145	79	87
285	140	75	92
285	137	76	94
282	134	82	97
286	136	78	94
287	133	76	96
286	129	79	101
286	125	79	102
285	123	82	102
286	121	81	104
283	120	86	103
285	117	83	104
284	116	84	104
283	115	86	105
283	114	83	104
284	114	82	100
284	112	84	99
282	110	84	105
284	111	85	97
281	108	86	102
282	105	87	97
282	102	87	100
282	99	87	108
280	96	88	105
282	96	87	101
279	91	90	107
276	87	91	107
281	83	91	112
275	75	92	119
279	73	94	125
272	69	98	125
275	65	97	130
272	56	104	152
274	57	102	149
267	52	107	157
269	50	106	153
269	44	112	172
269	44	110	168
268	41	112	169
270	37	113	175
271	33	116	180
266	31	123	177
267	25	129	184
271	23	123	190
273	25	132	187
272	20	130	194
274	17	139	199
267	15	138	201
272	13	145	198
267	12	147	193
270	11	148	205
264	10	156	212
261	11	158	210
271	10	149	201
265	10	145	205
273	12	145	206
267	12	141	203
271	15	135	202
267	12	136	202
266	14	136	197
269	16	133	196
270	19	126	189
272	21	122	191
271	24	124	182
273	26	115	178
269	28	116	174
275	29	114	178
274	34	113	164
273	37	111	164
273	40	106	158
273	44	110	157
277	50	109	149
272	53	104	145
279	57	104	142
274	60	103	137
277	62	100	137
275	66	100	135
279	69	91	128
280	74	95	127
281	76	87	131
278	80	95	130
281	85	90	118
284	89	88	115
282	90	85	112
285	90	88	115
283	89	91	120
285	91	90	114
290	94	84	108
290	95	89	105
290	93	91	110
295	91	87	117
290	90	91	113
294	92	89	114
294	89	94	118
296	90	87	117
298	90	91	116
295	89	90	115
300	88	95	119
