0.507024
0.081803
0.062090
0.064006
0.061938
0.070967
0.059836
0.080279
0.029526
0.031847
0.029316
0.029186
0.029456
0.029295
0.065517
0.062082
0.100451
0.058711
0.060639
0.063357
0.103247
0.060980
0.058399
0.075645
0.061068
0.074650
0.079556
0.075313
0.060889
0.079556
0.080350
0.062001
0.063197
0.067493
0.058304
0.060324
0.060233
0.030274
0.030221
0.032964
0.030180
0.030487
0.030537
0.030750
0.030891
0.063037
0.059367
0.060659
0.060671
0.080324
0.076664
0.058512
0.055336
0.064950
0.055243
0.055254
0.067971
0.061084
0.083907
0.081335
0.111820
0.055243
0.054054
0.029024
0.029689
0.029920
0.030028
0.058843
0.079405
0.060050
0.059672
0.060576
0.060601
0.060862
0.058962
0.059764
0.056277
0.080622
0.061317
0.065286
0.105678
0.064767
0.059663
0.063569
0.060953
0.066608
0.075171
0.061010
0.078258
0.061084
0.063454
0.065228
0.058038
0.068594
0.056907
0.079017
0.059966
0.075916
0.059749
0.058890
0.132685
0.067472
0.059352
0.059137
0.078792
0.058691
0.062440
0.059661
0.069893
0.063351
0.055184
0.068613
0.060940
0.055243
0.063794
0.055878
0.057667
0.061219
0.060082
0.060002
0.155649
0.061260
0.054249
0.054130
0.059238
0.059072
0.058819
0.061703
0.059200
0.059904
0.059996
0.060498
0.062644
0.060460
0.057539
0.060150
0.059789
0.058778
0.060647
0.059055
0.104922
0.064059
0.057963
0.057564
0.057834
0.057744
0.058371
0.058084
0.059895
0.058539
0.057194
0.056524
0.056221
0.056028
0.056513
0.056476
0.056164
0.056103
0.055734
0.055336
0.098647
0.055366
0.056217
0.054457
0.054405
0.053816
0.027449
0.027506
0.027619
0.027488
0.027541
0.027608
0.032330
0.056517
0.054560
0.055729
0.053495
0.053268
0.053778
0.053351
0.099039
0.053201
0.053530
0.054223
0.027169
0.027073
0.027433
0.027248
0.027311
0.027334
0.027247
0.027001
0.027007
0.027253
0.027042
0.027209
0.053366
0.027349
0.053494
0.053908
0.099641
0.054581
0.054885
0.054859
0.055187
0.055139
0.054727
0.054041
0.027594
0.027398
0.027516
0.027594
0.027617
0.027626
0.027790
0.027775
0.027855
0.027820
0.027806
0.027884
0.100010
0.053877
0.054254
0.055710
0.056550
0.057093
0.056535
0.056664
0.028255
0.028754
0.038405
0.033315
0.028243
0.028255
0.028123
0.028131
0.027938
0.028326
0.027916
0.027965
0.028202
0.028049
0.055947
0.055839
0.055796
0.056259
0.056128
0.056429
0.056527
0.056567
0.056897
0.056713
0.056254
0.056582
0.056087
0.027726
0.027765
0.027889
0.027595
0.027841
0.102269
0.055674
0.055255
0.055543
0.056796
0.056221
0.056602
0.056074
0.057801
0.053998
0.054285
0.054089
0.054268
0.053910
0.054060
0.028059
0.028293
0.028131
0.027941
0.028079
0.028055
0.028111
0.028364
0.028010
0.027991
0.028031
0.054287
0.054785
0.054080
0.054171
0.054407
0.054082
0.053963
0.054050
0.054067
0.054233
0.053827
0.053693
0.053834
0.027572
0.027513
0.027710
0.027710
0.027551
0.027668
0.027709
0.027669
0.053347
0.027550
0.027686
0.053259
0.053403
0.053344
0.053390
0.053570
0.054159
0.054026
0.053833
0.053683
0.028067
0.027950
0.027700
0.027877
0.027738
0.027986
0.027891
0.027818
0.027703
0.027678
0.027788
0.027931
0.027660
0.027614
0.027754
0.027868
0.053457
0.053390
0.053349
0.053955
0.053605
0.099514
0.053699
0.053764
0.027502
0.027320
0.027428
0.027356
0.027317
0.027320
0.027481
0.027504
0.027555
0.028146
0.027570
0.027605
0.027461
0.027443
0.027480
0.027391
0.027478
0.027655
0.027276
0.027280
0.027212
0.027637
0.027264
0.027416
0.027428
0.027882
0.027318
0.027666
0.027509
0.027565
0.027404
0.027476
0.027588
0.027435
0.027452
0.027477
0.027487
0.027296
0.027313
0.027435
0.027526
0.027354
0.027485
0.027664
0.027346
0.027467
0.027464
0.027467
0.027466
0.027375
0.027450
0.027256
0.027411
0.027677
0.027511
0.027339
0.027284
0.027380
0.027504
0.028054
0.027531
