0.411108
0.055881
0.058430
0.055382
0.055196
0.055157
0.052183
0.055037
0.055952
0.057075
0.057257
0.053894
0.056846
0.056930
0.053701
0.057233
0.056608
0.056877
0.055740
0.055579
0.088530
0.055393
0.055262
0.055248
0.055289
0.055389
0.055287
0.055057
0.055151
0.055081
0.055045
0.055620
0.054992
0.055252
0.054811
0.028239
0.028085
0.028313
0.028063
0.028045
0.028013
0.054615
0.054595
0.054787
0.055133
0.054782
0.055342
0.055205
0.057309
0.057054
0.054759
0.057026
0.053542
0.053836
0.057124
0.053886
0.057086
0.057019
0.057263
0.056861
0.105565
0.057533
0.057373
0.057171
0.057319
0.057379
0.057343
0.056753
0.057032
0.057040
0.056796
0.056619
0.057463
0.057403
0.057010
0.057042
0.057131
0.057360
0.057125
0.056849
0.104074
0.057257
0.056633
0.056834
0.057829
0.060009
0.060679
0.052945
0.055053
0.055212
0.055475
0.055679
0.055568
0.057651
0.055810
0.061100
0.060214
0.064655
0.055451
0.055516
0.100619
0.055483
0.057164
0.056961
0.057628
0.057191
0.056982
0.056523
0.080719
0.056941
0.055532
0.055123
0.027498
0.027308
0.027246
0.027278
0.027272
0.027408
0.055079
0.054969
0.099700
0.054004
0.054024
0.054306
0.054655
0.051768
0.054779
0.051714
0.054603
0.054855
0.054807
0.054993
0.054822
0.055118
0.054911
0.054772
0.054803
0.054626
0.054879
0.054604
0.100339
0.055120
0.055322
0.055140
0.054850
0.055204
0.055406
0.058746
0.055309
0.055183
0.052134
0.053713
0.060609
0.056131
0.055664
0.055729
0.055769
0.055595
0.055747
0.055334
0.101591
0.055602
0.055459
0.055367
0.055666
0.052179
0.056632
0.057331
0.058292
0.057493
0.057713
0.030048
0.028722
0.028397
0.028521
0.028666
0.028785
0.054619
0.054861
0.054517
0.101031
0.054976
0.061584
0.056404
0.055837
0.055152
0.055114
0.054939
0.054866
0.055258
0.054691
0.055068
0.054575
0.054755
0.054785
0.054796
0.054775
0.057265
0.059283
0.055227
0.102759
