1.960246
0.140564
0.138868
0.139460
0.139218
0.139894
0.140382
0.141409
0.138529
0.094405
0.094293
0.094784
0.094046
0.138367
0.093912
0.093654
0.137679
0.138358
0.137226
0.137884
0.212807
0.140453
0.143676
0.138955
0.145672
0.142525
0.142583
0.139254
0.136962
0.136810
0.137243
0.137184
0.138728
0.138047
0.138448
0.138745
0.139454
0.136632
0.136091
0.134979
0.091340
0.091536
0.144647
0.095560
0.138196
0.145818
0.143178
0.144351
0.136615
0.144744
0.145762
0.138323
0.144117
0.140848
0.140524
0.141577
0.145177
0.141011
0.141220
0.139469
0.272617
0.138702
0.135760
0.136308
0.136914
0.137189
0.137103
0.135487
0.137136
0.136724
0.137362
0.138728
0.138292
0.139360
0.139299
0.139981
0.139125
0.139544
0.140180
0.140286
0.274354
0.140671
0.140628
0.140401
0.139120
0.138522
0.139008
0.139525
0.138356
0.139010
0.139009
0.137248
0.138018
0.138719
0.138908
0.138957
0.138759
0.138923
0.139298
0.138784
0.092747
0.092495
0.092359
0.092713
0.092438
