482	278	55	138
485	274	44	145
479	272	47	149
477	270	45	155
469	269	45	159
467	262	44	162
465	263	40	164
462	255	42	179
458	260	43	174
0	0	0	0
0	0	0	0
0	0	0	0
0	0	0	0
358	265	36	176
0	0	0	0
0	0	0	0
414	259	34	175
408	267	37	168
398	273	46	155
399	271	41	151
393	275	39	143
390	276	42	146
373	280	47	144
362	282	59	142
359	280	55	140
357	277	53	146
358	274	44	150
359	270	41	156
354	272	41	151
353	270	39	155
345	275	48	149
341	276	54	148
338	278	58	144
322	276	63	136
325	285	73	126
331	295	68	123
348	290	48	131
356	289	40	126
363	289	33	113
364	290	31	111
0	0	0	0
0	0	0	0
290	275	30	123
0	0	0	0
276	277	41	125
276	280	38	118
267	280	43	120
261	280	43	124
253	281	46	115
248	286	44	112
242	281	45	118
239	283	46	130
238	276	35	148
236	273	38	154
230	266	34	164
222	271	41	159
218	273	41	155
208	266	49	155
201	274	48	143
203	278	44	134
195	278	38	121
192	286	37	112
185	289	40	116
178	280	43	129
172	278	46	126
171	277	44	130
170	277	30	136
165	276	36	146
159	279	39	138
150	276	45	147
136	277	58	147
134	278	60	148
124	278	58	144
123	281	55	139
113	282	56	137
116	281	46	131
108	280	49	137
104	277	50	148
96	275	50	161
94	272	48	160
87	273	47	168
85	269	48	169
77	275	51	160
75	280	52	145
65	283	50	132
56	281	52	131
52	284	50	134
53	284	43	130
44	279	48	134
38	280	51	135
30	279	55	140
31	281	39	140
30	278	40	142
22	278	45	137
12	281	52	137
10	283	51	137
0	280	51	145
-2	281	52	143
-3	280	43	141
-4	287	39	130
0	0	0	0
0	0	0	0
0	0	0	0
0	0	0	0
0	0	0	0
