42	220	78	240
51	223	70	242
59	224	69	242
64	226	67	239
73	220	63	235
79	222	61	239
0	0	0	0
0	0	0	0
0	0	0	0
0	0	0	0
0	0	0	0
0	0	0	0
0	0	0	0
134	227	46	245
128	228	58	232
133	225	55	227
145	230	49	219
151	238	45	208
157	238	48	205
159	241	51	202
167	243	51	196
175	243	43	196
183	245	38	193
183	254	40	187
191	256	33	175
189	266	40	165
182	271	49	157
187	268	48	155
179	276	55	154
182	269	53	160
172	271	65	156
172	269	66	161
169	268	71	159
172	264	68	163
175	259	69	170
178	257	66	170
169	252	79	180
170	250	79	186
173	251	76	187
175	245	77	184
184	246	69	180
189	246	64	182
197	242	58	188
205	245	50	186
210	244	48	187
207	246	48	183
226	241	36	178
231	243	32	183
233	245	33	182
229	241	40	186
233	242	35	179
244	246	32	171
0	0	0	0
0	0	0	0
0	0	0	0
0	0	0	0
0	0	0	0
0	0	0	0
0	0	0	0
0	0	0	0
210	270	31	161
213	260	28	160
0	0	0	0
0	0	0	0
0	0	0	0
0	0	0	0
0	0	0	0
225	259	35	161
230	266	30	152
234	261	30	147
239	275	30	142
243	272	30	144
247	267	31	146
242	252	39	161
248	249	36	163
248	248	35	165
248	248	37	175
249	249	38	163
248	250	41	171
244	248	50	165
247	254	48	157
249	254	42	155
252	259	49	151
248	266	55	144
258	258	46	151
249	267	57	141
257	258	56	151
251	268	64	140
261	269	56	139
255	272	63	135
265	270	56	140
266	262	58	151
286	263	39	145
291	259	34	150
294	259	35	151
297	256	33	154
298	253	32	162
295	251	40	157
296	248	39	163
299	253	42	156
298	251	44	157
302	251	39	158
302	254	47	155
305	257	49	152
309	258	45	147
311	258	43	150
316	258	38	147
321	259	36	150
321	257	38	146
328	259	34	143
330	258	35	144
333	257	35	151
336	257	32	152
337	256	34	146
334	257	45	150
334	259	53	142
334	262	64	137
333	269	71	130
339	264	65	137
355	267	49	130
357	268	48	134
364	264	42	137
365	262	46	140
373	261	49	139
379	263	44	137
381	264	44	135
388	258	38	144
395	258	44	152
397	260	45	151
401	259	42	155
407	257	37	155
412	247	34	161
416	253	35	155
418	260	35	155
423	253	36	161
429	261	38	154
432	254	37	158
434	253	39	164
440	260	33	156
443	253	35	158
445	253	39	168
448	240	40	172
451	249	41	160
453	250	43	162
456	252	43	157
460	254	54	157
465	258	49	147
472	262	52	139
478	266	47	133
479	268	48	128
488	269	50	126
490	265	53	136
499	265	46	137
507	263	40	146
513	251	35	162
516	248	36	168
518	253	36	168
520	259	42	158
523	265	41	158
530	258	45	148
532	260	49	141
541	261	43	140
544	264	43	130
547	264	44	128
546	263	51	128
550	266	53	124
555	267	48	123
562	266	43	128
564	274	44	120
568	274	46	121
573	275	41	119
580	278	45	116
579	264	55	122
594	266	45	127
598	269	43	123
608	265	33	131
608	253	32	139
614	259	27	143
615	251	26	146
619	256	29	134
0	0	0	0
0	0	0	0
0	0	0	0
0	0	0	0
0	0	0	0
0	0	0	0
0	0	0	0
0	0	0	0
0	0	0	0
