272	205	83	223
274	202	83	227
276	203	82	225
280	210	80	218
279	201	84	227
280	204	88	224
284	201	85	225
285	207	88	218
287	197	87	230
290	199	87	228
294	202	82	226
298	200	83	227
296	205	89	222
302	201	84	226
306	197	85	232
308	201	86	224
319	195	83	234
325	199	80	229
333	194	78	235
338	195	80	235
340	195	82	234
346	197	71	224
0	0	0	0
0	0	0	0
0	0	0	0
0	0	0	0
0	0	0	0
0	0	0	0
0	0	0	0
0	0	0	0
0	0	0	0
0	0	0	0
415	200	67	227
414	189	70	238
409	188	88	240
415	187	86	242
419	186	87	241
424	189	86	241
428	182	85	248
434	183	85	245
435	192	93	235
445	192	92	235
450	189	91	238
460	190	88	238
463	184	96	245
466	195	104	233
472	188	103	241
474	186	105	244
478	181	107	250
485	181	100	248
487	175	100	254
489	183	100	245
490	180	102	249
492	178	103	251
494	177	102	245
494	184	110	244
493	178	114	251
495	172	114	260
498	175	112	256
499	174	120	258
497	173	134	258
502	174	129	257
502	179	135	247
499	171	142	260
501	168	140	263
500	173	143	257
502	167	139	265
502	176	140	253
504	173	137	256
508	163	133	268
507	162	133	274
505	155	135	277
510	156	129	276
514	150	122	283
516	150	122	283
513	147	126	288
509	148	133	281
516	144	125	286
516	144	124	288
505	139	136	296
509	133	131	313
509	132	131	303
507	132	124	298
501	130	136	304
500	127	138	308
496	130	143	303
492	128	146	305
487	131	150	302
470	130	163	304
468	125	151	307
0	0	0	0
0	0	0	0
0	0	0	0
0	0	0	0
0	0	0	0
0	0	0	0
0	0	0	0
0	0	0	0
0	0	0	0
0	0	0	0
0	0	0	0
0	0	0	0
0	0	0	0
0	0	0	0
0	0	0	0
0	0	0	0
369	123	113	302
368	118	108	309
359	120	113	305
353	133	110	294
0	0	0	0
0	0	0	0
0	0	0	0
0	0	0	0
310	128	120	300
0	0	0	0
296	125	117	304
287	125	119	305
281	122	111	309
279	122	102	306
271	120	101	310
260	119	105	309
251	119	107	312
240	127	111	303
234	128	110	298
220	124	123	304
213	131	124	297
206	125	125	304
203	123	115	295
197	124	115	305
187	123	120	309
178	118	121	312
171	116	117	311
147	128	136	300
136	121	137	307
135	121	129	307
121	123	142	300
108	121	154	312
103	140	158	281
97	128	160	301
70	128	188	301
56	125	205	298
47	122	212	308
49	120	210	307
34	131	228	296
36	137	226	282
30	131	235	296
32	131	233	297
28	136	241	294
19	150	255	279
18	152	260	278
43	131	198	298
48	130	190	297
48	134	197	294
54	153	195	276
55	138	198	291
69	132	167	299
74	137	159	293
80	137	153	291
85	134	147	296
76	139	166	291
87	139	159	285
93	134	152	294
95	158	160	265
101	164	152	256
103	151	152	276
111	148	137	280
114	163	140	263
118	160	138	267
123	167	133	258
125	165	132	257
129	173	129	252
130	171	132	255
135	180	130	245
136	173	131	254
146	171	121	259
153	184	119	242
157	180	118	246
166	192	112	234
170	188	110	240
175	192	109	237
182	193	105	234
187	191	106	237
190	195	108	231
195	195	111	232
202	200	106	223
207	199	103	228
207	201	106	225
212	196	103	232
219	197	98	229
220	203	101	219
224	201	101	226
228	207	98	219
231	206	95	216
230	213	105	210
236	207	97	219
237	208	101	219
240	212	101	216
241	218	100	209
241	216	105	205
248	216	95	203
252	217	93	201
254	217	91	201
254	216	95	210
258	221	91	198
257	224	94	199
263	222	88	198
264	223	90	202
265	225	91	199
268	222	91	204
272	224	89	199
278	222	85	205
280	224	85	203
283	222	83	205
286	223	81	204
286	223	84	205
289	224	82	204
290	225	82	201
291	224	81	204
292	224	81	203
292	226	82	204
293	225	80	202
294	225	76	204
296	228	72	200
298	228	68	201
297	228	66	200
295	234	70	194
296	235	65	192
296	234	63	195
296	231	60	197
296	232	59	195
295	232	59	194
293	232	60	198
296	231	54	195
297	227	52	204
299	229	48	200
297	222	51	208
292	231	57	197
293	230	55	199
291	229	56	199
289	231	60	199
289	229	59	198
289	227	58	201
287	229	61	198
285	232	63	192
283	227	66	202
282	226	64	202
278	226	69	202
278	223	70	206
276	226	72	200
276	229	71	196
273	226	74	201
272	224	74	203
268	223	81	201
267	218	81	210
263	218	90	210
266	222	83	206
263	217	83	209
263	216	84	211
264	214	82	213
266	215	78	212
265	214	78	215
265	214	78	212
267	212	73	215
262	214	79	215
260	212	78	215
256	211	83	217
258	212	78	215
253	215	83	208
253	207	78	220
250	207	79	219
246	206	82	220
245	203	79	225
249	202	71	224
236	208	86	219
236	207	83	219
230	209	88	218
232	209	81	216
233	210	77	213
230	213	80	205
229	213	78	202
233	206	72	204
231	211	76	215
235	202	66	224
234	204	67	217
238	204	62	208
238	204	64	212
241	210	54	195
243	211	51	191
246	213	46	180
0	0	0	0
0	0	0	0
0	0	0	0
0	0	0	0
0	0	0	0
0	0	0	0
0	0	0	0
0	0	0	0
0	0	0	0
0	0	0	0
0	0	0	0
0	0	0	0
0	0	0	0
341	211	44	180
333	207	55	193
332	208	60	193
336	209	59	179
336	211	64	188
339	210	65	185
341	218	70	198
347	214	66	201
351	208	66	217
355	207	69	221
357	205	74	225
359	203	78	227
366	203	72	219
366	200	81	227
370	200	82	226
377	199	75	225
382	196	76	232
382	196	86	233
389	196	83	233
396	197	82	229
399	195	88	234
407	188	84	241
415	191	82	238
421	193	81	233
425	198	86	230
429	191	90	237
437	189	86	239
439	194	90	231
445	186	89	240
449	186	89	239
453	188	92	234
457	193	94	228
461	185	94	238
463	182	96	234
464	184	106	234
468	186	104	234
471	190	110	234
476	190	108	236
480	187	108	243
482	180	111	252
487	183	110	250
491	188	113	242
491	175	120	257
490	174	139	256
492	176	146	255
493	170	147	260
498	176	144	253
504	184	139	245
501	174	143	255
503	164	140	266
507	156	133	281
510	158	130	274
521	155	119	285
533	156	107	277
523	154	121	275
538	148	105	285
546	152	96	277
559	144	82	290
557	141	86	292
564	148	79	283
566	149	78	282
570	159	74	273
574	143	70	291
581	142	62	300
0	0	0	0
0	0	0	0
571	137	73	295
584	130	60	317
585	126	59	309
582	138	62	295
569	129	73	273
561	135	85	294
562	129	82	301
573	126	81	306
571	127	74	304
569	129	77	302
569	129	77	282
0	0	0	0
563	131	80	277
0	0	0	0
0	0	0	0
0	0	0	0
0	0	0	0
0	0	0	0
0	0	0	0
0	0	0	0
0	0	0	0
0	0	0	0
0	0	0	0
0	0	0	0
0	0	0	0
0	0	0	0
0	0	0	0
0	0	0	0
0	0	0	0
0	0	0	0
0	0	0	0
0	0	0	0
0	0	0	0
0	0	0	0
0	0	0	0
0	0	0	0
0	0	0	0
0	0	0	0
0	0	0	0
0	0	0	0
0	0	0	0
0	0	0	0
382	139	54	264
376	154	60	256
371	154	69	248
361	161	86	225
349	163	109	221
347	165	112	252
339	171	124	253
335	169	114	258
333	168	103	256
328	174	101	253
322	175	102	256
315	170	100	260
308	174	101	256
294	174	114	255
280	174	116	256
269	176	119	253
267	177	115	249
265	181	111	242
261	179	103	250
253	183	104	244
244	180	111	250
234	179	120	251
230	182	119	249
214	192	145	237
207	185	143	245
200	182	142	246
200	182	119	245
210	185	98	242
192	187	118	237
194	197	112	223
197	194	99	234
202	195	87	232
188	201	101	221
183	199	105	227
178	206	108	220
181	205	99	220
178	205	100	223
177	206	97	220
171	209	101	214
169	202	101	223
168	202	99	222
165	206	98	217
162	200	102	227
161	201	98	226
154	199	106	228
154	208	104	217
148	204	109	223
143	201	113	225
139	212	118	215
136	214	117	211
134	214	122	213
131	218	124	206
131	218	119	207
129	222	123	204
129	221	119	203
129	223	113	200
129	223	114	204
127	218	123	208
129	214	116	214
133	222	103	203
133	226	100	196
136	224	96	199
137	227	95	195
141	228	90	200
145	229	85	196
144	230	95	198
143	232	103	194
151	231	88	197
153	232	90	195
158	231	89	196
164	232	72	194
165	231	85	196
168	233	84	194
169	232	86	193
173	235	82	183
174	233	80	191
179	232	75	196
180	234	74	186
182	235	72	191
184	235	71	191
187	238	68	182
191	238	63	178
193	240	62	174
196	241	58	175
197	239	57	188
198	237	57	185
201	237	55	192
204	239	53	191
206	239	55	189
