0.453637
0.062271
0.061909
0.062718
0.062358
0.062324
0.062635
0.063483
0.062818
0.062340
0.062309
0.063067
0.062896
0.063748
0.061774
0.062327
0.062352
0.062296
0.062145
0.062802
0.095225
0.062026
0.061980
0.061808
0.060947
0.061350
0.061631
0.061898
0.065775
0.061989
0.060942
0.060714
0.061116
0.060069
0.060101
0.060045
0.059760
0.060262
0.060084
0.064219
0.110532
0.067799
0.067469
0.068849
0.062722
0.063470
0.065091
0.054931
0.055445
0.055285
0.055929
0.063720
0.063039
0.063335
0.056793
0.055899
0.055896
0.056433
0.056402
0.056244
0.104221
0.056252
0.055828
0.056094
0.060964
0.060373
0.057007
0.057292
0.057431
0.057325
0.057992
0.057445
0.057376
0.057111
0.057231
0.057037
0.058954
0.059720
0.059117
0.057365
0.102324
0.055074
0.056084
0.058235
0.058188
0.058531
0.057342
0.058009
0.057507
0.058600
0.059834
0.057551
0.060159
0.060070
0.059618
0.060477
0.056969
0.056714
0.059458
0.059625
0.102558
0.057376
0.057404
0.057434
0.058448
0.057432
0.059740
0.057421
0.058321
0.059923
0.059211
0.057656
0.057706
0.057644
0.055142
0.056121
0.058611
0.055442
0.055720
0.055792
0.104465
0.056441
0.055410
0.055683
0.055804
0.057761
0.057566
0.057405
0.057568
0.060836
0.057412
0.058156
0.057495
0.058132
0.057748
0.056206
0.055555
0.056088
0.055627
0.055476
0.101414
0.058559
0.056139
0.056461
0.056856
0.057334
0.056912
0.057223
0.056778
0.055327
0.054870
0.054765
0.056329
0.056299
0.056967
0.055978
0.056038
0.055997
