372	194	110	174
367	197	98	173
366	187	91	172
358	194	88	176
357	184	90	182
355	182	88	184
351	182	91	185
354	181	86	184
349	185	87	182
352	182	82	185
352	184	79	181
349	192	78	177
357	203	66	167
349	209	74	164
345	214	77	155
333	206	86	161
321	198	94	167
308	191	96	176
305	187	94	189
289	184	102	188
285	176	103	204
273	186	113	196
263	182	117	199
255	182	105	189
249	183	115	186
247	179	105	190
240	179	104	190
236	174	105	190
238	174	100	189
234	166	107	195
234	166	103	194
237	159	107	179
233	154	107	205
235	156	108	195
241	152	110	211
243	157	109	191
241	158	120	202
248	161	115	192
256	160	104	206
263	156	109	210
263	165	113	206
273	165	120	206
281	171	115	213
283	172	122	200
303	171	102	177
312	166	102	182
315	169	111	177
337	160	96	184
346	165	97	178
360	169	96	175
368	165	95	177
370	166	101	172
373	162	111	176
376	163	125	169
370	146	132	190
371	144	137	191
372	146	131	188
372	148	122	188
363	161	136	179
363	154	122	182
359	158	120	168
359	166	97	167
352	166	92	166
340	168	90	169
332	168	91	164
316	180	93	155
305	182	100	146
292	182	98	152
271	184	119	150
271	182	107	157
239	190	128	172
231	191	127	171
229	192	121	170
220	191	125	168
229	190	106	169
232	194	103	162
232	196	99	162
216	195	94	164
221	195	87	163
225	191	77	169
227	192	73	170
227	192	72	170
229	191	69	172
228	190	69	175
225	186	71	179
225	190	70	170
224	187	71	175
223	185	74	177
211	187	89	177
215	183	85	179
206	184	96	179
209	183	97	177
209	182	98	181
215	180	89	178
218	180	83	178
221	175	85	187
221	174	87	188
224	171	87	185
224	166	90	195
228	164	90	198
230	159	93	202
234	153	89	205
234	154	105	203
250	146	106	192
255	142	112	189
269	137	116	192
277	134	107	192
290	124	111	208
294	110	119	222
320	95	111	237
322	87	111	246
327	86	123	247
333	80	129	251
352	81	130	252
371	82	117	255
384	69	108	227
409	81	122	232
402	83	146	270
414	63	137	263
423	75	137	281
421	60	141	294
428	69	136	286
433	44	120	277
435	54	116	297
431	62	121	290
424	68	123	287
421	59	117	295
409	67	108	279
411	73	94	265
394	85	107	255
383	88	107	245
363	91	110	240
355	94	110	236
339	98	103	231
330	91	98	240
317	106	96	221
308	111	95	218
281	125	111	204
277	131	105	197
257	138	108	195
258	140	89	189
237	151	101	192
235	148	93	212
227	152	89	210
218	155	95	207
204	157	96	204
187	157	116	201
182	158	111	202
177	158	113	203
177	160	102	197
172	158	108	204
163	164	117	200
162	157	111	204
150	150	120	211
141	149	131	212
136	145	142	217
136	139	138	223
136	137	147	224
136	142	152	221
141	147	139	215
151	151	130	208
156	153	134	207
175	158	107	200
182	164	108	194
188	166	105	192
