0.444474
0.068139
0.066606
0.068674
0.068744
0.064638
0.063842
0.062514
0.063202
0.062203
0.062348
0.062829
0.062223
0.062238
0.061949
0.062616
0.061898
0.062243
0.063225
0.065253
0.094704
0.064895
0.054754
0.062286
0.061885
0.061195
0.058597
0.057588
0.059905
0.059584
0.055125
0.055016
0.055447
0.055592
0.054828
0.054848
0.056671
0.056442
0.056581
0.056583
0.102959
0.058655
0.059889
0.060830
0.061862
0.058247
0.060652
0.069890
0.062317
0.062731
0.062061
0.062575
0.065399
0.064057
0.063266
0.061850
0.061494
0.060771
0.061440
0.060636
0.106282
0.060333
0.060236
0.059833
0.059936
0.059957
0.063295
0.059975
0.059723
0.058871
0.059130
0.058675
0.058997
0.059753
0.059966
0.059299
0.058966
0.058499
0.059101
0.059347
0.105719
0.060593
0.061758
0.062233
0.069512
0.055826
0.057320
0.063251
0.061546
0.060880
0.061706
0.061919
0.061599
0.062580
0.062839
0.061484
0.060719
0.059895
0.060062
0.060716
0.106727
0.059704
0.059526
0.064690
0.063698
0.061146
0.063405
0.063564
0.062303
0.062182
0.064852
0.063950
0.062516
0.060269
0.060419
0.060689
0.061522
0.060595
0.060603
0.063462
0.109179
0.062246
0.061454
0.061580
0.061860
0.062173
0.063237
0.063584
0.063861
0.063947
0.063829
0.063327
0.063742
0.063651
0.062775
0.063374
0.066288
0.064366
0.064249
0.063687
0.110346
0.064568
0.057444
0.058554
0.057349
0.057601
0.058468
0.057633
0.059739
0.061203
0.055809
0.056663
0.056604
0.055736
0.056538
0.056876
0.055912
0.056072
