0.437829
0.065817
0.057082
0.057512
0.057613
0.057410
0.056854
0.057179
0.057610
0.057323
0.057258
0.057187
0.057160
0.057116
0.057290
0.056913
0.056637
0.057157
0.057148
0.057333
0.090383
0.057049
0.064018
0.064514
0.062840
0.057805
0.057391
0.057084
0.057106
0.056874
0.056963
0.064553
0.060177
0.057683
0.061173
0.062806
0.055378
0.054981
0.054681
0.062367
0.108450
0.054745
0.054879
0.054567
0.054613
0.054738
0.055011
0.054816
0.062133
0.061731
0.061887
0.054777
0.055086
0.055065
0.055004
0.054711
0.054468
0.061388
0.060930
0.061911
0.107548
0.060619
0.061630
0.061374
0.061992
0.060849
0.061103
0.061066
0.061275
0.061428
0.060463
0.061349
0.060718
0.060718
0.061416
0.060380
0.060601
0.060570
0.060792
0.060681
0.106816
0.060024
0.060701
0.060573
0.061100
0.061287
0.062542
0.061534
0.061650
0.062024
0.061890
0.061068
0.063131
0.061066
0.061681
0.061154
0.061050
0.060714
0.060829
0.060955
0.106396
0.060826
0.060777
0.060544
0.060908
0.061280
0.062004
0.062783
0.062109
0.061884
0.061494
0.061790
0.062795
0.062996
0.061495
0.062166
0.062114
0.060810
0.061973
0.061842
0.107755
0.062229
0.062022
0.061294
0.062433
0.061669
0.061690
0.061989
0.062352
0.062421
0.061669
0.062461
0.062088
0.063530
0.062975
0.062395
0.061964
0.061915
0.063156
0.062028
0.107730
0.061858
0.062688
0.062683
0.062734
0.062241
0.063364
0.062855
0.062005
0.062896
0.063204
0.062440
0.062366
0.062807
0.063264
0.063425
0.061033
0.059825
0.060627
0.060935
0.107554
0.061143
0.061672
