0.436244
0.063580
0.062114
0.061983
0.061288
0.061075
0.063382
0.062894
0.063151
0.063548
0.064210
0.063490
0.063992
0.063708
0.063052
0.063624
0.063925
0.064243
0.082302
0.062962
0.094707
0.061651
0.062048
0.061095
0.061084
0.061450
0.062036
0.061759
0.062438
0.061760
0.061373
0.061124
0.060650
0.062141
0.060785
0.063308
0.061105
0.060721
0.060987
0.061152
0.105536
0.059477
0.059650
0.059755
0.060375
0.060315
0.057770
0.059235
0.059065
0.056861
0.056406
0.058658
0.058522
0.058747
0.056422
0.056201
0.056392
0.056421
0.058347
0.058111
0.104053
0.057815
0.058908
0.059659
0.059515
0.061955
0.058150
0.060180
0.059288
0.056326
0.055841
0.058178
0.064187
0.057465
0.057511
0.059864
0.065025
0.057445
0.057140
0.057438
0.103159
0.058122
0.057538
0.057992
0.056787
0.058681
0.059386
0.059026
0.060490
0.061282
0.059488
0.062155
0.065087
0.063512
0.059403
0.057363
0.056599
0.056689
0.057266
0.057797
0.102937
0.059699
0.059755
