0.428247
0.058312
0.061959
0.059137
0.058437
0.070637
0.064066
0.061277
0.063455
0.056910
0.057181
0.056721
0.055830
0.055429
0.057169
0.055894
0.054838
0.054839
0.054935
0.057732
0.088537
0.055419
0.055916
0.055363
0.055444
0.055116
0.055231
0.054997
0.057897
0.057163
0.055676
0.055564
0.054928
0.055774
0.055721
0.057943
0.055310
0.054531
0.054850
0.054463
0.101349
0.054532
0.055096
0.055273
0.054556
0.055254
0.056425
0.055798
0.055720
0.057885
0.056556
0.055553
0.055499
0.056391
0.058800
0.054949
0.055063
0.056786
0.055927
0.054599
0.101470
0.055399
0.054307
0.054327
0.054367
0.054479
0.054458
0.054213
0.054604
0.053974
0.054671
0.054857
0.059341
0.059078
0.060931
0.060162
0.060691
0.060926
0.058963
0.060035
0.107290
0.060596
0.059707
0.062445
0.055088
0.055059
0.054617
0.054480
0.055551
0.054972
0.055925
0.059199
0.061299
0.059819
0.059115
0.059993
0.057584
0.057329
0.057997
0.059792
0.104930
0.057699
0.055925
0.057157
0.057051
0.056931
0.056623
0.057035
0.056942
0.058758
0.061846
0.056948
0.057116
0.056973
0.057234
0.058205
0.032126
0.032152
0.057960
0.056781
0.100963
0.058215
0.059607
0.059669
0.059062
0.061883
0.057180
0.054677
0.078541
0.054500
0.053948
0.054384
0.054579
0.054410
0.054359
0.063218
0.058600
0.054539
0.054710
0.055044
0.100465
0.054811
0.054739
0.055293
0.058733
0.055709
0.055331
0.055545
0.055002
0.055284
0.057906
0.059766
0.059011
0.062534
