2.006239
0.154170
0.144011
0.145441
0.144505
0.143752
0.144372
0.144547
0.144028
0.143408
0.143555
0.142973
0.142501
0.142654
0.144114
0.145087
0.145120
0.150878
0.151545
0.152751
0.242220
0.147083
0.145023
0.144276
0.144952
0.146858
0.143936
0.144102
0.143033
0.142064
0.143519
0.144378
0.143705
0.149699
0.143233
0.142940
0.142966
0.143794
0.144023
0.144103
0.276819
0.145840
0.143572
0.144342
0.143771
0.144418
0.144718
0.144621
0.144010
0.143276
0.142997
0.143329
0.143613
0.144040
0.143993
0.143836
0.143327
0.143168
0.144454
0.144478
0.278610
0.144207
0.147291
0.148628
0.147102
0.146942
0.144453
0.144898
0.143819
0.143477
0.098331
0.098070
0.099568
0.105103
0.099431
0.098477
0.098157
0.097943
0.098529
0.097989
0.098672
0.098433
0.098290
0.098487
0.098158
0.098097
0.098149
0.098421
0.100368
0.105678
0.102314
0.099597
0.097851
0.097838
0.097971
0.098513
0.098157
0.098017
0.097980
0.098084
0.098165
0.098179
0.098078
0.097931
0.098140
0.098115
0.098790
0.098272
0.097978
0.098212
0.098043
0.099101
0.107334
0.097584
0.098036
0.098115
0.097964
0.098204
0.102945
0.101257
0.098881
0.098898
0.098773
0.098973
0.098312
0.098266
0.099919
0.099788
0.098368
0.100489
0.098878
0.098264
0.098625
0.098205
0.099398
0.098477
0.098594
0.097866
0.098742
0.099517
0.098600
0.098209
0.098260
0.098096
0.097855
0.098455
0.098453
0.101412
0.099200
0.102836
0.098972
0.098243
0.098017
0.142928
0.099689
0.143233
0.141919
0.097779
0.141714
0.142291
0.276284
0.141152
0.140767
0.141310
0.140830
0.141069
0.141422
0.141491
0.143174
0.144870
0.144293
0.144700
0.145966
0.148516
0.148918
0.148000
0.146363
0.147572
0.147238
0.130537
0.279204
0.142998
0.145169
0.145895
0.144516
0.143514
0.144610
0.146465
0.146172
0.146726
0.147795
0.147927
0.146538
0.146416
0.145818
0.145305
0.144779
0.144033
0.145750
0.143994
0.278992
0.144769
0.145483
0.144958
0.143626
0.143327
0.142685
0.143963
0.143402
0.142921
0.143158
0.143937
0.144505
0.144628
0.145794
0.144568
0.144372
0.144365
0.143984
0.145294
0.279422
0.148419
0.146808
0.146597
0.146863
0.131119
0.145419
0.145945
0.147555
0.147692
0.146937
0.148270
0.146779
0.147394
