232	198	79	280
236	196	76	280
238	195	79	286
241	195	78	286
243	194	79	284
247	194	79	279
254	193	74	286
258	193	75	286
259	194	80	284
266	192	77	287
271	194	77	285
273	191	85	287
276	194	81	281
280	197	86	278
284	197	82	277
289	197	83	278
292	190	82	285
294	187	81	292
299	187	77	281
299	189	83	288
302	186	83	288
302	190	92	287
305	186	92	291
309	186	93	290
316	184	88	294
321	187	86	287
329	188	81	288
331	192	89	285
340	193	86	285
343	189	87	288
352	187	82	290
357	191	91	284
361	189	95	288
366	186	99	296
371	187	92	293
376	186	96	296
376	184	102	300
381	187	98	295
392	189	87	289
393	189	88	288
397	187	85	291
397	185	87	293
399	186	87	293
402	187	87	284
409	185	83	295
411	184	85	297
414	185	87	293
416	185	86	293
419	186	86	288
419	186	86	277
424	194	85	282
423	186	89	291
426	185	88	293
426	188	92	287
427	185	96	295
429	188	100	283
430	191	105	277
438	198	92	274
436	196	105	280
440	188	101	286
441	192	105	283
441	188	102	288
440	185	108	291
441	183	108	295
442	183	111	295
444	184	107	283
446	187	105	287
448	186	104	285
447	184	112	295
453	184	100	292
452	188	108	289
459	187	101	291
460	194	104	279
463	187	101	295
471	190	93	291
478	189	86	290
478	189	82	289
478	207	88	273
478	211	91	270
478	204	89	277
478	204	87	275
473	198	95	283
473	189	92	288
470	196	96	284
466	197	101	290
464	191	100	287
458	193	104	283
455	191	101	286
457	195	103	282
452	196	90	282
449	194	87	286
449	193	78	289
446	194	76	284
440	193	75	284
436	193	76	285
430	192	78	292
425	193	76	284
421	193	74	286
418	191	71	288
415	194	69	282
415	195	61	274
414	201	59	273
407	197	64	280
403	193	65	293
398	196	69	283
397	195	62	286
391	196	68	285
387	210	69	269
380	202	75	277
378	208	67	270
373	206	68	271
371	203	65	270
366	205	65	270
358	214	71	262
356	205	67	274
350	205	65	271
343	209	64	267
336	202	67	274
323	209	77	268
326	198	66	281
313	201	77	274
311	204	74	268
308	201	73	274
306	199	70	279
302	196	69	283
296	203	72	277
297	197	63	284
294	202	62	277
288	202	66	274
285	198	65	280
281	203	65	275
273	205	71	271
268	202	69	276
262	202	70	277
258	200	65	278
252	199	66	286
243	200	72	280
238	201	67	282
230	205	66	273
223	203	71	276
218	199	68	279
212	205	69	271
207	200	70	276
201	197	72	280
193	202	79	268
191	202	76	270
188	204	77	269
190	198	70	277
186	198	73	281
179	199	75	278
177	199	74	278
162	203	92	274
155	207	98	269
146	210	102	267
139	208	109	270
132	208	120	269
127	203	96	273
122	199	106	278
120	203	93	271
112	206	97	268
105	196	98	280
102	199	95	278
100	202	86	278
96	200	86	272
93	200	85	275
92	201	84	272
91	201	82	273
87	207	81	264
83	207	82	265
77	207	84	267
73	207	85	269
69	202	87	275
69	201	83	277
69	206	76	271
66	206	78	273
64	202	79	276
58	205	81	272
52	208	86	269
48	215	87	266
44	226	89	252
42	207	93	264
42	200	88	282
44	207	84	272
35	201	99	274
39	199	93	276
41	198	89	278
36	194	94	284
34	194	99	284
32	191	101	281
34	188	98	288
38	183	95	295
39	188	95	289
39	186	97	281
47	194	89	281
46	190	93	281
54	198	86	278
58	200	85	277
60	195	88	284
71	197	76	286
77	198	75	281
84	204	64	275
87	205	65	273
90	204	66	273
94	207	63	269
96	206	64	269
98	207	66	267
102	205	65	271
106	204	62	273
106	204	66	274
111	203	61	275
111	206	64	269
113	196	64	280
116	204	64	271
119	203	63	273
119	208	68	266
123	208	67	269
127	204	65	273
130	207	72	271
134	205	73	270
133	210	79	263
140	209	73	260
144	207	73	265
151	208	71	261
157	207	71	262
165	196	63	281
167	207	67	272
169	206	77	272
171	206	79	264
176	207	73	259
177	200	77	274
185	200	67	277
187	200	68	278
191	199	66	277
195	201	63	278
199	202	62	276
200	206	65	268
203	206	62	269
207	208	61	266
211	208	56	269
216	220	58	256
219	210	61	267
223	215	63	260
227	219	65	258
233	212	58	260
246	209	59	272
247	210	68	270
252	217	63	262
256	209	63	270
260	205	66	274
262	211	63	265
266	203	69	274
269	210	72	265
275	204	69	271
278	201	69	278
283	211	65	260
288	211	60	263
291	209	58	262
294	206	58	269
296	210	60	266
300	209	59	263
301	207	67	274
308	206	60	276
309	208	68	271
314	209	65	268
320	216	68	258
326	210	68	267
332	217	68	260
334	205	69	269
342	208	66	263
345	205	72	271
350	214	72	262
352	204	72	271
356	204	74	273
362	207	74	271
361	204	79	272
367	218	85	258
368	196	82	279
372	199	77	278
375	196	73	283
379	196	72	282
386	198	62	282
387	197	75	281
391	199	78	280
396	196	67	285
397	197	81	285
401	197	76	282
406	198	71	278
412	195	70	284
415	197	73	279
419	197	72	278
425	195	67	279
429	194	70	280
435	190	66	288
440	192	64	283
443	192	70	284
446	192	72	282
451	187	75	293
451	188	80	289
456	182	73	297
456	189	76	291
