227	160	72	239
229	161	64	237
226	161	67	237
222	162	71	241
227	160	58	251
220	161	69	244
220	163	70	238
221	163	64	236
220	163	62	234
219	164	62	234
219	165	55	237
217	167	59	235
212	168	64	235
206	168	71	241
205	167	70	242
202	167	72	242
203	168	68	242
202	166	71	244
202	165	74	248
206	166	65	244
205	167	70	240
203	168	75	243
209	166	65	242
209	167	66	239
208	166	70	243
216	167	62	242
220	165	58	243
225	165	55	242
228	166	52	240
233	165	48	236
234	164	51	242
235	163	55	245
235	161	58	243
237	161	59	241
240	160	57	248
242	161	58	242
242	161	60	245
241	159	65	250
244	161	65	252
249	160	59	237
250	158	60	248
251	157	62	253
252	157	61	259
252	157	63	249
252	159	65	250
251	158	67	255
253	157	65	248
255	159	63	249
257	157	66	227
266	154	56	231
264	156	66	229
266	158	66	225
270	156	68	227
277	158	65	206
272	162	76	217
286	161	66	216
287	160	70	207
290	159	73	233
297	158	68	243
303	158	63	260
304	155	68	259
308	152	65	260
310	155	67	251
310	156	69	261
312	154	72	261
314	154	72	241
314	155	75	241
321	155	66	230
325	156	63	234
330	156	55	229
0	0	0	0
0	0	0	0
0	0	0	0
0	0	0	0
0	0	0	0
0	0	0	0
0	0	0	0
0	0	0	0
0	0	0	0
0	0	0	0
0	0	0	0
0	0	0	0
0	0	0	0
0	0	0	0
0	0	0	0
0	0	0	0
0	0	0	0
0	0	0	0
0	0	0	0
0	0	0	0
0	0	0	0
0	0	0	0
0	0	0	0
0	0	0	0
0	0	0	0
0	0	0	0
0	0	0	0
0	0	0	0
0	0	0	0
0	0	0	0
0	0	0	0
0	0	0	0
0	0	0	0
0	0	0	0
0	0	0	0
0	0	0	0
0	0	0	0
0	0	0	0
0	0	0	0
0	0	0	0
0	0	0	0
0	0	0	0
0	0	0	0
0	0	0	0
0	0	0	0
0	0	0	0
0	0	0	0
0	0	0	0
0	0	0	0
0	0	0	0
0	0	0	0
0	0	0	0
0	0	0	0
0	0	0	0
0	0	0	0
0	0	0	0
0	0	0	0
0	0	0	0
0	0	0	0
0	0	0	0
0	0	0	0
0	0	0	0
0	0	0	0
0	0	0	0
0	0	0	0
0	0	0	0
0	0	0	0
0	0	0	0
0	0	0	0
0	0	0	0
0	0	0	0
0	0	0	0
0	0	0	0
0	0	0	0
0	0	0	0
0	0	0	0
0	0	0	0
0	0	0	0
0	0	0	0
0	0	0	0
0	0	0	0
0	0	0	0
0	0	0	0
331	158	69	213
0	0	0	0
336	154	58	206
337	156	55	213
0	0	0	0
331	157	52	237
332	155	54	225
333	154	51	212
331	155	52	205
328	156	54	203
327	156	56	202
323	158	59	202
323	157	55	205
322	156	53	212
311	159	68	213
305	164	73	228
304	163	70	228
299	166	72	234
294	165	75	250
288	158	79	254
286	168	83	248
282	166	81	249
283	164	70	243
277	162	75	243
274	161	75	241
273	159	67	241
276	158	54	242
274	159	57	228
271	158	60	232
265	160	67	230
269	160	59	226
270	160	52	237
267	159	54	246
262	160	62	249
257	159	68	255
252	161	72	251
252	161	71	253
249	159	73	255
250	162	67	249
246	163	69	245
243	162	72	247
244	164	68	245
242	164	70	246
244	164	63	246
239	166	68	245
239	166	64	241
233	167	71	242
236	165	61	247
236	163	56	247
234	163	56	247
230	164	61	245
230	161	59	248
229	161	56	249
226	162	60	245
224	161	61	240
224	167	57	238
221	165	62	235
218	164	66	233
217	162	67	235
216	160	66	241
215	160	70	235
212	162	74	229
211	161	70	236
209	161	72	234
205	162	76	225
201	163	79	227
202	161	72	235
197	162	77	234
192	163	79	233
190	163	78	227
185	168	80	218
182	166	78	207
177	168	80	217
173	165	83	236
168	164	84	248
166	164	83	254
166	160	79	261
165	160	78	257
162	163	80	253
159	160	82	260
159	158	78	261
