1.999116
0.158726
0.146775
0.147435
0.147750
0.148082
0.146996
0.147559
0.148432
0.156484
0.151978
0.147985
0.156389
0.153191
0.149809
0.149316
0.153845
0.148885
0.150645
0.151730
0.253041
0.150389
0.151122
0.151394
0.152305
0.151152
0.149758
0.150725
0.151488
0.150146
0.155835
0.150739
0.151615
0.158621
0.159399
0.151650
0.152530
0.154208
0.154801
0.151062
0.286431
0.149164
0.151942
0.152483
0.152445
0.149770
0.149792
0.151320
0.157957
0.152623
0.149616
0.149065
0.149705
0.150078
0.150816
0.152626
0.151956
0.153381
0.150790
0.153131
0.288975
0.155765
0.152782
0.157337
0.155819
0.164882
0.157848
0.155838
0.158839
0.155940
0.153284
0.154879
0.153598
0.153640
0.153673
0.153414
0.150934
0.149533
0.152518
0.151088
0.287565
0.151827
0.155003
0.152081
0.156402
0.153580
0.154527
0.154069
0.155252
0.153648
0.149997
0.149728
0.148151
0.149679
0.149480
0.156022
0.152482
0.150214
0.149961
0.147796
0.280958
0.152583
0.151484
0.150937
0.151909
0.151986
0.151058
0.152227
0.157443
0.159135
0.153257
0.148840
0.146549
0.145813
0.147196
0.145536
0.153690
0.153385
0.145325
0.147272
0.280074
0.147555
0.146683
0.146369
0.146494
0.146889
0.146878
0.147130
0.145446
0.145414
0.146384
0.149974
0.147628
0.145407
0.147197
0.148961
0.145662
0.145975
0.146134
0.145048
0.289032
0.146641
0.145897
0.146337
0.147280
0.149407
0.152361
0.159266
0.148559
0.149315
0.150777
0.150761
0.152399
0.151953
0.152501
0.154202
0.155966
0.152270
0.154202
0.158071
0.295238
0.154105
0.156434
0.154564
0.158296
0.155706
0.154169
0.155883
0.154692
0.147199
0.147758
0.148108
0.148954
0.148122
0.146667
0.149527
0.146906
0.147668
0.148941
0.148764
0.283105
0.150547
0.149380
0.150397
0.150452
0.151268
0.149143
0.150472
0.150828
0.152207
0.153613
0.153353
0.152901
0.153270
0.154962
0.154128
0.157851
0.153178
0.155074
0.150535
0.294930
0.147517
0.145859
0.147049
0.146481
0.152257
0.145665
0.154809
0.144940
0.146179
0.145434
0.145230
0.146536
0.146755
0.146958
0.146604
0.147197
0.146602
0.148029
0.148711
0.283325
0.153660
0.146693
0.146872
0.145980
0.146275
0.145836
0.153264
0.148887
0.148069
0.147701
0.147490
0.146369
0.145269
0.146836
0.146396
0.147042
0.145433
0.146463
0.145209
0.279743
0.147634
0.145129
0.145205
0.143832
0.145066
0.145288
0.145076
0.145204
0.147066
0.144803
0.147905
0.147856
0.145955
0.146328
0.144649
0.144895
0.144071
0.144207
0.144958
0.278989
0.146823
0.144946
0.146310
0.145540
0.145848
0.146149
0.146084
0.146186
0.145452
0.147179
0.146202
0.146694
0.147176
0.146701
0.148120
0.149469
0.149288
0.148767
0.148568
0.281554
0.146152
0.147979
0.148427
0.147089
0.149087
0.148115
0.146725
0.147136
0.147497
0.147442
0.146077
0.147483
0.147066
0.145684
0.147942
0.149101
0.149728
0.151507
0.150217
