0.528469
0.066301
0.067626
0.066909
0.148007
0.063343
0.067292
0.080268
0.079521
0.069856
0.068641
0.067477
0.067465
0.110225
0.065791
0.067459
0.066503
0.066536
0.068983
0.063837
0.099192
0.068691
0.066335
0.158082
0.060965
0.069127
0.065675
0.108499
0.073069
0.063119
0.068482
0.077477
0.151065
0.079455
0.080864
0.064609
0.064129
0.059742
0.079532
0.060203
0.137959
0.100079
0.178866
0.074515
0.066884
0.060555
0.058302
0.030630
0.032560
0.064760
0.072033
0.058963
0.060619
0.184166
0.063333
0.068058
0.073837
0.056499
0.068883
0.069526
0.113329
0.067054
0.063632
0.170709
0.087804
0.062528
0.062198
0.065254
0.066949
0.082172
0.090251
0.067612
0.151179
0.085713
0.062707
0.032332
0.033256
0.064582
0.064862
0.063697
0.102552
0.061490
0.106350
0.087674
0.067912
0.064175
0.064022
0.074157
0.088002
0.063468
0.065123
0.095629
0.156922
0.152575
0.062312
0.062365
0.063187
0.062774
0.062114
0.060313
0.105872
0.064358
0.065186
0.064142
0.067297
0.063264
0.132312
