372	217	67	250
372	217	65	250
368	215	68	258
363	216	71	252
363	216	66	253
362	218	65	252
363	218	62	253
362	216	60	256
361	218	60	256
359	217	62	261
359	223	59	256
354	217	62	262
352	216	59	261
350	216	59	254
349	215	58	244
338	215	65	240
340	215	58	234
0	0	0	0
0	0	0	0
0	0	0	0
0	0	0	0
0	0	0	0
0	0	0	0
0	0	0	0
0	0	0	0
0	0	0	0
0	0	0	0
0	0	0	0
0	0	0	0
0	0	0	0
0	0	0	0
0	0	0	0
0	0	0	0
307	218	51	248
300	216	58	260
298	217	55	261
294	217	55	262
284	219	67	262
287	217	59	258
287	216	50	260
282	214	55	263
277	217	59	250
270	218	65	258
258	218	82	260
254	219	81	259
252	218	82	262
254	219	70	256
254	219	57	256
254	217	51	261
252	215	54	263
248	217	58	260
246	216	58	262
241	217	61	259
239	215	61	265
235	215	63	268
235	213	59	268
226	216	71	263
221	216	75	261
210	218	87	259
207	220	88	254
206	220	85	256
201	225	90	251
201	223	85	253
204	216	68	260
198	217	76	261
199	216	69	260
198	217	63	252
199	217	57	249
194	219	60	258
192	219	59	258
181	219	66	259
177	219	63	260
175	217	67	264
161	221	83	255
164	221	78	257
163	220	77	259
163	220	67	260
159	225	74	255
157	221	67	260
156	218	71	261
152	223	66	255
152	221	65	256
153	217	65	262
148	220	67	259
153	217	56	262
153	218	52	262
152	217	50	260
150	224	48	255
149	217	52	260
150	222	49	256
149	216	54	264
150	216	55	262
150	220	53	257
150	225	54	253
151	221	56	257
154	217	52	260
156	216	51	261
157	218	57	261
159	220	58	258
161	218	59	261
158	218	64	263
161	218	59	264
162	218	63	262
163	223	60	257
166	219	63	260
166	218	63	260
167	211	64	268
174	216	57	264
175	217	60	260
171	217	67	259
176	216	61	263
179	216	62	263
181	218	61	260
185	215	61	263
186	212	61	260
188	221	60	257
187	218	61	261
189	216	58	266
190	215	60	266
189	218	62	262
190	217	62	263
192	211	62	268
194	216	61	267
192	217	64	262
195	219	62	262
198	216	58	265
198	215	59	265
199	215	60	261
201	214	61	263
203	220	62	258
206	216	60	262
209	218	56	258
208	216	61	261
209	216	60	261
211	215	56	264
214	213	49	267
212	213	54	266
212	214	55	264
212	214	61	266
210	214	70	265
216	214	60	271
217	215	58	265
219	215	61	263
217	216	68	263
223	218	63	260
225	216	66	265
229	218	66	262
232	219	65	261
234	215	64	269
234	220	66	259
236	217	66	263
237	216	66	268
233	216	74	262
238	219	66	258
239	222	67	253
245	218	61	259
247	218	58	256
248	216	61	260
248	219	62	256
246	218	66	246
247	217	67	251
250	217	64	252
254	216	59	259
252	214	65	259
252	218	68	249
253	218	71	250
255	217	75	260
254	216	80	261
256	215	80	264
256	218	81	259
254	218	87	260
261	216	78	263
260	220	82	256
271	218	68	260
273	218	69	260
272	217	71	261
276	215	68	267
280	214	65	266
275	224	73	252
282	214	65	265
284	218	63	262
284	216	65	265
285	214	67	265
293	215	54	264
294	213	54	271
295	217	55	260
294	221	64	254
298	217	59	251
308	217	51	257
310	215	55	251
0	0	0	0
0	0	0	0
0	0	0	0
0	0	0	0
0	0	0	0
0	0	0	0
0	0	0	0
0	0	0	0
0	0	0	0
0	0	0	0
0	0	0	0
0	0	0	0
0	0	0	0
0	0	0	0
0	0	0	0
0	0	0	0
0	0	0	0
0	0	0	0
0	0	0	0
0	0	0	0
0	0	0	0
338	229	49	247
339	215	59	261
0	0	0	0
341	215	54	251
0	0	0	0
338	213	66	258
341	210	62	265
341	210	65	266
340	209	68	267
340	211	68	265
341	208	66	260
340	212	67	252
336	211	78	263
336	209	71	267
335	212	71	265
335	211	69	263
332	211	70	262
328	212	74	261
327	210	72	264
325	211	71	263
318	216	80	258
319	215	75	252
317	216	74	253
316	211	68	265
311	212	73	262
310	216	68	245
308	212	67	248
298	224	77	249
301	215	65	259
297	217	67	247
293	214	69	249
292	213	65	260
290	212	65	263
293	211	58	264
290	210	54	264
287	213	56	259
280	212	65	264
279	212	65	266
275	212	67	265
275	215	61	259
266	214	71	262
269	214	59	253
264	214	62	259
260	214	66	262
256	214	63	263
253	212	63	264
252	213	58	264
250	214	59	247
249	216	54	260
245	213	59	253
243	215	56	263
241	212	56	266
237	213	57	268
235	213	59	259
231	212	57	258
225	213	61	251
224	211	57	250
216	225	65	251
213	212	69	268
208	216	73	264
198	222	86	256
199	216	79	263
200	212	71	265
194	213	80	267
193	212	73	266
188	214	80	266
185	214	72	265
190	213	61	267
188	214	63	265
183	215	63	264
185	214	59	268
173	215	72	268
171	217	73	259
171	216	68	261
167	216	67	262
163	217	65	262
160	217	67	262
156	217	68	262
154	215	71	266
148	219	77	261
148	221	76	258
141	226	77	252
146	220	72	260
134	220	81	260
134	219	82	261
119	224	93	256
126	223	80	256
125	221	77	259
119	218	81	263
115	222	82	247
114	219	79	263
114	223	69	256
110	220	69	260
109	219	67	262
106	217	69	261
107	217	66	263
103	225	73	252
102	214	76	265
103	224	72	255
101	221	73	257
99	217	75	263
98	215	76	265
98	210	76	277
97	207	78	274
93	205	83	276
93	202	83	283
94	204	80	276
92	202	82	277
93	208	81	271
99	207	72	272
98	206	77	273
100	197	75	282
99	195	77	284
97	206	81	273
99	212	78	267
102	215	74	263
102	215	70	264
104	215	70	264
103	212	72	267
104	215	68	265
105	210	69	270
105	213	70	268
104	209	73	266
105	216	76	260
109	219	73	256
109	222	84	254
112	216	72	266
122	221	69	255
121	221	69	257
125	221	68	258
134	222	61	256
140	220	59	258
145	222	56	255
149	220	55	254
150	222	57	254
152	218	60	258
150	219	68	257
154	219	67	258
154	221	74	256
159	222	66	254
158	218	75	260
163	219	73	257
161	217	79	262
160	219	83	259
168	216	73	264
177	215	65	264
178	219	67	256
187	216	60	253
192	211	57	268
194	218	57	261
199	216	53	264
202	215	50	265
202	216	55	261
204	218	56	257
205	224	62	252
213	220	57	247
214	220	60	238
216	222	77	253
222	221	73	255
226	219	65	253
234	221	61	250
235	220	67	253
244	220	54	253
250	219	50	250
249	218	55	258
255	218	49	255
254	217	52	259
260	216	47	263
259	214	54	261
0	0	0	0
0	0	0	0
0	0	0	0
0	0	0	0
0	0	0	0
286	213	64	262
291	218	61	257
297	218	56	253
297	216	52	250
299	217	53	234
299	220	57	250
303	214	58	263
307	214	56	259
310	213	56	264
310	213	60	267
316	211	59	268
320	210	55	267
320	212	59	259
322	213	61	256
326	218	58	248
329	212	57	253
332	210	58	268
335	211	59	268
340	212	56	263
345	211	56	268
347	213	61	260
350	213	64	257
351	215	73	254
361	212	63	262
363	216	69	260
367	217	69	260
367	212	70	264
363	213	85	265
366	219	84	256
376	215	75	260
383	211	66	267
385	210	70	266
389	211	66	262
390	208	70	266
391	209	75	264
398	208	71	266
397	209	77	268
404	210	70	264
405	216	72	259
406	209	70	265
409	203	70	273
411	211	68	262
416	209	64	264
421	211	62	263
425	211	62	265
424	205	67	272
429	189	67	288
434	205	63	270
437	201	63	277
439	211	66	267
438	203	72	277
444	210	66	268
445	214	70	264
447	205	71	277
448	204	70	271
449	198	78	272
449	200	73	266
449	199	77	268
448	197	89	277
450	202	98	275
454	198	88	279
457	198	82	276
459	198	94	279
457	199	95	274
467	201	95	274
464	201	101	270
468	200	97	273
470	200	103	275
472	202	106	274
476	197	98	280
474	204	112	272
475	195	111	283
481	199	110	278
477	202	120	273
484	195	111	283
490	195	107	283
491	193	104	284
496	192	101	286
498	196	98	281
498	193	97	283
488	196	112	280
488	194	112	284
488	195	109	282
492	191	103	285
487	196	109	279
482	197	116	278
477	196	120	280
476	195	118	281
476	196	115	281
474	197	111	279
471	200	112	275
470	201	106	274
458	204	117	261
457	201	110	270
452	202	112	274
450	204	106	270
449	199	102	276
445	202	103	271
441	204	105	269
441	201	100	272
442	200	90	271
434	202	100	273
436	201	93	272
433	206	92	260
432	202	91	269
434	200	84	270
430	201	85	272
427	201	84	273
424	196	84	280
423	198	84	280
423	201	75	275
420	205	78	273
417	205	78	270
415	200	81	279
417	205	75	272
413	205	79	273
410	207	82	268
409	211	81	265
406	209	84	267
403	212	85	263
401	209	86	268
399	211	85	264
399	212	82	261
391	218	91	252
385	216	98	252
390	216	89	250
386	210	93	258
386	209	89	264
378	211	100	264
382	214	91	260
376	216	100	256
380	212	92	262
379	213	90	259
375	215	93	255
373	212	94	261
367	212	99	261
365	212	101	264
363	220	101	250
363	213	96	258
363	220	93	243
362	214	91	257
359	215	92	255
357	216	92	257
354	218	92	253
352	218	84	250
349	215	85	255
345	218	86	254
337	217	90	257
334	219	86	249
332	214	85	257
325	217	90	253
328	217	76	250
326	216	78	253
326	218	76	246
320	218	82	249
318	216	83	255
314	222	85	246
309	220	89	245
316	213	76	257
312	214	79	255
312	216	78	253
314	216	74	251
314	214	72	261
317	214	64	266
316	213	67	267
318	213	63	265
321	213	56	267
324	213	54	268
317	216	65	255
323	216	59	251
326	217	55	255
0	0	0	0
0	0	0	0
0	0	0	0
0	0	0	0
0	0	0	0
0	0	0	0
288	208	59	266
291	208	56	256
289	207	58	254
286	209	64	252
283	207	70	266
283	206	70	275
283	205	68	272
279	207	76	270
279	207	66	268
278	205	69	270
278	205	70	272
269	206	80	271
265	209	85	265
268	208	81	266
266	208	83	265
262	205	85	263
262	208	82	257
254	210	90	258
251	211	90	257
247	219	91	249
248	217	85	253
246	212	86	261
242	212	93	264
242	202	90	274
239	207	91	268
238	210	82	263
236	212	85	256
227	209	87	259
231	206	82	263
230	206	80	262
225	208	86	250
222	210	86	240
225	217	81	251
219	209	87	263
213	212	94	259
213	216	91	256
208	211	100	261
215	209	88	266
212	220	92	251
213	211	92	264
211	213	92	260
208	214	98	260
214	215	89	260
216	212	87	261
216	211	87	264
210	209	97	267
219	212	85	262
217	211	87	263
220	209	83	261
221	208	80	256
226	210	72	250
221	213	80	230
214	218	94	236
225	214	92	251
222	214	94	258
228	211	85	262
235	211	68	254
236	210	73	256
238	217	78	244
240	213	71	248
245	212	73	252
242	215	81	252
246	217	89	253
250	218	82	250
254	222	88	230
257	219	85	236
264	220	85	228
264	222	94	242
268	219	94	244
271	224	97	245
282	232	89	224
282	221	89	250
288	219	82	254
287	219	87	252
289	216	87	258
291	217	86	257
293	215	83	263
298	215	78	261
295	218	85	256
297	217	83	257
297	220	84	250
300	219	80	247
302	217	77	251
302	217	78	252
302	218	79	251
301	219	80	246
306	218	74	252
304	219	77	251
305	219	75	251
306	219	75	253
306	219	74	253
309	221	70	249
310	222	71	248
310	222	71	244
309	220	72	249
311	220	71	252
309	225	75	240
310	219	74	252
309	219	78	256
309	219	79	251
310	218	77	251
312	222	74	238
313	220	73	239
315	219	68	244
315	218	71	242
313	220	75	240
313	218	79	247
314	219	80	243
317	219	82	246
321	220	79	244
327	219	57	246
329	221	74	243
328	225	83	235
332	222	74	243
337	225	82	239
342	221	76	239
344	221	79	242
346	220	81	243
348	219	87	246
353	225	86	236
354	220	90	253
359	220	84	248
361	221	80	241
362	217	80	254
363	217	79	256
364	216	80	252
367	215	74	257
368	215	73	260
369	214	68	263
368	216	65	248
368	217	65	247
371	216	56	252
372	215	52	257
374	216	47	255
369	220	61	249
367	217	65	254
370	213	56	259
368	215	59	250
370	216	54	247
370	218	53	242
371	216	50	248
371	220	49	247
371	221	49	242
371	228	46	235
0	0	0	0
0	0	0	0
0	0	0	0
0	0	0	0
0	0	0	0
0	0	0	0
0	0	0	0
0	0	0	0
0	0	0	0
0	0	0	0
0	0	0	0
425	224	46	250
419	215	52	265
421	221	49	258
408	218	59	261
404	218	68	260
403	217	67	262
399	219	71	259
395	221	76	255
392	216	78	261
394	216	74	257
391	213	75	264
391	211	77	266
391	211	81	265
388	210	85	258
387	212	90	262
391	209	87	267
392	206	87	271
392	208	90	268
397	211	83	262
395	210	88	265
400	211	83	263
403	210	80	264
401	213	84	260
399	213	88	263
403	203	85	272
395	206	96	269
400	208	92	266
397	210	96	264
393	219	100	252
392	210	104	261
389	219	106	250
386	204	114	267
390	210	108	259
383	223	115	245
385	212	113	256
397	208	97	259
393	214	100	253
397	207	94	260
390	221	100	246
388	215	102	252
384	218	104	250
387	216	97	251
390	206	93	266
386	208	96	261
382	208	100	263
387	203	93	270
388	206	89	267
381	209	93	263
380	208	88	264
376	208	92	265
369	210	95	259
367	209	91	262
367	211	84	250
363	209	90	257
363	217	87	250
363	210	82	261
363	209	73	264
361	205	73	267
360	206	72	264
357	212	76	260
356	207	75	264
356	205	74	269
349	207	80	268
348	203	77	273
349	209	73	261
346	209	76	265
343	208	80	268
341	211	80	265
340	213	81	264
342	208	74	270
340	214	76	264
338	216	76	259
335	209	78	269
332	208	80	268
331	209	79	264
328	207	81	270
328	209	77	266
324	208	80	262
319	207	82	266
318	210	79	257
319	205	73	263
317	204	75	270
315	204	73	270
313	204	74	265
307	206	82	270
309	204	75	274
307	208	80	271
307	201	76	278
307	204	76	273
304	204	79	276
302	205	80	271
299	206	83	270
294	206	87	271
293	207	86	266
295	206	80	260
290	208	84	264
284	213	91	256
286	208	82	268
285	208	82	270
283	206	81	271
279	209	84	268
280	208	79	268
272	211	83	262
270	212	82	264
266	212	85	263
263	212	84	260
262	211	78	262
259	215	85	258
260	215	73	258
256	211	83	264
256	210	81	264
258	211	67	262
253	213	82	262
254	212	84	263
252	212	88	264
250	215	89	259
254	215	81	259
252	214	86	262
252	213	85	263
254	212	80	265
257	213	74	262
252	215	81	258
254	215	79	262
258	209	71	268
256	212	73	264
253	214	78	261
258	213	68	263
258	213	67	262
261	216	61	258
258	215	69	261
260	216	68	251
266	215	59	260
260	214	71	260
263	216	68	257
261	216	72	259
261	215	75	260
262	218	71	257
267	219	64	254
272	216	58	261
271	221	60	254
274	216	60	259
271	217	65	256
273	218	62	252
272	217	66	252
275	216	66	258
274	218	70	250
275	217	70	256
278	217	68	258
280	218	65	252
279	218	67	253
280	218	66	256
279	217	73	257
278	217	75	256
283	217	66	254
281	219	73	249
280	218	76	256
280	221	76	249
283	219	71	246
281	217	78	251
280	216	78	255
286	217	67	255
285	218	71	252
286	217	70	255
286	217	68	255
285	219	69	252
284	218	71	255
283	218	74	256
285	221	68	251
285	221	66	252
285	219	65	252
285	222	64	251
285	219	64	257
283	218	67	260
281	218	70	261
278	219	73	259
277	221	74	251
279	221	71	253
277	220	73	247
273	222	76	248
269	220	78	256
277	220	67	252
278	221	61	246
284	219	49	249
