1.985093
0.147240
0.148929
0.146405
0.146507
0.145550
0.146363
0.145201
0.145951
0.145571
0.145325
0.146407
0.146979
0.146803
0.146386
0.146816
0.145751
0.146586
0.144657
0.144703
0.239304
0.145734
0.144280
0.145484
0.145438
0.142557
0.144426
0.146319
0.146038
0.150126
0.146688
0.145089
0.143242
0.141806
0.094894
0.092531
0.092691
0.092889
0.092701
0.138396
0.273551
0.140098
0.140475
0.137410
0.137764
0.138161
0.136892
0.138549
0.136639
0.139292
0.136617
0.136697
0.138197
0.135830
0.136625
0.138376
0.136299
0.137283
0.153733
0.140063
0.276185
0.097266
0.096931
0.141248
0.142571
0.141188
0.138972
0.140117
0.139859
0.140882
0.141202
0.141982
0.141567
0.140637
0.141678
0.141419
0.142316
0.141420
0.143259
0.142100
0.277591
0.143310
0.142043
0.143919
0.143568
0.143342
0.143537
0.143893
0.143601
0.142639
0.143483
0.141983
0.144471
0.142162
0.144332
0.143673
0.143121
0.143667
0.143075
0.143113
0.279607
0.145856
0.145184
0.145616
0.145904
0.145227
0.142346
0.141169
0.142554
0.141412
0.142289
0.141322
0.140568
0.141606
0.142171
0.142714
0.141727
0.141110
0.141251
0.141246
0.277240
0.140818
0.139155
0.139036
0.139333
0.139621
0.139604
0.138968
0.139269
0.139460
0.139382
0.138647
0.138667
0.138929
0.140197
0.140253
0.094537
0.096912
0.094730
0.141541
0.276597
0.143408
0.099397
0.144086
0.147603
0.149539
0.151117
0.151069
0.149610
0.151192
0.149069
0.148909
0.148247
0.148240
0.152804
0.151684
0.150191
0.152322
0.151525
0.152277
0.287630
0.152660
0.151215
0.149898
0.151972
0.158428
0.158611
0.156919
0.160714
0.154032
0.158512
0.167352
0.168792
0.171131
0.125412
0.126005
0.125504
0.125020
0.125530
0.125480
0.125733
0.125594
0.124968
0.125493
0.125587
0.125302
0.125757
0.168449
0.100269
0.143277
0.144152
0.174486
0.177703
0.176605
0.143665
0.175298
0.143099
0.174408
0.173583
0.144147
0.277637
0.148996
0.145020
0.147473
0.145833
0.146430
0.145778
0.147330
0.147451
0.148585
0.149945
0.147490
0.149120
0.150129
0.152964
0.149777
0.152600
0.143526
0.143785
0.144707
0.278847
0.142891
0.143452
0.146031
0.145245
0.146693
0.146026
0.146286
0.147589
0.146202
0.145968
0.146202
0.147403
0.147977
0.147152
0.145368
0.144397
0.147196
0.145215
0.144476
0.278818
0.145361
0.146470
0.146920
0.148057
0.146689
0.151387
0.149999
0.151814
0.150647
0.149466
0.143707
0.150036
0.151345
0.149346
0.148662
0.147808
0.147666
0.148262
0.148901
0.283617
0.146421
0.146288
0.146118
0.149964
0.149121
0.149513
0.147209
0.148281
0.146420
0.149560
0.151803
0.146418
0.146377
0.145430
0.157717
0.156561
0.156648
0.146008
0.156317
0.278034
0.157075
0.158840
0.157880
0.147723
0.146169
0.146349
0.146224
0.153286
0.145005
0.144579
0.145547
0.145580
0.154335
0.144293
0.156435
0.144433
0.147586
0.143102
0.152638
0.290258
0.158345
0.154070
0.150760
0.151246
0.148451
0.150431
0.150388
0.151782
0.150495
0.149199
0.149067
0.154245
0.149897
0.150306
0.148998
0.148761
0.152168
0.151249
0.152250
0.285276
0.149307
0.147994
0.149898
0.147171
0.147090
0.150999
0.148918
0.148512
0.147859
0.150474
0.146719
0.151759
0.152767
0.155799
0.144217
0.143960
0.146261
0.144469
0.145281
0.279110
0.147091
0.144072
0.145284
0.144874
0.144186
0.154954
0.155194
0.156271
0.143708
0.154645
0.152871
0.153525
0.153641
0.154270
0.154947
0.155724
0.152144
0.152551
0.151838
0.291810
0.153987
0.148141
0.147476
0.149040
0.147056
0.148169
0.150584
0.150899
0.150901
0.148445
0.148628
0.146830
0.146010
0.147981
0.150310
0.150002
0.146711
0.147329
0.146682
0.280684
0.176835
0.175297
0.176271
0.175650
0.172696
0.174709
0.147090
0.177688
0.179359
0.190837
0.147162
0.148132
0.145656
0.102051
0.102525
0.103300
0.147899
0.149025
0.147651
0.284531
0.151949
0.150338
0.149268
0.149995
0.147476
0.149019
0.150391
0.151492
0.151980
0.150481
0.150728
0.151246
0.149750
0.148792
0.150895
0.151843
0.151639
0.153196
0.156825
0.289037
0.154838
0.154013
0.156695
0.155777
0.158277
0.158079
0.158118
0.159687
0.155531
0.159031
0.158253
0.147998
0.145746
0.146648
0.145075
0.145963
0.145077
0.145118
0.146632
0.279658
0.144342
0.144819
0.145227
0.145703
0.145629
0.145947
0.145230
0.146056
0.146907
0.146729
0.146370
0.146355
0.145288
0.146146
0.146212
0.147164
0.147081
0.147466
0.146240
0.279709
0.145375
0.147660
0.144825
0.144816
0.146620
0.146160
0.146957
0.144830
0.146675
0.146351
0.146783
0.145745
0.145301
0.145990
0.145604
0.146524
0.146341
0.146648
0.146413
0.281491
0.146655
0.146051
0.145750
0.146195
0.145595
0.145479
0.147447
0.146243
0.145605
0.145783
0.145729
0.145326
0.145071
0.146617
0.144805
0.157130
0.143442
0.145576
0.145445
0.280254
0.148272
0.159431
0.159802
0.146066
0.158077
0.156106
0.157568
0.154553
0.154471
0.152038
0.150821
0.150821
0.152714
0.150393
0.152297
0.152593
0.152113
0.152457
0.151743
0.286376
0.151878
0.148223
0.147474
0.147395
0.148555
0.147913
0.147906
0.150286
0.151085
0.150505
0.150656
0.148034
0.148170
0.147732
0.147457
0.148935
0.146513
0.147138
0.145344
0.277941
0.143496
0.143220
0.174044
0.143943
0.174146
0.175294
0.142977
0.144182
0.145401
0.145294
0.144712
0.143564
0.144500
0.143351
0.143375
0.143885
0.143514
0.145056
0.145333
0.281561
0.144309
0.147069
0.144485
0.144841
0.144760
0.144798
0.145397
0.143251
0.144326
0.143663
0.143171
0.145905
0.146437
0.152834
0.150428
0.151416
0.153631
0.154375
0.155158
0.278664
0.142840
0.143608
0.154143
0.152742
0.153359
0.153505
0.154099
0.152411
0.154100
0.153688
0.152223
0.152484
0.154520
0.152248
0.153428
0.153255
0.154142
0.152958
0.156366
0.288885
0.148672
0.148736
0.150056
0.150851
0.151781
0.152333
0.151493
0.152091
0.152160
0.153601
0.150748
0.151341
0.155480
0.153359
0.156006
0.143504
0.156899
0.145204
0.146086
0.281261
0.149123
0.146759
0.146135
0.147779
0.147588
0.146616
0.146669
0.146881
0.147098
0.145758
0.147923
0.146130
0.146471
0.146432
0.149020
0.146464
0.146903
0.147771
0.145429
0.280584
0.146224
0.145579
0.146265
0.144964
0.158210
0.157764
0.155193
0.156594
0.145119
0.144335
0.155994
0.154064
0.152645
0.153804
0.156094
0.145900
0.146039
0.146877
0.146256
0.281392
0.148040
0.147517
0.147498
0.149606
0.149196
0.150936
0.148644
0.149520
0.149634
0.148327
0.150884
0.150310
0.149754
0.149276
0.149166
0.146916
0.146605
0.148032
0.147625
0.280602
0.148596
0.147252
0.148452
0.146172
0.148683
0.149198
0.149082
0.147872
0.148436
0.148254
0.149032
0.148178
0.150218
0.148333
0.147946
0.147899
0.147742
0.149133
0.146998
0.281094
0.157747
0.155550
0.156316
0.154498
0.148685
0.151419
0.148694
0.149724
0.151278
0.151974
0.150892
0.150499
0.150900
0.148283
0.150487
0.150437
0.150150
0.149601
0.149617
0.284450
0.152095
0.151883
0.151106
0.150745
0.150246
0.152788
0.148068
0.150523
0.148975
0.150965
0.149992
0.158180
0.149629
0.149546
0.150864
0.149967
0.149450
0.150868
0.150689
0.284194
0.149371
0.150923
0.149024
0.149190
0.150881
0.152682
0.149724
0.150488
0.151525
0.150960
0.152729
0.153292
0.149642
0.149265
0.147866
0.149821
0.150887
0.150649
0.150493
0.282911
0.148939
0.150749
0.150416
0.151876
0.151659
0.149769
0.148906
0.149472
0.150834
0.150341
0.150121
0.149930
0.153637
0.154216
0.150967
0.152413
0.151032
0.151322
0.152102
0.285471
0.151971
0.151273
0.153512
0.151350
0.150570
0.151105
0.152433
0.151315
0.153410
0.153507
0.153311
0.152607
0.152787
0.151336
0.152893
0.154045
0.152502
0.153208
0.153672
0.286761
0.152598
0.155655
0.156441
0.156731
0.156191
0.159241
0.155499
0.158318
0.157662
0.155611
0.159145
0.159678
0.145766
0.158260
0.158975
0.158674
0.156805
0.156927
0.157833
0.293221
0.148638
0.149089
0.148175
0.146974
0.147462
0.146914
0.147398
0.149775
0.146616
0.146800
0.145977
0.147598
0.146492
0.145875
0.149647
0.147569
0.147283
0.145929
0.148033
0.282114
0.145847
0.147234
0.149387
0.146210
0.145621
0.146051
0.146089
0.146015
0.147139
0.147036
0.147907
0.148193
0.150471
0.148331
0.148322
0.147338
0.146770
0.147234
0.147424
0.281569
0.147498
0.146288
0.159112
0.159306
0.157634
0.145947
0.145583
0.154052
0.151994
0.153297
0.152116
0.150257
0.150449
0.153400
0.151870
0.149874
0.150416
0.150914
0.150294
0.287269
0.148990
0.149457
0.149565
0.150594
0.150956
0.151434
0.149350
0.149728
0.149107
0.149795
0.150506
0.148364
0.147135
0.147983
0.147350
0.147476
0.149919
0.105648
0.148371
