224	207	72	264
225	195	73	276
227	187	71	280
228	195	67	272
227	203	69	265
226	194	73	269
227	209	67	250
227	199	70	265
227	203	69	259
227	200	69	260
227	202	67	256
227	204	69	257
227	208	69	250
227	211	67	242
228	212	65	247
227	211	65	244
228	210	63	250
228	215	60	241
226	234	65	221
226	242	64	212
228	237	59	217
230	224	60	228
225	232	69	221
225	235	67	221
224	244	68	211
225	240	67	213
223	241	74	216
225	231	69	224
224	244	67	219
225	245	66	199
228	258	55	170
229	263	48	158
229	265	39	154
225	273	32	161
0	0	0	0
0	0	0	0
0	0	0	0
0	0	0	0
0	0	0	0
246	268	43	162
244	261	49	163
237	266	55	159
238	268	48	156
235	267	50	147
229	269	54	146
231	270	48	146
227	269	51	148
229	269	43	147
225	270	47	158
229	269	38	152
227	275	39	148
231	268	29	154
230	274	26	152
226	274	32	165
224	274	31	162
222	274	30	160
220	277	28	160
211	281	41	162
208	283	44	169
202	275	55	179
197	284	61	181
0	0	0	0
0	0	0	0
232	254	65	196
238	236	58	203
248	253	41	189
243	248	48	198
243	246	44	203
237	248	53	203
235	247	53	203
232	246	60	209
231	252	58	202
229	250	60	204
226	251	63	199
226	253	65	191
224	256	67	181
227	263	62	191
219	258	72	191
227	247	63	202
228	234	63	220
219	250	74	204
224	247	66	208
226	235	67	219
225	240	69	220
225	234	68	222
227	231	65	226
228	220	62	234
228	217	60	242
228	229	61	229
228	230	64	222
227	252	62	202
224	255	69	198
225	251	67	202
224	254	69	198
227	252	63	197
228	247	61	200
226	264	63	189
225	263	64	186
222	248	72	206
222	247	71	208
227	226	64	228
225	234	66	224
220	251	73	206
221	240	73	212
223	248	67	211
224	248	67	208
227	256	61	198
227	253	61	202
228	252	63	199
225	253	65	201
226	250	65	202
231	250	53	205
229	255	59	199
230	254	58	190
232	260	55	193
233	255	54	197
237	255	46	193
239	252	48	197
241	247	46	207
242	246	47	201
245	258	41	197
247	260	39	194
247	252	39	203
248	248	40	206
249	245	39	212
249	243	40	211
249	249	40	205
251	251	36	201
249	250	41	199
249	252	40	201
252	249	36	200
253	252	35	199
251	241	41	212
252	248	37	206
251	249	40	208
254	245	37	207
0	0	0	0
0	0	0	0
0	0	0	0
201	260	47	219
198	250	50	229
210	257	63	225
0	0	0	0
193	247	77	233
193	258	94	223
194	263	107	220
206	244	99	244
219	218	83	268
202	208	95	281
217	234	89	255
228	216	83	269
221	205	76	285
223	217	84	268
200	216	110	268
216	212	97	275
220	200	89	287
217	210	105	276
217	202	95	284
221	197	97	292
216	197	99	289
215	202	106	286
221	207	99	279
225	211	93	276
218	209	101	279
200	210	136	280
205	223	145	265
187	237	147	247
192	204	149	282
224	191	104	301
221	184	127	307
175	161	165	334
166	170	179	320
165	160	184	331
170	168	178	320
0	0	0	0
0	0	0	0
0	0	0	0
0	0	0	0
0	0	0	0
0	0	0	0
0	0	0	0
0	0	0	0
0	0	0	0
0	0	0	0
0	0	0	0
0	0	0	0
0	0	0	0
159	151	215	337
0	0	0	0
157	156	217	339
179	150	190	342
164	149	209	339
162	158	213	328
164	137	210	350
173	156	200	334
160	145	220	342
165	163	216	317
170	163	209	318
160	146	229	338
162	154	233	329
147	137	259	349
160	143	241	343
143	151	273	332
134	160	289	320
142	159	284	327
143	159	287	326
127	160	314	324
132	158	310	329
128	151	319	334
122	158	338	324
126	164	335	315
116	165	347	313
112	163	363	314
91	130	395	352
98	187	388	289
87	152	402	327
16	135	488	343
9	128	501	350
8	121	512	364
4	119	521	361
6	142	500	339
10	123	512	356
-2	105	543	380
2	110	543	373
-12	118	567	366
-3	120	565	366
-6	137	595	346
9	141	553	339
-11	122	604	366
14	128	555	353
16	112	557	374
8	111	584	376
-18	117	639	368
6	126	610	358
7	133	568	347
3	178	586	305
2	191	591	290
-19	191	594	289
-12	183	590	297
-5	169	591	313
-7	181	638	297
-48	194	665	286
-7	179	658	301
-31	149	653	333
-13	181	676	298
-74	120	724	366
-14	101	673	384
-28	110	696	377
-37	109	698	375
-2	118	665	365
-55	92	717	396
-12	105	675	383
-45	146	718	340
-41	133	707	349
-54	159	716	321
-6	160	671	325
-20	165	680	318
-29	173	696	311
-37	169	705	315
-70	166	729	318
-29	216	696	255
-1	185	657	292
-19	153	599	325
-12	139	675	344
3	121	652	361
-19	127	677	353
-8	169	664	306
1	165	652	310
-6	201	659	272
-33	141	690	338
-4	160	663	318
0	182	654	292
-13	175	640	296
3	190	614	285
-11	199	572	269
-2	202	566	272
-1	203	561	269
-4	192	562	283
-6	206	569	267
1	190	556	283
-3	199	567	276
0	195	560	277
0	204	559	265
-6	189	594	288
-6	191	595	282
-8	208	602	263
-9	194	586	281
-7	191	557	286
-6	208	595	266
-1	203	596	267
-8	200	624	274
9	191	604	282
-31	198	585	276
-15	190	570	284
-13	209	572	260
-7	192	567	282
-6	193	626	281
17	192	576	281
54	229	540	237
10	198	557	275
14	210	553	263
24	211	538	258
93	240	465	227
63	204	463	267
99	232	433	233
84	197	418	273
97	195	426	276
78	192	435	278
96	209	428	259
85	228	423	236
96	212	416	258
59	205	448	265
99	216	415	252
96	197	409	276
114	226	399	243
100	229	405	238
68	221	442	249
72	225	455	242
31	213	477	256
69	213	445	256
93	213	409	253
113	220	395	245
90	210	419	259
117	242	390	220
94	252	417	212
63	195	436	274
100	225	399	240
94	220	408	248
95	243	414	221
96	233	408	232
97	255	413	204
56	202	441	260
39	208	482	262
58	195	510	277
68	184	557	293
41	189	585	290
42	177	573	302
42	172	582	309
19	210	613	263
15	178	613	302
54	184	594	293
59	189	548	292
60	166	547	319
55	156	536	326
109	162	499	320
104	177	471	303
110	168	461	312
117	153	450	331
108	142	465	344
115	157	447	325
116	173	439	309
110	175	435	306
110	177	438	304
115	166	424	314
118	130	405	362
107	169	433	317
128	173	392	311
127	159	388	331
118	161	395	326
166	184	341	301
157	160	341	331
175	176	326	310
175	177	306	311
167	172	334	318
185	178	299	309
174	183	318	304
173	177	328	309
170	177	342	312
171	174	341	314
173	205	296	282
141	158	285	331
174	154	235	341
179	158	230	340
144	157	260	336
148	151	250	340
130	121	268	373
145	163	250	324
149	134	236	357
159	150	223	338
156	156	224	328
165	147	201	340
165	142	187	347
152	144	197	339
172	155	193	335
172	162	184	325
167	157	193	327
145	139	219	347
162	156	206	333
169	143	198	350
166	140	201	356
158	130	218	366
130	136	247	368
173	147	214	347
140	132	238	370
0	0	0	0
0	0	0	0
0	0	0	0
179	156	265	356
172	171	271	318
155	175	313	309
170	174	295	313
175	181	317	307
137	173	299	315
126	166	323	320
141	179	298	304
128	186	329	293
123	194	338	285
115	188	359	294
104	188	385	292
109	183	381	301
96	195	405	286
92	195	412	285
115	194	382	283
133	199	363	281
150	170	354	317
93	197	409	284
95	209	410	262
85	195	423	279
60	181	484	298
77	207	472	267
77	202	476	274
66	221	486	251
54	199	501	274
53	196	490	279
29	188	531	286
36	188	523	283
29	195	537	278
35	184	534	292
41	205	518	267
22	192	544	286
16	200	555	274
7	195	565	280
3	188	630	294
-6	177	637	301
0	193	612	287
-12	201	648	278
4	186	591	290
0	190	609	289
0	192	607	283
-7	199	638	274
-4	200	622	279
-8	202	609	272
-8	198	643	277
-3	173	640	305
-3	190	640	289
-7	186	647	290
-12	200	655	276
-9	186	651	291
-12	182	663	300
-17	195	668	281
-17	186	669	292
-11	184	664	293
-3	214	641	262
-7	190	657	287
-14	196	669	282
-8	183	656	294
-9	167	661	317
4	141	647	340
1	163	649	316
-4	182	648	294
-9	184	659	291
-5	174	658	300
-5	173	651	306
-13	198	662	273
-8	175	653	305
-20	191	685	285
-15	172	672	309
-2	199	648	273
-8	171	669	308
1	162	646	315
-14	173	666	307
-5	180	655	295
-11	203	658	275
-5	179	653	300
-1	185	644	292
-10	169	660	311
-2	172	645	313
-10	183	657	297
-14	179	667	297
-6	193	648	286
-7	195	660	281
-4	189	648	288
-7	194	653	284
-10	196	655	283
-17	188	668	290
-6	196	631	280
-5	187	641	293
-7	162	654	320
-7	192	628	283
-2	184	634	295
0	179	641	299
3	192	613	284
4	195	608	278
0	188	632	288
5	190	610	285
28	188	535	286
28	189	554	285
27	172	542	306
27	189	554	287
26	186	567	291
33	180	556	300
30	198	554	277
43	181	524	299
44	173	522	306
52	179	502	298
65	194	495	281
77	188	479	290
85	202	456	268
88	202	446	270
109	210	424	261
88	218	421	253
137	227	396	244
100	203	424	270
141	221	394	253
123	212	408	263
98	201	427	274
125	212	404	263
120	190	388	288
119	175	397	309
116	187	396	293
136	197	370	283
154	226	349	252
135	216	365	263
150	210	358	272
146	181	349	305
156	187	338	299
161	188	337	298
120	178	385	307
113	172	386	315
126	165	374	324
127	163	360	324
148	188	334	299
153	182	329	307
164	176	308	313
164	169	313	325
172	169	298	321
166	179	316	310
173	179	314	308
164	167	262	328
177	170	242	320
164	170	243	321
186	167	221	327
203	163	200	331
161	149	237	341
186	169	208	318
176	165	215	318
170	160	227	323
165	159	234	328
164	150	233	335
154	144	247	341
159	147	238	340
159	153	235	331
153	139	242	347
164	153	220	334
157	165	233	318
159	160	230	324
161	163	224	321
148	145	248	342
134	142	271	346
130	134	274	351
143	147	263	334
131	134	282	351
147	164	261	311
155	153	252	331
157	162	253	322
156	159	257	322
147	167	275	316
161	178	253	305
165	171	256	315
169	182	255	305
149	189	255	295
157	174	270	316
159	174	283	313
108	153	360	332
110	165	359	319
113	149	356	337
88	140	392	343
100	134	389	350
84	125	421	359
36	144	476	341
77	142	458	343
86	127	452	359
126	148	404	343
83	174	421	311
118	154	397	330
108	169	435	313
114	178	416	303
128	173	410	309
85	165	436	314
107	166	438	316
145	175	405	309
119	170	400	309
63	177	461	302
136	181	426	301
100	174	447	303
124	182	435	295
73	192	475	282
159	164	404	319
117	150	451	333
118	162	453	319
166	196	391	282
170	205	373	271
174	187	377	296
163	192	399	289
145	183	415	297
156	175	402	307
167	183	393	297
143	192	424	289
118	216	449	259
109	191	460	288
168	215	403	258
147	205	423	272
107	173	474	307
150	177	432	304
101	184	488	294
59	181	539	299
58	200	560	277
1	205	639	268
1	194	640	280
-9	189	667	287
-9	159	672	324
3	171	655	311
-3	183	659	300
-5	176	655	306
4	158	656	321
8	167	647	312
-2	180	654	299
-6	164	663	316
-11	161	672	321
-12	191	677	287
-2	154	655	326
0	193	659	285
-2	179	657	301
-8	165	663	313
-1	164	659	311
24	160	633	319
28	172	636	306
-8	168	665	309
-4	192	655	281
-4	174	650	301
21	183	636	291
4	166	620	311
0	193	616	281
-4	208	610	264
-6	214	598	256
-4	206	583	261
12	211	528	259
6	210	574	261
-2	194	603	276
1	206	607	265
3	207	564	262
16	206	513	265
43	220	499	247
11	213	540	259
41	206	556	263
-1	184	630	293
0	190	646	287
-9	172	664	306
-19	199	671	275
-11	167	665	311
-3	137	661	341
-11	162	675	314
-5	191	659	283
-3	143	656	338
-4	168	661	310
-10	136	664	344
-8	156	668	325
-11	172	669	310
-1	156	655	327
-2	175	655	304
-10	135	664	347
-10	127	671	356
-4	139	656	343
-2	150	649	332
-3	135	652	351
3	171	636	307
-12	178	657	307
-4	149	646	336
-11	157	660	323
-4	180	644	302
-6	195	646	283
-10	172	652	307
-8	150	648	336
-8	179	646	301
0	148	639	334
0	148	630	334
-6	143	647	341
0	156	627	322
-3	171	632	310
-9	191	641	289
9	126	608	355
10	153	600	323
8	132	601	343
11	140	578	337
-7	154	612	329
10	130	573	353
-2	149	562	331
37	120	579	360
38	160	559	321
44	155	514	321
67	153	474	328
76	178	455	295
111	154	423	324
118	168	396	308
165	180	346	299
165	175	348	305
167	173	342	308
169	175	342	305
148	172	364	309
118	164	382	316
121	174	393	308
132	170	371	313
138	180	359	302
161	177	343	308
120	174	373	307
126	175	374	308
127	164	373	317
129	171	365	310
133	164	359	321
152	163	351	321
105	170	389	307
99	172	393	307
99	171	391	306
105	164	386	316
113	166	377	312
130	166	368	316
158	179	335	303
115	164	367	317
149	169	345	316
107	174	383	305
131	178	369	304
119	162	383	319
138	182	362	295
108	179	393	296
108	179	394	299
125	178	375	303
135	179	366	300
106	174	392	305
118	173	382	307
134	167	363	319
107	158	359	326
102	168	402	314
164	192	361	287
159	171	345	313
111	181	404	298
126	180	428	301
160	170	362	315
146	166	371	320
124	169	402	315
138	180	397	301
119	170	412	311
110	178	442	300
169	191	366	286
182	187	335	298
190	185	324	296
181	193	336	285
178	185	342	297
171	184	352	296
188	169	319	316
179	194	339	282
176	185	337	296
179	184	327	297
172	179	344	304
165	182	350	302
162	183	352	300
166	181	341	301
172	196	326	285
168	187	341	296
170	180	336	300
163	186	346	297
164	198	348	282
159	193	344	290
139	179	383	308
122	178	403	309
118	196	378	284
106	183	387	302
113	186	371	296
116	190	361	290
105	180	377	303
116	181	362	300
104	179	377	300
121	171	351	310
110	169	379	315
125	178	368	304
121	184	353	295
117	183	359	295
116	188	367	292
117	172	360	313
107	175	385	311
112	152	366	336
115	157	361	331
112	177	376	308
106	185	376	297
109	190	370	294
101	200	408	280
94	201	426	281
110	193	412	288
92	194	420	285
95	191	418	289
100	190	400	287
87	189	409	286
86	183	426	298
61	187	476	293
66	195	480	282
56	189	482	292
35	192	521	285
50	198	487	282
47	187	508	295
32	193	518	286
21	208	543	270
-1	200	567	276
8	198	556	281
9	191	553	292
13	198	534	281
23	206	531	274
23	193	536	285
12	207	535	269
23	196	517	282
22	204	540	272
70	195	547	284
5	173	642	312
-1	184	653	294
5	182	643	298
-2	185	621	296
0	168	587	314
-7	182	587	299
7	194	605	283
-4	173	616	308
-12	184	581	297
50	189	598	287
0	188	579	290
51	177	569	302
28	196	613	280
30	206	617	270
2	167	626	312
-10	178	644	302
1	198	650	279
-1	217	659	254
-7	187	664	292
-7	201	662	279
-2	199	621	278
2	197	651	279
-1	200	662	278
0	187	650	292
-7	196	667	282
-3	204	655	272
-3	187	658	293
-1	190	652	290
-2	155	659	328
1	168	655	309
11	182	638	296
0	197	655	281
20	191	635	286
15	172	603	306
3	191	643	284
-5	199	664	280
16	191	611	285
24	209	611	266
9	192	637	285
30	203	626	271
-2	193	590	282
-8	193	601	283
9	190	549	283
65	196	555	278
-2	201	554	272
24	182	534	297
21	156	506	329
89	183	431	298
91	202	408	274
80	188	418	291
94	189	403	292
96	200	400	275
94	197	404	282
63	187	444	296
73	192	430	289
94	216	405	260
79	215	423	260
82	208	420	270
91	206	405	273
81	199	418	282
98	216	397	262
91	210	405	267
107	190	371	291
105	183	388	298
107	177	389	302
110	155	386	327
108	190	395	289
127	211	380	266
96	211	398	266
113	179	366	300
116	178	383	306
155	188	357	292
166	208	347	273
165	205	351	276
163	208	359	272
169	197	346	284
163	178	362	307
166	189	364	291
0	0	0	0
160	187	387	295
