0.422898
0.058658
0.058854
0.058873
0.058290
0.058872
0.058604
0.060189
0.059068
0.059166
0.059488
0.059323
0.059801
0.059399
0.059732
0.059579
0.060514
0.059923
0.060816
0.060631
0.092813
0.060833
0.061184
0.060932
0.062048
0.062724
0.060930
0.061086
0.063226
0.055304
0.056276
0.055459
0.062617
0.061746
0.062838
0.063245
0.062673
0.063464
0.062739
0.064816
0.108767
0.063196
0.063614
0.064044
0.062705
0.066209
0.064086
0.065642
0.054915
0.055236
0.055475
0.055662
0.055927
0.056207
0.056092
0.055740
0.055502
0.055702
0.055764
0.055830
0.101114
0.055630
0.055635
0.055325
0.055568
0.055328
0.055542
0.056614
0.055786
0.055479
0.055993
0.055780
0.055983
0.055450
0.055376
0.054949
0.063790
0.060985
0.060184
0.059482
0.104385
0.059911
0.061522
0.075509
0.056225
0.056116
