293	331	149	124
284	328	150	132
280	324	155	132
272	325	160	139
268	315	162	150
261	312	162	155
256	310	159	157
251	318	159	152
238	316	175	150
225	322	154	148
219	325	154	148
207	326	162	147
202	323	158	149
189	330	162	141
182	328	166	142
175	320	145	148
169	323	136	142
161	322	132	147
156	323	134	147
140	323	142	147
128	326	135	139
118	323	129	138
118	324	119	139
108	324	116	143
106	327	108	141
101	316	99	145
101	318	94	149
99	313	94	152
94	314	109	150
83	311	110	152
79	311	109	154
74	315	88	142
74	316	96	143
190	307	118	168
171	314	131	164
149	309	163	166
149	301	186	177
91	294	214	176
76	294	238	183
63	300	227	176
58	294	210	180
55	293	192	184
60	294	179	183
50	295	190	177
48	294	181	179
57	295	176	177
54	294	167	180
56	290	154	184
57	292	156	181
51	290	167	191
48	292	180	184
49	289	189	180
51	286	198	177
55	291	196	172
53	284	215	176
53	288	230	181
59	282	207	188
64	284	197	180
69	285	183	178
72	287	182	177
72	281	188	186
74	277	198	188
64	277	223	190
56	279	250	187
58	288	252	181
53	287	261	180
59	283	244	183
62	278	218	186
62	280	235	185
65	285	231	181
61	278	247	185
60	284	251	184
62	281	238	183
77	281	218	178
84	281	209	175
79	279	210	177
77	283	229	172
77	280	216	179
74	276	220	185
78	275	218	185
81	273	228	183
83	278	229	187
101	272	208	197
104	278	207	192
116	278	203	190
132	285	197	179
187	281	173	172
209	279	160	169
233	273	157	167
246	279	152	163
301	294	116	152
308	292	121	158
198	275	117	127
219	295	96	102
224	297	88	94
225	299	88	91
226	300	85	90
228	299	78	92
228	298	73	92
227	294	70	93
235	305	66	86
239	307	65	83
243	297	69	88
245	292	73	89
254	287	79	93
264	286	82	89
256	294	88	80
259	295	90	76
276	295	74	74
280	290	66	78
281	290	66	73
281	289	61	71
283	289	68	76
288	291	60	72
291	288	50	75
291	290	55	69
294	289	53	72
300	291	47	70
306	287	42	72
305	284	41	77
304	282	41	78
302	281	43	77
298	279	42	76
296	276	42	78
