0.427169
0.059184
0.059543
0.059172
0.059668
0.059092
0.058564
0.059383
0.059523
0.060106
0.060077
0.059187
0.058910
0.058611
0.057660
0.057954
0.058136
0.057842
0.058842
0.058074
0.089971
0.057651
0.058456
0.058063
0.057840
0.058223
0.059383
0.058416
0.058249
0.058166
0.057808
0.057152
0.056473
0.056602
0.056844
0.056721
0.056591
0.056686
0.056769
0.057189
0.102798
0.057275
0.056831
0.056296
0.056365
0.056808
0.056586
0.055492
0.055863
0.056063
0.056094
0.055713
0.056136
0.056738
0.056300
0.056540
0.056442
0.056199
0.057076
0.056953
0.102249
0.056593
0.057017
0.057142
0.056704
0.057272
0.056404
0.056772
0.057922
0.057095
0.057578
0.058225
0.058357
0.058615
0.057739
0.057653
0.056923
0.057023
0.057336
0.056701
0.102558
0.056814
0.057111
0.056856
0.057174
0.056837
0.057141
0.057499
0.059512
0.059146
0.059274
0.058430
0.059294
0.058848
0.059031
0.058945
0.060022
0.057432
0.057229
0.057296
0.102995
0.057444
0.057597
0.056946
0.062021
0.057725
0.057408
0.057343
0.056773
0.057063
0.056662
0.056046
0.056061
0.056046
0.056440
0.056878
0.056081
0.056185
0.056349
0.056418
0.101884
0.056751
0.055982
0.056141
0.056206
0.056221
0.055783
0.055739
0.056549
0.056003
0.056329
0.057006
0.057500
0.058303
0.058567
0.058378
0.058751
0.058405
0.058553
0.058392
0.104207
0.057532
0.058389
0.056923
0.057492
0.057409
0.056910
0.058342
0.057141
0.057502
0.056994
0.057175
0.057076
0.056457
0.056162
0.056989
