0.419583
0.058348
0.056397
0.055984
0.056286
0.057422
0.058573
0.058360
0.057714
0.057219
0.056995
0.056786
0.057394
0.057872
0.057670
0.057943
0.058270
0.058492
0.058594
0.059005
0.090925
0.058377
0.058698
0.058462
0.059221
0.060482
0.060358
0.060262
0.061563
0.060200
0.060039
0.062561
0.062087
0.060730
0.060823
0.060608
0.060783
0.061871
0.062333
0.061940
0.100372
0.055037
0.061937
0.054968
0.054541
0.055780
0.054710
0.055119
0.055062
0.054910
0.055360
0.055361
0.055376
0.055115
0.054992
0.055171
0.063133
0.062454
0.062332
0.062147
0.108209
0.063324
0.062871
0.062316
0.061693
0.061373
0.062388
0.062365
0.055645
0.055623
0.055390
0.055530
0.055267
0.055741
0.055689
0.054848
0.029358
