0.415333
0.056136
0.055804
0.055230
0.067136
0.055935
0.055867
0.056035
0.056378
0.055974
0.056282
0.055735
0.055822
0.055545
0.055938
0.055120
0.055254
0.055663
0.055722
0.055218
0.088201
0.055333
0.054661
0.055160
0.055502
0.055640
0.055409
0.055829
0.055650
0.055853
0.055858
0.055785
0.055257
0.056792
0.054821
0.055094
0.055247
0.055050
0.054940
0.055115
0.100892
0.055300
0.054967
0.055099
0.055176
0.055120
0.055644
0.055917
0.055317
0.055480
0.055366
0.055840
0.055389
0.055119
0.055329
0.055247
0.055288
0.055345
0.055277
0.055106
0.100627
0.055629
0.055013
0.055108
0.054864
0.054713
0.055386
0.055093
0.054958
0.055123
0.054933
0.056186
0.055246
0.055418
0.055144
0.054784
0.054401
0.055155
0.054758
0.054186
0.099760
0.056623
0.054823
0.054383
0.054736
0.054481
0.055319
0.054619
0.054619
0.054584
0.054325
0.054304
0.054554
0.054776
0.054269
0.054780
0.054394
0.057462
0.056141
0.056242
0.102556
0.056676
0.059222
0.056370
0.056520
0.056412
0.056578
0.056209
0.056382
0.056650
0.056090
0.056059
0.055906
0.055892
0.056011
0.055618
0.056552
0.056166
0.056159
0.056203
0.102102
0.055594
0.054040
0.054154
0.054450
0.054264
0.053788
0.053807
0.053892
0.053530
0.053510
0.053838
0.053911
0.053551
0.054180
0.053738
0.054477
0.054539
0.054595
0.054425
0.100349
0.054351
0.054327
0.054706
0.054373
0.054284
0.056416
0.059442
0.056170
0.060164
0.059008
0.060997
0.059417
0.058429
0.060113
0.060799
0.059895
0.059898
0.059868
0.063193
0.107056
0.057620
0.060381
0.059047
0.057625
0.062679
0.061097
0.062620
0.060334
0.059935
0.061045
0.061437
0.059788
0.063736
0.065618
0.055897
0.056149
0.055996
0.056278
0.055886
0.101034
0.054412
0.054275
0.054668
0.054697
0.055303
0.056535
0.055295
0.055111
0.054948
0.056235
0.055181
0.055420
0.054681
0.055848
0.055006
0.055249
0.054694
0.054749
0.054836
0.106001
0.056698
0.058498
0.060753
0.058811
0.057614
0.058255
0.056418
0.061782
0.055175
0.054796
0.078611
0.055086
0.054691
0.054580
0.054710
0.054495
0.054697
0.054550
0.054218
0.100880
0.054813
0.053908
0.053784
0.053948
0.053800
0.054672
0.054452
0.054390
0.054297
0.054586
0.054618
0.054820
0.054899
0.054712
0.054562
0.055049
0.054582
0.054671
0.055029
0.100455
0.055758
0.055092
0.054669
0.055218
0.054999
0.055639
0.054322
0.054267
0.054430
0.054681
0.055145
0.054524
0.054356
0.054502
0.054271
0.057118
0.059651
0.059596
0.059588
0.106949
0.059475
0.059829
0.059277
0.059706
0.059677
0.060266
0.057017
0.060008
0.059180
0.058876
0.060269
0.055576
0.055686
0.056620
0.055667
0.055848
0.055522
0.054236
0.054600
0.100301
0.055045
0.054046
0.055873
0.059506
0.060001
0.057420
0.059398
0.060499
0.060064
0.053896
0.053684
0.053604
0.053862
0.054538
0.053625
0.053656
0.053395
0.053756
0.053994
0.100315
0.055641
0.056268
0.059587
0.056362
0.059153
0.060762
0.059357
0.059181
0.062443
0.059128
0.058664
0.060801
0.059691
0.061372
0.060870
0.054363
0.054628
0.055251
0.054810
0.100541
0.055062
0.054475
0.054759
0.054676
0.054456
0.054666
0.054049
0.054120
0.054756
0.054379
0.054732
0.058245
0.053939
0.029109
0.028358
0.028250
0.054399
0.078028
0.078084
0.101256
0.054841
0.054545
0.054531
0.055826
0.054984
