0.409678
0.055063
0.054334
0.054072
0.054369
0.054627
0.054205
0.054152
0.054166
0.054523
0.054024
0.053751
0.054348
0.053959
0.054009
0.054197
0.054510
0.054138
0.053842
0.054385
0.087192
0.054735
0.054718
0.054302
0.054605
0.055260
0.054476
0.054866
0.054235
0.054764
0.054643
0.054560
0.054164
0.054458
0.054441
0.054388
0.054918
0.054919
0.054558
0.054713
0.100676
0.054815
0.054576
0.054697
0.054565
0.054853
0.055058
0.054620
0.066294
0.055377
0.054880
0.054766
0.054412
0.054301
0.054745
0.054756
0.055698
0.054387
0.054552
0.054135
0.100430
0.055210
0.054561
0.053821
0.053797
0.053826
0.054143
0.053849
0.054040
0.053779
0.053541
0.053984
0.054176
0.053890
0.053887
0.053799
0.054822
0.054030
0.053823
0.053734
0.101839
0.054008
0.053760
0.053568
0.053599
0.053947
