120	281	78	69
138	283	70	67
144	287	69	66
148	294	72	72
153	301	72	72
160	310	73	71
172	318	72	73
177	323	72	69
181	323	71	73
186	324	71	73
191	324	68	72
193	325	69	73
195	327	67	69
201	323	70	72
205	324	68	68
212	320	69	69
219	318	66	66
225	313	68	64
231	312	66	63
241	306	62	69
246	304	61	64
250	300	64	65
251	298	65	65
253	300	63	62
254	302	63	62
255	304	63	63
254	308	62	61
255	311	61	62
252	314	61	64
249	320	59	66
242	327	60	62
237	328	62	61
226	329	62	61
222	328	62	62
210	333	64	58
207	334	63	57
196	333	63	55
191	330	63	59
180	329	63	56
176	327	64	60
170	326	61	58
164	326	63	57
155	328	64	59
150	329	64	61
139	332	63	62
135	333	64	62
133	336	64	61
130	338	63	60
119	340	64	60
114	339	65	62
103	336	66	60
99	333	66	59
94	323	66	60
92	316	66	62
91	303	67	60
90	298	68	59
88	291	66	58
87	289	66	59
80	288	66	59
76	287	66	61
76	285	66	59
80	282	66	60
81	277	66	59
81	276	63	59
75	275	64	60
76	274	63	61
70	272	64	59
66	272	64	58
56	272	66	61
53	271	65	64
48	269	65	62
43	269	67	62
45	261	67	60
54	258	64	56
85	245	63	61
104	238	62	59
135	228	56	57
141	225	58	55
155	222	55	53
162	221	55	53
180	218	55	51
187	218	54	54
192	222	55	54
196	226	53	52
200	230	54	53
205	234	56	53
221	243	55	52
231	249	57	54
255	261	55	52
266	268	56	51
282	280	53	51
286	285	56	50
295	287	53	48
300	285	54	50
310	285	54	50
314	284	53	52
317	287	55	54
319	293	53	50
320	302	52	51
321	305	53	53
324	313	54	56
325	317	55	55
327	328	57	56
330	331	56	56
331	335	59	58
332	337	57	58
330	338	57	58
330	339	56	58
326	339	59	60
328	339	57	59
326	341	57	58
322	341	59	58
319	342	60	62
318	344	58	59
314	342	60	64
312	344	59	62
310	346	59	63
309	347	58	65
303	349	59	70
300	352	57	63
296	351	58	63
292	351	62	65
