0.409513
0.055144
0.054114
0.054029
0.054268
0.054708
0.055088
0.054763
0.054299
0.054301
0.054564
0.056019
0.055155
0.055146
0.055421
0.055755
0.055729
0.055335
0.055569
0.055141
0.087926
0.055125
0.054775
0.054932
0.055155
0.055817
0.056003
0.055707
0.055297
0.055151
0.055193
0.056281
0.056325
0.055849
0.056123
0.056008
0.055931
0.056132
0.056150
0.055868
0.101627
0.055917
0.055898
0.055889
0.055514
0.055589
0.055424
0.055642
0.055457
0.055611
0.054963
0.055268
0.054918
0.054953
0.054949
0.055069
0.055258
0.055257
0.054786
0.054285
0.099989
0.054125
0.054142
0.054017
0.053972
0.054025
0.054104
0.055395
0.054865
0.054301
0.054472
0.054435
0.054023
0.054941
0.054335
0.053854
0.053931
0.054323
0.054646
0.054188
0.099600
0.054270
0.053882
0.054654
0.053926
0.053637
0.053778
0.053549
0.053519
0.053787
0.053535
0.053810
0.053675
0.054049
0.053741
0.053728
0.053933
0.053576
0.053717
0.054371
0.098859
0.054176
0.053637
0.053647
0.053979
0.053748
0.053237
0.053635
0.053719
0.053728
0.053644
0.053543
0.053401
0.053892
0.054058
0.054629
0.054539
