5.478835
0.107344
0.106453
0.106167
0.106565
0.106799
0.106355
0.106072
0.106603
0.106970
0.156140
0.156729
0.158037
0.158658
0.161067
0.108284
0.107334
0.163878
0.163796
0.170023
0.169643
0.170643
0.107405
0.107232
0.107525
0.106895
0.170394
0.169717
0.106877
0.106545
0.106066
0.169736
0.107083
0.170138
0.169799
0.169608
0.106530
0.106652
0.169302
0.105630
0.170014
0.169431
0.169615
0.169754
0.106109
0.106220
0.106548
0.105870
0.106386
0.105315
0.170062
0.170063
0.105683
0.106850
0.106304
0.106397
0.106068
0.106937
0.107179
0.106750
0.229517
0.107508
0.107211
0.107903
0.107574
0.107692
0.107130
0.106475
0.107383
0.105825
0.105967
0.170233
0.169942
0.106875
0.107533
0.107740
0.169672
0.170281
0.107279
0.106625
0.229469
0.106527
0.106346
0.105623
0.105666
0.104786
0.105887
0.105818
0.105372
0.106139
0.106199
0.106174
0.169309
0.106526
0.169041
0.105775
0.105906
0.106209
0.105582
0.105097
0.228609
0.106097
0.106208
0.105788
0.169870
0.106586
0.105548
0.106052
0.106320
0.106514
0.105760
0.169866
0.106068
0.106261
0.105854
0.106127
0.106473
0.106280
0.105841
0.106378
0.229657
0.105567
0.105531
0.106010
0.105952
0.106377
0.106161
0.106531
0.106173
0.107471
0.106649
0.105749
0.106038
0.105929
0.106494
0.106302
0.106279
0.106028
0.106799
0.168830
0.228009
0.169435
0.106741
0.106174
0.106822
0.106813
0.106695
0.106343
0.106737
0.106768
0.106517
0.106575
0.106814
0.107241
0.107214
0.107584
0.108208
0.108172
0.107627
0.108867
0.230748
0.111151
0.110074
0.109244
0.110399
0.112562
0.110684
0.109012
0.108076
0.108005
0.108363
0.107358
0.107174
0.107414
0.107770
0.107139
0.108185
0.108535
0.110164
0.109830
0.232963
0.111510
0.111356
0.112651
0.111635
