1.325845
0.051292
0.050847
0.051343
0.051049
0.050727
0.051205
0.050680
0.051352
0.050760
0.051320
0.051175
0.051535
0.051323
0.050964
0.050743
0.051306
0.051130
0.051418
0.051021
0.097798
0.051928
0.051332
0.051781
0.051163
0.051551
0.052035
0.052311
0.053014
0.053325
0.051373
0.051101
0.051846
0.050902
0.050823
0.051183
0.051440
0.051881
0.051512
0.051619
0.098377
0.053260
0.054249
0.054333
0.051315
0.051241
0.051336
0.052144
0.051693
0.051357
0.051787
0.052505
0.055485
0.055769
0.054324
0.053321
0.054518
0.054378
0.055513
0.056311
0.100378
0.052670
0.055597
0.054466
0.055218
0.056093
0.053277
0.056182
0.056009
0.055625
0.053152
0.054904
0.054837
0.054243
0.055581
0.056262
0.055602
0.056419
0.053217
0.054221
0.101344
0.053162
0.053727
0.054613
0.052958
0.054794
0.055915
0.057483
0.056823
0.057209
0.055127
0.056824
0.056773
0.056348
0.057428
0.056819
0.056720
0.056565
0.054580
0.055511
0.102089
0.053391
0.053594
0.054013
0.054591
0.055431
0.055069
0.054590
0.056039
0.052946
0.054455
0.054201
0.055698
0.052861
0.055320
0.055165
0.055770
0.054569
0.054291
0.054665
0.099565
0.052039
0.054985
0.055076
0.054379
0.054322
0.056020
0.055260
0.054171
0.053300
0.055298
0.053185
0.054960
0.055068
0.054088
0.054259
0.051610
0.051665
0.051391
0.051320
0.097031
0.051002
0.052679
0.053726
0.051959
0.051986
0.052602
0.055788
0.056769
0.055530
0.052917
0.053267
0.053513
0.055612
0.053091
0.054916
0.055167
0.056210
0.056694
0.057220
0.101873
0.053523
0.054918
0.053653
0.055521
0.054022
0.056803
0.057355
0.057421
0.054249
0.056365
0.052850
0.052624
0.051706
0.052239
0.051603
0.052123
0.051914
0.051602
0.051002
0.096910
0.051365
0.051515
0.052070
0.052208
0.051916
0.052177
0.051689
0.052054
0.051959
0.051639
0.052081
0.051929
0.051707
0.052152
0.052016
0.051796
0.051949
0.052128
0.051898
0.097299
0.051923
0.052386
0.052156
0.052252
0.052076
0.052491
0.052078
0.052123
0.051984
0.052325
0.051797
0.051903
0.051903
0.052413
0.051982
0.052468
0.052019
0.052290
0.052047
0.097347
0.052286
0.052108
0.052083
0.052004
0.051943
0.052137
0.051870
0.052357
0.051938
0.052016
0.052193
0.052321
0.052506
0.051512
0.051471
0.051647
0.051749
0.051551
0.051546
0.097223
0.051791
0.051578
0.051427
0.051938
0.051462
0.051341
0.051700
0.051323
0.051425
0.051539
0.051217
0.051899
0.051630
0.051497
0.051593
0.051379
0.051974
0.051782
0.051503
0.098089
0.053249
0.054893
0.053472
0.057665
0.054151
0.056719
0.056729
0.053512
0.055471
0.057305
0.055665
0.055137
0.054144
0.055264
0.055196
0.056711
0.056843
0.053542
0.053672
0.102057
0.053380
0.055850
0.056922
0.056703
0.054794
0.058439
0.051618
0.051663
0.051832
0.051881
0.051595
0.051809
0.051553
0.051748
0.051515
0.051849
0.051373
0.051903
0.051754
0.097887
0.051805
0.052095
0.052324
0.052229
0.052011
0.052537
0.051847
0.052410
0.052364
0.052318
0.051955
0.052397
0.051961
0.052012
0.051959
0.052606
0.056072
0.054370
0.055627
0.101983
0.053237
0.057480
0.055763
0.055620
0.053685
0.052052
0.052244
0.052130
0.052460
0.052551
0.052111
0.052373
0.052490
0.052520
0.052188
0.052114
0.052292
0.052371
0.051912
0.097909
0.052236
0.052107
0.052365
0.052640
0.050643
0.053235
0.052614
0.052747
0.052509
0.052285
0.052341
0.052788
0.052604
0.052585
0.052887
0.052554
0.052453
0.052343
0.052298
0.097921
0.052130
0.052677
0.052514
0.052526
0.051615
0.051599
0.051797
0.051734
0.051707
0.051658
0.051616
0.051898
0.051636
0.052101
0.051767
0.052088
0.052104
0.051943
0.051901
0.097857
0.051587
0.051952
0.051718
0.052058
0.051741
0.051760
0.051314
0.051817
0.051142
0.051441
0.051523
0.051934
0.051873
0.052112
0.051405
0.051787
0.051519
0.051673
0.051336
0.096989
0.051646
0.051593
0.051655
0.052138
0.052336
0.052300
0.052217
0.052298
0.052153
0.052112
0.052117
0.052125
0.051779
0.052097
0.051442
0.051725
0.051328
0.051799
0.051705
0.097124
0.051677
0.051315
0.051378
0.051951
0.052818
0.054259
0.050788
0.050763
0.051088
0.051036
0.050367
0.050412
0.050466
0.050715
0.050590
0.050489
0.051689
0.052550
0.051036
0.095861
0.050430
0.051285
0.050764
0.050939
0.051018
0.051058
0.050921
0.050792
0.051010
0.050818
