1.331601
0.053476
0.050630
0.051007
0.050707
0.050630
0.050711
0.050718
0.052147
0.052983
0.054834
0.055388
0.054084
0.052338
0.055208
0.054386
0.055408
0.055418
0.052917
0.054685
0.101938
0.052442
0.053466
0.054550
0.053524
0.051813
0.053949
0.053126
0.053240
0.052452
0.054383
0.053420
0.052698
0.055421
0.052095
0.054402
0.052942
0.055424
0.055634
0.054305
0.098572
0.052860
0.053272
0.051696
0.051860
0.051053
0.051210
0.050604
0.050734
0.050467
0.051039
0.051100
0.050518
0.051207
0.050830
0.050890
0.051125
0.051013
0.050958
0.051115
0.096615
0.050945
0.050763
0.050971
0.050578
0.050886
0.050289
0.050657
0.050719
0.050515
0.050576
0.050723
0.050591
0.049779
0.050256
0.049990
0.050640
0.050433
0.050716
0.050090
0.096733
0.050561
0.050261
0.050456
0.050278
0.050254
0.050565
0.050941
0.052477
0.050718
0.050968
0.055389
0.053571
0.050433
0.050219
0.050265
0.050468
0.050535
0.050258
0.050179
0.095575
0.050498
0.050757
0.050560
0.050546
0.050693
0.051124
0.050607
0.050871
0.051620
0.051744
0.050807
0.050967
0.050529
0.050627
0.050483
0.050708
0.050676
0.050664
0.051140
0.096303
0.050750
0.050925
0.050802
0.050797
0.051287
0.051080
0.051373
0.051269
0.051198
0.051230
0.051311
0.051151
0.051743
0.054505
0.055969
0.054300
0.052316
0.054076
0.055374
0.097932
0.052330
0.052811
0.053530
0.053705
0.055095
0.055674
0.054857
0.053841
0.053962
0.055538
0.054858
0.056138
0.056144
0.055446
0.053045
0.054069
0.053082
0.052959
0.056096
0.101410
0.052818
0.055475
0.054753
0.056160
0.051831
0.051938
0.051296
0.051231
0.051105
0.051187
0.050935
0.051015
0.051224
0.051282
0.050941
0.051174
0.051183
0.051303
0.051429
0.097202
0.052116
0.051379
0.051413
0.052046
0.051910
0.051482
0.051406
0.051461
0.051782
0.051528
0.051611
0.051793
0.051692
0.052250
0.053442
0.051719
0.051777
0.051201
0.051373
0.097029
0.051356
0.051562
0.051398
0.051265
0.050936
0.050991
0.051083
0.051039
0.051041
0.051195
0.050927
0.050766
0.050919
0.050938
0.050944
0.050793
0.050907
0.051126
0.051742
0.097076
0.051681
0.051575
0.051524
0.051129
0.051117
0.051026
0.051039
0.050816
0.050642
0.051129
0.050329
0.050418
0.050397
0.051010
0.050652
0.050680
0.051496
0.051269
0.051255
0.096361
0.050913
0.050589
0.050573
0.050335
0.050517
0.050305
0.050706
0.051329
0.051347
0.051073
0.051046
0.050869
0.050782
0.050338
0.050442
0.050147
0.050113
0.050397
0.050444
0.095517
0.050413
0.050448
0.050548
0.050518
0.050464
0.050451
0.050220
0.050148
0.050323
0.050832
0.050450
0.050427
0.050152
0.050963
0.074890
0.050694
0.050857
0.050768
0.050836
0.096682
0.050967
0.049430
0.051033
0.051126
0.050757
0.050747
0.051072
0.051035
0.051104
0.050964
0.050932
0.051124
