1.325187
0.055597
0.050836
0.051000
0.050753
0.051780
0.050774
0.050753
0.050131
0.050591
0.050206
0.050740
0.049985
0.050432
0.050012
0.050422
0.050031
0.050115
0.050041
0.050447
0.095619
0.050879
0.053696
0.055079
0.052233
0.054736
0.051892
0.053905
0.053117
0.054487
0.050489
0.049906
0.050191
0.050522
0.050185
0.050193
0.050181
0.049978
0.050037
0.050148
0.095535
0.050599
0.050308
0.050304
0.050495
0.050534
0.050847
0.050449
0.051043
0.050937
0.050772
0.050713
0.050939
0.050982
0.051084
0.051067
0.050926
0.051196
0.050873
0.050553
0.096224
0.050856
0.050494
0.050492
0.050704
0.050571
0.050678
0.050340
0.050766
0.050374
0.050043
0.050487
0.050521
0.050369
0.050699
0.050542
0.051255
0.050530
0.050626
0.050649
0.096355
0.050831
0.050897
0.051128
0.050716
0.050928
0.051169
0.050545
0.050895
0.050536
0.050401
0.050674
0.050281
0.050372
0.050790
0.050392
0.050599
0.050762
0.050481
0.050756
0.095351
0.050505
0.050551
0.050479
0.050328
0.050810
0.050359
0.050551
0.050432
0.050841
0.051167
0.050999
0.051066
0.051112
0.051276
0.050989
0.051103
0.050973
0.050984
0.051296
0.096613
0.051203
0.051001
0.051063
0.051302
0.051588
0.051486
0.052248
0.052678
0.050942
0.050500
0.050966
0.050720
0.050803
0.050846
0.050785
0.051614
0.054918
0.054568
0.054214
0.100105
0.052160
0.052203
0.055756
0.055853
0.055606
0.056219
0.055526
0.056986
0.056040
0.052947
0.056744
0.055505
0.055930
0.056179
0.055676
0.055867
0.056492
0.057415
0.055920
0.099710
0.052640
0.055869
0.055362
0.056282
0.055357
0.055654
0.055996
0.055550
0.056164
0.052523
0.055410
0.054043
0.051456
0.051813
0.052725
0.055675
0.056565
0.056815
0.056137
0.098281
0.052725
0.053681
0.055048
0.055770
0.055609
0.052960
0.052926
0.052525
0.056307
0.055666
0.052680
0.055934
0.053013
0.052703
0.052691
0.051697
0.051499
0.052079
0.051933
0.097768
0.052692
0.052841
0.054839
0.052913
0.053036
0.052985
0.056106
0.053607
0.051837
0.051781
0.051162
0.051078
0.051774
0.051002
0.051121
0.050866
0.050979
0.051100
0.051090
0.096454
0.050888
0.051383
0.050931
0.050403
0.050609
0.050446
0.050520
0.050424
0.050561
0.050680
0.050629
0.050585
0.050744
0.050963
0.050952
0.050709
0.050518
0.050924
0.050649
0.096953
0.051150
0.051243
0.051134
0.051115
0.051719
0.050977
0.051083
0.050819
0.051099
0.050789
0.051080
0.051131
0.051154
0.051204
0.051459
0.051518
0.051579
0.051097
0.051568
0.096315
0.051153
0.051078
0.051116
0.051538
0.051407
0.053039
0.051084
0.050957
0.050752
0.050748
0.050786
0.050958
0.050865
0.050962
0.051282
0.050774
0.050716
0.050683
0.050801
0.096171
0.050623
0.050809
0.051149
0.050857
0.051014
0.050982
0.051122
0.051405
0.051470
0.051298
0.051342
0.056648
0.052485
0.052853
0.055908
0.056376
0.052442
0.056276
0.052261
0.101579
0.052568
0.056186
0.056618
0.051446
