430	238	78	77
438	248	68	72
443	249	69	76
444	247	68	76
441	247	69	73
440	251	70	74
442	251	71	74
445	254	71	76
447	256	71	74
450	258	72	73
449	260	72	74
445	259	73	75
446	262	73	74
444	261	79	77
444	260	79	76
446	263	76	76
448	265	74	74
455	269	76	76
463	268	74	78
467	267	75	78
475	267	73	76
479	267	76	75
485	264	71	76
496	262	79	80
506	262	74	77
507	263	70	73
505	264	64	72
500	261	58	75
491	261	54	77
485	263	55	77
481	265	57	76
475	267	60	79
473	273	61	79
472	274	64	80
470	276	68	80
464	277	75	80
458	276	77	80
461	275	72	84
467	274	64	84
471	274	66	84
475	271	74	87
474	272	86	87
464	278	95	86
466	277	92	88
469	276	90	89
472	274	88	90
468	276	87	89
460	273	97	93
465	276	92	95
464	272	87	96
463	269	93	100
456	271	97	100
450	273	95	104
448	271	98	95
444	280	101	98
435	285	105	99
425	286	104	98
416	288	105	100
404	283	111	105
397	287	113	108
394	293	104	107
394	302	103	101
387	300	104	102
379	297	102	99
376	294	97	100
375	292	90	100
372	286	88	99
361	288	83	93
357	288	76	99
352	288	78	102
342	281	74	101
339	276	75	103
331	273	78	101
329	274	78	97
319	278	74	96
318	274	68	95
318	272	66	98
314	272	62	92
309	271	64	94
306	269	59	92
304	268	55	84
301	268	56	86
299	269	58	85
298	271	57	86
290	275	63	87
289	273	59	84
287	274	60	85
281	270	61	84
274	268	63	88
271	267	56	86
263	268	55	85
256	270	56	83
253	273	54	72
248	275	52	77
244	274	51	73
244	274	50	68
242	272	51	68
239	272	50	67
234	269	49	73
231	268	47	73
224	270	52	73
220	268	51	75
211	272	55	74
206	272	61	74
202	276	63	76
199	279	66	76
197	279	64	70
199	283	68	74
200	282	69	73
199	285	71	81
195	289	76	84
193	290	79	88
196	290	78	91
200	287	75	90
199	292	78	97
200	294	80	102
201	296	84	107
203	296	86	107
202	296	88	108
206	296	81	101
207	297	82	101
206	299	83	92
210	302	78	87
208	300	85	96
209	305	87	93
210	309	86	91
206	312	89	95
205	318	84	90
199	321	88	89
196	330	88	88
198	331	82	87
199	332	91	89
200	329	87	89
201	321	83	89
201	316	87	90
204	313	82	88
208	314	75	88
207	306	73	86
207	306	67	77
209	307	69	76
209	310	72	77
208	312	68	74
210	311	63	74
210	310	66	81
211	312	67	81
213	314	65	78
212	314	70	79
211	317	64	78
217	318	52	73
223	317	47	74
223	317	52	82
227	316	49	82
233	314	47	81
236	308	45	83
234	307	49	82
236	307	48	79
225	308	52	78
219	313	51	75
213	311	57	79
213	309	56	78
214	306	58	80
216	301	61	80
217	298	62	83
219	299	58	85
216	301	60	82
215	302	66	82
218	303	69	85
215	301	75	85
223	295	75	84
229	291	78	94
245	286	76	106
249	283	74	107
253	284	70	94
261	291	66	95
268	292	65	88
273	292	79	86
288	286	83	85
286	288	94	86
292	289	97	93
291	292	106	89
287	297	115	94
297	298	106	97
293	301	117	97
300	305	114	98
305	311	111	96
318	313	99	86
325	312	88	87
328	316	82	84
332	316	82	83
336	314	79	86
332	318	79	87
333	311	82	92
338	311	79	90
344	307	73	93
338	304	77	93
338	302	77	94
343	300	73	89
342	294	75	95
340	293	78	96
346	289	74	92
343	285	79	97
336	283	87	96
337	284	86	99
336	287	86	93
341	289	80	93
337	280	87	96
332	284	94	94
337	284	89	97
336	284	91	96
336	282	92	96
338	283	91	101
347	283	80	94
350	283	78	100
346	280	83	94
346	279	85	91
350	275	85	91
354	274	83	92
355	273	82	91
352	272	87	90
358	270	84	90
355	271	89	98
350	268	95	93
357	266	91	98
362	265	90	109
359	264	91	118
362	264	92	114
362	257	95	125
365	259	92	118
364	263	91	120
371	265	88	107
374	264	85	104
379	267	86	88
387	270	85	85
388	272	85	84
391	272	85	85
392	270	88	94
385	275	87	88
382	276	85	87
