1.323740
0.051191
0.050864
0.050728
0.050882
0.051107
0.051113
0.051058
0.051185
0.050998
0.051283
0.051139
0.051242
0.051528
0.051050
0.051517
0.050990
0.051363
0.051344
0.051370
0.096382
0.050880
0.050893
0.051099
0.051111
0.051004
0.051389
0.051142
0.051491
0.051117
0.050936
0.051006
0.050797
0.051282
0.050899
0.050892
0.051032
0.050790
0.050622
0.050724
0.096003
0.050666
0.050515
0.050788
0.050883
0.050797
0.050765
0.050479
0.050498
0.050762
0.050858
0.050606
0.050592
0.050633
0.050308
0.050443
0.050677
0.050508
0.052248
0.050866
0.096654
0.051264
0.051189
0.051213
0.051459
0.051344
0.051638
0.052336
0.051856
0.051496
0.050988
0.051266
0.051142
0.051418
0.051286
0.050849
0.050920
0.051093
0.051268
0.051336
0.096684
0.051477
0.052065
0.051023
0.051069
0.050529
0.050786
0.050875
0.051040
0.050785
0.051496
0.051171
0.050885
0.050878
0.051294
0.051319
0.051585
0.051577
0.052057
0.051902
0.095160
0.051947
0.051317
0.051112
0.051185
0.050881
0.050910
0.050679
0.050700
0.050661
0.050781
0.050700
0.051292
0.051514
0.051261
0.051547
0.051352
0.051724
0.052239
0.052669
0.098233
0.051797
0.049782
0.049990
0.051571
0.051994
0.051736
0.051503
0.052058
0.049909
0.052170
0.051935
0.051538
0.049837
0.049770
0.049812
0.052018
0.051746
0.051636
0.051765
0.096857
0.051399
0.050963
0.051419
0.052054
0.052250
0.052363
0.050448
0.050153
0.050370
0.050426
0.050411
0.050335
0.050263
0.049906
0.050238
0.050377
0.050309
0.052380
0.050372
0.095833
0.050207
0.050130
0.050428
0.050661
0.049788
