1.332680
0.051992
0.051645
0.051865
0.051967
0.051950
0.052056
0.051586
0.051748
0.051971
0.051649
0.051640
0.052772
0.053590
0.051182
0.051487
0.051164
0.051455
0.051018
0.051131
0.097241
0.051367
0.051195
0.050719
0.050881
0.050732
0.050593
0.050884
0.050553
0.050647
0.050516
0.050812
0.050766
0.051411
0.050973
0.050766
0.050949
0.075126
0.050847
0.050780
0.096080
0.050983
0.050812
0.050893
0.050892
0.051354
0.050946
0.051715
0.075441
0.051777
0.075114
0.074807
0.074893
0.075564
0.074966
0.051345
0.051067
0.051275
0.078550
0.052020
0.098114
0.051959
0.052140
0.055438
0.051762
0.053557
0.054517
0.053560
0.054637
0.054492
0.052191
0.053566
0.051352
0.051552
0.051596
0.051910
0.051830
0.051805
0.051856
0.051292
0.097099
0.051545
0.051787
0.051317
0.051164
0.051504
0.051386
0.051545
0.051689
0.051822
0.051210
0.051442
0.052442
0.054488
0.055914
0.054213
0.054500
0.054909
0.052764
0.053233
0.103261
0.053421
0.056879
0.057097
0.054011
0.051782
0.051923
0.052310
0.051779
0.051308
0.051838
0.051502
0.051915
0.052241
0.051951
0.051776
0.051129
0.051340
0.051686
0.051567
0.097216
0.051208
0.051373
0.051059
0.051162
0.051488
0.051377
0.050540
0.050643
0.051255
0.076372
0.049320
0.050778
0.051838
0.053050
0.054409
0.051988
0.054724
0.055908
0.052938
0.098971
0.055071
0.052647
0.052629
0.052380
0.052579
0.052049
0.052026
0.052311
0.053586
0.051743
0.051831
0.053494
0.052101
0.052865
0.052369
0.052113
0.054036
0.053938
0.053129
0.098058
0.052319
0.054139
0.052923
0.053130
0.054485
0.053617
0.056161
0.056387
0.053398
0.052927
