1.362675
0.054092
0.058347
0.053845
0.058990
0.057446
0.053762
0.057307
0.053603
0.055539
0.055294
0.054919
0.055470
0.056111
0.053286
0.057613
0.057966
0.057928
0.056553
0.058547
0.098392
0.053512
0.052538
0.052666
0.052573
0.052319
0.052808
0.052362
0.052468
0.051788
0.051611
0.051415
0.051757
0.051939
0.051701
0.051380
0.051459
0.051209
0.051058
0.051193
0.096270
0.051777
0.051655
0.052255
0.051706
0.052044
0.052478
0.051710
0.052425
0.053449
0.051455
0.051707
0.051797
0.053352
0.054386
0.053073
0.054645
0.056432
0.052705
0.055105
0.098912
0.053178
0.053602
0.053875
0.053800
0.054891
0.052651
0.051922
0.052030
0.052799
0.052116
0.054012
0.054121
0.054501
0.052861
0.054926
0.053734
0.053644
0.055730
0.056800
0.100497
0.056990
0.053577
0.057760
0.054965
0.055735
0.054904
0.054713
0.057641
0.053349
0.053968
0.056233
0.056108
0.055981
0.051888
0.053149
0.052298
0.054674
0.057112
0.051779
0.097302
0.052061
0.052027
0.051598
0.051361
0.051104
0.051518
0.051420
0.051530
0.051933
0.051206
0.052101
0.051281
0.051564
0.051620
0.051368
0.051190
0.050810
0.050517
0.051080
0.096572
0.051790
0.052347
0.049815
0.049624
0.052304
0.052302
0.051787
0.051326
0.051202
0.051025
0.050983
0.051147
0.051084
0.051308
0.051542
0.051547
0.051640
0.051691
0.051555
0.095058
0.049960
0.050407
0.050634
0.050525
0.050472
0.050464
0.050236
0.052307
0.052151
0.053102
0.053048
0.054771
0.057933
0.058097
0.054006
0.056257
0.053778
0.053292
0.055758
0.099993
0.053289
0.058342
0.056674
0.053475
0.053710
0.054718
0.053991
0.054752
0.056455
0.051137
