1.361219
0.051683
0.051329
0.051512
0.051381
0.051302
0.050834
0.050956
0.052359
0.053359
0.054398
0.054272
0.054320
0.052190
0.054919
0.054786
0.051739
0.054687
0.051700
0.055019
0.099290
0.051727
0.054895
0.054467
0.054730
0.051634
0.050086
0.049788
0.050620
0.050016
0.050054
0.049996
0.050765
0.049904
0.050239
0.050111
0.050986
0.051597
0.050039
0.050101
0.095023
0.050160
0.050196
0.050446
0.050623
0.050843
0.050438
0.074520
0.074248
0.050495
0.050647
0.050502
0.051088
0.050917
0.050821
0.050552
0.050705
0.050957
0.050535
0.050752
0.096580
0.050993
0.050892
0.050844
0.051629
0.051007
0.050690
0.051326
0.050921
0.051054
0.051040
0.051130
0.050592
0.051491
0.050710
0.050835
0.051306
0.050680
0.050981
0.051362
0.096672
0.051363
0.051307
0.051127
0.050837
0.050988
0.050935
0.050490
0.050568
0.050392
0.050284
0.049122
0.050458
0.050215
0.050650
0.050535
0.050716
0.050624
0.050146
0.050338
0.096456
0.050438
0.050715
0.051126
0.051537
0.051324
0.050922
0.051042
0.051081
0.050801
0.051358
0.051028
0.051459
0.051553
0.051275
0.050868
0.051162
0.050829
0.050832
0.051139
0.096966
0.050990
0.051189
0.050853
0.051342
0.050858
0.050990
0.051032
0.050951
0.050936
0.051510
0.051575
0.051183
0.050843
0.050607
0.051007
0.051274
0.051228
0.051479
0.051173
0.096820
0.051206
0.051116
0.052044
0.052672
