1.331759
0.051691
0.050733
0.050019
0.049846
0.049954
0.049852
0.049908
0.050046
0.049722
0.049778
0.049948
0.049671
0.050503
0.050858
0.050594
0.050288
0.050544
0.050382
0.050772
0.096430
0.050708
0.050480
0.050662
0.050385
0.050925
0.050860
0.050211
0.050426
0.051746
0.052565
0.050703
0.050733
0.051970
0.052665
0.053666
0.052598
0.053037
0.051559
0.053624
0.099656
0.051695
0.053859
0.051467
0.052740
0.053232
0.052538
0.051691
0.054027
0.051666
0.054113
0.053263
0.052048
0.053935
0.053935
0.054914
0.053434
0.052171
0.050855
0.050951
0.096486
0.050362
0.050485
0.050489
0.050191
0.050368
0.050453
0.050589
0.050605
0.050348
0.050708
0.050092
0.050397
0.050489
0.050276
0.050778
0.050457
0.050568
0.050686
0.050440
0.096072
0.050519
0.050333
0.050481
0.050441
0.050786
0.050648
0.050410
0.050245
0.050285
0.050589
0.050483
0.050599
0.050653
0.050534
0.050436
0.050625
0.050622
0.050700
0.050204
0.095618
0.050301
0.050383
0.050200
0.050365
0.050312
0.050293
0.050401
0.050086
0.050439
0.051574
0.050873
0.049802
0.050060
0.050029
0.050126
0.050129
0.051116
0.054029
0.054343
0.098884
0.051138
0.052336
0.054147
0.052842
0.053619
0.052837
0.053735
0.053161
0.053784
0.051288
0.051140
0.051540
0.053519
0.053241
0.052730
0.052041
0.054166
0.054451
0.052325
0.099995
0.051379
0.053874
0.054699
0.051699
0.050010
0.073737
0.074183
0.050308
0.049831
0.050228
0.050082
0.050232
0.050012
0.050248
0.050183
0.050165
0.049774
0.050190
0.050145
0.095202
0.050305
0.050784
0.050234
0.050101
0.050652
0.051281
0.051055
0.049671
0.050062
0.049717
0.049564
0.049638
0.049634
0.049525
0.049666
0.050020
0.049881
0.050067
0.049812
0.095534
0.051158
0.054350
0.051701
0.078188
0.051679
0.052735
0.052302
0.051554
0.053226
0.052914
0.051668
0.052315
0.051604
0.051530
0.053423
0.051648
0.053114
0.054156
0.051807
0.098814
0.051201
0.051260
0.053056
0.052705
0.051481
0.051536
0.052568
0.052135
0.052257
0.054454
0.053365
0.053698
0.051828
0.054172
0.051364
0.052524
0.051703
0.052188
0.053008
0.098372
0.051435
0.052783
0.051408
0.051195
0.051096
0.051975
0.052862
0.051696
0.053545
0.053967
0.051178
0.051421
0.053498
0.051708
0.052102
0.051284
0.051966
0.075992
0.075285
0.097470
0.051741
0.052646
0.052445
0.076337
0.075050
0.051382
0.052634
0.078491
0.054092
0.051333
0.053708
0.077567
0.051939
0.051873
0.052511
0.052473
0.052574
0.052781
0.053010
0.097893
0.051339
0.051642
0.054036
0.051607
0.052411
0.052468
0.051988
0.053045
0.054575
0.052485
0.054451
0.054745
0.054913
0.053608
0.052714
0.053474
0.053517
0.054013
0.054861
0.099962
0.052150
0.053890
0.054291
0.054567
0.053939
0.052874
0.051892
0.052827
0.052529
0.052883
0.051772
0.078600
0.076166
0.050871
0.053930
0.053817
0.078013
0.051814
0.054196
0.097866
0.052248
0.053463
0.080752
0.051762
0.051057
0.050381
0.050997
0.050797
0.050722
0.050839
0.052032
0.050945
0.050887
0.050164
0.050216
0.050414
0.050040
0.049958
0.050030
0.095778
0.050031
0.049935
0.049885
0.050060
0.049897
0.049901
0.050243
0.049936
0.049834
0.050318
0.050384
0.050828
0.050634
0.050548
0.050466
