1.290454
0.050531
0.050849
0.050659
0.050322
0.050708
0.050717
0.051157
0.053140
0.054084
0.053721
0.052580
0.052842
0.053751
0.052556
0.053455
0.055685
0.050702
0.050716
0.050525
0.095600
0.050660
0.050552
0.050760
0.050340
0.050493
0.050430
0.050864
0.050457
0.050650
0.050325
0.050664
0.050386
0.050740
0.050471
0.050478
0.050341
0.050731
0.049937
0.050657
0.095862
0.050324
0.050202
0.050554
0.050450
0.050494
0.050484
0.050496
0.050333
0.051918
0.053324
0.053111
0.050288
0.050557
0.051488
0.053776
0.051681
0.052845
0.052422
0.054153
0.097307
0.051543
0.054162
0.052368
0.051973
0.051765
0.053416
0.052958
0.053855
0.051347
0.053140
0.052121
0.053167
0.051337
0.052202
0.054599
0.050258
0.051517
0.050212
0.050168
0.095267
0.050329
0.050394
0.050226
0.050100
0.051972
0.054399
0.055194
0.054104
0.051673
0.054763
0.051757
0.053582
0.052949
0.053122
0.054003
0.053943
0.051601
0.051778
0.052557
0.098572
0.051521
0.052742
0.051337
0.051572
0.050683
0.050183
0.050497
0.050388
0.050731
0.053549
0.051907
0.051797
0.052227
0.053543
0.053268
0.053358
0.052917
0.053957
0.053798
0.099373
0.050646
0.050354
0.050444
0.050886
0.050742
0.050652
0.050668
0.050393
