572	163	59	77
540	159	57	72
516	162	56	68
504	167	56	69
502	170	54	70
498	172	53	70
487	173	55	74
480	177	51	69
473	178	53	68
460	178	54	68
456	175	53	68
450	173	52	67
446	174	50	68
439	177	54	67
432	183	52	73
425	190	52	76
419	193	55	67
421	192	52	66
419	192	53	62
421	193	51	64
421	195	53	64
421	200	52	61
421	198	52	63
415	201	49	62
402	206	55	60
393	214	55	57
394	216	51	57
393	213	53	60
387	210	54	58
373	207	59	58
363	203	56	57
354	201	58	55
346	203	62	54
337	203	64	55
335	204	64	54
331	205	66	53
324	202	67	55
320	202	65	55
314	202	64	58
305	203	63	57
298	205	63	57
298	205	63	54
292	205	62	51
278	200	66	49
263	199	69	49
247	203	73	42
235	214	69	53
226	200	76	63
222	195	73	62
217	194	78	69
219	202	80	64
220	219	81	72
213	225	84	77
204	232	90	73
206	231	89	73
222	233	87	78
218	235	89	80
221	237	88	86
228	238	81	82
232	238	85	82
237	237	80	91
235	240	79	94
226	240	83	98
224	240	83	102
222	242	87	109
215	245	94	104
226	247	81	105
224	247	85	114
221	247	94	125
223	253	102	129
221	256	110	131
222	254	115	138
219	253	129	143
221	256	129	142
227	253	124	134
230	250	125	146
231	249	125	154
235	247	121	157
236	247	124	153
228	243	137	166
204	245	147	167
196	239	161	188
183	245	198	185
176	247	215	193
179	245	226	198
182	240	232	205
142	232	256	221
130	234	282	217
91	225	300	222
34	228	336	212
30	233	346	201
24	238	352	205
27	234	354	208
42	229	342	205
54	228	336	187
55	217	324	198
360	168	297	216
20	188	367	224
43	205	353	229
78	217	328	198
88	205	319	195
97	220	323	180
102	212	321	188
119	212	319	183
118	222	345	231
138	214	310	228
164	210	274	212
187	211	248	192
220	209	250	184
196	214	237	173
154	215	268	169
175	216	257	175
199	253	240	192
199	231	229	213
249	224	225	225
208	223	218	242
288	201	147	260
222	207	203	267
216	204	216	270
220	215	212	250
221	209	204	262
276	207	155	262
289	210	136	237
293	214	134	201
303	216	115	182
301	225	113	151
304	226	107	151
306	227	104	139
316	224	104	149
323	225	110	152
336	229	110	143
340	231	109	143
347	231	106	138
352	224	98	140
354	219	94	139
358	215	89	137
363	217	93	134
369	218	90	139
376	221	84	137
382	220	71	130
383	218	70	134
388	215	69	134
397	213	78	141
403	217	77	141
408	217	67	151
406	218	75	142
402	213	77	141
410	205	93	151
417	206	97	145
428	202	94	149
392	225	128	154
383	239	150	169
392	217	145	186
396	246	143	176
409	222	124	180
401	219	136	197
351	238	176	224
325	218	209	228
325	215	210	204
334	219	199	250
336	208	212	247
343	213	215	203
347	220	217	233
348	206	212	215
358	239	197	228
425	209	204	267
373	194	212	276
369	177	228	295
387	178	191	301
367	185	212	282
367	179	203	298
377	191	187	284
372	191	191	278
383	193	172	270
421	197	136	239
387	197	154	219
384	198	155	205
445	197	116	207
423	198	118	194
438	184	98	193
451	181	73	181
450	182	73	164
432	180	93	172
434	178	87	169
428	185	78	165
420	182	74	158
410	177	79	166
403	279	99	159
411	168	83	173
412	166	80	195
397	175	84	190
399	174	76	197
401	179	73	203
395	183	79	194
400	188	76	194
405	184	73	195
414	187	65	195
418	188	72	193
430	186	78	191
440	182	86	195
441	184	87	192
461	186	88	200
471	194	86	201
477	192	85	202
475	186	87	209
481	188	84	216
478	189	84	210
476	191	94	217
472	186	103	218
480	182	103	210
499	175	83	214
471	185	90	196
432	185	114	185
438	184	111	168
468	178	95	176
480	177	90	153
486	179	91	131
491	173	101	128
485	169	99	130
463	168	101	130
449	167	95	138
437	169	94	147
426	170	89	143
414	171	87	136
404	171	75	117
396	169	69	103
391	167	68	100
378	164	67	97
372	164	71	101
366	164	72	98
354	164	76	103
356	161	70	103
353	154	65	109
347	148	61	110
341	146	61	108
335	149	55	102
334	155	54	97
333	166	50	89
325	167	49	83
318	166	50	80
315	163	56	86
311	161	58	87
311	171	56	87
305	171	55	83
291	173	61	76
292	178	55	61
280	194	61	51
278	193	56	45
272	197	54	34
267	201	51	38
261	202	46	32
244	204	47	36
231	203	50	32
221	200	55	33
212	200	58	34
201	203	60	42
186	199	61	43
174	196	60	42
166	195	56	34
166	184	60	40
163	181	68	43
156	179	57	47
156	184	48	52
148	181	49	47
142	189	48	47
133	183	49	47
122	183	48	45
108	189	51	54
99	184	57	64
105	178	48	62
112	174	51	58
113	175	52	51
117	177	53	42
121	181	51	42
121	175	56	40
127	157	56	54
138	139	48	48
