1.284202
0.054842
0.050781
0.050531
0.050878
0.050526
0.050684
0.050707
0.051703
0.052722
0.050532
0.050307
0.050355
0.050117
0.050429
0.050866
0.050787
0.050895
0.050644
0.049167
0.095730
0.050680
0.050668
0.050426
0.050575
0.050730
0.050645
0.050892
0.050647
0.050982
0.050531
0.050575
0.051273
0.051956
0.050886
0.050655
0.050572
0.050500
0.050820
0.050985
0.095399
0.050425
0.050156
0.050869
0.050736
0.050536
0.050642
0.050633
0.051061
0.051172
0.051066
0.050854
0.051101
0.051123
0.051302
0.051140
0.052319
0.056853
0.056528
0.052483
0.101467
0.052846
0.052376
0.053965
0.052697
0.056592
0.057315
0.054842
0.056137
0.055790
0.053541
0.077066
0.073583
0.074292
0.075846
0.051659
0.076806
0.054534
0.053539
0.052190
0.079289
0.054524
0.053297
0.050390
0.051085
0.052181
0.050198
0.049663
0.049820
0.049692
0.049657
0.049681
0.049609
0.049972
0.049855
0.049862
0.049986
0.050073
0.050316
0.050636
0.097535
0.051083
0.052397
0.053340
0.053208
0.054408
0.051810
0.054180
0.054006
0.054899
0.053569
0.051304
0.052147
0.052749
0.052389
0.054463
0.052540
0.053048
0.053914
0.054398
0.100868
0.051570
0.054744
0.055403
0.055171
0.055381
0.054605
0.051759
0.058704
0.053987
0.052194
0.052996
0.054649
0.053854
0.059236
0.057159
0.057189
0.059555
0.053586
0.053231
0.097192
0.051809
0.052384
0.052055
0.052525
0.052001
0.052331
0.052403
0.053389
0.052776
0.052883
0.050430
0.050749
0.050869
0.050307
0.050947
0.050903
0.050240
0.050313
0.050571
0.095681
0.050821
0.050799
0.051536
0.054294
0.051892
0.050133
0.049711
0.049671
0.049683
0.050000
0.049301
0.050180
0.049878
0.049831
0.049675
0.050291
0.050764
0.050307
0.050145
0.095721
0.052132
0.051849
0.049868
0.049714
0.052179
0.051923
0.052085
0.049963
0.052712
0.049960
0.050168
0.050312
0.050033
0.050014
0.050239
0.052495
0.052267
0.052543
0.049940
0.094938
0.050105
0.050262
0.049830
0.050013
0.050299
0.050363
0.050795
0.050666
0.051046
0.050725
0.050612
0.050982
0.050354
0.050441
0.050282
0.052809
0.052485
0.053682
0.053861
0.100081
0.053887
0.054610
0.057246
0.056240
0.053652
0.055709
0.051302
0.050900
0.051470
0.051332
0.051561
0.051109
0.051001
0.051290
0.051334
0.051090
0.050789
0.050830
0.050697
0.096671
0.050879
0.050570
0.050577
0.050441
0.050710
0.050283
0.050675
0.050444
0.050148
0.050370
0.050005
0.050094
0.050085
0.050271
0.050321
0.050372
0.050383
0.050116
0.050292
0.096200
0.050265
0.051354
0.051547
0.049940
0.049709
0.049629
0.050137
0.050240
0.050244
0.050158
0.050110
0.049892
0.049739
0.050285
0.050440
0.050104
