1.297058
0.049918
0.049962
0.050091
0.049702
0.049545
0.049996
0.049746
0.050039
0.049845
0.049983
0.050162
0.050045
0.050172
0.050118
0.050410
0.049865
0.049883
0.050084
0.050182
0.095582
0.049908
0.050180
0.049891
0.051685
0.049956
0.049957
0.050068
0.050336
0.050036
0.050206
0.050446
0.050190
0.049912
0.049853
0.049614
0.049766
0.049874
0.050224
0.050107
0.095217
0.049556
0.050114
0.050068
0.050092
0.050167
0.050259
0.052203
0.050321
0.049870
0.049942
0.049517
0.049899
0.049916
0.049535
0.049538
0.049700
0.049554
0.049789
0.049618
0.095494
0.049687
0.049994
0.049953
0.050008
0.050518
0.053795
0.052441
0.051539
0.054748
0.054142
0.051413
0.053057
0.051575
0.051743
0.051758
0.051439
0.051963
0.051547
0.051421
0.097704
0.051434
0.053376
0.051076
0.053691
0.051484
0.051500
0.054550
0.054196
0.054338
0.051420
0.049875
0.050539
0.050211
0.050007
0.050039
0.049985
0.050108
0.050136
0.050103
0.096010
0.050050
0.050127
0.049914
0.049988
0.049937
0.050056
0.050253
0.051075
0.051690
0.049760
0.049735
0.049895
0.049840
0.049819
0.049741
0.049556
0.049476
0.049814
0.049399
0.095524
0.049617
0.049715
0.049949
0.049676
0.049819
0.050243
0.049880
0.049865
0.049704
0.049690
0.049582
0.049388
0.049822
0.049527
0.049881
0.049901
0.049645
0.049575
0.049856
0.095139
0.049596
0.049444
0.050041
0.050409
0.050221
0.050047
0.050125
0.050163
0.050099
0.049732
0.050044
0.051005
0.053892
0.049908
0.050108
0.050135
0.051660
0.054440
0.054212
0.100308
0.051144
0.053468
0.051738
0.051486
0.053772
0.054467
0.051605
0.054648
0.052207
0.054148
0.053908
0.054607
0.054448
0.051791
0.052352
0.054048
0.052062
0.051720
0.052405
0.097881
0.051623
0.052313
0.051960
0.051944
0.053821
0.055091
0.054555
0.052392
0.052590
0.052802
0.051855
0.053272
0.052606
0.051264
0.051322
0.050727
0.050353
0.050705
0.050687
0.095744
0.050801
0.050739
0.050735
0.051037
0.050871
0.050633
0.050630
0.051786
0.052877
0.050843
0.050881
0.050710
0.050858
0.050771
0.050975
0.051136
0.051069
0.051480
0.055014
0.098465
0.054785
0.054706
0.054841
0.053286
0.051975
0.055728
0.054343
0.056184
0.055801
0.054426
0.054540
0.054888
0.054589
0.051913
0.054619
0.054552
0.054419
0.054524
0.052344
0.099867
0.051814
0.055110
0.051729
0.055078
0.055093
0.054347
0.054559
0.054087
0.052743
0.052832
0.055478
0.054617
0.050968
0.050659
0.050949
0.050302
0.050124
0.050400
0.050428
0.095830
0.049920
0.050421
0.050103
0.050202
0.050333
0.050074
0.050431
0.050508
0.050242
0.050893
0.050564
0.050384
0.050293
0.050441
0.050582
0.049893
0.050468
