1.326062
0.052750
0.056004
0.056387
0.054919
0.052348
0.052454
0.055253
0.052420
0.052710
0.051310
0.051046
0.050509
0.050826
0.050555
0.050596
0.050534
0.050220
0.050812
0.051079
0.096668
0.050840
0.051181
0.051688
0.052329
0.050948
0.051082
0.051219
0.051358
0.052520
0.055915
0.057119
0.056427
0.056590
0.055614
0.052522
0.055884
0.055668
0.056859
0.057401
0.099832
0.051944
0.055194
0.051407
0.051120
0.051281
0.051033
0.051342
0.051267
0.052509
0.053679
0.052749
0.052861
0.054698
0.056625
0.054806
0.052815
0.056700
0.056219
0.053902
0.102108
0.052341
0.055755
0.055850
0.055806
0.054563
0.056453
0.054991
0.056615
0.055520
0.055683
0.055959
0.055903
0.055977
0.054916
0.052073
0.055339
0.055377
0.053865
0.055006
0.100951
0.052299
0.056165
0.055161
0.055284
0.054952
0.055329
0.051178
0.051083
0.050978
0.050833
0.050533
0.050708
0.050564
0.051027
0.051041
0.050297
0.050470
0.050384
0.050652
0.096031
0.050485
0.050559
0.050719
0.050558
0.050577
0.050628
0.050447
0.050525
0.050420
0.050595
0.050493
0.050684
0.050732
0.051015
0.050674
0.051641
0.051567
0.050642
0.050879
0.095874
0.050774
0.055120
0.055867
0.051852
0.053473
0.051927
0.054741
0.051957
0.053900
0.052454
0.056242
0.051822
0.055129
0.055187
0.054563
0.054966
0.055166
0.056116
0.055191
0.098433
0.052726
0.054200
0.054938
0.054799
0.054087
0.051022
0.051034
0.049752
0.051307
0.049631
0.050106
0.050021
0.050173
0.050041
0.049795
0.050057
0.050007
0.049896
0.049925
0.095078
0.050172
0.049969
0.049961
0.050119
0.049995
0.050054
0.050182
0.050451
0.050296
0.050199
0.050196
0.050129
0.049882
0.049855
0.049897
0.049900
0.050054
0.050314
0.051624
0.099734
0.050728
0.050411
0.050629
0.055279
0.053207
0.051808
0.050414
0.050098
0.049990
0.051037
0.050581
0.050884
0.050125
0.050221
0.049631
0.048620
0.050109
0.050010
0.050376
0.095700
0.050976
0.054719
0.056021
0.054769
0.055141
0.054542
0.052090
0.055595
