1.316670
0.052743
0.055880
0.055779
0.055224
0.052660
0.051019
0.051026
0.051600
0.056931
0.054453
0.054360
0.054997
0.075597
0.074523
0.076911
0.052074
0.052274
0.074394
0.050651
0.098146
0.051641
0.055645
0.055017
0.055971
0.052274
0.054352
0.051403
0.052176
0.051655
0.051721
0.051564
0.050661
0.051473
0.056006
0.050881
0.051076
0.050666
0.050560
0.052245
0.104123
0.050894
0.051867
0.050746
0.051796
0.051895
0.050079
0.050614
0.050394
0.049850
0.051694
0.052844
0.051729
0.055459
0.051791
0.055300
0.052373
0.054417
0.054144
0.052348
0.098392
0.050615
0.050488
0.050833
0.050625
0.052586
0.054509
0.053817
0.051942
0.053404
0.055868
0.051532
0.051581
0.050385
0.050545
0.051963
0.051751
0.051312
0.050809
0.050485
0.095814
0.054254
0.055481
0.053574
0.048819
0.050200
0.050895
0.054811
0.054996
0.051169
0.050675
0.050449
0.051129
0.050838
0.054874
0.050727
0.050812
0.050659
0.052732
0.052687
0.099864
0.050859
0.074214
0.050348
0.074644
0.073721
0.051079
0.050358
0.050888
0.050110
0.050295
0.050702
0.050430
0.050544
0.050359
0.050451
0.050238
0.050148
0.049999
0.050099
0.094993
0.049894
0.050218
0.051970
0.052133
0.050241
0.073424
0.050579
0.075637
0.076713
0.055494
0.055376
0.051756
0.050765
0.051959
0.052605
0.050539
0.050914
0.051018
0.054963
0.101221
0.054822
0.051489
0.055327
0.055311
0.056054
0.054781
0.055696
0.054600
0.053438
0.051643
0.051453
0.051234
0.051623
0.052434
0.052429
0.055321
0.055814
0.074726
0.050260
0.096120
0.050200
0.050738
0.050340
0.050523
0.050137
0.050380
0.051018
0.050717
0.050728
0.050542
0.074578
0.074375
0.074449
0.050087
0.074157
0.049815
0.074417
0.050321
0.073988
0.096499
0.052214
0.052628
0.051506
0.052427
0.054864
0.051628
0.050483
0.050620
0.050546
0.050625
0.050195
0.050836
0.073686
0.074434
0.050517
0.050333
0.050366
0.050228
0.050718
0.098627
0.051135
0.052158
0.054122
0.054845
0.054868
0.055493
0.052573
0.051015
0.050400
0.056781
0.053633
0.049686
0.051156
0.050360
0.050935
0.051382
0.051679
0.055700
0.050926
0.096399
0.050404
0.050573
0.050606
0.050683
0.050591
0.050457
0.050666
0.050853
0.050366
0.050777
0.050633
0.050964
0.051104
0.050913
0.050629
0.050708
0.053120
0.054608
0.051911
0.076472
0.052395
0.079277
0.050776
0.050502
0.050648
0.051788
0.055542
0.052483
0.054660
0.078761
0.051936
0.054713
0.053133
0.055051
0.049999
0.050501
0.050677
0.050150
0.052334
0.101483
0.049936
0.050092
0.050822
0.050421
0.050315
0.050127
0.051344
