1.410436
0.054518
0.052342
0.053099
0.052799
0.055960
0.054863
0.053406
0.056150
0.057028
0.056593
0.057112
0.055960
0.055967
0.051756
0.052132
0.051506
0.051458
0.051417
0.051140
0.096572
0.052570
0.052787
0.052303
0.052774
0.053821
0.053925
0.053038
0.054935
0.053846
0.055355
0.056846
0.055058
0.056031
0.053966
0.055873
0.056463
0.055335
0.057427
0.053499
0.099310
0.053547
0.055495
0.056500
0.056097
0.057255
0.057470
0.056236
0.052521
0.052588
0.053166
0.052510
0.054913
0.055039
0.051891
0.050462
0.050459
0.050414
0.050540
0.050024
0.095929
0.050205
0.050136
0.050652
0.052739
0.052829
0.053687
0.054060
0.055882
0.052269
0.050037
0.050459
0.050066
0.052176
0.051613
0.052254
0.051445
0.052061
0.052021
0.051842
0.097268
0.051491
0.051334
0.051818
0.052119
0.051519
0.051629
0.051503
0.052253
0.051774
0.052243
0.051952
0.051986
0.051655
0.051584
0.054965
0.057924
0.055586
0.056934
0.057236
0.098792
0.052940
0.056100
0.056557
0.057594
0.055701
0.055745
0.053440
0.055859
0.055403
0.055392
0.055358
0.053965
0.056360
0.056981
0.057291
0.055718
0.055198
0.057804
0.058111
0.097874
0.052410
0.052373
0.051300
0.050938
0.051088
0.050288
0.050545
0.050508
0.050130
0.050380
0.050555
0.052712
0.052597
0.052289
0.053073
0.051798
0.052882
0.056589
0.056131
0.102056
0.056476
0.051806
0.051951
0.052659
0.052924
0.052535
0.057214
0.053864
0.052838
0.052402
0.053820
0.056642
0.054661
0.054682
0.056002
0.057463
0.057425
0.057626
0.057106
0.102598
0.053654
0.053548
0.055499
0.056992
0.057167
0.057804
0.052825
0.052911
0.054039
0.053010
0.052761
0.052948
0.053532
0.053011
0.052545
0.052942
0.054099
0.058627
0.056208
0.102098
0.054013
0.057905
0.052468
0.051826
0.051741
0.051386
0.052435
0.051623
0.051695
0.051286
0.051377
0.051683
0.051185
0.051221
