1.375407
0.051199
0.050795
0.050853
0.052230
0.053282
0.052786
0.051893
0.051725
0.051716
0.054668
0.052060
0.051839
0.055693
0.055301
0.056419
0.054905
0.051994
0.052469
0.051666
0.099412
0.054669
0.055994
0.055103
0.055302
0.050063
0.050692
0.053209
0.055278
0.050754
0.050678
0.053183
0.054362
0.056479
0.050525
0.051367
0.052024
0.055356
0.053985
0.052842
0.102055
0.050885
0.051234
0.051160
0.050970
0.050305
0.050480
0.050954
0.050170
0.050783
0.051857
0.054795
0.054513
0.051782
0.050216
0.049977
0.050472
0.050261
0.050033
0.050683
0.096672
0.050843
0.051692
0.054834
0.052476
0.050755
0.050788
0.050772
0.050695
0.050699
0.050428
0.050379
0.050557
0.050444
0.050655
0.051671
0.054546
0.054223
0.052247
0.050555
0.096221
0.051538
0.053386
0.054081
0.052449
0.055364
0.050384
0.050639
0.050290
0.050730
0.050708
0.051810
0.052858
0.050046
0.050267
0.049860
0.049891
0.050076
0.050288
0.050030
0.095796
0.050064
0.049980
0.050159
0.050079
0.049964
0.050346
0.050039
0.049847
0.050102
0.049914
0.050144
0.049815
0.050075
0.049938
0.049855
0.050346
0.050095
0.049983
0.049895
0.095366
0.051276
0.050775
0.050954
0.050600
0.050619
0.051752
0.054834
0.055499
0.053718
0.055254
0.052003
0.055673
0.051855
0.051855
0.056289
0.053167
0.055406
0.054137
0.054110
0.099707
0.051731
0.054686
0.053320
0.054526
0.053600
0.052915
0.052880
0.054042
0.053724
0.053502
0.052035
0.053561
0.052493
0.053780
0.053954
0.051673
0.055331
0.053857
0.055260
0.100561
0.052196
0.055078
0.053479
0.054725
0.054434
0.055449
0.052472
0.054396
0.052441
0.055396
0.051188
0.051068
0.051233
0.050992
0.051434
0.054196
0.057664
0.053439
0.058320
0.105423
0.051446
0.058095
0.057285
0.059715
0.057019
0.054944
0.054317
0.054941
0.056907
0.054408
0.054084
0.052569
0.051887
0.054827
0.053265
0.051317
0.051148
0.076464
0.051530
0.097710
0.054791
0.057193
0.053274
0.056187
0.080412
0.057449
0.057981
0.054385
0.058414
0.059477
0.058470
0.055712
0.054715
0.058038
0.057773
0.053421
0.053510
0.052717
0.052762
0.096395
0.050372
0.050454
0.050168
0.050471
0.050627
0.050752
0.050568
0.050889
0.050307
0.050354
0.050181
0.050708
0.050520
0.050524
0.050395
0.050661
0.050515
0.050684
0.050460
0.095849
0.050003
0.050403
0.050106
0.050242
0.050388
0.050150
0.050154
0.050567
0.050826
0.050719
0.050212
0.050318
0.050929
0.050317
0.050048
0.051422
0.052372
0.050417
0.050440
0.095468
0.049961
0.050102
0.050168
0.050114
0.050444
0.050617
0.050508
0.050788
0.054915
0.052003
0.054492
0.054371
0.056261
0.050309
0.050287
0.050443
0.050850
0.053873
0.054314
0.098148
0.052320
0.052617
0.053283
0.053576
0.053735
0.055705
0.053808
0.056259
0.055748
0.054507
0.053385
0.053883
0.052927
0.053555
0.055252
0.052275
0.054255
0.054068
0.052282
0.099998
0.051882
0.052809
0.053739
0.052125
0.053426
0.052362
0.052827
0.052402
0.054555
0.054879
0.055270
0.052227
0.055211
0.055120
0.053887
0.053258
0.054170
0.055439
0.055045
0.099876
0.052139
0.055387
0.051509
0.051944
0.052164
0.052085
0.054326
0.052715
0.053288
0.054933
0.055440
0.053098
0.053334
0.051960
0.054235
0.053654
0.054038
0.054326
0.055702
0.099451
0.051903
0.054303
0.055248
0.055624
0.051770
0.054372
0.078228
0.051869
0.056194
0.055501
0.056939
0.055362
0.055739
0.056871
0.056313
0.055109
0.054376
0.054448
0.056078
0.101452
0.052700
0.055344
0.056708
0.055778
0.056368
0.054086
0.055048
0.054198
0.056574
0.055598
0.055120
0.056872
0.056406
0.054334
0.055141
0.057019
0.059963
0.051211
0.051079
0.096576
0.050581
0.053291
0.050426
0.050620
0.052512
0.052732
0.050172
0.052519
0.052124
0.052646
0.053020
0.052550
0.052746
0.052888
0.052544
0.052886
0.052490
0.053109
0.052608
0.098089
0.051793
0.052868
0.050340
0.050525
0.050293
0.050303
0.050292
0.050306
0.050489
0.052636
0.050383
0.050154
0.052678
0.050174
0.052973
0.050018
0.050346
0.050244
0.052549
0.096405
0.052327
0.052771
0.050394
0.052803
0.052785
0.050431
0.050233
0.050314
0.051208
0.055461
0.050398
0.050647
0.051119
0.054151
0.052901
0.052545
0.054440
0.051646
0.051556
0.099660
0.050731
0.050659
0.050666
0.050622
0.051362
0.052914
0.054034
0.054375
0.050769
0.050118
0.050654
0.050888
0.050509
0.050608
0.053327
0.052632
0.052606
0.052554
0.052610
0.099661
0.051872
0.051796
0.051807
0.051477
0.052007
0.052305
0.052057
0.052313
0.049701
0.051940
0.051968
0.052815
0.052586
0.052100
0.052218
0.052516
0.052654
0.053725
0.056875
0.102179
0.053529
0.053550
0.052113
0.051994
0.052166
0.052742
0.052684
0.052843
0.057005
0.055818
0.057096
0.056399
0.057574
0.053089
0.055450
0.055463
0.054820
0.055360
0.057375
0.099351
0.053295
0.056268
0.055876
0.056420
0.054156
0.056077
0.054098
0.055751
0.057238
0.057472
0.058121
0.054033
0.053905
0.054019
0.058112
0.053063
0.051433
0.051808
0.051470
0.096741
0.054675
0.050614
0.050587
0.051024
0.050498
0.050262
0.051528
0.054123
0.050574
0.050583
0.050576
0.051659
0.055096
0.052199
0.050592
0.050561
0.050800
0.050638
0.051353
0.099963
0.055820
0.055497
0.055217
0.053468
0.053275
0.054454
0.053584
0.052452
0.055353
0.054652
0.055504
0.056248
0.056073
0.054582
0.055702
0.051803
0.050800
0.050658
0.050760
0.095867
0.050482
0.050725
0.050426
0.050766
0.050675
0.050350
0.050342
0.050519
0.050513
0.050198
0.050210
0.050454
0.050842
0.050999
0.051015
