5.906986
0.105481
0.104186
0.104620
0.104144
0.105342
0.104732
0.105196
0.107334
0.106844
0.104707
0.104487
0.106232
0.109154
0.103654
0.104455
0.104950
0.104742
0.105905
0.105771
0.228551
0.105330
0.104681
0.105338
0.104720
0.105261
0.105031
0.105139
0.109253
0.107906
0.109024
0.107463
0.107651
0.109146
0.109198
0.107964
0.106799
0.105298
0.108188
0.105135
0.229971
0.106928
0.105453
0.104200
0.104469
0.104280
0.167811
0.103787
0.104837
0.104610
0.104957
0.104534
0.103893
0.104938
0.167692
0.167251
0.104782
0.104952
0.104674
0.103955
0.226752
0.105168
0.168336
0.105027
0.104355
0.104961
0.104385
0.104567
0.104708
0.105066
0.107994
0.109365
0.108661
0.111483
0.107145
0.170151
0.106133
0.107696
0.104590
0.105329
0.167866
0.104154
0.168620
0.168078
0.104676
0.104349
0.167815
0.104672
0.105148
0.104725
0.169670
0.106026
0.169185
0.104239
0.104503
0.105204
0.167186
0.167040
0.168071
0.167909
0.168075
0.168233
0.104689
0.104576
0.104183
0.104778
0.104642
0.103714
0.168888
0.166028
0.170015
0.168929
0.102827
0.168047
0.108040
0.171288
0.105671
0.105090
0.105572
0.104477
0.167539
0.104439
0.104947
0.104758
0.105172
0.104375
0.104585
0.104464
0.104698
0.104986
0.108525
0.107947
0.108548
0.105626
0.111719
0.105571
0.109783
0.107113
0.104411
0.104232
0.167761
0.104549
0.104407
0.107009
0.104926
0.107577
0.107307
0.111043
0.110974
0.106602
0.104905
0.104897
0.104732
0.105295
0.106881
0.106766
0.105195
0.105802
0.106111
0.106014
0.229246
0.106395
0.105038
0.106183
0.108632
0.105589
0.106160
0.104325
0.104925
0.105353
0.104994
0.107472
0.105034
0.106580
0.104647
0.106116
0.104562
0.104248
0.105247
0.104704
0.226672
0.105961
0.107248
0.106763
0.104846
0.104499
0.105152
0.105520
0.107363
0.108812
0.106593
0.106328
0.173617
0.105341
0.104756
0.104978
0.104837
0.105931
0.106673
0.105838
0.227767
0.107011
0.104757
0.168210
0.105193
0.105243
0.106823
0.105125
0.105290
0.105960
0.110240
0.130561
0.105124
0.108196
0.106853
0.108231
0.111678
0.108253
0.106661
0.107152
0.229411
0.106253
0.105489
0.104850
0.105073
0.107459
0.109823
0.108354
0.106163
0.106511
0.174498
0.176274
0.169922
0.106237
0.106342
0.106202
0.168800
0.104886
0.106680
0.112082
0.229594
0.106881
0.106133
0.111066
0.106592
0.105785
0.105836
0.106072
0.104976
0.107284
0.106888
0.108421
0.106016
0.109224
0.112016
0.107846
0.106427
0.106483
0.107424
0.108578
0.233881
0.107795
0.105389
0.106917
0.170633
0.105872
0.172009
0.171257
