1.342858
0.051337
0.051205
0.051361
0.051437
0.051187
0.052347
0.054447
0.056471
0.053025
0.056119
0.055165
0.057004
0.056431
0.054660
0.054453
0.055039
0.055691
0.054665
0.054603
0.102299
0.052884
0.055489
0.055358
0.053430
0.053261
0.054616
0.056205
0.055043
0.055903
0.054610
0.055961
0.055575
0.052445
0.051594
0.051498
0.051186
0.051099
0.051181
0.051349
0.096889
0.051097
0.051446
0.051114
0.051170
0.051335
0.050979
0.052216
0.053201
0.051363
0.051213
0.051345
0.051779
0.051786
0.051452
0.051623
0.051430
0.051655
0.052100
0.051763
0.097694
0.051621
0.053612
0.052665
0.052245
0.053338
0.057647
0.057343
0.053453
0.057700
0.056993
0.056110
0.055866
0.053339
0.053637
0.058542
0.055794
0.051969
0.052899
0.052054
0.097854
0.051995
0.050122
0.052755
0.052444
0.052525
0.051782
0.051414
0.051324
0.051364
0.052024
0.051641
0.051548
0.075286
0.051948
0.052227
0.051695
0.051879
0.051643
0.052296
0.098412
0.052138
0.051775
0.075198
0.051943
0.051840
0.051871
0.051841
0.051620
0.051504
0.052026
0.051665
0.051536
0.051657
0.051553
0.051920
0.051615
0.051649
0.051590
0.051630
0.099880
0.051587
0.051699
0.051475
0.052209
0.057585
0.056837
0.053520
0.053083
0.053856
0.053959
0.053511
0.056036
0.053468
0.053187
0.053155
0.057106
0.054985
0.053625
0.056328
0.100832
0.052885
0.054529
0.051977
0.052177
0.052258
0.051999
0.052762
0.052868
0.053124
0.052732
0.050943
0.052809
0.052681
0.052994
0.053217
0.055255
0.051874
0.051782
0.052462
0.095901
0.050146
0.050798
0.050303
0.050123
0.050349
0.050549
0.050537
0.050735
0.050614
0.050622
0.050952
0.050421
0.050572
0.052934
0.052838
0.053084
0.053006
0.052928
0.053026
