1.511209
0.052212
0.051476
0.051452
0.053049
0.052496
0.054478
0.052768
0.056442
0.056199
0.056491
0.053088
0.058849
0.055810
0.055604
0.051639
0.050991
0.051397
0.051384
0.051038
0.099223
0.056506
0.055520
0.056433
0.055390
0.054819
0.056251
0.055690
0.051386
0.052000
0.051275
0.050968
0.050739
0.051404
0.050765
0.050985
0.051402
0.051182
0.051761
0.053879
0.099481
0.054572
0.057415
0.055987
0.052331
0.052537
0.052273
0.050835
0.052171
0.057926
0.055307
0.055231
0.051599
0.052738
0.052156
0.050617
0.050082
0.050105
0.051455
0.050002
0.095446
0.050546
0.050850
0.051598
0.054434
0.051386
0.057920
0.054267
0.051161
0.050851
0.050830
0.075713
0.074347
0.050313
0.050259
0.051392
0.052256
0.051623
0.055239
0.055652
0.095741
0.051251
0.074668
0.052804
0.053194
0.052976
0.052288
0.050427
0.050470
0.050096
0.050212
0.050104
0.050128
0.050535
0.050274
0.050324
0.050064
0.050324
0.050140
0.052575
0.096426
0.049939
0.051075
0.052186
0.053289
0.050633
0.050548
0.051170
0.051526
0.058436
0.052794
0.054131
0.052354
0.051401
0.051984
0.052526
0.051460
0.051597
0.050953
0.050826
0.096296
0.050781
0.051725
0.050670
0.051242
0.050807
0.051044
0.051164
0.074723
0.050851
0.051305
0.051324
0.057416
0.052011
0.051380
0.050799
0.051385
0.051161
0.051375
0.051754
0.096039
0.051784
0.051039
0.051029
0.054899
0.054866
0.051932
0.050514
0.050093
0.051170
0.050883
0.051019
0.051562
0.052578
0.050986
0.050805
0.051280
0.049944
0.049933
0.050387
0.095040
0.050276
0.052540
0.056199
0.051766
0.051720
0.054166
0.052173
0.057425
0.051253
0.051681
0.051554
0.051126
0.050493
0.052727
0.055196
0.052556
0.057812
0.052559
0.053025
0.096338
0.051955
0.052848
0.057083
0.056584
0.056031
0.053094
0.055347
0.053484
0.051381
0.051677
0.051919
0.054019
0.053488
0.050522
0.053182
0.053340
0.051415
