167	247	180	192
214	228	87	233
204	209	106	271
205	210	105	268
204	206	107	276
202	201	110	286
152	202	107	285
153	206	106	277
151	201	111	286
151	201	110	287
151	203	111	283
151	201	111	286
154	207	105	275
153	206	107	277
152	206	108	277
152	204	108	280
151	202	110	285
152	204	109	280
155	209	103	270
155	208	103	273
156	213	101	262
155	210	103	269
157	212	99	265
154	205	104	278
206	205	103	278
160	216	97	256
207	204	107	280
214	218	98	253
210	200	106	288
210	202	107	285
211	201	105	286
210	203	106	283
209	200	108	288
207	195	112	298
204	191	118	306
257	192	116	304
264	205	107	278
257	188	120	312
258	189	119	310
256	184	122	320
256	183	123	323
309	186	121	316
316	194	111	300
313	187	117	314
311	180	121	328
310	178	122	332
311	184	121	321
362	178	122	333
370	187	111	315
369	183	113	323
369	185	112	318
372	196	107	297
370	193	110	302
372	199	106	290
372	197	106	294
425	201	105	287
431	210	96	269
428	200	103	288
429	203	100	282
429	203	101	282
429	203	100	283
430	206	98	276
430	205	98	278
430	204	98	280
482	205	98	278
489	217	88	254
484	204	98	280
483	203	100	282
482	201	102	287
482	200	103	288
482	202	102	284
482	201	102	287
483	202	101	284
484	206	99	277
483	205	100	279
483	203	101	283
484	204	99	280
484	204	99	280
483	204	100	280
483	203	100	282
483	205	100	279
484	206	98	277
484	204	99	281
483	205	100	278
483	203	101	282
484	204	99	281
483	203	100	282
483	203	100	282
483	205	100	279
484	203	99	283
482	203	102	283
481	199	105	291
480	198	106	293
428	197	107	295
430	202	104	285
430	201	104	287
430	202	104	285
430	199	105	291
430	203	105	283
429	198	106	293
429	199	106	290
430	201	105	287
429	198	107	293
430	200	105	289
430	198	105	292
429	201	106	286
376	196	109	296
378	202	107	285
377	200	108	288
377	200	108	288
378	203	107	283
377	201	108	287
325	197	110	294
326	203	109	283
325	199	111	290
323	195	115	299
324	196	113	296
325	199	110	291
326	200	108	288
274	200	109	289
275	206	108	277
274	203	111	283
274	205	110	279
276	209	107	271
275	204	109	281
273	200	112	289
222	200	110	288
222	203	112	282
221	202	114	285
222	204	112	280
224	206	109	276
223	205	110	279
224	206	109	277
224	208	108	272
174	212	105	265
176	219	102	251
176	218	102	253
177	217	101	255
175	214	104	260
175	212	105	265
176	216	103	256
175	212	104	264
173	209	109	271
175	214	104	261
176	214	103	261
177	214	101	260
176	213	102	262
176	213	102	262
177	214	101	261
177	213	101	263
178	214	99	261
178	215	99	259
178	214	99	260
178	215	99	258
176	211	102	266
177	210	101	268
177	212	100	265
175	209	105	270
176	212	103	265
179	219	97	251
179	219	97	250
179	218	97	253
179	216	97	256
231	217	95	255
241	235	81	218
236	221	90	246
236	217	91	255
236	219	91	251
236	218	91	253
235	217	93	254
234	216	95	257
234	215	94	259
235	164	93	258
282	205	101	279
299	240	73	215
286	209	99	277
286	207	99	280
286	158	98	275
285	153	101	286
286	156	99	280
284	204	102	288
295	231	81	238
285	158	100	282
332	199	110	303
353	249	72	208
339	207	100	292
339	209	101	288
340	212	99	282
339	210	101	286
340	211	99	284
340	215	99	277
391	212	100	282
397	223	92	261
394	207	99	292
394	209	99	289
395	207	96	293
396	210	94	286
395	210	97	287
394	208	99	290
393	210	101	286
393	213	100	281
394	212	98	282
394	210	99	286
442	206	106	294
448	215	98	277
445	203	104	301
446	207	102	293
446	210	103	287
446	207	103	293
446	210	102	287
446	212	102	282
446	212	102	282
447	214	100	278
447	215	100	276
448	214	99	279
448	216	98	274
449	218	96	270
501	218	96	271
511	241	80	224
452	222	96	263
505	220	94	266
514	240	81	226
508	227	93	252
506	220	97	266
506	220	96	267
508	227	92	253
509	230	91	246
509	230	91	246
507	225	94	256
506	222	96	262
506	219	97	268
508	226	92	255
508	226	92	255
508	226	92	255
509	227	91	253
458	229	90	249
459	229	89	249
458	229	90	248
459	230	89	247
456	225	94	257
456	223	94	261
404	221	95	264
404	219	97	268
404	219	96	268
403	217	99	273
403	216	99	274
350	213	100	280
349	210	104	286
298	209	104	288
300	218	101	271
298	213	105	281
299	215	103	277
246	211	106	284
247	215	104	276
246	214	107	278
193	213	109	281
191	210	114	287
192	213	113	281
193	217	111	273
193	216	110	275
194	213	108	280
192	208	112	290
139	202	114	302
139	204	116	299
142	212	110	283
140	206	115	294
140	207	114	292
139	203	117	301
138	207	118	293
139	209	116	289
137	203	120	300
140	211	115	285
137	202	121	302
