0.366040
0.031869
0.031195
0.030315
0.031359
0.031284
0.031455
0.029461
0.029636
0.029464
0.029552
0.029654
0.029270
0.029225
0.029257
0.029343
0.029251
0.029288
0.029329
0.029263
0.029353
0.029222
0.029484
0.029427
0.029555
0.029784
0.029775
0.029752
0.033163
0.029597
0.029426
0.029579
0.029338
0.029433
0.029545
0.029366
0.029409
0.029628
0.029670
0.029619
0.029471
0.029537
0.029720
0.029512
0.029625
0.029397
0.029344
0.029710
0.029258
0.029002
0.028922
0.029049
0.028947
0.029152
0.029215
0.029130
0.029203
0.029093
0.029110
0.029199
0.029103
0.029275
0.029121
0.029125
0.029438
0.029875
0.029377
0.029392
0.029433
0.029393
0.029412
0.029784
0.029406
0.029914
0.029485
0.029590
0.029277
0.029341
0.029301
0.029688
0.029474
0.029451
0.029444
0.029496
0.029339
0.029563
0.029561
0.029419
0.030407
0.029441
0.029478
0.029369
0.029518
0.029474
0.029373
0.029431
0.029333
0.029607
0.029714
0.029461
0.029129
0.029302
0.029095
0.029128
0.029064
0.029185
0.029158
0.029203
0.029060
0.029098
0.029688
0.031612
0.031194
0.031267
0.029339
0.029510
0.029523
0.029397
0.029463
0.029579
0.029559
0.031492
0.031154
0.031653
0.031383
0.029522
0.029596
0.029323
0.029464
0.031105
0.029420
0.031295
0.031044
0.031066
0.031267
0.031147
0.031254
0.031750
0.030903
0.031173
0.060449
0.030933
0.030887
0.030842
0.030745
0.030818
0.030794
0.030847
0.030778
0.030916
0.030877
0.030755
0.030791
0.030863
0.030810
0.030872
0.031789
0.031209
0.031309
0.031245
0.064914
0.031148
0.031287
0.031360
0.031493
0.031202
0.031725
0.031341
0.031260
0.031244
0.031180
0.031302
0.031163
0.031121
0.031245
0.031244
0.031190
0.031156
0.031188
0.031344
0.065625
0.031324
0.031230
0.030761
0.030956
0.030860
0.030849
0.030888
0.030896
0.030855
0.031015
0.030987
0.030902
0.030854
0.030812
0.030979
0.030847
0.030830
0.031233
0.031244
0.064755
0.031371
0.031059
0.031118
0.031256
0.031211
0.031229
0.031274
0.031955
0.031224
0.031135
0.031204
0.031346
0.031023
0.031179
0.031231
0.031209
0.031389
0.031154
0.031220
0.065102
0.031261
0.031376
0.031279
0.031406
0.031343
0.030988
0.030968
0.030999
0.030880
0.030947
0.031015
0.030920
0.030128
0.029064
0.030150
0.030972
0.031064
0.030871
0.030921
0.064476
0.031253
0.031923
0.031111
0.031106
0.029423
0.029369
0.029389
0.031245
