1.322392
0.095110
0.081744
0.091523
0.088870
0.085602
0.081609
0.087056
0.090279
0.089819
0.087351
0.091748
0.087826
0.088091
0.090418
0.091291
0.091178
0.089763
0.083959
0.090341
0.172893
0.086775
0.087594
0.089892
0.085090
0.081649
0.085135
0.085316
0.088518
0.090175
0.085938
0.089768
0.090539
0.087190
0.088811
0.088303
0.089337
0.084306
0.085715
0.087663
0.205705
0.088761
0.086729
0.088664
0.085179
0.088646
0.089694
0.087045
0.090485
0.087008
0.087772
0.088510
0.083459
0.086723
0.088032
0.087831
0.087963
0.088122
0.086927
0.089872
0.200875
0.106215
0.089760
0.085069
0.089831
0.087036
0.086841
0.085115
0.085372
0.087081
0.087147
0.085784
0.088630
0.087737
0.088467
0.089248
0.086255
0.090475
0.092828
0.085880
0.204473
0.085213
0.088257
0.083981
0.082043
0.087419
0.093973
0.086944
0.088570
0.083466
0.084725
0.087705
0.082634
0.087043
0.090394
0.083864
0.080435
0.085101
0.087505
0.089511
0.199484
0.087958
0.086488
0.088283
0.089753
0.081505
0.086634
0.087140
0.089133
0.088368
0.087905
0.088139
0.089386
0.084922
0.087646
0.086810
0.087789
0.086853
0.086093
0.086797
0.205735
0.084953
0.086362
0.083797
0.104291
0.088735
0.086427
0.086899
0.082759
0.084855
0.086497
0.085751
0.086256
0.087530
0.057126
0.056980
0.086724
0.056821
0.058514
0.057610
0.055641
0.055534
0.056991
0.058233
0.058448
0.057410
0.058580
0.057613
0.055894
0.058411
0.058030
0.056006
0.103062
0.057984
0.056734
0.056656
0.057361
0.056179
0.058420
0.058268
0.055776
0.055358
0.058383
0.058454
0.055779
0.057244
0.057760
0.055727
0.056995
0.058681
0.055631
0.055444
0.057368
0.088134
0.056808
0.057338
0.085910
0.084520
0.058536
0.057658
0.054931
0.056504
0.057738
0.057184
0.058877
0.053511
0.055589
0.056811
0.055454
0.053376
0.055759
0.057508
0.058810
0.056459
0.056575
0.058182
0.057803
0.056527
0.056277
0.083532
0.198224
0.085498
0.081637
0.084450
0.085789
0.085973
0.085905
0.088508
0.086089
0.085884
0.058229
0.055321
0.082040
0.083709
0.148646
0.146406
0.085393
0.143347
0.085780
0.081395
0.141243
0.086099
0.085655
0.085644
0.057888
0.057194
0.084201
0.085826
0.083002
0.055501
0.057513
0.055609
0.082200
0.057192
0.055967
0.086526
0.056346
0.057331
0.056898
0.081073
0.055924
0.056923
0.056530
0.055796
0.053420
0.056424
0.057541
0.055355
0.054433
