1.318061
0.088194
0.084378
0.087816
0.083281
0.086196
0.090422
0.088567
0.086770
0.088703
0.086687
0.087628
0.089124
0.085478
0.088542
0.091171
0.081568
0.082892
0.090214
0.083653
0.176809
0.085523
0.102427
0.093128
0.084347
0.087072
0.084216
0.088576
0.083182
0.088627
0.092253
0.090262
0.091655
0.089649
0.092793
0.084562
0.088225
0.090048
0.089817
0.089718
0.211436
0.089422
0.090073
0.085783
0.086961
0.089717
0.087695
0.090504
0.085539
0.088187
0.089187
0.085437
0.086000
0.087015
0.087980
0.087041
0.091306
0.087340
0.088878
0.086420
0.201674
0.090258
0.088062
0.089649
0.086256
0.056774
0.059284
0.054695
0.057334
0.060165
0.055355
0.059879
0.057122
0.054306
0.058181
0.057098
0.056321
0.054830
0.058492
0.057245
0.055335
0.057091
0.057124
0.086067
0.059848
0.058972
0.088636
0.090931
0.089574
0.083352
0.079548
0.085836
0.087144
0.084489
0.088583
0.089193
0.089824
0.088798
0.090263
0.085803
0.202138
0.088957
0.087229
0.084775
0.085205
0.085975
0.089337
0.083823
0.085717
0.088304
0.089493
0.086815
0.058803
0.086561
0.059251
0.087595
0.084726
0.082399
0.088424
0.089475
0.204396
0.090786
0.088799
0.090897
