265	229	56	175
267	227	52	184
266	225	54	198
265	225	54	199
267	225	50	193
267	224	48	195
265	222	49	200
265	224	49	192
264	223	45	188
263	221	48	197
262	221	47	193
263	219	45	194
261	217	45	202
261	217	44	200
259	218	44	201
259	218	43	197
257	217	43	198
256	216	45	203
251	216	47	197
248	217	50	197
245	218	50	194
238	221	57	189
235	219	58	198
231	221	60	191
226	220	59	194
224	220	60	196
219	225	62	190
217	223	63	192
214	226	61	189
213	220	58	200
210	222	59	196
211	219	55	201
210	217	53	208
208	221	55	195
205	225	58	188
205	227	61	189
203	226	56	191
204	227	52	195
202	224	46	200
201	227	45	192
200	225	43	200
197	227	46	193
195	227	47	189
193	226	50	189
193	227	45	182
190	228	47	179
185	229	54	183
182	229	57	188
181	229	55	185
181	228	54	186
178	227	57	190
175	233	58	179
172	229	58	189
165	227	64	184
162	230	62	185
161	232	61	177
157	241	65	168
160	232	54	173
156	230	54	180
157	227	50	184
156	229	49	185
153	226	50	189
154	230	47	186
152	228	48	189
153	227	45	185
154	230	42	183
152	229	43	187
152	230	43	183
150	230	44	183
151	236	44	174
147	237	48	172
150	231	41	184
148	235	45	174
148	233	42	178
148	235	41	177
146	238	42	174
145	237	42	180
143	240	44	170
142	239	42	170
137	244	46	162
134	243	45	156
135	242	40	152
0	0	0	0
0	0	0	0
0	0	0	0
111	252	36	153
114	247	46	159
114	249	43	159
0	0	0	0
0	0	0	0
111	239	43	167
109	243	43	170
110	237	38	178
109	238	39	181
108	243	39	168
109	242	37	171
106	244	40	168
105	244	41	169
106	242	39	173
105	240	41	178
103	243	44	171
101	244	48	170
100	247	51	166
101	249	52	160
102	253	54	154
104	250	57	159
100	255	62	150
99	257	63	141
106	259	62	144
109	261	59	134
114	262	59	124
119	270	65	132
119	265	71	138
132	261	66	132
133	263	73	129
138	263	83	142
149	251	62	135
158	248	52	150
159	247	53	158
165	255	56	151
164	245	59	166
168	251	57	156
168	254	58	149
176	248	48	155
178	248	48	152
182	248	51	154
183	254	50	144
184	256	56	144
187	251	54	149
187	249	56	153
190	248	55	154
193	249	54	151
192	251	56	150
190	254	58	149
191	259	56	142
186	256	63	144
182	257	64	137
183	261	50	111
180	266	51	108
181	268	49	104
175	272	62	98
174	269	64	101
176	266	58	106
178	265	52	104
177	264	54	109
176	265	55	109
179	264	51	109
179	263	50	109
182	262	47	111
184	265	45	110
187	266	44	102
187	270	47	102
193	271	48	101
195	273	52	99
198	277	56	104
208	268	47	109
217	260	44	115
221	253	41	120
225	248	42	128
228	247	45	135
241	246	32	144
244	245	32	152
247	249	38	151
251	249	38	156
254	254	43	154
255	256	45	158
267	252	33	157
270	252	36	156
276	255	34	153
0	0	0	0
284	243	39	163
289	231	44	177
291	237	53	168
298	240	66	167
300	248	61	163
306	242	53	170
311	240	64	170
313	235	60	175
318	226	61	180
320	223	54	196
319	216	59	189
321	211	58	199
325	207	57	208
319	196	63	206
320	191	64	216
320	178	66	240
320	180	65	245
319	181	64	246
317	175	70	246
313	165	75	249
303	159	85	241
301	154	80	232
286	152	94	220
274	142	95	242
267	132	101	263
238	119	125	289
232	128	128	301
212	121	139	316
199	105	136	322
179	90	134	346
179	89	119	376
145	58	128	381
116	23	143	397
74	24	159	391
42	36	183	385
8	0	180	413
0	-6	142	457
-13	7	108	432
0	0	0	0
0	0	0	0
0	0	0	0
0	0	0	0
0	0	0	0
