0.369007
0.041940
0.042407
0.038870
0.039065
0.042496
0.047917
0.042722
0.049730
0.041583
0.046146
0.043483
0.039103
0.039648
0.038216
0.038633
0.040378
0.040032
0.040272
0.041497
0.071718
0.042964
0.042619
0.037328
0.043814
0.042962
0.045696
0.042267
0.039011
0.040198
0.041894
0.042753
0.045003
0.043072
0.044168
0.041746
0.037281
0.046854
0.039747
0.046305
0.079785
0.044355
0.041383
0.041131
0.044911
0.045502
0.050348
0.039079
0.038046
0.038616
0.038417
0.038270
0.037210
0.038822
0.039586
0.041178
0.039182
0.039324
0.038487
0.037280
0.071862
0.036634
0.036628
0.036780
0.036704
0.036671
0.037342
0.037450
0.037082
0.037485
0.038780
0.042503
0.038275
0.038658
0.038036
0.038070
0.043682
0.039643
0.038636
0.037969
0.072407
0.038385
0.040110
0.039982
0.039333
0.038028
0.042875
0.046379
0.039224
0.038021
0.037578
0.037827
0.037631
0.037705
0.037632
0.037940
0.038497
0.038613
0.038621
0.038338
0.071534
0.037967
0.037999
0.038112
0.038097
0.038286
0.038053
0.037937
0.038165
0.038208
0.038084
0.038270
0.038192
0.038855
0.044193
0.045969
0.039272
0.038730
0.038778
0.038155
0.071169
0.037903
0.037806
0.037868
0.037788
0.037959
0.037730
0.037752
0.037520
0.037632
0.038100
0.038268
0.038476
0.038408
0.039197
0.039222
0.038985
0.039263
0.039148
0.039152
0.072327
0.039208
0.038792
0.039014
0.039061
0.038892
0.039042
0.039077
0.038726
0.038861
0.038751
0.038700
0.038517
0.037740
0.037760
0.037665
0.037356
0.037560
0.037513
0.037467
0.070763
0.037220
0.037374
0.037211
0.036956
0.037024
0.036787
0.036887
0.036940
0.037083
0.036840
0.037576
0.039322
0.036795
0.036822
0.036859
0.036891
0.036935
0.036792
0.036883
0.070575
0.036920
0.036681
0.037006
0.036848
0.019464
