0.323744
0.038604
0.038947
0.039002
0.039023
0.038968
0.038949
0.038265
0.038547
0.038926
0.038573
0.038788
0.038587
0.038583
0.038840
0.038803
0.038766
0.038922
0.038407
0.038456
0.066435
0.038318
0.038818
0.038759
0.039140
0.038546
0.036202
0.036150
0.036370
0.036372
0.036194
0.036325
0.036077
0.036012
0.036101
0.036145
0.036241
0.037164
0.037587
0.036794
0.070056
0.036277
0.036319
0.036481
0.036177
0.036169
0.036125
0.038688
0.038636
0.038684
0.036304
0.038392
0.038712
0.036197
0.036354
0.036194
0.036096
0.036217
0.036278
0.036788
0.071403
0.039080
0.042012
0.036795
0.036906
0.037055
0.036975
0.040375
0.037064
0.037066
0.037021
0.038741
0.036398
0.036344
0.036328
0.036784
0.036549
0.036606
0.036586
0.037073
0.070142
0.036325
0.036511
0.036343
0.036451
0.036187
0.037240
0.037957
0.036404
0.036308
0.036104
0.036875
0.036242
0.036149
0.036075
0.036318
0.036396
0.036269
0.036520
0.036208
0.069670
0.036170
0.036327
0.036233
0.036061
0.036271
0.036094
0.036166
0.036471
0.036803
0.036839
0.039668
0.039081
0.038869
0.038873
0.038934
0.038910
0.039036
0.038896
0.038902
0.072197
0.039008
0.038809
0.038753
0.039059
0.037633
0.037737
0.037775
0.037813
0.037830
0.037782
0.038209
0.037928
0.037923
0.037856
0.037977
0.038074
0.037895
0.037734
0.037996
0.071517
0.037663
0.037868
0.037866
0.037846
0.037921
0.037739
0.037763
0.037713
0.037740
0.037539
0.037479
0.037314
0.037346
0.037334
0.037639
0.037659
0.037957
0.037699
0.037802
0.072937
0.039730
0.044950
0.044687
0.044701
0.044793
0.037652
0.037762
0.037686
0.037715
0.037816
0.037743
0.037966
0.038414
0.039589
0.037752
0.037992
0.038699
0.038535
0.038126
0.083503
0.038903
0.037966
0.037779
0.039572
0.041850
0.041982
0.042993
0.043160
0.039138
0.038559
0.041176
0.044631
0.046026
0.042990
0.042872
0.046752
0.046543
0.041582
0.042854
0.080147
0.042398
0.042385
0.040174
0.039917
0.038777
0.039035
0.041141
0.041445
0.041269
0.042884
0.051416
0.039127
0.039045
0.038049
0.038269
0.038139
0.037985
0.038761
0.042662
0.085874
0.044139
0.040651
0.045147
0.044462
0.041318
0.036664
0.036789
0.037381
0.037045
0.040948
0.041487
0.040073
0.038684
0.037446
0.037463
0.041451
0.041966
0.044278
0.043857
0.074599
0.044859
0.045880
0.040770
0.038571
0.037314
0.037338
0.037853
0.040650
0.045710
0.043559
0.047474
0.043255
0.044347
0.048076
0.048055
0.042321
0.044345
0.047167
0.046871
0.079272
0.043536
0.042124
0.038652
0.042720
0.047071
0.049541
0.038616
0.037831
0.037758
0.037671
0.037581
0.042594
0.047230
0.050388
0.048253
0.045279
0.044005
0.045420
0.044995
0.079847
0.042076
0.044061
0.043288
0.043667
0.042496
0.052531
0.039944
0.047317
0.040647
0.040897
0.046244
0.043350
0.041627
0.042594
0.040686
0.038696
0.042889
0.040497
0.039198
0.080142
0.043141
0.044021
0.036998
0.039256
0.042525
0.048001
0.043503
0.042197
0.038853
0.038777
0.036360
0.038759
0.036291
0.038556
0.037144
0.038909
0.039231
0.042725
0.041961
0.076029
0.037004
0.036912
0.036947
0.036898
0.036718
0.039199
0.039314
0.037943
0.040361
0.044233
0.040670
0.043975
0.041205
0.044601
0.037723
0.039111
0.039157
0.039577
0.038116
0.075251
0.040337
0.039135
0.041691
0.041589
0.040009
0.041856
0.042625
0.042186
0.041842
0.043821
0.043582
0.045003
0.039621
0.041435
0.040301
0.041510
0.042325
0.038978
0.042239
0.074622
0.039194
0.041008
0.040944
0.041428
0.041912
0.040382
0.042586
0.041142
0.042737
0.042467
0.041561
0.042341
0.041209
0.044964
0.042381
0.038966
0.038862
0.039347
0.038991
0.073455
0.038025
0.037743
0.037750
0.037586
0.038760
0.039431
0.038792
0.040344
0.045744
0.044340
0.044070
0.042315
0.043343
0.039935
0.038586
0.037889
0.038020
0.038088
0.038356
0.071987
0.038740
0.036299
0.036327
0.036364
0.036547
0.036453
0.036471
0.036462
0.036322
0.036291
0.038750
0.038603
0.038429
0.038588
0.038110
0.038115
0.038087
0.038160
0.037918
0.071953
0.038153
0.037971
0.037974
0.037894
0.037917
0.037919
0.037717
0.037512
0.037519
0.037596
0.037518
0.037667
0.037427
0.037628
0.037460
0.037509
0.037831
0.037842
0.038146
0.072927
0.038537
0.038723
0.039131
0.039016
0.039222
0.039305
0.038813
0.038864
0.039086
0.039229
0.039201
0.040006
0.046293
0.042015
0.040283
0.040063
0.038133
0.038183
0.038054
0.074913
0.038099
0.038574
0.038199
0.039092
0.040083
0.038530
0.040672
0.039504
0.038609
0.040558
0.041700
0.040091
0.040020
0.039996
0.038929
0.043018
0.042089
0.043619
0.044012
0.077270
0.038329
0.043790
0.043623
0.043986
0.041741
0.042583
0.041120
0.042420
0.041321
0.043410
0.041844
0.041002
0.040243
0.041795
0.043555
0.043497
0.043558
0.039752
0.043113
0.076996
0.039841
0.043358
0.040470
0.043981
0.045527
0.045862
0.043283
0.044691
0.047736
0.046435
0.041179
0.041283
0.041119
0.039268
0.041023
0.038733
0.045595
0.037612
0.038095
0.070133
0.036596
0.036745
0.036719
0.036736
0.036613
0.036744
0.036753
0.036680
0.036819
0.036450
0.036511
0.038552
0.036345
0.036216
0.036441
0.036510
0.036487
0.036589
0.036483
0.070060
0.036569
0.036371
0.036396
0.036542
0.036481
0.036510
0.036258
0.036328
0.036393
0.036312
0.036513
0.036682
0.037328
0.037307
0.036612
0.036830
0.037044
0.036672
0.036734
0.070185
0.036757
0.036579
0.036494
0.036831
0.036654
0.036782
0.036671
0.036610
0.036923
0.036742
0.036481
0.036309
0.037424
0.036430
0.036600
0.038870
0.038964
0.038933
0.039033
0.070399
0.036705
0.036602
0.036519
0.036873
0.036780
0.036794
0.036758
0.036905
0.037373
0.037485
