0.398443
0.043958
0.045122
0.043976
0.044481
0.044448
0.042684
0.044313
0.042769
0.043744
0.043971
0.042626
0.044819
0.043006
0.046262
0.045074
0.042466
0.039963
0.042547
0.047305
0.070390
0.045452
0.041650
0.041879
0.038193
0.040037
0.045575
0.042812
0.042269
0.062037
0.042392
0.054668
0.046458
0.041253
0.044684
0.039221
0.041803
0.043034
0.043058
0.043215
0.079369
0.043976
0.045022
0.043440
0.042724
0.041317
0.055712
0.041299
0.041606
0.044012
0.044819
0.042748
0.044957
0.043172
0.041588
0.043270
0.045112
0.043693
0.038512
0.040792
0.078218
0.039241
0.042255
0.044350
0.043280
0.042870
0.044613
0.044783
0.045645
0.044685
0.042310
0.039052
0.049824
0.045121
0.041618
0.043791
0.069671
0.045686
0.045253
0.045191
0.079922
0.047376
0.047705
0.047611
0.048660
0.045167
0.044370
0.045611
0.041976
0.045006
0.045899
0.045201
0.043365
0.044714
0.045574
0.045256
0.045352
0.045860
0.044685
0.045233
0.081092
0.040414
0.056598
0.046953
0.045616
0.038582
0.039876
0.042018
0.038809
0.038029
0.046146
0.044698
0.043600
0.043206
0.044410
0.044267
0.045010
0.054421
0.045703
0.045885
0.081859
0.044581
0.040986
0.043079
0.061947
0.046749
0.044149
0.043995
0.045668
0.045548
0.043769
0.039420
0.042462
0.042669
0.042767
0.042122
0.042785
0.041734
0.042385
0.044679
0.078886
0.041567
0.042056
0.043824
0.042838
0.041600
0.044369
0.039215
0.037555
0.039481
0.046278
0.039883
0.042255
0.051755
0.052386
0.043346
0.039670
0.044310
0.045454
0.044238
0.081362
0.042047
0.043024
0.044209
0.046024
0.049011
0.040574
0.041828
0.040245
0.042381
0.043248
0.042542
0.040642
0.042411
0.055519
0.041928
0.040260
0.041263
0.041024
0.037696
0.076787
0.040348
0.040857
0.041357
0.043150
0.042117
0.038769
0.037540
0.038026
0.042659
0.043105
0.041427
0.050000
0.037651
0.039876
0.044042
0.043948
0.045169
0.042025
0.046698
0.078737
0.039442
0.043685
0.041969
0.046996
0.043918
0.042428
0.039481
0.037063
0.044134
0.042376
0.041925
0.046919
0.046490
0.042761
0.044807
0.044394
0.051549
0.040343
0.037637
0.080986
0.039585
0.039111
0.048479
0.039865
0.043800
0.043264
0.045855
0.047606
0.044916
0.039339
0.044109
0.040812
0.042877
0.045018
0.046162
0.043000
0.043261
0.044107
0.045730
0.077854
0.041570
0.039283
0.040703
0.041798
0.043682
0.040845
0.040902
0.041722
0.042367
0.042506
0.043067
0.042197
0.041413
0.042058
0.043462
0.041058
0.039787
0.041628
0.043431
0.082536
0.041715
0.041770
0.042004
0.044001
0.045332
0.046040
0.043801
0.045782
0.046126
0.048614
0.045674
0.046523
0.039533
0.040594
0.041390
0.042191
0.040684
0.041048
0.043820
0.077391
0.038412
0.046161
0.038334
0.042276
0.041018
0.041863
0.042397
0.041414
0.041400
0.063480
0.043986
0.048048
0.044256
