0.318687
0.040251
0.040250
0.039371
0.045717
0.040753
0.040202
0.041553
0.041600
0.042930
0.040796
0.041757
0.042285
0.041628
0.039067
0.040009
0.037787
0.038028
0.040430
0.037820
0.069074
0.040322
0.037905
0.041699
0.038340
0.041266
0.038547
0.041312
0.038488
0.040470
0.040803
0.038535
0.038356
0.038574
0.039582
0.040333
0.038192
0.038015
0.038115
0.038548
0.076483
0.038503
0.039766
0.039601
0.039888
0.040866
0.041134
0.039780
0.043078
0.038574
0.039649
0.037205
0.039118
0.038666
0.038468
0.038548
0.038392
0.038290
0.038541
0.038330
0.071805
0.038246
0.038389
0.038391
0.038420
0.038289
0.038327
0.038413
0.038118
0.038265
0.038109
0.038106
0.037919
0.037835
0.038022
0.038039
0.037911
0.038075
0.037996
0.037947
0.071556
0.037866
0.037944
0.038850
0.038665
0.039167
0.038536
0.038741
0.038749
0.038605
0.038715
0.038683
0.039508
0.038817
0.038974
0.038628
0.038859
0.038495
0.038678
0.038731
0.072148
0.038914
0.038811
0.038680
0.039124
0.038774
0.039416
0.038698
0.039013
0.039000
0.039010
0.038854
0.039022
0.039054
0.039116
0.038986
0.038988
0.038889
0.038857
0.039831
0.076704
0.038887
0.039249
0.038952
0.039730
0.040100
0.046374
0.043512
0.043585
0.045593
0.045374
0.039434
0.038965
0.038883
0.038706
0.038288
0.038135
0.038273
0.038195
0.038671
0.071701
0.038130
0.037846
0.038028
0.038438
0.038676
0.038449
0.038789
0.038824
0.039223
0.039354
0.039071
0.039359
0.038632
0.038848
0.038466
0.039044
0.043389
0.038557
0.039217
0.072670
0.044174
0.037759
0.038751
0.042236
0.041528
0.038622
0.038486
0.038419
0.039448
0.042162
0.041014
0.041100
0.039822
0.041131
0.041348
0.039584
0.041785
0.040203
0.043113
0.076389
0.044311
0.043262
0.045112
0.044971
0.043512
0.043329
0.044112
0.043583
0.044416
0.044053
0.044471
0.044164
0.043923
0.044934
0.042595
0.043068
0.045591
0.043306
0.043988
0.073489
0.039650
0.044281
0.042790
0.039793
0.043895
0.039928
0.044164
0.044024
0.043876
0.044509
0.043010
0.040123
0.044158
0.044096
0.045087
0.044002
0.044523
0.044888
0.040037
0.079452
0.040771
0.046732
0.043094
0.042006
0.043072
0.042557
0.042230
0.042064
0.042930
0.041509
0.039847
0.039942
0.039905
0.040037
0.040805
0.044390
0.042745
0.047358
0.042630
0.077774
0.041159
0.044442
0.044321
0.040970
0.043359
0.044933
0.046548
0.046735
0.045751
0.041006
0.042350
0.042954
0.041954
0.043719
0.046189
0.043057
0.042394
0.044298
0.040602
0.079381
0.040780
0.043713
0.044774
0.043730
0.044438
0.042660
0.043072
0.043260
0.043615
0.039553
0.048879
0.048374
0.043956
0.045448
0.039397
0.044047
0.044250
0.044087
0.044330
0.077430
0.043674
0.043625
0.043437
0.043548
0.043747
0.043720
0.044035
0.043768
0.043905
0.043633
0.043756
0.043893
0.044335
0.044535
0.044577
0.044276
0.047791
0.042903
0.038713
0.074165
0.039565
0.038813
0.038900
0.039083
0.039078
0.036635
0.036547
0.036542
0.036494
0.044382
0.043516
0.058822
0.040817
0.040741
0.038505
0.039398
0.040414
