0.340601
0.041010
0.039043
0.040046
0.041979
0.045508
0.045103
0.045190
0.045270
0.045832
0.045920
0.044789
0.043139
0.042678
0.044712
0.044331
0.043548
0.042205
0.045326
0.043646
0.077001
0.043051
0.042392
0.041965
0.041631
0.041652
0.041468
0.041132
0.041177
0.037847
0.038604
0.037126
0.039170
0.041263
0.040549
0.040707
0.020077
0.040649
0.020477
0.020704
0.020508
0.020391
0.020394
0.020465
0.019267
0.019109
0.019206
0.019142
0.019176
0.019296
0.019595
0.022437
0.021869
0.021815
0.020495
0.041985
0.037207
0.061707
0.040214
0.042812
0.075014
0.043022
0.043624
0.042679
0.043153
0.039984
0.039051
0.239122
0.114059
0.036935
0.036912
0.043600
0.041134
0.071534
0.041530
0.042630
0.039342
0.045988
0.043281
0.045032
0.082675
0.045247
0.040756
0.069862
0.057032
0.041791
0.045034
0.045434
0.042645
0.042802
0.065791
0.042049
0.044679
0.043737
0.045749
0.040331
0.040225
0.042884
0.058958
0.042317
0.080052
0.043651
0.043510
0.043331
0.044646
0.043281
0.070708
0.042962
0.044085
0.042592
0.046079
0.044622
0.047880
0.043476
0.072211
0.042343
0.045130
0.042579
0.050326
0.045078
0.081563
0.044171
0.064095
0.043849
0.045241
0.044335
0.045815
0.044762
0.072374
0.072461
0.045430
0.049341
0.045746
0.046398
0.041906
0.044020
0.047272
0.065036
0.044444
0.047295
0.083468
0.048673
0.045714
0.052202
0.045948
0.052468
0.040438
0.044557
0.042864
0.043696
0.042915
0.046879
0.044235
0.041017
0.049112
0.041376
0.061820
0.046445
0.046345
0.047885
0.080815
0.042463
0.056131
0.062858
0.041388
0.043344
0.041879
0.043439
0.048847
0.041875
0.058614
0.040832
0.049251
0.042989
0.037161
0.042280
