1.185701
0.091750
0.084550
0.081088
0.055400
0.055574
0.056145
0.055642
0.055679
0.055674
0.055953
0.057080
0.056820
0.058130
0.081031
0.080122
0.080363
0.080406
0.080320
0.056985
0.055271
0.056114
0.056968
0.081465
0.082600
0.082542
0.082165
0.082873
0.082592
0.056309
0.059379
0.059292
0.086164
0.086549
0.086379
0.086263
0.087698
0.086139
0.086079
0.086480
0.174065
0.086158
0.087002
0.086027
0.058301
0.058394
0.058616
0.058497
0.058464
0.058791
0.058307
0.058782
0.058166
0.062703
0.062454
0.066024
