0.334430
0.044970
0.040156
0.036349
0.041908
0.041768
0.045389
0.047882
0.043513
0.041143
0.045239
0.041301
0.042724
0.060119
0.045732
0.046354
0.047452
0.041879
0.038602
0.037634
0.066530
0.037759
0.038716
0.038589
0.038826
0.036907
0.036912
0.038071
0.038152
0.037731
0.037295
0.037333
0.036612
0.036814
0.036752
0.036871
0.037024
0.037979
0.038584
0.038174
0.072561
0.037369
0.036948
0.036801
0.036932
0.036794
0.036957
0.038401
0.037702
0.039121
0.037504
0.037769
0.037710
0.019271
0.019349
0.019276
0.019319
0.019244
0.019271
0.019286
0.019357
0.018969
0.019213
0.018923
0.020355
0.019689
