1.156335
0.087381
0.082057
0.082425
0.082750
0.082401
0.082212
0.083162
0.082530
0.084383
0.081066
0.081216
0.081085
0.082009
0.081574
0.081898
0.081535
0.081804
0.081749
0.081658
0.163614
0.082635
0.082292
0.081950
0.080799
0.081271
0.081246
0.081963
0.081243
0.082213
0.080771
0.080710
0.080737
0.080425
0.081399
0.081917
0.081142
0.081686
0.081689
0.081096
0.193717
0.081735
0.081527
0.081444
0.082449
0.081446
0.081623
0.081043
0.080535
0.081323
0.080754
0.081619
0.081678
0.082355
0.082507
0.081593
0.081765
0.081683
0.080748
0.081258
0.192963
0.080989
0.080593
0.080464
0.080278
0.079495
0.079418
0.080483
0.079842
0.080036
0.079112
0.079071
0.079524
0.079495
0.079718
0.079451
0.081976
0.079975
0.080519
0.079677
0.191979
0.080493
0.080238
0.079489
0.081230
0.081998
0.081120
0.080634
0.079807
0.080948
0.081224
0.081911
0.079996
0.079393
0.080167
0.085276
0.086243
0.081211
0.081395
0.081802
