0.324527
0.038927
0.038789
0.037170
0.037248
0.037363
0.037116
0.037217
0.037267
0.037318
0.037570
0.037205
0.037532
0.037089
0.036979
0.019876
0.018755
0.018784
0.018784
0.018752
0.018747
0.018724
0.036850
0.036011
0.036170
0.036256
0.036288
0.036345
0.037070
0.036450
0.036436
0.036424
0.036524
0.036444
0.037930
0.036592
0.036479
0.036364
0.036387
0.036467
0.069772
0.037052
0.037142
0.037266
0.037154
0.037264
0.038765
0.037146
0.037869
0.037107
0.036954
0.037007
0.038907
0.038061
0.038025
0.038103
0.038163
0.038028
0.037979
0.038578
0.071687
0.038128
0.037996
0.037848
0.039283
0.036299
0.036365
0.036255
0.036261
0.034942
0.036347
0.036191
0.036378
0.036449
0.036305
0.036450
0.036386
0.038009
0.036221
0.036435
0.069714
0.036578
0.036769
0.036829
0.036562
0.037216
0.037897
0.039632
0.040771
0.043129
0.041565
0.043432
0.037280
0.045264
0.040985
0.037335
0.037041
0.039316
0.038130
0.038200
0.018613
0.018726
0.018657
0.019986
0.019300
0.019355
0.037090
0.036582
0.036736
0.037936
0.040724
0.038701
0.038146
0.042823
0.037890
0.037762
0.037344
0.037178
0.037468
0.037533
0.072827
0.037422
0.037534
0.037778
0.037337
0.037405
0.037270
0.037375
0.037361
0.037641
0.037666
0.037552
0.037513
0.038531
0.039039
0.043366
0.042377
0.037938
0.037728
0.037899
0.073477
0.037213
0.037241
0.037322
0.018752
0.018921
0.018911
0.038049
0.043396
0.036624
0.036784
0.036639
0.037115
0.037241
0.037485
0.037244
0.036875
0.037422
0.036971
0.036982
0.071163
0.036962
0.037121
0.037088
0.037027
0.039286
0.036940
0.038463
0.038366
0.038337
0.037522
0.037755
0.037235
0.037757
0.038072
0.037895
0.038647
0.038002
0.038067
0.038092
0.074821
0.038176
0.044190
0.020029
0.018908
0.018880
0.018877
0.018989
0.019265
0.018953
0.018879
0.019193
0.018929
0.038165
0.040537
0.038044
0.039293
0.037065
0.037073
0.037789
0.070629
0.037575
0.037442
0.036861
0.036743
0.037869
0.040307
0.039668
0.036715
0.037451
0.037284
0.037221
0.038951
0.040981
0.039161
0.037946
0.037250
0.037498
0.038614
0.040763
0.074294
0.043090
0.042174
0.039485
0.044450
0.040396
0.043486
0.043500
0.042417
0.041986
0.042087
0.041471
0.020125
0.020194
0.020027
0.020256
0.019999
0.020321
0.020095
0.020047
0.076355
0.041845
0.041890
0.042444
0.037269
0.037510
0.037475
0.037317
0.037571
0.037657
0.037615
0.037491
0.037484
0.037938
0.041337
0.038447
0.036914
0.037024
0.038448
0.037090
0.073512
