1.322053
0.087212
0.085521
0.086192
0.092659
0.087209
0.087253
0.095709
0.092361
0.087669
0.095267
0.091733
0.087993
0.096547
0.061628
0.059552
0.068950
0.060728
0.059459
0.094596
0.160843
0.086902
0.089813
0.090142
0.091657
0.090898
0.094101
0.118746
0.088531
0.087548
0.138623
0.085173
0.085754
0.092132
0.087805
0.142445
0.146577
0.086638
0.087516
0.088698
0.198189
0.087503
0.091817
0.090703
0.086424
0.090412
0.095660
0.085169
0.091975
0.088467
0.086049
0.093137
0.087942
0.089991
0.088319
0.087973
0.089926
0.092503
0.084289
0.088338
0.197648
0.090850
0.086693
0.088908
0.089904
0.088603
0.091432
0.089467
0.091857
0.088050
0.106684
0.089485
0.089179
0.088211
0.086080
0.088509
0.087552
0.087530
0.087554
0.088980
0.203563
0.087821
0.089765
0.088897
0.090730
0.086408
0.091023
0.084119
0.085616
0.087905
0.088525
0.087091
0.088674
0.085931
0.088422
0.085639
0.086126
0.086778
0.087214
0.086331
0.208065
0.086229
0.088038
0.085817
0.085960
0.088379
0.087150
0.080985
0.087016
0.085656
0.085770
0.083396
0.084524
0.086916
0.082381
0.083885
0.084375
0.090178
0.084947
0.088264
0.198848
0.106279
