1.331861
0.085612
0.086254
0.087392
0.086555
0.088330
0.084217
0.089820
0.083284
0.089904
0.092356
0.086234
0.086155
0.085267
0.088505
0.084457
0.086688
0.089899
0.084959
0.086447
0.167422
0.086515
0.085973
0.086839
0.135673
0.056741
0.057792
0.058059
0.084842
0.086054
0.087451
0.086185
0.072447
0.059098
0.058218
0.058279
0.054788
0.057911
0.057182
0.054848
0.057626
0.056589
0.054136
0.055768
0.055894
0.056857
0.056323
0.056634
0.054025
0.080793
0.081972
0.080471
0.085487
0.088025
0.084668
0.083575
0.091183
0.085641
0.091149
0.083198
0.195522
0.088171
0.085384
0.086729
0.057026
0.057848
0.056055
0.057481
0.058775
0.059066
0.057022
0.088844
0.083010
0.093957
0.086360
0.089258
0.087324
0.087920
0.085762
0.085865
0.204954
0.083220
0.084878
0.089108
0.085215
0.084810
0.086372
0.084375
0.084654
0.088838
0.082865
0.087089
0.087858
0.081313
0.085022
0.085180
0.085654
0.088180
0.085508
0.085014
0.202379
0.085252
0.086977
0.085042
0.088575
0.085676
0.087437
0.084783
0.085917
0.086422
0.081315
0.082688
0.080646
0.086709
0.086982
0.085622
0.082618
0.086385
0.086912
0.084713
0.196418
0.086425
0.087271
0.085928
0.085831
0.088581
0.086782
0.056784
0.056427
0.057341
0.057046
0.058430
0.057961
0.059352
0.056780
0.056618
0.057680
0.059296
0.057865
0.061143
0.061654
0.059525
0.056563
0.059204
0.057354
0.060024
0.058635
0.056763
0.056433
0.058458
0.058481
0.056903
0.059397
0.056733
0.058175
0.100012
0.088900
0.086677
0.085163
0.087472
0.209312
0.083488
0.089619
0.092154
0.088873
0.089097
0.091160
0.090450
0.098679
0.096010
0.084918
0.087455
0.086346
0.093374
0.089608
0.085921
0.088708
0.092297
0.086053
0.088587
0.203450
0.091520
0.086392
0.081299
0.087944
0.084697
0.091951
0.084386
0.087714
0.088930
0.088313
0.085271
0.086385
0.089457
0.088087
0.090681
