1.199303
0.088145
0.081108
0.091509
0.089425
0.089867
0.088368
0.084434
0.081324
0.081430
0.081606
0.080830
0.087679
0.088429
0.093526
0.090841
0.091160
0.097302
0.091991
0.089858
0.170054
0.086914
0.086927
0.087355
0.087156
0.086769
0.087642
0.090288
0.084218
0.087845
0.080614
0.091031
0.087615
0.084562
0.086243
0.092062
0.085838
0.087080
0.085223
0.087698
0.202720
0.089240
0.092025
0.090006
0.087723
0.089813
0.085590
0.082618
0.088795
0.092768
0.088680
0.089566
0.088850
0.085473
0.083728
0.088630
0.085499
0.081875
0.087271
0.093011
0.201605
0.088184
0.088066
0.082642
0.093588
0.092306
0.087244
0.088552
0.092077
0.085450
0.093579
0.091555
0.094215
0.086306
0.089059
0.092347
0.090283
0.090426
0.091718
0.089714
0.205792
0.090408
0.089921
0.091630
0.094128
0.089953
0.086548
0.090114
0.089947
0.089616
0.088231
0.092967
0.058903
0.056924
0.084714
0.087139
0.087932
0.090567
0.092312
0.089363
0.198665
0.098121
0.090477
0.088157
0.087000
0.058880
0.057783
0.087398
0.107355
0.085546
0.089603
0.093027
0.089347
0.087489
0.089025
0.089832
0.093603
0.091284
0.089901
0.089327
0.198478
0.099543
0.089505
0.089536
0.085635
0.093519
0.090298
0.088780
0.087680
0.088810
0.088342
0.089217
0.088666
0.089298
0.095997
0.089529
0.091281
0.088717
0.091177
0.089572
0.206888
0.091219
0.090825
0.090089
0.092740
0.094351
0.083633
0.088703
0.093584
0.086275
0.086332
0.097335
0.084720
0.087977
0.085741
0.085641
0.088033
0.088735
0.088715
0.088099
0.208305
0.083594
0.087701
0.090816
0.088467
0.085604
0.086678
0.084703
0.084853
0.088511
0.091722
0.084263
0.085298
0.085656
0.082660
0.083399
0.086947
0.091928
0.090061
0.089098
0.204101
0.092247
0.082573
0.087759
0.087607
0.057637
0.059880
0.058030
0.055423
0.058170
0.057220
0.054786
0.056665
0.099693
0.085105
0.083203
0.086844
0.085725
0.083706
0.105135
0.207638
0.083307
0.083483
0.085180
0.087589
0.085437
0.089551
0.090779
0.088253
0.089249
0.087984
0.088911
0.086814
0.086982
0.088733
0.090498
0.088784
0.086989
0.088990
0.085165
0.203734
0.088258
0.087642
0.087838
0.057214
0.059900
0.057386
0.057584
0.087293
0.087485
0.085513
0.088572
0.088072
0.088174
0.089239
0.089535
0.088699
0.087820
0.088321
0.087134
0.203163
0.084757
0.086704
0.088331
0.085970
0.089044
0.085169
0.088116
0.085814
0.086342
0.088318
0.088723
0.088460
0.088180
0.086458
0.088022
0.085442
0.086327
0.088272
0.087943
0.206033
0.088313
0.089021
0.085412
0.086097
0.094677
0.087652
0.087520
0.088265
0.088552
0.087086
0.084470
0.086563
0.088046
0.088415
0.087397
0.089615
0.085439
0.086981
0.085239
0.203027
0.089087
0.086760
0.088108
0.086252
0.086829
0.083793
0.087252
0.086841
0.085109
0.086732
0.080686
0.085080
0.084201
0.087776
0.088217
0.082783
0.085352
0.087859
0.085892
0.204077
0.085369
0.082622
0.085710
0.085094
0.087133
0.086467
0.092028
0.086669
0.086957
0.085072
0.087771
0.085163
0.086158
0.092760
0.087482
0.087066
0.088578
0.085369
0.087306
0.197444
0.087863
0.088603
0.086010
0.087311
0.080714
0.088689
0.081406
0.086876
0.086603
0.087183
0.089640
0.083299
0.088440
0.087312
0.088898
0.085445
0.087512
0.083975
0.086947
0.201095
0.088480
0.085290
0.091838
0.089609
0.086489
0.088692
0.085306
0.086973
0.084493
0.086200
0.085956
0.085586
0.088561
