0.381548
0.049684
0.047497
0.049233
0.043705
0.043831
0.046138
0.044811
0.043648
0.045629
0.044541
0.042401
0.043400
0.043584
0.042265
0.046245
0.045140
0.043033
0.043985
0.045296
0.071027
0.043477
0.057878
0.042836
0.044236
0.042914
0.043257
0.042822
0.043768
0.042722
0.045706
0.041280
0.045449
0.041900
0.041979
0.045319
0.058498
0.042357
0.043198
0.043454
0.078906
0.042343
0.043777
0.037895
0.041073
0.046522
0.043307
0.043538
0.042828
0.040013
0.043705
0.042183
0.042255
0.042606
0.042792
0.042742
0.042032
0.044623
0.042741
0.043659
0.079806
0.042312
0.043351
0.059596
0.043548
0.042116
0.043637
0.043041
0.043980
0.043214
0.042626
0.042134
0.042228
0.043471
0.043720
0.044131
0.043350
0.042949
0.043228
0.042930
0.077531
0.065492
0.043375
0.043999
0.045022
0.042911
0.044416
0.044184
0.042466
0.044261
0.044411
0.044677
0.042936
0.044360
0.044034
0.043995
0.044467
0.043896
0.042892
0.043112
0.080249
0.043259
0.044863
0.044016
0.044212
0.046796
0.045013
0.043370
0.043437
0.045136
0.045036
0.044060
0.047522
0.045776
0.045067
0.045363
0.044063
0.044135
0.048785
0.051324
0.079226
0.046759
0.041969
0.047022
0.046433
0.044886
0.044172
0.044044
0.046550
0.045975
0.043935
0.046323
0.048478
0.051710
0.042598
0.044559
0.043470
0.045437
0.048606
0.040829
0.081168
0.046157
0.047458
0.047650
0.041455
0.044483
0.048143
0.047481
0.044136
0.046448
0.051091
0.043298
0.047434
0.044758
0.044577
0.045477
0.045221
0.043141
0.044560
0.044478
0.077621
0.046830
0.043177
0.042444
0.043343
0.047250
0.043727
0.042722
0.044759
0.043730
0.045067
0.046068
0.042594
0.046118
0.045618
0.042940
0.076496
0.043442
0.044034
0.043179
0.078928
0.043346
0.043674
0.043514
0.043674
0.045762
0.043514
0.043096
0.043850
0.043256
0.052781
0.044222
0.043945
0.042827
0.059586
0.039501
0.044062
0.045013
0.043809
0.047957
0.083105
0.048993
0.048315
0.045196
0.043727
0.053786
0.045754
0.044875
0.044411
0.051556
0.044359
0.044276
0.055972
0.041530
0.040077
0.039623
0.041678
0.043241
0.046087
0.044884
0.078204
0.046513
0.072447
0.047211
0.043718
0.037767
0.038506
0.039184
0.038087
0.046615
0.039692
0.049658
0.045473
0.043124
0.050268
0.041231
0.049138
0.048003
0.045258
0.045955
0.077982
0.043694
0.041169
0.043648
0.044500
0.043529
0.042469
0.042136
0.069754
0.043047
0.041919
0.044168
0.043875
0.042174
0.043937
0.043492
0.041956
0.044339
0.043053
0.044964
0.078462
0.044088
0.046316
0.052204
0.044014
0.050421
0.060467
0.047799
0.044287
0.044358
0.044033
0.046017
0.044520
0.043833
0.055738
0.044565
0.046115
0.037881
0.037369
0.039285
0.081198
0.037502
0.047820
0.040533
0.048082
0.041601
0.042987
0.047748
0.042794
0.043537
0.041482
0.041426
0.042872
0.043023
0.043031
0.049088
0.052409
0.042805
0.042070
0.048834
0.079104
0.044628
0.044811
0.042390
0.045565
0.057636
0.042951
0.043805
0.042651
0.043107
0.044996
0.043901
0.042701
0.043918
0.044523
0.046689
0.050423
0.039651
0.044369
0.047275
0.072111
0.043586
0.039506
0.045119
0.042321
0.042428
0.043666
0.043534
0.043488
0.049453
0.042044
0.056585
0.040642
0.043115
0.045398
0.044193
0.048826
0.044321
0.044527
0.044235
0.084433
0.047964
0.046546
0.050427
0.056693
0.056370
0.091835
0.044726
0.041202
0.044317
0.046225
0.041778
0.049658
0.042655
0.044915
0.044574
0.045515
0.041411
0.043153
0.049438
0.084706
0.044563
0.043530
0.043318
0.042588
0.045015
0.044816
0.050390
0.055249
0.045277
0.047895
0.047260
0.046883
0.045577
0.044677
0.045552
0.043781
0.043909
0.044167
0.043376
0.081111
0.042296
0.045289
0.043045
0.044485
0.052447
0.043240
0.043437
0.044826
0.043236
0.044762
0.045544
0.042871
0.043604
0.045512
0.042101
0.043212
0.046225
0.042611
0.039977
0.078633
0.038200
0.043139
0.045270
0.044446
0.045281
0.044220
0.045102
0.039572
0.040018
0.046630
0.041195
0.044705
0.045947
0.044819
0.046882
0.044872
0.045109
0.052111
0.044060
0.080284
0.045988
0.044490
0.045724
0.046707
0.043953
0.045457
0.040075
0.046723
0.040426
0.044326
0.044001
0.044976
0.045207
0.045482
0.049105
0.038783
0.046503
0.039842
0.045630
0.081299
0.043152
0.044587
0.047571
0.039029
0.045597
0.042403
0.044382
0.042817
0.044462
0.046117
0.048797
0.043093
0.046087
0.039448
0.044440
0.038570
0.046580
0.037454
0.042591
0.077151
0.042652
0.042938
0.041902
0.042161
0.041602
0.042285
0.042695
0.045659
