0.375867
0.044849
0.043680
0.043067
0.042839
0.043610
0.042822
0.043319
0.042504
0.048151
0.044584
0.044376
0.039492
0.040163
0.051050
0.038838
0.043605
0.040588
0.045030
0.050533
0.083463
0.044001
0.041590
0.051317
0.045198
0.044498
0.044467
0.041894
0.053807
0.046019
0.044744
0.044901
0.049994
0.044808
0.044487
0.045050
0.045121
0.044672
0.045097
0.044720
0.085678
0.046312
0.043388
0.044675
0.042361
0.043353
0.039498
0.043334
0.043524
0.042590
0.043182
0.042741
0.044066
0.043010
0.044749
0.039831
0.037778
0.043299
0.043514
0.042942
0.078588
0.044504
0.042278
0.042699
0.043454
0.043374
0.044471
0.042264
0.043112
0.044509
0.042937
0.044579
0.044358
0.043472
0.042145
0.042953
0.045257
0.043959
0.040954
0.044525
0.081936
0.044066
0.042416
0.042164
0.043965
0.043267
0.042466
0.042951
0.043403
0.044954
0.044314
0.044309
0.043558
0.044556
0.042956
0.043721
0.045173
0.043285
0.043438
0.050853
0.078683
0.044852
0.042676
0.042822
0.043101
0.042872
0.043087
0.044582
0.043283
0.042656
0.042831
0.046785
0.049001
0.046854
0.045020
0.042483
0.045744
0.044057
0.042871
0.043662
0.076893
0.045171
0.043969
0.042691
0.044163
0.042685
0.043043
0.042392
0.044170
0.044270
0.042192
0.043590
0.044626
0.044353
0.039515
0.045312
0.039145
0.042323
0.045176
0.044305
0.076441
0.046597
0.046276
0.043370
0.044603
0.055976
0.050955
0.044140
0.044130
0.042414
0.044138
0.043473
0.046338
0.040257
0.039568
0.042253
0.042582
0.041132
0.039614
0.046228
0.079952
0.046652
0.045751
0.039470
0.038338
0.039286
0.042624
0.045331
0.044003
0.043711
0.044087
0.045240
0.041180
0.043272
0.043772
0.045174
0.050809
0.047504
0.047179
0.039083
0.076636
0.038730
0.042806
0.050107
0.044561
0.043841
0.043992
0.043853
0.044482
0.046723
0.045827
0.043118
0.048829
0.045713
0.044012
0.042865
0.046365
0.044520
0.043506
0.044443
0.077308
0.043414
0.042606
0.046232
0.043083
0.049195
0.044333
0.043463
0.043745
0.043425
0.045044
0.043612
0.043057
0.042553
0.040831
0.041967
0.042946
0.045027
0.041482
0.042975
0.078815
0.043826
0.046273
0.042920
0.038988
0.043408
0.043257
0.039523
0.042209
0.039767
0.042119
0.042993
0.054276
0.044931
0.040122
0.038766
0.043058
0.043801
0.042702
0.046621
0.079423
0.042601
0.044906
0.044416
0.041826
0.048293
0.044011
0.039013
0.043107
0.042349
0.042128
0.041778
0.044103
0.042993
0.046367
0.044675
0.045661
0.044881
0.041325
0.039906
0.080881
0.040517
0.050860
0.042677
0.045159
0.041758
0.041016
0.044894
0.046831
0.053936
0.050937
0.047086
0.047612
0.043519
0.044893
0.045269
0.046804
0.045039
0.043807
0.049121
0.078950
0.044946
0.043927
0.044717
0.040611
0.040681
0.042694
0.043166
0.045109
0.041636
0.043560
0.044183
0.043861
0.042779
0.045069
0.043444
0.044958
0.046845
0.045099
0.044841
0.080994
0.046876
0.049825
0.048788
0.041425
0.048842
0.039177
0.046122
0.047893
0.040839
0.041198
0.040066
0.044379
0.042899
0.043916
0.049257
0.046958
0.044474
0.041786
0.039702
0.075849
0.039519
0.044781
0.042506
0.043523
0.043113
0.049816
0.044858
0.045990
0.045311
0.043117
0.043639
0.044684
0.046219
0.048134
0.045644
0.043299
0.043036
0.045426
0.042363
0.077775
0.042548
0.043237
0.044582
0.042171
0.043712
0.044213
0.045101
0.042779
0.043177
0.045061
0.046246
0.042508
0.042581
0.043327
0.047124
0.044120
0.042679
0.042974
0.042582
0.077024
0.042514
0.046226
0.042945
0.043834
0.056094
0.048382
0.048582
0.039520
0.044091
0.042811
0.043931
0.042361
0.043839
0.046057
0.044513
0.046166
0.048669
0.042154
0.047458
0.081393
0.044164
0.048071
0.045393
0.046103
0.044515
0.047921
