0.353376
0.043680
0.044423
0.042450
0.042156
0.039334
0.045834
0.039836
0.038622
0.040213
0.042067
0.043360
0.044892
0.042525
0.043290
0.042334
0.042194
0.043154
0.041507
0.045350
0.073275
0.042484
0.042764
0.042770
0.044154
0.043415
0.043688
0.042497
0.043811
0.041971
0.042471
0.041901
0.043970
0.040630
0.044211
0.041618
0.042121
0.042266
0.042648
0.042384
0.076602
0.040301
0.043466
0.038218
0.039858
0.047274
0.045268
0.043847
0.051652
0.041450
0.039155
0.048314
0.043452
0.042581
0.042990
0.044310
0.041594
0.043395
0.043472
0.044322
0.074289
0.042766
0.045190
0.043238
0.046084
0.042849
0.042969
0.043373
0.042453
0.044398
0.043384
0.043183
0.048531
0.043862
0.042366
0.042954
0.042622
0.042956
0.042421
0.038901
0.074594
0.038411
0.043011
0.044358
0.045039
0.045369
0.044383
0.038845
0.044688
0.045075
0.044509
0.044468
0.043530
0.043821
0.044291
0.046917
0.043886
0.042097
0.044525
0.044479
0.076071
0.043433
0.049908
0.042234
0.043952
0.042158
0.042845
0.041946
0.041407
0.041409
0.042255
0.042237
0.044476
0.039858
0.045892
0.046878
0.043145
0.041986
0.044173
0.041965
0.077212
0.041948
0.046193
0.042089
0.042354
0.043648
0.042562
0.042176
0.049852
0.046004
0.046369
0.042725
0.043073
0.043191
0.040224
0.043072
0.043122
0.044379
0.044052
0.042332
0.078384
0.042649
0.053267
0.039735
0.037543
0.043798
0.043603
0.039931
0.039098
0.043607
0.053715
0.042583
0.042517
0.043004
0.043271
0.042643
0.062891
0.043278
0.043543
0.043600
0.080229
0.043725
0.043556
0.044205
0.044512
0.043166
0.043587
0.044787
0.043467
0.043840
0.042862
0.043467
0.040778
0.048336
0.045897
0.043835
0.043332
0.042243
0.042738
0.042589
0.061051
0.044334
0.043894
0.038321
0.044010
0.044725
0.044508
0.043104
0.042833
0.046108
0.042573
0.042007
0.020718
0.021252
0.022051
0.021092
0.036769
0.039578
0.037436
0.042004
0.077163
0.043066
0.044777
0.041124
0.043257
0.048551
0.043549
0.045990
0.045134
0.038927
0.039216
0.041658
0.044744
0.043303
0.043611
0.044568
0.044473
0.042909
0.043358
0.042701
0.073568
0.046393
0.038419
0.040104
0.039339
0.045109
0.044953
0.044123
0.043872
0.045135
0.043952
0.046139
0.045561
0.052667
0.043823
0.047190
0.046157
0.044711
0.044841
0.042087
0.074384
0.040263
0.040232
0.041375
0.041822
0.043230
0.044223
0.044103
0.043872
0.044429
0.042301
0.044324
0.043914
0.039850
0.039234
0.043480
0.043972
0.043894
0.046265
0.041523
0.078344
0.043979
