280	158	95	111
283	154	88	109
284	153	85	110
285	149	88	116
285	151	87	113
286	150	88	115
287	147	90	117
285	145	93	120
286	151	89	114
290	152	87	111
289	154	89	109
291	158	86	107
290	154	90	111
292	153	88	112
293	158	84	108
297	161	82	102
299	161	81	103
300	153	82	111
297	151	84	115
299	155	85	110
301	157	81	108
301	160	81	105
301	161	83	105
303	166	81	97
302	162	81	103
303	163	82	103
299	168	85	97
303	165	81	99
304	172	80	91
306	168	79	97
306	172	77	94
307	170	78	94
309	171	76	93
310	170	74	94
310	170	72	94
311	172	74	92
311	172	72	93
312	170	71	94
314	168	69	97
314	167	70	97
314	169	68	93
315	170	69	94
314	171	67	91
314	168	68	94
315	166	67	98
315	167	68	96
315	166	66	97
316	168	67	95
316	167	68	96
317	165	66	98
317	166	66	97
319	165	64	97
319	166	67	96
318	169	66	92
321	168	65	92
319	168	65	95
322	169	62	92
323	170	62	91
325	168	61	94
327	171	58	90
328	171	57	90
329	171	56	90
331	174	54	87
332	174	53	87
333	172	51	91
334	172	52	90
334	174	51	88
337	171	50	92
337	174	50	86
337	177	49	82
338	177	49	83
339	176	48	86
338	178	48	83
338	182	49	76
338	178	47	83
340	179	47	80
340	178	47	80
341	181	47	73
341	180	49	75
343	180	46	73
343	181	48	74
345	179	47	78
344	179	46	78
346	182	48	73
347	179	46	76
350	178	47	78
352	179	48	77
355	175	47	84
357	175	47	83
360	175	45	83
363	175	46	82
366	178	45	77
370	173	43	87
371	174	45	82
373	173	45	86
372	173	46	85
370	175	48	82
370	177	48	80
367	174	50	84
366	168	48	95
363	165	51	97
360	168	53	93
356	168	56	91
356	168	57	91
353	168	59	91
351	168	59	90
347	168	61	89
347	166	64	93
343	166	67	93
340	163	68	95
337	164	68	95
336	162	69	96
333	160	71	100
328	165	75	93
327	162	74	97
323	162	77	97
321	157	79	103
318	156	80	105
317	155	80	106
314	159	82	101
313	150	79	110
312	152	84	108
310	156	84	104
308	149	84	111
307	148	85	113
307	144	83	118
304	147	84	113
303	146	86	115
302	146	86	114
299	143	89	117
296	144	87	116
297	145	86	114
296	145	87	113
293	148	88	109
292	145	91	114
289	145	88	115
292	144	89	117
289	143	88	117
287	144	89	117
288	147	92	114
284	143	91	117
288	145	92	115
281	144	91	117
286	144	90	118
284	144	86	114
281	146	91	115
280	149	88	112
278	147	88	114
281	146	86	117
277	148	85	113
280	151	82	114
278	150	84	113
277	150	82	114
277	161	83	103
278	156	80	110
278	156	81	110
277	154	81	111
277	156	80	109
278	157	78	107
278	155	77	112
277	157	75	109
277	159	75	106
275	161	76	104
276	152	77	116
279	152	69	116
277	153	74	114
277	155	71	111
277	155	71	112
278	157	69	110
278	158	69	109
277	160	68	107
279	158	66	109
280	163	61	103
282	153	60	117
281	154	60	116
283	153	57	118
283	155	55	117
283	157	55	114
283	157	51	114
283	157	49	113
282	156	52	114
281	160	53	106
281	158	51	110
281	159	51	108
281	160	48	107
280	158	47	108
277	155	52	114
277	158	51	109
278	156	49	111
279	157	47	111
279	160	44	104
278	157	47	110
278	160	46	103
278	161	45	98
278	159	46	104
279	163	45	95
279	160	46	99
279	160	46	98
281	159	47	103
283	159	45	104
284	156	49	110
287	154	46	111
286	157	46	105
287	156	48	109
287	156	52	107
287	156	53	107
289	154	52	112
292	153	49	112
292	153	51	112
294	155	50	109
296	156	52	106
297	157	52	103
303	157	49	103
306	154	51	108
314	151	50	112
314	153	53	111
323	154	50	111
324	152	53	114
331	149	58	118
336	153	51	114
341	152	55	115
344	151	58	118
349	153	60	116
350	157	62	111
357	155	62	116
363	155	62	115
365	156	63	111
370	160	61	107
374	161	59	105
377	161	59	105
379	156	61	113
382	163	63	103
385	161	62	107
387	157	65	112
389	157	65	112
394	158	63	110
395	161	66	105
400	158	61	109
402	157	62	111
404	158	62	109
403	155	68	115
405	156	65	112
406	156	64	114
407	161	64	106
408	162	64	107
408	161	66	108
409	158	68	112
410	158	64	111
408	160	71	110
410	161	70	108
411	165	68	102
411	161	71	109
410	162	73	108
411	156	78	114
412	161	77	108
411	156	80	113
412	158	83	112
414	156	83	113
414	154	86	117
415	161	85	106
416	158	86	110
416	154	90	115
416	155	88	111
417	156	91	112
417	154	89	112
418	159	89	107
418	154	87	113
415	151	91	116
415	152	92	113
418	158	88	108
414	155	89	111
415	155	90	112
413	154	89	110
415	151	90	116
415	149	91	120
412	155	91	111
412	153	92	112
413	154	92	112
411	152	90	113
410	150	93	116
411	152	93	114
411	150	93	116
409	149	90	117
409	151	97	117
408	153	93	114
409	150	97	119
411	152	91	116
408	153	96	113
406	154	95	112
410	151	97	117
412	151	90	112
411	150	94	118
412	150	93	117
410	153	94	114
411	151	94	114
409	153	93	112
411	151	92	115
410	152	96	117
409	150	92	115
411	152	92	115
407	153	92	110
407	149	91	116
406	147	95	122
403	148	92	115
406	150	88	112
404	150	91	114
401	148	90	117
398	147	90	115
396	149	88	115
396	150	92	116
390	151	89	113
394	154	88	110
389	151	90	117
387	156	89	114
383	156	87	112
384	159	84	112
379	159	86	112
373	164	84	107
369	163	84	109
370	166	85	110
365	168	85	111
361	170	81	105
356	174	81	104
352	175	81	105
350	175	83	105
348	177	77	105
343	185	74	97
346	181	75	101
340	189	72	94
337	183	75	99
333	185	73	98
330	190	72	94
330	189	75	96
327	188	71	97
329	192	73	94
325	189	70	97
322	189	76	97
321	194	73	91
318	193	74	95
319	193	69	92
317	199	73	88
317	200	70	86
315	200	70	87
313	199	74	87
315	198	71	89
314	198	70	88
313	200	72	86
311	197	71	88
311	197	71	89
310	197	70	89
311	197	71	90
310	202	67	83
309	200	70	86
308	199	71	88
309	197	71	90
308	199	70	88
308	201	66	86
309	205	64	81
306	200	67	87
309	198	64	91
304	202	65	86
307	204	63	83
306	204	62	84
304	206	62	84
304	206	60	84
303	211	58	77
304	208	56	81
304	209	54	79
304	210	53	78
304	206	51	83
303	207	50	81
304	204	49	86
302	206	50	82
303	207	47	80
303	206	49	83
303	207	48	83
303	207	45	83
303	207	45	83
303	208	43	81
302	209	45	80
301	206	46	84
302	207	45	85
301	208	45	82
302	208	44	83
301	207	45	83
301	207	45	83
301	207	47	83
300	207	50	82
301	209	51	79
302	208	50	81
303	209	48	80
303	208	49	81
302	209	54	78
302	207	57	82
303	211	56	77
303	209	57	79
304	207	59	81
304	208	61	81
306	207	60	82
306	207	60	82
306	207	63	82
307	206	64	82
307	204	65	84
309	204	67	83
310	202	70	86
310	203	70	83
312	202	70	84
314	203	70	81
316	206	67	79
319	205	67	78
321	207	65	77
324	203	67	80
324	203	67	81
326	206	64	76
329	202	63	80
330	208	61	75
329	208	63	72
331	206	60	75
331	208	61	71
332	207	59	72
331	206	60	73
332	204	59	76
332	204	59	74
332	205	59	72
333	202	56	74
332	204	57	71
332	205	58	68
331	204	56	68
332	204	56	67
330	205	58	62
330	204	57	64
328	201	59	66
327	201	59	66
326	202	60	65
326	201	59	65
325	202	61	64
325	203	59	62
327	202	58	64
325	200	60	67
323	202	63	65
322	201	64	67
324	203	61	64
324	203	61	64
324	203	60	64
325	202	58	65
324	202	60	65
321	201	62	69
322	201	61	67
319	199	64	71
320	202	61	69
317	201	66	70
316	201	66	70
313	199	68	72
312	202	68	69
312	203	68	68
312	202	69	69
311	201	68	69
312	201	67	69
311	200	67	70
311	199	67	69
311	201	67	68
311	200	66	68
310	203	66	64
311	200	66	68
311	199	65	67
312	200	65	67
311	198	64	68
311	204	64	61
312	206	64	58
311	203	65	62
312	205	63	59
311	203	64	63
310	203	64	62
311	205	64	60
310	203	65	62
311	203	65	62
312	202	62	64
312	202	63	65
313	204	62	64
312	201	63	69
312	201	63	71
310	201	65	74
310	202	64	72
310	199	66	77
310	199	66	79
309	201	65	78
309	200	67	79
308	200	67	81
309	200	65	81
308	200	69	82
308	200	67	84
308	197	68	88
307	196	71	93
306	200	70	87
307	200	70	89
307	202	66	86
308	201	69	89
306	202	68	88
308	202	68	89
307	203	69	91
308	203	68	90
307	204	69	93
308	209	66	86
307	204	69	94
307	207	68	91
307	208	68	92
307	213	68	84
307	213	66	82
307	215	68	80
308	215	64	80
306	213	66	84
307	208	66	89
305	207	67	92
306	210	66	88
305	212	66	85
305	214	65	81
305	214	65	81
305	215	63	78
303	214	65	79
304	214	63	78
304	215	60	76
303	217	58	74
303	212	58	80
302	209	58	83
302	208	56	84
302	206	53	86
301	209	54	81
301	207	51	84
299	206	53	83
298	207	54	82
299	206	50	83
299	206	48	82
299	203	48	87
298	206	48	80
297	208	49	77
296	207	51	78
298	209	47	76
297	208	48	77
296	209	51	75
297	205	48	80
299	206	44	79
298	204	48	80
297	208	46	74
298	205	48	78
298	206	49	76
297	208	50	74
298	206	49	76
298	207	50	75
299	205	47	78
299	205	49	77
298	205	51	77
300	207	51	75
299	205	56	78
299	208	58	72
301	202	62	80
303	205	61	75
304	201	63	79
306	204	64	76
307	203	65	78
309	202	66	78
308	200	68	81
311	199	69	80
312	202	68	76
313	202	69	76
315	203	66	76
317	201	67	76
316	200	67	78
318	198	68	79
319	202	66	77
321	202	65	75
324	203	63	74
324	205	64	72
325	201	63	75
326	203	62	74
327	205	60	72
327	203	62	73
327	205	61	72
326	204	63	74
328	205	62	72
329	205	61	72
330	205	59	71
332	205	58	72
333	206	57	70
334	203	57	74
334	204	57	73
335	205	56	71
336	205	55	71
336	203	56	75
338	206	55	70
338	205	55	72
337	206	56	69
338	207	54	67
338	204	55	72
337	205	54	70
334	202	57	72
333	199	58	75
332	201	59	73
328	200	62	73
327	193	64	80
324	192	65	80
