283	179	82	102
283	174	84	107
282	177	79	103
286	179	79	102
282	179	84	102
280	182	79	98
286	180	76	102
284	181	74	102
282	181	80	102
281	180	76	106
284	186	77	99
284	186	77	100
280	185	79	101
283	186	73	99
280	186	79	101
283	189	75	97
281	188	77	99
282	190	73	97
282	187	74	100
284	191	73	97
283	194	71	92
283	193	75	98
283	193	72	95
281	196	76	96
282	196	72	93
283	196	73	94
280	195	75	93
283	197	73	94
281	203	71	86
282	200	72	90
281	201	71	89
280	201	75	91
279	204	71	87
279	200	74	93
281	210	69	81
281	206	71	87
278	211	71	80
277	206	73	86
277	207	73	85
278	203	71	90
279	203	70	90
278	203	72	91
278	204	72	88
279	201	74	93
278	200	71	92
281	198	73	97
283	201	73	91
282	198	74	93
287	197	72	92
287	195	73	91
289	195	72	93
290	192	72	95
289	196	71	89
291	196	71	89
288	193	72	92
287	191	75	96
288	194	71	91
287	192	72	92
286	191	74	94
284	189	73	92
284	189	72	91
281	188	74	91
280	187	74	93
276	185	77	96
273	187	78	91
273	189	75	86
273	186	75	90
270	184	77	92
270	181	76	94
269	179	76	94
270	177	78	99
271	176	77	101
269	184	79	92
272	180	79	95
272	177	79	97
271	174	80	101
272	176	83	102
272	184	79	91
276	179	78	95
278	176	82	99
280	178	80	96
283	173	82	101
284	169	83	104
290	169	81	105
292	169	82	103
297	166	85	109
301	167	84	108
309	166	84	108
310	163	89	111
320	165	88	111
321	165	88	110
333	163	87	110
338	165	85	107
347	164	92	108
350	160	92	111
361	156	91	116
365	156	93	115
375	159	91	111
378	155	93	114
386	159	91	109
390	153	96	116
399	156	97	113
403	152	95	114
414	147	94	122
416	146	92	119
419	151	96	113
425	149	97	118
429	147	98	119
434	145	102	120
436	142	103	125
441	143	103	125
446	142	102	125
450	145	101	122
449	142	102	122
452	140	109	129
454	145	102	120
457	141	104	127
457	144	102	121
459	141	102	126
455	140	106	128
455	141	104	127
455	137	109	134
451	145	109	122
453	143	106	126
450	141	104	127
449	142	104	128
448	143	101	128
445	143	103	126
442	141	101	128
440	141	97	129
436	145	101	123
435	142	101	128
429	144	106	129
426	149	103	120
425	143	98	125
423	149	98	116
419	146	99	118
417	150	97	116
408	147	97	121
407	146	97	123
400	148	96	122
395	148	97	126
388	149	89	124
385	151	92	120
378	151	86	122
371	151	87	122
366	155	88	121
362	157	89	121
354	155	87	125
351	159	90	119
346	158	85	120
342	160	85	116
337	166	82	111
331	165	82	110
325	168	89	113
323	166	89	115
319	171	87	112
314	174	84	107
314	182	83	101
309	178	82	104
307	181	81	104
305	180	77	106
298	185	79	102
296	185	75	102
290	187	79	103
289	187	74	102
283	188	75	100
280	191	72	96
273	190	76	99
269	191	74	96
266	189	75	100
264	194	72	93
261	192	72	96
258	194	74	96
255	194	75	95
253	195	73	93
252	194	73	96
252	199	73	88
251	197	72	91
251	194	74	93
250	193	75	93
245	192	81	98
246	196	81	92
248	192	79	94
250	196	78	89
246	194	83	95
248	196	82	92
248	197	83	90
245	196	87	91
250	198	83	90
241	194	94	95
245	194	88	93
249	197	86	90
257	200	80	88
258	196	79	92
253	199	83	85
253	193	84	94
252	195	84	91
254	197	84	86
253	198	85	85
248	196	90	86
254	199	84	83
245	197	94	85
250	197	90	84
243	195	98	91
246	196	94	91
245	196	94	89
245	194	95	92
246	196	94	90
246	197	94	89
247	197	93	87
246	197	93	90
245	197	99	89
248	197	93	89
247	198	94	90
245	197	97	90
246	197	95	88
245	198	95	84
252	199	86	83
251	197	87	87
257	197	82	86
258	197	79	85
261	195	76	88
263	200	71	85
264	197	70	86
261	197	72	86
260	195	71	90
257	197	74	86
259	198	74	86
258	195	71	91
258	196	71	89
257	198	72	89
255	195	73	89
257	194	75	94
256	196	72	90
257	195	72	91
256	195	73	90
257	193	72	93
258	195	74	92
259	197	71	88
260	198	71	86
262	195	71	90
262	192	73	96
264	195	74	92
264	194	72	93
265	193	73	95
266	193	71	93
266	195	69	89
266	192	70	92
267	191	66	92
267	189	70	94
268	189	67	93
267	189	70	94
266	186	72	99
265	187	71	100
271	186	66	102
270	187	69	100
272	187	68	100
273	188	71	97
271	187	72	97
272	188	75	97
273	188	73	98
275	187	72	100
275	187	73	101
277	187	74	102
276	186	75	101
277	187	72	98
277	187	73	97
278	186	75	102
280	185	72	102
280	186	72	100
280	188	68	97
279	187	74	99
280	187	68	96
280	185	72	101
283	184	67	101
281	185	68	99
281	186	66	98
282	184	63	99
282	186	62	95
280	186	60	94
282	184	56	97
281	185	52	96
280	181	53	99
279	184	51	95
280	180	50	101
279	181	53	100
280	183	50	97
281	181	49	99
280	182	52	97
280	183	53	95
279	185	56	92
280	185	57	92
279	187	57	90
281	182	61	98
282	182	62	98
280	183	72	97
286	182	61	100
285	184	68	97
286	184	68	100
287	184	71	101
287	186	74	97
287	185	74	100
286	185	75	101
287	185	73	100
288	184	73	103
286	183	72	105
287	185	72	104
284	183	75	103
282	187	77	100
285	188	75	100
284	189	73	98
282	189	74	98
282	190	74	95
283	193	72	93
280	188	76	99
282	194	73	93
282	190	75	98
280	192	76	97
281	193	72	93
281	197	70	90
280	195	76	93
279	193	71	95
277	196	73	91
276	197	76	92
275	196	71	91
273	194	73	93
274	194	75	94
272	196	71	90
271	196	72	87
269	190	71	93
270	188	73	95
266	191	72	91
268	187	75	95
265	186	74	96
266	186	72	93
263	183	76	97
261	182	76	98
262	179	76	98
262	182	76	94
263	176	80	99
262	174	80	102
265	171	82	100
266	166	83	105
271	168	83	99
271	163	85	104
276	159	87	110
279	156	90	111
284	156	90	112
286	155	92	110
291	152	94	115
293	153	95	113
297	148	98	120
300	150	92	119
300	148	98	121
304	152	95	117
309	148	95	121
307	147	91	123
312	145	95	125
311	144	91	122
316	143	94	125
314	143	91	120
320	145	92	117
325	143	91	117
328	140	93	117
332	138	94	122
334	141	100	116
337	137	98	121
348	135	97	128
350	134	96	122
360	135	94	124
364	134	93	121
372	134	96	121
378	139	95	117
387	145	94	106
393	138	94	112
402	141	94	106
408	138	94	112
419	135	93	113
419	141	98	104
433	144	91	101
442	147	91	99
448	143	92	101
457	146	95	100
466	142	94	102
472	145	95	99
483	146	91	97
485	147	95	96
492	150	95	93
494	149	96	94
498	153	95	92
500	156	90	88
497	154	100	94
499	157	96	90
498	154	98	95
497	154	96	94
495	155	98	95
495	157	94	94
492	154	97	101
494	153	90	104
492	150	93	112
490	152	92	112
487	150	96	121
486	153	96	116
482	152	99	122
482	153	98	120
480	155	98	121
480	156	96	121
478	156	101	124
477	156	99	127
477	158	98	123
476	158	98	126
476	159	99	124
474	159	101	127
473	157	102	137
473	158	100	130
473	157	99	134
471	159	102	127
473	158	100	129
473	160	99	125
471	161	101	123
470	159	100	123
469	157	98	129
468	157	100	130
466	158	100	129
462	158	99	130
461	158	98	128
455	159	100	130
453	160	98	127
449	164	96	126
448	166	99	121
446	167	93	119
441	165	95	123
437	165	97	120
435	165	94	120
429	166	94	119
429	169	92	115
429	168	89	117
424	169	89	116
421	170	89	116
416	171	90	115
411	168	90	120
408	169	89	121
402	173	92	119
398	174	87	114
393	174	89	120
389	178	88	114
385	186	89	106
381	180	86	114
374	184	89	111
376	192	79	100
369	188	79	105
366	189	80	104
362	195	77	99
357	195	81	99
355	197	76	99
350	202	73	93
346	203	72	95
343	203	73	95
340	204	69	95
334	206	69	93
329	209	71	92
325	209	68	90
323	210	68	92
320	211	65	92
320	213	62	88
314	214	61	88
314	214	61	88
311	216	62	87
