201	226	84	71
204	233	81	66
207	232	82	67
208	232	78	65
209	230	79	67
206	229	80	64
204	227	80	64
204	225	77	65
203	223	79	64
204	221	77	64
202	225	78	63
202	224	77	60
206	222	76	64
204	222	76	64
205	221	76	66
204	221	77	66
209	220	79	63
209	220	73	67
212	221	73	62
211	220	78	62
218	219	77	61
218	217	73	63
220	216	73	61
219	215	77	63
221	213	73	59
219	212	75	59
219	210	73	61
218	210	73	61
217	210	73	60
220	209	71	63
218	210	69	63
216	211	70	62
214	213	71	51
0	0	0	0
248	269	76	54
250	259	77	53
0	0	0	0
0	0	0	0
0	0	0	0
0	0	0	0
288	214	75	55
295	213	74	52
309	208	73	54
315	208	76	54
329	210	75	56
336	211	75	56
353	216	74	53
361	218	73	53
377	223	75	55
382	227	78	54
394	232	77	52
397	234	79	55
404	238	79	56
406	241	78	57
407	243	78	58
407	243	77	58
403	244	77	57
400	242	79	59
390	242	79	55
386	241	76	59
371	242	75	57
363	242	76	59
344	247	79	55
337	248	77	55
320	254	76	51
313	255	75	54
297	258	75	54
291	258	75	60
277	261	75	56
271	263	75	56
261	265	71	56
256	264	64	53
244	262	69	51
239	261	66	51
230	255	68	52
229	251	65	55
226	243	71	53
224	238	74	53
225	226	72	51
228	219	71	53
234	204	69	56
237	196	67	55
242	184	70	52
243	176	73	53
252	163	70	53
254	158	72	51
261	147	74	48
264	141	74	50
273	131	75	53
276	128	77	51
283	122	76	51
287	120	76	52
294	114	74	52
294	113	72	52
297	114	75	53
296	116	76	53
293	124	77	53
292	130	77	56
287	143	75	56
286	150	73	52
279	163	77	57
277	170	77	59
274	186	77	56
272	192	75	57
268	208	75	57
266	215	78	58
264	232	77	57
263	239	75	59
259	256	81	59
259	264	84	60
258	279	86	65
258	286	84	64
258	294	73	58
257	299	76	56
257	306	78	57
258	310	77	57
259	314	77	58
259	314	74	57
259	316	75	59
258	317	81	59
259	317	77	61
260	317	74	63
259	319	75	58
259	319	72	58
258	321	79	59
258	321	76	58
257	321	75	58
255	320	79	57
254	318	74	54
253	315	76	53
251	309	78	53
251	303	73	55
250	292	75	54
248	287	77	57
248	278	86	62
248	273	94	66
249	261	82	64
247	257	83	59
246	246	76	51
243	242	77	52
236	235	81	55
235	233	79	57
228	231	81	61
226	231	80	58
222	237	78	54
217	241	89	55
213	242	99	55
211	244	105	60
204	260	91	64
205	266	74	57
202	271	78	59
199	274	82	62
196	280	80	62
195	284	78	61
194	286	76	58
194	289	78	58
195	292	79	59
196	295	72	54
196	296	75	54
197	297	80	57
198	299	82	57
201	300	77	56
203	300	77	59
208	301	77	59
211	303	81	60
220	307	76	59
225	308	73	59
236	309	75	59
240	310	91	59
253	309	77	59
261	307	77	73
274	297	78	79
279	301	81	68
289	291	83	63
292	284	88	71
301	274	82	67
303	266	85	72
309	255	80	60
313	251	77	54
318	242	75	53
320	238	76	55
323	232	76	54
327	231	75	54
332	231	74	54
335	231	74	54
341	235	75	55
346	237	74	55
356	241	75	55
362	243	72	59
374	248	75	56
381	249	75	56
394	252	80	57
403	253	77	56
417	255	75	59
425	256	76	61
439	259	81	54
446	258	78	55
461	259	76	55
467	258	75	55
479	257	77	56
482	255	83	55
495	251	78	54
498	249	80	57
504	247	81	55
508	245	82	54
514	242	81	59
518	241	79	59
520	240	80	61
518	240	80	59
519	240	81	58
517	240	79	57
513	238	80	57
510	239	80	55
503	238	78	56
496	239	82	57
489	238	82	54
486	239	81	54
482	238	82	56
481	237	77	56
477	238	79	54
477	238	80	55
477	240	78	55
478	239	79	56
478	240	81	57
480	240	80	57
484	240	81	55
487	240	81	59
493	240	81	57
496	241	80	56
499	241	80	56
500	240	80	57
503	241	81	57
505	240	79	55
505	239	80	59
503	240	80	57
500	240	79	55
500	239	77	60
496	240	78	58
493	239	79	55
487	240	82	55
487	239	77	55
483	239	78	54
482	238	78	59
479	239	80	53
479	239	79	52
478	238	79	59
477	237	79	56
476	239	78	53
478	239	79	50
479	238	78	56
479	237	79	56
481	239	78	57
481	239	82	54
482	239	81	55
485	239	81	55
487	238	79	57
485	239	80	56
487	238	81	56
484	239	82	56
483	239	81	56
484	238	80	55
482	238	79	55
482	238	80	57
479	238	80	54
481	235	80	56
479	237	79	53
482	234	80	57
478	235	81	57
476	235	83	56
475	236	79	55
475	236	80	57
474	237	80	56
473	238	79	55
470	237	81	60
471	238	80	54
469	238	81	55
469	237	79	56
468	237	79	55
469	236	78	54
469	233	79	53
470	231	80	56
472	226	79	52
472	221	81	53
472	218	81	54
474	215	80	53
472	210	77	53
472	206	77	53
470	206	76	52
469	204	76	51
467	204	77	52
465	205	78	53
464	206	77	51
461	208	79	52
460	212	77	49
460	212	78	54
463	214	78	55
459	217	80	56
458	221	79	52
458	221	79	56
457	225	80	54
458	227	79	53
458	230	82	50
459	228	78	55
460	230	81	53
461	231	80	54
463	230	79	54
467	229	81	55
470	229	77	53
472	229	80	54
474	228	81	55
476	229	80	56
477	228	79	55
481	227	81	55
479	229	80	56
480	228	81	55
480	228	78	57
477	229	80	55
477	228	78	55
475	228	80	57
474	228	79	55
474	228	77	54
473	229	79	56
473	228	78	57
471	227	78	58
471	228	81	55
467	230	80	53
470	229	82	55
470	230	82	55
472	230	79	55
473	230	78	58
473	230	78	58
474	232	79	53
476	233	80	53
472	237	80	54
472	241	80	59
469	251	78	53
465	256	80	56
458	269	82	52
456	274	82	55
450	283	84	54
447	289	85	52
442	299	87	58
439	303	91	60
431	318	91	63
425	327	95	69
411	355	100	73
402	370	101	78
382	408	103	66
0	0	0	0
0	0	0	0
0	0	0	0
0	0	0	0
0	0	0	0
0	0	0	0
0	0	0	0
0	0	0	0
0	0	0	0
0	0	0	0
0	0	0	0
0	0	0	0
0	0	0	0
0	0	0	0
0	0	0	0
0	0	0	0
0	0	0	0
0	0	0	0
0	0	0	0
0	0	0	0
198	240	101	62
159	235	101	72
157	240	96	76
154	238	104	74
153	243	94	76
150	242	99	75
148	237	100	80
148	238	96	79
147	234	103	78
144	235	109	77
146	230	102	80
146	230	100	78
