0.382050
0.042865
0.046823
0.054001
0.043291
0.044895
0.043412
0.042713
0.044029
0.043172
0.042285
0.042036
0.043702
0.043577
0.042892
0.044666
0.040996
0.042125
0.045400
0.042745
0.071991
0.044188
0.044394
0.045883
0.043772
0.038764
0.043669
0.056567
0.056226
0.059282
0.061064
0.061086
0.037665
0.040173
0.042226
0.043164
0.038843
0.020638
0.039944
0.020939
0.075492
0.020940
0.042833
0.042600
0.043983
0.043323
0.038830
0.045420
0.044107
0.046024
0.043206
0.043685
0.045600
0.039925
0.039390
0.046004
0.038892
0.044247
0.046229
