0.371477
0.044223
0.044758
0.043106
0.045197
0.043689
0.044410
0.042886
0.045995
0.041984
0.043609
0.043673
0.042846
0.056107
0.054126
0.043176
0.042817
0.043730
0.042458
0.043883
0.072095
0.042538
0.042255
0.047041
0.045472
0.046284
0.046403
0.042552
0.042927
0.045479
0.042516
0.059520
0.051121
0.043488
0.047881
0.048733
0.045755
0.048296
0.043439
0.042410
0.076856
0.044665
0.042335
0.048147
0.042745
0.042349
0.042059
0.041659
0.041530
0.046069
0.042885
0.041263
0.044063
0.042680
0.041677
0.043012
0.042147
0.041295
0.041105
0.042619
0.075274
0.045228
0.041909
0.043711
0.042989
0.041682
0.041703
0.041688
0.045690
0.042172
0.043506
0.043657
0.041368
0.044410
0.043097
0.041994
0.042672
0.043117
0.041836
0.042344
0.078671
0.041241
0.043706
0.042741
0.041536
0.041247
0.038509
0.037373
0.039818
0.040514
0.039078
0.042995
0.041470
0.047504
0.042127
0.049943
0.038025
0.040032
0.041419
0.041390
0.081175
0.043195
0.044097
0.043063
0.042947
0.040156
0.041029
0.041531
0.044780
0.044249
0.041089
0.043500
0.043103
0.044259
0.042962
0.045790
0.041633
0.041674
0.042535
0.043297
0.079919
0.042903
0.041537
0.043210
0.042644
0.042013
0.042637
0.046672
0.044123
0.043278
0.043872
0.043030
0.044062
0.043494
0.042415
0.043175
0.048452
0.044836
0.043476
0.044424
0.076334
0.043969
0.042703
0.041497
0.041463
0.043044
0.042399
0.042139
0.043111
0.043092
0.043961
0.042856
0.042003
0.042603
0.048971
0.042638
0.041750
0.045257
0.043132
0.041811
0.078514
0.041748
0.041352
0.041255
0.042611
0.042185
0.042142
0.041753
0.041594
0.042229
0.042150
0.041547
0.042500
0.043580
0.042678
0.041585
0.042139
0.042704
0.041756
0.043395
0.076265
0.042382
0.043835
0.044137
0.042678
0.044105
0.043982
0.042355
0.043292
0.042738
0.042160
0.042110
0.045310
0.044223
0.042350
0.044795
