533	211	57	139
528	216	57	149
524	215	58	148
519	211	60	156
515	209	68	161
509	211	67	164
508	210	59	161
502	212	59	163
499	208	58	166
495	213	55	168
493	213	56	164
489	214	57	164
490	218	61	157
489	216	61	156
489	212	58	156
486	207	55	157
486	209	55	161
488	208	55	172
488	211	56	175
483	209	61	176
479	208	64	174
472	215	71	169
467	215	74	168
462	211	64	159
464	212	52	161
458	215	52	154
453	216	53	159
442	216	66	161
434	209	74	168
420	209	80	163
422	209	74	158
419	207	68	163
417	208	62	153
414	204	56	161
411	202	54	161
404	204	54	162
400	204	52	160
394	208	52	153
386	208	54	152
375	207	54	153
372	207	46	153
367	209	45	147
363	205	47	153
352	199	49	158
353	189	44	173
342	198	50	163
338	198	52	164
332	204	49	159
329	207	44	153
324	211	41	143
319	208	42	146
312	207	42	147
308	204	42	155
295	210	47	148
292	198	44	155
290	195	39	158
288	193	37	160
272	193	50	171
273	189	44	177
269	195	39	161
263	198	42	167
255	198	50	175
245	188	57	189
243	188	54	196
240	182	54	207
240	179	53	212
229	176	60	230
224	179	62	228
220	180	62	215
220	183	57	213
220	178	55	216
216	182	55	207
215	186	54	197
210	187	62	196
208	192	64	185
204	192	69	176
206	194	67	165
207	193	65	169
205	192	71	178
206	195	71	169
208	195	67	162
210	195	66	151
217	194	61	156
216	192	63	160
217	195	66	161
215	195	70	161
226	191	59	170
230	193	57	164
232	198	59	169
235	200	59	168
237	211	57	153
236	215	57	151
237	225	57	138
238	227	56	141
237	239	59	144
240	233	58	142
238	245	58	139
236	238	62	138
236	230	65	128
238	243	60	136
243	240	54	123
239	243	57	122
239	239	56	125
238	241	59	115
238	240	59	115
236	239	57	130
237	236	56	120
236	236	55	130
233	234	57	137
233	235	58	124
227	237	61	136
228	233	60	139
222	238	59	135
223	238	60	131
224	240	58	128
219	242	63	128
218	240	63	127
218	238	61	131
221	236	58	133
221	237	57	131
224	236	56	132
225	236	56	126
224	237	57	121
222	236	58	120
224	235	56	112
226	236	56	103
227	236	54	113
223	236	56	114
224	235	54	117
225	236	56	105
227	238	54	88
225	238	55	102
223	235	57	101
216	241	64	117
217	237	63	121
219	235	60	131
220	236	59	130
220	235	57	135
220	238	58	129
221	240	58	126
225	240	56	129
226	240	57	133
229	241	56	132
233	243	56	127
237	243	56	131
241	242	57	130
242	242	57	123
242	242	57	123
242	239	60	128
242	238	58	126
242	237	59	131
242	238	60	125
242	238	59	123
243	237	58	119
243	237	59	111
249	236	60	112
249	235	60	122
248	236	63	126
246	239	68	120
248	241	68	123
251	237	62	132
254	236	59	126
252	239	64	121
254	237	60	123
256	235	58	124
257	237	61	122
253	238	65	125
252	236	62	131
254	235	59	131
254	238	60	125
251	236	63	128
250	236	64	128
251	239	63	123
249	236	66	130
249	235	66	127
250	233	65	127
259	230	57	122
266	233	50	115
263	231	50	126
256	231	57	130
257	231	58	120
263	231	52	114
260	231	52	112
264	229	49	122
258	230	56	124
268	227	45	122
262	226	49	123
265	227	49	124
260	227	55	119
259	228	54	117
255	227	59	120
259	225	55	124
252	229	61	129
258	227	59	131
259	227	60	122
262	228	55	124
266	226	52	122
263	227	57	121
269	228	50	110
270	226	48	112
266	225	51	104
265	227	51	97
271	233	44	98
264	231	49	94
263	235	51	95
268	236	47	91
271	240	45	99
265	237	48	91
265	239	48	77
267	242	45	72
265	240	45	74
267	241	43	74
266	243	47	69
262	241	50	71
267	239	44	74
263	239	47	71
264	237	46	73
261	237	51	76
260	238	53	83
257	235	56	78
266	236	46	88
271	240	41	71
267	242	44	68
267	241	46	68
265	240	45	69
264	237	47	71
261	234	51	74
254	242	52	66
244	256	45	65
244	259	39	61
0	0	0	0
0	0	0	0
0	0	0	0
0	0	0	0
275	249	36	59
272	246	35	60
265	242	44	62
263	241	46	65
264	238	45	69
264	236	46	73
266	237	43	71
264	239	45	67
264	235	46	71
264	234	47	73
261	234	47	72
265	233	42	73
262	233	45	72
263	233	44	72
261	232	44	73
263	234	42	69
260	231	45	71
257	232	49	71
258	228	47	76
261	231	44	74
260	229	44	76
263	231	44	74
258	233	48	71
261	232	45	74
260	232	46	73
259	230	46	77
261	228	44	78
259	232	47	73
260	234	46	71
259	233	45	73
260	233	46	74
261	233	45	73
263	234	44	72
262	236	46	69
260	237	49	70
262	235	47	75
261	240	47	70
262	238	45	72
262	239	45	70
260	239	47	71
260	238	45	73
258	235	47	77
259	239	47	73
257	235	47	78
258	238	48	76
259	239	46	75
258	240	48	72
260	237	45	77
258	235	48	77
261	240	46	73
262	239	46	74
260	236	47	78
261	236	48	71
264	233	44	73
262	235	47	71
266	235	41	72
262	234	46	73
264	236	45	70
261	237	46	70
262	234	44	72
262	236	47	70
261	235	46	72
262	235	47	73
263	234	45	75
264	236	45	73
262	236	48	72
263	237	46	70
263	236	47	71
264	235	46	74
264	236	44	73
264	237	43	72
272	236	40	72
261	236	53	70
0	0	0	0
0	0	0	0
0	0	0	0
0	0	0	0
0	0	0	0
0	0	0	0
0	0	0	0
266	234	44	70
277	237	32	69
283	239	26	71
0	0	0	0
0	0	0	0
0	0	0	0
258	232	20	68
264	233	23	64
263	236	29	58
265	238	37	54
265	237	42	64
262	237	45	66
261	236	46	67
262	237	47	67
262	234	46	71
261	234	45	71
263	235	44	68
262	235	45	68
259	231	50	73
260	233	47	72
259	233	48	72
262	232	46	71
260	231	48	73
264	230	44	72
261	232	47	69
261	231	48	71
262	232	46	70
262	233	47	70
264	232	43	69
261	231	46	71
260	229	46	75
259	226	49	78
262	230	47	73
261	229	47	76
261	231	47	74
261	232	46	73
261	231	47	73
262	230	46	74
262	228	48	75
263	232	47	71
262	231	45	73
263	231	45	73
262	231	48	73
266	235	44	69
265	234	44	69
265	234	44	69
267	235	42	69
265	236	45	71
265	236	46	71
264	235	44	72
264	235	46	72
262	238	47	69
263	237	45	70
260	237	47	70
261	238	44	68
260	237	45	69
260	236	48	67
262	236	45	67
262	232	45	73
263	231	45	72
265	228	45	76
266	233	47	70
263	230	48	75
265	233	47	74
265	233	47	75
265	237	46	69
264	235	45	69
262	233	46	71
260	232	47	71
259	228	46	74
261	228	47	73
261	226	46	74
260	225	48	75
261	225	46	77
265	227	44	74
263	228	47	71
262	226	46	75
264	227	46	74
263	229	47	69
261	225	48	72
263	228	49	70
262	228	47	72
264	227	46	74
262	228	48	75
262	226	48	77
263	226	47	75
262	223	46	79
263	226	46	76
264	229	45	73
263	227	49	76
264	230	47	74
264	228	46	77
267	230	47	75
270	232	44	73
268	231	45	74
270	233	46	72
269	231	45	75
270	231	47	74
270	230	45	77
269	231	47	76
267	232	48	77
269	233	45	74
267	234	48	72
271	234	46	71
273	233	46	73
274	231	44	76
