0.379746
0.043902
0.042667
0.043202
0.042652
0.041804
0.041962
0.043172
0.041888
0.041810
0.046217
0.041360
0.042001
0.044511
0.042522
0.044244
0.042053
0.043741
0.043667
0.041926
0.073334
0.043043
0.042852
0.045478
0.043538
0.042193
0.042609
0.043842
0.043387
0.042928
0.043997
0.044087
0.043393
0.045261
0.044719
0.020923
0.023074
0.023107
0.023206
0.048943
0.079576
0.057213
0.044404
0.042142
0.042925
0.059564
0.042768
0.043093
0.040527
0.045881
0.046229
0.045053
0.040342
0.042179
0.045596
0.040088
0.044279
0.046893
0.046454
0.021681
0.021642
0.038969
0.039655
0.020307
0.021673
0.039510
0.040930
0.048238
0.037581
0.022312
0.022250
