81	171	82	301
96	173	79	309
92	170	93	303
111	178	84	301
113	177	89	301
130	185	79	292
136	181	78	292
164	183	68	283
166	183	77	291
176	185	78	292
193	181	66	296
188	184	76	291
198	192	86	284
208	192	71	276
218	196	70	278
224	202	67	272
234	202	70	272
245	203	76	267
245	192	74	283
265	205	67	273
274	205	67	271
273	206	73	272
283	211	67	261
286	213	65	264
0	0	0	0
0	0	0	0
0	0	0	0
0	0	0	0
0	0	0	0
0	0	0	0
0	0	0	0
352	216	61	261
350	218	72	258
348	211	73	255
0	0	0	0
0	0	0	0
0	0	0	0
0	0	0	0
383	228	82	244
389	227	77	245
401	230	74	240
407	227	67	243
414	226	66	250
415	229	76	242
427	234	64	233
431	237	67	229
447	236	59	233
456	232	55	234
454	235	61	221
461	240	63	219
459	239	70	223
469	243	68	217
469	246	73	212
479	245	66	214
482	248	68	208
486	247	67	206
490	247	73	210
490	246	75	210
