308	95	103	117
306	90	102	125
307	90	103	129
306	89	103	134
308	88	104	144
306	91	102	131
305	89	109	140
307	87	102	143
309	91	103	132
309	90	100	133
307	91	102	123
309	90	99	126
304	90	107	131
307	89	106	140
305	90	106	132
302	90	106	135
305	90	103	132
301	90	109	135
299	89	106	140
305	90	104	141
301	91	106	138
303	91	106	138
304	92	103	136
299	91	108	134
304	92	106	136
299	90	104	137
304	90	104	140
301	91	106	137
302	92	103	129
302	91	100	125
303	91	100	133
301	92	102	118
304	91	98	126
299	91	102	128
304	91	102	135
297	92	99	119
302	92	98	126
298	91	93	127
298	94	96	122
296	93	92	119
297	94	90	117
294	93	92	120
291	93	91	121
293	94	92	119
289	94	89	116
289	96	90	113
286	95	91	117
285	93	93	127
281	93	92	125
283	97	91	115
281	96	89	116
279	96	89	118
279	97	93	115
275	97	90	114
280	99	92	109
273	96	91	116
277	99	91	110
274	100	89	107
274	100	87	106
271	100	92	108
274	100	85	107
269	98	87	110
264	97	92	111
263	96	94	116
264	99	92	108
261	98	91	111
260	96	95	118
257	96	98	115
259	96	94	116
254	95	99	119
254	96	97	118
254	96	98	114
250	98	100	111
253	98	98	113
251	96	102	114
249	97	102	118
249	97	102	115
250	96	101	118
246	98	108	113
248	98	104	116
249	101	101	108
245	97	104	119
249	99	102	116
246	99	104	119
247	100	101	115
245	102	105	109
247	100	99	113
244	98	104	115
245	98	101	117
246	99	100	112
247	99	97	109
248	102	96	100
250	99	93	106
253	98	89	106
256	99	84	103
255	99	87	102
258	100	86	101
254	99	89	103
258	100	89	102
259	99	85	103
260	99	87	103
263	101	85	103
265	100	88	102
262	99	87	104
269	100	90	105
270	99	86	109
275	102	84	102
274	100	88	104
276	101	89	103
276	101	91	105
282	104	87	99
281	104	87	101
284	109	85	93
285	108	84	93
286	111	85	96
290	115	82	91
288	119	80	88
288	119	84	95
289	125	80	99
290	129	80	96
289	135	80	97
288	137	78	98
290	145	77	89
287	143	76	92
287	147	74	85
288	149	74	84
286	154	73	79
285	153	73	79
284	156	72	76
282	158	75	74
280	158	76	72
280	159	77	72
281	157	75	73
279	155	78	78
280	151	79	79
282	150	75	80
282	147	78	83
283	146	75	84
284	141	81	90
284	140	79	90
285	136	77	92
282	134	83	97
285	130	79	100
283	130	84	97
286	125	79	100
282	124	86	100
284	119	82	107
283	118	83	105
284	117	84	103
285	116	82	105
283	115	84	106
283	114	86	103
280	113	88	105
282	111	87	110
282	109	86	117
283	110	83	108
284	108	85	103
281	105	89	103
281	103	87	97
281	101	86	100
281	97	87	105
280	95	89	107
281	92	90	104
279	86	91	111
280	82	90	119
276	76	95	119
280	74	94	124
273	64	96	135
279	65	99	130
272	60	100	141
272	57	109	150
269	55	105	150
273	54	105	150
267	47	110	155
271	46	111	163
267	41	112	165
270	38	115	172
266	33	118	178
271	30	118	178
268	27	129	183
274	27	125	185
269	20	129	193
270	16	133	203
271	15	135	203
272	15	137	202
269	14	148	205
269	13	141	207
271	11	148	199
267	11	145	204
273	11	144	207
267	11	157	179
274	11	141	197
266	10	148	201
267	12	143	202
269	12	145	207
269	14	136	198
266	14	133	200
270	19	127	189
271	17	128	196
272	23	120	181
271	22	123	183
271	27	123	175
277	31	115	172
270	30	115	172
274	34	115	167
273	37	111	156
276	40	108	158
270	43	108	156
276	48	108	151
271	52	102	143
280	57	102	141
278	60	98	139
278	64	99	136
275	65	97	134
278	69	99	128
279	73	95	124
280	76	92	126
278	85	88	114
282	83	89	119
278	86	93	118
284	88	91	114
282	90	90	114
287	92	86	111
290	92	88	109
287	93	85	109
290	91	88	113
291	91	93	116
291	92	92	112
291	91	91	113
292	90	96	120
291	89	91	116
296	90	92	118
296	92	88	111
299	90	93	114
298	88	92	121
