0.376455
0.045011
0.044276
0.044680
0.045912
0.042058
0.045575
0.042418
0.039887
0.044189
0.043746
0.045339
0.041820
0.040581
0.043799
0.044951
0.044167
0.045455
0.042100
0.036552
0.067442
0.043835
0.039961
0.044161
0.044933
0.050799
0.044580
0.042426
0.043426
0.045536
0.044868
0.044948
0.044712
0.045205
0.045800
0.045560
0.044840
0.045633
0.045425
0.044731
0.080132
0.042889
0.044220
0.043345
0.045985
0.044105
0.043057
0.044260
0.044262
0.044213
0.043226
0.042637
0.044059
0.047336
0.045390
0.043700
0.046162
0.046802
0.043887
0.038788
0.076607
0.043907
0.042533
0.042907
0.046155
0.041036
0.043061
0.044134
0.044233
0.043207
0.044676
0.044154
0.043421
0.043024
0.044583
0.043859
0.043934
0.044558
0.043152
0.042452
0.077275
0.045324
0.044924
0.045699
0.045278
0.045193
0.044039
0.043567
0.045181
0.044592
0.043431
0.045815
0.044961
0.043756
0.043338
0.045678
0.043727
0.042521
0.043509
0.044694
0.078133
0.044419
0.044518
0.044469
0.044341
0.044365
0.043947
0.042509
0.042968
0.042770
0.043948
0.043885
0.039356
0.042691
0.041495
0.046089
0.043301
0.037882
0.039745
0.045534
0.073596
0.042429
0.044306
0.044784
0.047888
0.046438
0.042744
0.042085
0.042448
0.041367
0.042647
0.042825
0.041638
0.042441
0.039885
0.042283
0.041551
0.043177
0.042983
0.043199
0.078057
0.041125
0.044281
0.044344
0.044309
0.044761
0.043667
0.043342
0.045205
0.047188
0.043108
0.042889
0.044201
0.043605
0.042774
0.043580
0.043331
0.045577
0.042475
0.043497
0.079530
0.042488
0.044075
0.043190
0.044858
0.042901
0.044811
0.044356
0.043792
0.047760
0.043451
0.039996
0.040149
0.050065
0.046668
0.039102
0.043302
0.041928
0.043248
0.042599
0.102509
0.042131
0.041488
0.042605
0.042556
0.044724
0.041896
0.043400
0.042756
0.042896
0.042914
0.047460
0.040128
0.042458
0.041926
0.045480
0.044148
0.038370
0.037930
0.038222
0.075706
0.041443
0.045853
0.044787
0.043693
0.038904
0.046306
0.040655
0.040874
0.041034
0.041672
0.045724
0.043950
0.044817
0.044818
0.043933
0.044355
0.043892
0.043469
0.043653
0.081685
0.046457
0.047325
0.046106
0.043391
0.043122
0.044116
0.045365
0.045532
0.039423
0.040613
0.048080
0.046802
0.042924
0.045377
