30	159	107	304
18	161	128	313
26	166	139	307
58	163	109	311
100	168	77	305
105	168	76	308
122	169	71	306
132	173	65	295
139	172	67	301
140	173	71	291
150	176	71	289
155	182	70	284
148	182	85	286
183	187	56	260
190	191	51	257
193	198	57	242
198	196	54	245
0	0	0	0
0	0	0	0
0	0	0	0
0	0	0	0
0	0	0	0
0	0	0	0
0	0	0	0
0	0	0	0
0	0	0	0
0	0	0	0
0	0	0	0
0	0	0	0
0	0	0	0
0	0	0	0
0	0	0	0
0	0	0	0
0	0	0	0
0	0	0	0
333	216	63	238
337	217	69	253
342	215	70	256
360	219	59	253
358	223	65	248
371	220	61	242
370	222	68	234
378	221	67	250
372	225	80	234
391	226	69	246
394	223	68	249
399	224	73	248
402	225	72	241
406	236	81	230
415	234	77	229
427	230	71	237
431	230	72	240
437	225	68	244
444	234	62	236
438	234	76	224
443	232	70	232
447	237	70	219
450	238	69	212
458	239	61	221
450	242	73	213
455	243	71	212
457	249	73	205
459	246	73	206
463	246	69	206
465	245	71	212
465	247	74	210
469	247	72	214
470	247	75	215
474	247	71	215
474	249	74	210
480	251	64	209
483	251	63	209
489	253	57	201
491	254	55	194
490	257	54	194
496	255	48	198
496	258	47	187
496	259	47	188
492	261	52	189
505	262	37	188
504	264	37	187
506	264	37	187
503	266	44	175
500	267	47	168
496	268	53	166
495	268	55	170
495	268	55	170
496	270	56	167
490	274	65	161
488	279	67	153
497	275	58	162
504	275	51	158
509	273	46	161
513	273	42	160
514	273	41	157
514	278	42	152
516	275	42	155
516	280	42	150
518	277	42	150
522	279	36	151
520	279	40	152
523	281	36	149
