38	240	57	213
47	238	52	219
49	235	56	234
53	236	62	234
58	241	58	223
68	238	51	223
71	242	55	218
82	241	53	219
86	245	55	214
95	243	52	218
101	244	48	211
108	243	47	211
112	245	47	202
123	244	43	197
125	244	44	211
134	242	41	209
135	245	43	203
142	248	43	196
145	251	46	196
153	249	46	201
159	252	44	187
169	245	42	187
177	243	40	187
183	243	35	177
190	244	35	182
192	246	36	182
193	245	40	174
201	249	37	170
205	249	41	172
209	253	41	172
217	255	41	174
220	249	40	176
230	249	38	179
236	249	34	172
247	251	32	178
250	248	31	175
254	248	35	171
256	248	38	167
260	253	42	167
260	251	47	187
268	247	47	193
272	249	42	190
277	250	42	181
281	247	42	166
0	0	0	0
0	0	0	0
0	0	0	0
0	0	0	0
0	0	0	0
324	252	31	166
319	249	41	157
322	252	43	152
329	256	38	147
333	253	38	155
341	252	35	170
345	247	35	176
350	245	40	184
354	245	41	184
361	245	42	184
364	243	42	191
371	248	43	184
373	242	47	198
376	244	50	194
378	243	50	195
385	247	51	196
392	251	42	186
400	250	46	183
404	253	47	175
411	246	47	192
419	243	49	202
425	237	43	206
432	246	38	195
430	239	42	193
437	243	39	195
444	245	39	198
449	248	34	186
453	249	37	186
457	251	34	182
464	248	37	185
465	241	42	188
472	240	40	193
473	238	41	199
475	241	50	189
476	241	52	190
480	242	54	195
485	239	47	203
491	244	50	202
493	246	51	196
499	243	58	209
506	245	59	205
507	245	62	191
516	247	59	184
518	245	57	183
532	248	44	180
531	247	45	178
540	247	39	181
540	249	41	179
543	249	41	177
544	246	43	180
549	247	48	190
548	248	50	188
