97	226	113	253
106	238	119	239
115	239	113	237
129	248	117	231
137	243	108	235
154	247	105	231
159	252	108	222
167	250	110	229
175	249	107	231
188	247	103	237
195	248	106	233
203	246	110	234
206	245	114	236
223	242	101	236
228	251	103	228
240	248	99	233
243	249	101	231
258	252	92	227
261	245	91	232
274	247	88	217
278	250	90	223
287	247	85	219
302	257	78	220
306	252	81	223
321	243	75	236
329	236	63	238
328	201	97	265
356	193	119	289
327	188	147	294
323	189	140	298
303	184	148	299
295	185	152	295
279	179	162	306
280	185	174	294
262	183	201	296
241	191	214	288
221	184	214	299
211	192	151	291
377	229	144	249
391	240	96	241
406	248	89	226
425	255	68	210
435	262	66	207
440	259	65	206
444	265	71	198
449	271	66	191
455	265	79	196
456	258	78	205
460	258	83	197
462	257	81	202
464	259	81	204
467	262	83	195
472	265	87	190
473	266	91	200
471	267	99	193
491	267	84	182
507	270	79	180
509	269	78	181
513	272	79	180
525	272	67	177
527	269	72	179
534	273	70	175
552	274	60	168
554	269	62	179
560	268	63	177
