1.157543
0.085175
0.088572
0.087380
0.086330
0.084551
0.085488
0.083912
0.082003
0.082306
0.082305
0.084570
0.083045
0.083343
0.082057
0.081450
0.081795
0.055784
0.056319
0.055665
0.055753
0.055955
0.055804
0.055665
0.056152
0.056075
0.055754
0.056437
0.056203
0.055718
0.056149
0.055872
0.056213
0.056004
0.055722
0.081273
0.081978
0.125210
0.083007
0.126854
0.171069
0.083129
0.083040
0.083480
0.083205
0.083015
0.083793
0.083720
0.083638
0.083811
0.083401
0.084085
0.082770
0.083399
0.083815
0.083217
0.087973
0.083321
0.083253
0.081710
0.202721
0.081689
0.081572
0.081192
0.081028
0.082415
0.081328
0.081569
0.081858
0.081637
0.081841
0.088193
0.082307
0.080687
0.080794
0.081046
0.080338
0.080118
0.080276
0.080282
0.194636
0.080522
0.139722
0.080390
0.080017
0.079755
0.080089
0.080087
0.080429
0.080837
0.080549
0.083304
0.081231
0.080210
0.079971
0.080021
0.079794
0.080501
0.081829
0.081105
0.198927
0.081370
