1.363158
0.089603
0.085840
0.087496
0.088123
0.089286
0.087706
0.099213
0.088422
0.089845
0.089361
0.089905
0.086398
0.089244
0.087033
0.092824
0.085646
0.089458
0.090762
0.090226
0.184844
0.093329
0.087288
0.060380
0.060481
0.060967
0.064338
0.064992
0.060898
0.089603
0.092247
0.091877
0.085157
0.090375
0.095245
0.085627
0.090151
0.086484
0.094898
0.092190
0.220964
0.087359
0.159252
0.152153
0.149734
0.150980
0.088499
0.092922
0.085310
0.149614
0.152502
0.146003
0.150008
0.147863
0.151293
0.152331
0.147531
0.089246
0.088299
0.092754
0.148687
0.088802
0.087567
0.089716
0.088382
0.091817
0.089949
0.092695
0.151248
0.089957
0.090283
0.090396
0.093921
0.085948
0.091410
0.083391
0.087149
0.089036
0.090983
0.088615
0.206561
0.088631
0.088109
0.089264
0.089264
0.092001
0.058057
0.088073
0.062189
0.061165
0.061846
0.059227
0.061477
0.062149
0.059164
0.062463
0.090792
0.090174
0.090789
0.088162
0.206215
0.087410
0.088016
0.090396
0.089207
0.089843
0.087623
0.086821
0.077559
0.059850
0.055214
0.061068
0.059355
0.058031
0.088820
0.083824
0.088508
0.089394
0.091676
0.088443
0.147892
0.088520
0.088616
0.088843
0.087670
0.088615
0.088903
0.088852
0.091383
0.089174
0.091138
0.154071
0.150286
0.093402
0.155041
0.155072
0.153833
0.151772
0.151712
0.095834
0.207591
0.092625
0.087803
0.092258
0.090552
0.086134
0.088336
0.096793
0.095636
0.086646
0.092509
0.150993
0.092588
0.089824
0.152959
0.091655
0.092257
0.090633
0.091846
0.089617
0.223602
0.155270
0.090211
0.091402
0.088972
0.090414
0.094164
0.091276
0.094689
0.094050
0.096234
0.092140
0.100166
0.086891
0.087502
0.091612
0.094907
0.090441
0.093040
0.091393
0.062390
