1.157454
0.083091
0.083481
0.083184
0.083295
0.083261
0.081658
0.083823
0.081905
0.082113
0.081294
0.082288
0.081395
0.081561
0.081542
0.082345
0.081905
0.081271
0.080428
0.080577
0.166095
0.081252
0.080980
0.081811
0.080689
0.080316
0.081403
0.081396
0.080142
0.081250
0.081064
0.080289
0.080389
0.080899
0.056754
0.056409
0.056486
0.056783
0.056705
0.056859
0.057205
0.056620
0.081755
0.055658
0.055822
0.055705
0.055870
0.055820
0.055734
0.056008
0.055885
0.056255
0.056215
0.056001
0.055963
0.055889
0.055798
0.055880
0.056383
0.055593
0.055871
0.055707
0.055897
0.056044
0.056046
0.055850
0.055956
