1.165833
0.085773
0.084356
0.084615
0.085049
0.084112
0.084209
0.092546
0.093153
0.093077
0.093244
0.093265
0.093313
0.095402
0.095577
0.095343
0.094423
0.089964
0.091505
0.088398
0.188168
0.096144
0.091362
0.142496
0.096587
0.145316
0.145677
0.146302
0.096483
0.094616
0.096152
0.150565
0.095273
0.096498
0.096295
0.096935
0.099517
0.098155
0.098017
0.096709
0.211384
0.085458
0.087385
0.088346
0.088811
0.099296
0.103666
0.100315
0.110022
0.102868
0.105546
0.105529
0.109059
0.098766
0.087574
0.097065
0.097211
0.097141
0.068163
0.068210
0.209833
0.085459
0.086827
0.091997
0.087060
0.092459
0.086490
0.098108
0.097698
0.096710
0.090020
0.094091
0.097596
0.095344
0.095650
0.096619
0.095652
0.094942
0.097731
0.093603
0.205571
0.100378
0.098511
0.095035
0.092435
0.096694
0.091756
0.102633
0.088459
0.092155
0.098289
0.093591
0.092549
0.093891
0.093823
0.096689
0.088717
0.095587
0.094954
0.089917
0.229858
0.087239
0.083866
0.082990
0.091665
0.085012
0.086787
0.153398
0.087017
0.085730
0.090405
0.084130
0.083106
0.088481
0.088282
0.081815
0.142556
0.140610
0.141721
0.086504
0.199133
0.084969
0.084011
0.085100
0.083638
0.084865
0.082212
0.083016
0.084411
0.084948
0.082752
0.082951
0.084694
0.087225
0.057886
0.058806
0.059851
0.087926
0.086179
0.082150
0.196099
0.083597
0.083439
0.084945
0.086220
0.088056
0.083615
0.083104
0.082472
0.083147
0.084550
0.080041
0.082422
0.083499
0.086058
0.082544
0.080311
0.083821
0.141059
0.083982
0.194505
0.081537
0.082736
0.082284
0.084060
0.085086
0.092028
0.083523
0.084202
0.084296
0.083337
0.086761
0.088388
0.085397
0.085381
0.085412
0.085227
0.085631
0.086394
0.085748
0.199274
0.085787
0.093346
0.096629
0.096413
0.093220
0.093498
0.091600
0.086843
0.091984
0.094422
0.087838
