0.389516
0.047831
0.045768
0.044364
0.044264
0.044826
0.048511
0.044782
0.038133
0.044756
0.048382
0.045141
0.043314
0.043979
0.044542
0.043471
0.044040
0.046240
0.045241
0.043357
0.072967
0.047196
0.044604
0.044903
0.042290
0.043694
0.042780
0.043822
0.043406
0.042833
0.045447
0.042204
0.042481
0.042322
0.043316
0.044616
0.041720
0.037650
0.038667
0.045109
0.078734
0.043204
0.042176
0.042068
0.039795
0.041257
0.042278
0.043019
0.040333
0.041777
0.042135
0.043301
0.042101
0.041652
0.042781
0.039416
0.042934
0.042369
0.044167
0.043769
0.079359
0.043690
0.048058
0.044973
0.044113
0.044708
0.046881
0.045600
0.039013
0.041170
0.048306
0.041564
0.043125
0.046978
0.045557
0.047839
0.045143
0.047487
0.043074
0.043921
0.079918
0.049633
0.043617
0.044639
0.046733
0.042918
0.042889
0.044837
0.044981
0.043431
0.044408
0.044044
0.044562
0.043323
0.046113
0.046162
0.042972
0.045335
0.044968
0.044830
0.077681
0.042073
0.041472
0.039855
0.044035
0.048452
0.044879
0.045033
0.044441
0.040282
0.042974
0.043183
0.043734
0.043535
0.042408
0.043334
0.043787
0.043939
0.042304
0.042096
0.076515
0.044263
0.037308
0.042016
0.044276
0.040765
0.020382
0.041797
0.044483
0.047272
0.019235
0.041518
0.038309
0.046301
0.041309
0.040694
0.043010
0.039015
0.037621
0.042295
0.088970
0.043230
0.041845
0.043536
0.040076
0.041357
0.039024
0.040176
0.047613
0.042474
0.042294
0.045976
0.044959
0.043350
0.045334
0.046561
0.038601
0.046935
0.050213
0.041672
0.079615
0.042814
0.043447
0.045165
0.045283
0.043933
0.043869
0.044342
0.044126
0.045053
0.045155
0.043502
0.045997
0.043446
0.044148
0.046490
0.044907
0.045074
0.044784
0.043014
0.081183
0.046864
0.047941
0.044747
0.047143
0.041325
0.039716
0.042888
0.043665
0.046150
0.042369
0.041496
0.047405
0.039750
0.048135
0.041765
0.042856
0.043690
0.043275
0.044225
0.074255
0.039422
0.049014
0.040538
0.043017
0.042702
0.043160
0.043732
0.042766
0.042341
0.047442
0.049453
0.045672
0.043576
0.043237
0.043841
0.043727
0.040167
0.042016
0.046588
0.079553
0.039046
0.038206
0.039194
0.041432
0.042245
0.042436
0.042093
0.041629
0.046851
0.038737
0.040847
0.045391
0.040899
0.042606
0.044208
0.047938
0.040573
0.046188
0.049673
0.081201
0.043453
0.046659
0.044425
0.044693
