1.372352
0.084639
0.085134
0.089012
0.089196
0.090315
0.089175
0.089913
0.089361
0.091714
0.090949
0.089813
0.093076
0.089128
0.100705
0.086553
0.090144
0.091657
0.089956
0.091417
0.174527
0.092047
0.086178
0.091910
0.088626
0.086994
0.090927
0.086379
0.090554
0.086792
0.090161
0.089022
0.089778
0.088838
0.087801
0.088631
0.088111
0.095181
0.085250
0.088302
0.209504
0.089815
0.089101
0.086512
0.089563
0.087004
0.089118
0.088350
0.089021
0.089855
0.088314
0.091086
0.089409
0.090162
0.089038
0.089034
0.090376
0.087733
0.090375
0.089715
0.208503
0.089412
0.088094
0.089340
0.088496
0.089754
0.088699
0.087828
0.091837
0.088180
0.092009
0.088844
0.100181
0.085138
0.083967
