1.342531
0.086510
0.101424
0.087108
0.089567
0.088347
0.089377
0.090550
0.086850
0.090633
0.120751
0.122395
0.126897
0.087187
0.126653
0.125609
0.128660
0.130579
0.088277
0.059829
0.059061
0.059970
0.059101
0.137705
0.134202
0.094864
0.091402
0.106318
0.141402
0.135547
0.088553
0.089600
0.089831
0.086981
0.091348
0.086080
0.088583
0.059527
0.059445
0.059671
0.057762
0.059377
0.086608
0.090469
0.088090
0.089319
0.085750
0.090502
0.054963
0.060603
0.057680
0.088080
0.088815
0.088111
0.089422
0.088041
0.091541
0.089921
0.087846
0.084888
0.219459
0.060431
0.057814
0.056883
0.088022
0.057302
0.088767
0.085788
0.086679
0.087056
0.091961
0.089000
0.086961
0.088538
0.087153
0.089256
0.086505
0.089330
0.087662
0.149080
0.208755
0.089152
0.084642
0.087816
0.154178
0.087522
0.088684
0.151964
0.089037
0.151914
0.088456
0.087662
0.151191
0.089333
0.086406
0.157617
0.151456
0.148934
0.092786
0.089744
0.208033
0.085597
0.089861
0.084728
0.088289
0.086726
0.090344
0.086002
0.090820
0.085621
0.150918
0.087446
0.089124
0.093278
0.088674
0.088701
0.086722
0.090800
0.089022
0.088544
0.209257
0.106816
0.086032
0.089777
0.088680
