1.374201
0.111160
0.096433
0.088810
0.092045
0.089790
0.061773
0.060961
0.090587
0.062471
0.065529
0.063936
0.063504
0.064214
0.089159
0.094705
0.086980
0.089296
0.091852
0.087963
0.166570
0.088107
0.088835
0.087444
0.088903
0.088361
0.089643
0.134800
0.089036
0.088750
0.088214
0.088978
0.089675
0.087002
0.087628
0.090115
0.088010
0.087276
0.088010
0.087275
0.199815
0.088480
0.086125
0.083275
0.085467
0.095011
0.060456
0.088845
0.091001
0.085205
0.090752
0.089745
0.059860
0.058792
0.057901
0.070079
0.057829
0.059290
0.058201
0.061358
0.059441
0.059761
0.056945
0.059373
0.056771
0.057161
0.069263
0.058008
0.087270
0.087989
0.094151
0.086472
0.087745
0.088175
0.096645
0.092655
0.089465
0.087030
0.087322
0.091291
0.209528
0.092872
0.091708
0.089886
0.085193
0.090335
0.088505
0.091004
0.088613
0.090901
0.086350
0.106822
0.090327
0.084999
0.084249
0.087473
0.091128
0.088397
0.088779
0.085229
0.207893
0.091785
0.089206
0.090112
0.085799
0.086587
0.084369
0.086146
0.088827
0.087957
0.082865
0.086861
0.089958
0.088241
0.084803
0.087611
0.090352
0.093087
0.091774
0.089522
0.203583
0.088100
0.087555
0.088412
0.088539
0.092053
0.083620
0.086055
0.084828
0.087151
0.085398
0.089989
0.096713
0.088580
0.088111
0.092973
0.088463
0.093208
0.094877
0.096799
0.214428
0.088844
0.089292
0.090253
0.089002
0.097124
0.086795
0.090794
0.092641
0.089402
0.089602
0.085339
0.090681
0.090480
0.091426
0.090600
0.096844
0.090528
0.089445
0.087393
0.215824
0.087986
0.088763
0.090438
0.089753
0.082412
0.092866
0.086402
0.094178
0.089752
0.089975
0.087806
0.087055
0.093672
0.152302
0.088188
0.092062
0.093220
0.087884
0.088443
0.059266
0.061061
0.059580
0.058011
0.057890
0.058460
0.060234
0.060247
0.060684
