1.385578
0.090570
0.090470
0.088295
0.090452
0.087557
0.085855
0.085842
0.057317
0.055622
0.061844
0.061860
0.061073
0.061037
0.062670
0.061663
0.062494
0.121640
0.090074
0.089276
0.153406
0.091096
0.087071
0.105656
0.094457
0.090544
0.087169
0.088110
0.091136
0.090037
0.088784
0.090242
0.085555
0.090371
0.086097
0.086868
0.087543
0.093697
0.088898
0.059722
0.059721
0.059543
0.095016
0.090774
0.087620
0.089279
0.090320
0.086224
0.088392
0.095995
0.090275
0.086606
0.089699
0.089362
0.092431
0.151880
0.088724
0.151908
0.089150
0.154074
0.207350
0.089861
0.088223
0.089938
0.085656
0.091104
0.089177
0.089953
0.089224
0.094397
0.093431
0.085894
0.086493
0.091744
0.088079
0.086980
0.089257
0.088658
0.089485
0.089715
0.209419
0.089438
0.098183
0.091839
0.088871
0.089806
0.087354
0.087676
0.087744
0.093999
0.096064
0.089021
0.089262
0.085531
0.087006
0.088164
0.090113
0.088151
0.088115
0.089235
0.058507
0.059756
0.088356
0.087457
0.057557
