35	265	57	172
42	258	53	187
44	261	55	178
50	258	54	186
54	260	51	177
61	259	51	183
64	262	50	181
71	266	50	175
74	264	51	177
83	264	47	177
85	263	46	177
91	261	46	180
94	261	47	178
101	258	43	185
102	262	45	179
107	262	47	179
110	263	47	179
115	264	46	176
118	265	48	178
123	265	50	181
127	264	49	182
134	264	46	177
138	264	45	176
142	264	46	177
143	265	48	170
153	262	41	177
155	264	41	174
158	263	45	175
162	261	44	176
164	264	48	168
164	264	52	163
170	267	51	159
172	263	52	164
177	260	52	172
186	258	47	178
191	261	44	173
196	259	43	175
198	256	44	175
201	256	43	175
207	258	41	175
212	253	37	183
216	253	38	182
216	253	40	185
216	253	44	188
219	257	43	176
224	265	45	165
227	266	44	168
234	268	44	161
236	269	43	164
243	267	40	167
244	268	41	164
248	273	46	159
250	265	38	165
0	0	0	0
0	0	0	0
0	0	0	0
271	264	36	168
270	265	39	164
270	266	42	165
277	267	39	161
276	268	45	161
282	267	42	156
285	267	40	161
290	266	40	165
291	266	41	162
293	268	44	156
297	266	41	159
302	265	40	150
304	265	40	150
310	263	37	164
310	263	38	164
312	265	38	157
313	266	40	157
316	268	43	157
319	268	42	155
323	270	45	150
326	267	43	154
332	265	42	157
334	267	42	155
339	267	40	155
341	267	40	158
345	264	40	161
349	264	36	159
353	265	39	159
355	266	40	158
357	268	42	155
359	268	42	154
367	268	38	155
365	269	42	155
370	269	42	152
372	268	43	155
378	266	39	157
379	267	40	157
384	269	39	153
386	267	39	155
389	266	44	155
393	266	40	157
396	263	42	165
397	268	42	156
401	270	40	153
401	267	41	156
406	272	35	151
407	274	30	151
0	0	0	0
0	0	0	0
0	0	0	0
0	0	0	0
443	262	29	154
444	265	28	155
438	264	39	160
436	266	44	159
440	262	45	168
443	271	42	151
448	271	42	150
450	270	42	151
452	269	43	154
454	269	44	152
458	266	43	158
460	263	43	164
465	264	40	156
467	265	40	155
470	267	42	149
473	267	41	147
477	264	40	156
477	262	43	160
479	264	44	159
479	265	46	157
483	264	44	158
482	264	50	161
487	263	51	161
490	273	51	145
496	270	51	149
498	270	50	150
504	276	47	139
507	273	47	144
513	272	46	145
513	271	49	144
514	270	53	146
515	270	55	147
519	269	51	150
517	272	56	145
523	275	51	141
523	276	52	141
526	278	51	139
528	279	49	137
532	271	47	147
534	270	45	145
537	271	45	142
537	270	46	140
537	274	49	128
540	273	48	127
542	273	46	135
543	273	46	136
544	272	48	136
545	273	49	136
547	277	51	124
548	277	54	128
552	278	55	129
557	276	51	135
562	278	56	136
565	275	52	139
569	270	41	146
568	272	40	133
0	0	0	0
0	0	0	0
0	0	0	0
0	0	0	0
0	0	0	0
0	0	0	0
0	0	0	0
