482	278	55	138
485	273	44	147
479	273	47	150
477	270	45	154
472	269	41	159
468	257	42	171
465	259	41	173
459	259	45	178
0	0	0	0
0	0	0	0
0	0	0	0
0	0	0	0
0	0	0	0
0	0	0	0
0	0	0	0
0	0	0	0
0	0	0	0
405	261	46	182
398	265	46	173
397	273	44	160
391	273	43	150
386	276	47	149
360	283	65	137
356	285	70	137
359	277	55	146
357	276	52	146
358	274	44	150
359	274	41	152
355	276	41	142
354	272	38	154
349	270	40	157
342	273	51	155
341	279	54	144
354	283	40	140
361	286	31	136
360	288	34	133
362	288	32	127
358	289	38	117
360	290	35	113
0	0	0	0
0	0	0	0
0	0	0	0
290	274	32	126
287	275	34	127
281	276	34	129
274	279	41	125
265	277	46	125
256	280	50	131
251	278	46	127
247	281	43	119
243	285	46	123
239	280	46	130
236	276	41	148
234	272	41	154
227	275	40	152
219	270	42	151
219	277	40	151
204	274	52	146
201	276	57	152
197	275	50	145
190	273	48	141
191	277	41	127
180	280	46	134
178	278	45	135
170	277	48	142
168	277	46	147
161	277	44	146
162	268	40	157
154	275	45	146
155	277	44	145
142	280	52	135
138	280	44	119
132	280	43	119
125	288	48	112
119	292	47	112
119	291	44	109
112	288	46	114
105	284	49	120
95	278	53	131
95	278	47	142
89	276	45	160
88	270	44	171
79	275	49	166
74	276	50	151
65	281	52	143
57	283	54	132
50	286	52	128
48	282	48	135
41	281	49	143
40	279	49	146
33	277	43	154
33	277	41	145
26	278	43	146
25	279	43	143
10	280	54	144
9	281	54	142
0	282	52	139
0	283	50	139
-1	280	39	142
0	284	32	139
0	0	0	0
0	0	0	0
-6	284	29	140
-4	287	25	138
0	0	0	0
