0.395696
0.047785
0.044912
0.043806
0.048761
0.044163
0.043875
0.048033
0.046267
0.043796
0.045670
0.044011
0.048724
0.046022
0.045012
0.044775
0.045219
0.046116
0.045078
0.045242
0.076951
0.048212
0.036449
0.042765
0.041795
0.037675
0.041018
0.047294
0.039515
0.044338
0.042855
0.041569
0.041465
0.041013
0.041874
0.042702
0.041868
0.041070
0.040824
0.068769
0.076479
0.044474
0.043015
0.041403
0.042904
0.041870
0.040744
0.044830
0.042736
0.043086
0.047970
0.045171
0.044314
0.045641
0.045372
0.043962
0.060294
0.044487
0.045558
0.043830
0.077627
0.072627
0.042753
0.044978
0.043765
0.044735
0.044429
0.043776
0.044092
0.043438
0.043282
0.043983
0.042361
0.044868
0.042990
0.044727
0.043216
0.042417
0.042615
0.047264
0.078584
0.042631
0.043471
0.047258
0.043369
0.046849
0.039353
0.043785
0.038209
0.046157
0.049708
0.059759
0.045234
0.048092
0.039465
0.041437
0.042964
0.075103
0.043135
0.046944
0.075832
0.040249
0.039037
0.038985
0.039035
0.038563
0.039082
0.037861
0.038410
0.037851
0.038152
0.038167
0.037980
0.037929
0.037952
0.038174
0.037802
0.038233
0.038988
0.039285
0.072429
0.038807
0.038665
0.038883
0.038895
0.038768
0.038760
0.039196
0.039014
0.038992
0.039031
0.038830
0.038702
0.038755
0.038713
0.038839
0.038887
0.038916
0.039177
0.039291
0.072998
0.039333
0.037049
0.037248
0.037845
0.040300
0.036649
0.037100
0.037037
0.037457
0.037218
0.037424
0.037408
0.037571
0.037298
0.038708
0.042202
0.042209
