0.326419
0.041441
0.040993
0.040996
0.041643
0.041151
0.041081
0.041142
0.040987
0.041057
0.041061
0.040914
0.040925
0.041071
0.040854
0.040874
0.040842
0.040840
0.040958
0.040931
0.069910
0.041559
0.041204
0.044446
0.043521
0.042505
0.042738
0.042004
0.043478
0.043937
0.039906
0.042760
0.042737
0.038697
0.043560
0.040572
0.042031
0.045158
0.042027
0.039374
0.076479
0.042870
0.041168
0.042256
0.042373
0.044262
0.042895
0.020461
0.040195
0.038251
0.041056
0.040710
0.044195
0.046011
0.041996
0.041007
0.040596
0.021558
0.021271
0.044297
0.078302
0.039711
0.041960
0.045015
0.044887
0.042029
0.041708
0.038063
0.038661
0.038113
0.038890
0.038464
0.037960
0.037492
0.037966
0.037549
0.037807
0.037732
0.037643
0.038035
0.071415
0.037850
0.037228
0.037062
0.036530
0.036991
0.036316
0.037169
0.036978
0.036841
0.036769
0.037564
0.037354
0.037660
0.037791
0.055506
0.037978
0.037829
0.036966
0.037354
0.070499
0.037481
0.037321
0.037516
0.037529
0.037718
0.038696
0.040425
0.040940
0.040483
0.042819
0.037608
0.036994
0.037131
0.036993
0.037185
0.037564
0.038203
0.042209
0.043272
0.076439
0.036394
0.036542
0.036510
0.036486
0.037039
0.036446
