406	255	114	44
400	250	114	49
403	251	110	47
398	254	116	45
396	252	118	46
393	249	122	51
392	251	129	48
390	248	133	49
388	251	134	44
383	254	118	41
382	255	107	41
383	254	100	40
381	255	101	37
378	254	98	39
377	255	96	37
374	255	93	36
372	254	91	37
369	253	93	36
368	254	90	36
365	253	89	37
364	252	88	38
360	252	89	37
359	252	88	34
357	252	86	34
353	251	88	35
351	250	86	34
349	250	87	33
347	251	88	32
345	251	87	33
342	250	86	32
340	248	83	34
337	249	85	33
335	248	83	34
332	248	85	34
328	249	85	31
327	249	85	31
323	248	86	30
321	248	85	30
317	248	85	29
316	247	86	30
313	247	83	30
312	248	83	29
308	248	85	29
308	246	83	29
304	246	82	30
303	245	84	30
296	245	84	31
296	245	85	30
293	245	84	29
291	245	83	29
288	244	82	28
286	244	82	28
285	243	81	29
283	243	81	29
281	243	79	29
278	243	81	28
273	244	82	28
274	243	81	27
269	242	82	28
267	242	81	28
263	242	81	26
261	242	82	26
258	241	82	26
256	241	80	27
252	241	80	26
252	241	81	27
248	240	82	28
248	240	81	28
244	240	82	27
242	240	81	27
239	240	81	28
236	240	82	26
233	239	80	28
230	239	81	26
226	239	81	27
224	239	83	27
220	238	83	29
218	238	85	27
215	238	83	27
213	238	84	28
208	238	85	27
207	238	85	26
204	237	84	27
202	237	85	26
198	237	87	27
196	236	89	27
196	236	86	26
196	236	84	26
196	236	82	27
198	237	82	27
197	237	81	27
198	237	78	29
199	237	79	26
198	237	81	27
197	236	83	27
198	237	82	28
198	237	77	27
198	236	73	27
197	236	74	26
197	236	71	26
204	236	65	24
197	236	65	26
207	236	67	29
205	236	74	43
197	238	86	51
193	237	91	57
186	239	94	59
186	238	94	57
178	238	99	57
175	238	101	57
163	239	112	55
166	237	110	57
159	239	114	55
171	222	116	67
152	236	124	59
144	240	131	52
170	231	118	45
169	237	114	32
170	235	117	34
167	237	124	28
175	237	120	29
174	237	118	28
190	238	99	24
196	237	87	28
199	238	85	27
201	238	84	25
200	237	86	27
200	238	85	27
199	239	84	26
202	238	82	27
202	238	82	27
202	238	83	26
201	238	82	25
202	238	81	25
199	238	84	25
200	239	85	25
200	238	84	26
201	238	83	26
201	238	83	27
201	237	84	27
201	237	84	27
202	238	81	27
203	237	80	28
209	238	73	27
206	238	78	25
205	238	77	26
206	237	77	26
201	238	81	26
203	238	81	27
203	238	85	28
203	238	86	28
203	237	84	30
202	238	85	29
203	237	84	29
