0.328036
0.040346
0.038704
0.038806
0.038781
0.046761
0.042732
0.039501
0.040011
0.041212
0.038876
0.040061
0.041616
0.039524
0.039207
0.038997
0.040931
0.040346
0.040381
0.040323
0.070520
0.040170
0.043394
0.045949
0.044961
0.046150
0.039402
0.039391
0.038208
0.038042
0.038301
0.039128
0.038093
0.037924
0.037871
0.038011
0.040508
0.042928
0.047441
0.045377
0.079434
0.038738
0.039911
0.039524
0.040002
0.040068
0.039495
0.037244
0.037271
0.037119
0.038324
0.039529
0.039497
0.037157
0.037133
0.038320
0.037582
0.037696
0.036730
0.037219
0.071026
0.037572
0.037363
0.037699
0.038021
0.037835
0.037239
0.037526
0.037579
0.037448
0.037458
0.037339
0.037470
0.038751
0.044227
0.037209
0.037311
0.037150
0.036375
0.036301
0.070699
0.037108
0.037195
0.037009
0.037852
0.037896
0.037758
0.036401
0.037205
0.037221
0.037403
0.037664
0.037584
0.037268
0.038138
0.038011
0.038616
0.037316
0.037462
0.037760
0.071250
0.039952
0.038803
0.043955
0.039033
0.041451
0.042225
0.041461
0.043010
0.037681
0.036862
0.037724
0.037743
0.036964
0.037849
0.036992
0.037047
0.037140
0.037081
0.037127
0.070921
0.037257
0.041792
0.042526
0.044043
0.038236
0.036541
0.036757
0.036645
0.036580
0.036626
0.036902
0.036532
0.036720
0.036653
0.036633
0.036799
0.036559
0.036747
0.036787
0.070379
0.036737
0.036752
0.036614
0.036788
0.036754
0.036775
0.036830
0.037177
0.037708
0.037143
0.037974
0.037681
0.038182
0.039010
0.038761
0.037543
0.037048
