284	292	76	73
285	286	71	72
284	287	71	75
282	291	73	71
282	290	74	68
281	287	73	73
283	292	70	71
282	285	70	73
284	286	65	71
280	283	68	80
277	287	69	73
278	277	67	81
271	283	71	76
271	277	66	81
268	284	71	75
263	276	72	82
262	277	71	84
257	276	69	83
255	274	69	83
248	278	72	80
244	277	73	83
237	277	68	80
233	279	66	80
228	273	63	87
225	274	64	83
221	271	58	84
216	271	57	86
0	0	0	0
0	0	0	0
0	0	0	0
0	0	0	0
0	0	0	0
0	0	0	0
0	0	0	0
0	0	0	0
0	0	0	0
0	0	0	0
0	0	0	0
0	0	0	0
0	0	0	0
0	0	0	0
0	0	0	0
0	0	0	0
0	0	0	0
0	0	0	0
0	0	0	0
0	0	0	0
0	0	0	0
0	0	0	0
0	0	0	0
0	0	0	0
0	0	0	0
0	0	0	0
0	0	0	0
0	0	0	0
218	269	69	86
223	271	70	85
234	269	66	90
236	269	73	91
253	267	69	93
258	267	72	91
266	270	76	91
275	269	74	93
285	271	77	89
288	273	80	83
290	274	91	85
296	270	92	85
318	274	83	84
327	273	76	91
339	269	76	95
345	267	82	98
356	266	76	100
363	264	68	103
369	258	64	110
377	253	54	115
389	256	41	115
394	259	37	107
0	0	0	0
0	0	0	0
0	0	0	0
0	0	0	0
0	0	0	0
0	0	0	0
0	0	0	0
0	0	0	0
0	0	0	0
0	0	0	0
0	0	0	0
0	0	0	0
0	0	0	0
0	0	0	0
402	262	29	108
0	0	0	0
385	260	44	110
381	254	50	115
368	257	65	112
364	255	71	114
356	256	79	110
348	256	85	102
325	263	108	99
320	262	101	99
295	263	106	96
291	257	103	100
276	259	107	96
265	259	109	95
248	256	109	97
241	254	105	104
222	250	106	103
211	250	111	101
202	249	101	92
199	245	92	95
198	245	71	92
192	245	68	94
0	0	0	0
0	0	0	0
0	0	0	0
0	0	0	0
102	234	68	85
93	240	73	68
81	246	62	61
81	242	62	64
76	240	65	65
72	239	67	66
69	241	71	67
66	238	90	69
64	238	99	72
65	236	97	74
65	241	100	68
70	245	93	67
74	246	85	65
83	248	82	70
88	249	70	68
88	271	79	53
0	0	0	0
0	0	0	0
0	0	0	0
0	0	0	0
0	0	0	0
182	270	79	60
194	266	72	71
206	264	68	81
205	262	81	89
208	262	91	94
214	261	103	95
218	260	103	97
227	264	108	97
230	260	114	98
249	261	108	100
260	258	103	101
268	263	111	97
277	260	107	97
291	266	103	94
290	273	116	87
316	271	104	92
322	265	104	100
339	264	98	100
350	258	86	110
360	256	77	113
367	255	67	113
372	258	57	91
388	264	42	84
409	289	31	74
412	276	22	67
0	0	0	0
0	0	0	0
0	0	0	0
0	0	0	0
0	0	0	0
0	0	0	0
0	0	0	0
0	0	0	0
0	0	0	0
0	0	0	0
0	0	0	0
0	0	0	0
0	0	0	0
0	0	0	0
0	0	0	0
0	0	0	0
409	287	26	60
397	283	32	58
382	294	34	54
375	293	40	51
354	291	37	50
342	295	40	46
358	293	42	51
346	288	51	59
306	285	66	65
304	280	75	78
285	275	86	85
281	276	86	87
