0.322850
0.039721
0.036422
0.036536
0.036725
0.036407
0.036529
0.036551
0.036347
0.037526
0.037243
0.037412
0.037415
0.041677
0.037440
0.037406
0.037060
0.039407
0.037091
0.037192
0.065541
0.037074
0.037140
0.037190
0.037174
0.037063
0.037185
0.037308
0.037052
0.036944
0.037358
0.037035
0.037120
0.037397
0.037134
0.037008
0.037296
0.037256
0.039515
0.037323
0.070868
0.039565
0.037513
0.037834
0.037245
0.037851
0.038233
0.044330
0.046454
0.041825
0.043031
0.046638
0.045851
0.044868
0.044182
0.044414
0.044200
0.043871
0.044232
0.044539
0.078294
0.044711
0.044627
0.043890
0.043869
0.044456
0.044395
0.044230
0.044146
0.044116
0.043889
0.043592
0.043760
0.045956
0.044376
0.043497
0.043388
0.043514
0.043661
0.043609
0.078353
0.041661
0.045047
0.041043
0.039133
0.039497
0.039293
0.039751
0.043932
0.043699
0.043582
0.043810
0.043523
0.043730
0.043837
0.045988
0.044080
0.044392
0.045307
0.045664
0.078658
0.049768
0.052770
0.042936
0.042975
0.044177
0.048541
0.043721
0.044530
0.042899
0.043140
0.043660
0.042750
0.042796
0.042506
0.042223
0.042774
0.042908
0.042424
0.042983
0.077007
0.042442
0.045449
0.045387
0.043211
0.046520
0.044047
0.048399
0.049038
0.044638
0.047448
0.044577
0.041431
0.041981
0.044043
0.044703
0.047948
0.042113
0.045242
0.038792
0.084769
0.042289
0.044267
0.046985
0.053209
0.044502
0.045712
0.044440
0.043193
0.045884
0.045405
0.043245
0.045060
0.061067
0.045702
0.048797
0.043239
0.044514
0.044668
0.043437
0.097481
0.045186
0.050723
