0.313980
0.037878
0.043569
0.039613
0.039880
0.038851
0.043639
0.046144
0.040422
0.038464
0.038804
0.041858
0.040309
0.038517
0.037150
0.039469
0.038869
0.043043
0.039343
0.039904
0.067756
0.038881
0.043724
0.039119
0.038561
0.038732
0.038449
0.019467
0.019455
0.019427
0.019434
0.019463
0.019516
0.019460
0.019427
0.019467
0.019449
0.019471
0.019568
0.019532
0.019497
0.019602
0.019519
0.019508
0.019494
0.019518
0.019573
0.019517
0.019639
0.019510
0.019651
0.019718
0.019480
0.019477
0.019493
0.038735
0.039103
0.038644
0.038726
0.042181
0.071815
0.038879
0.043591
0.038913
0.039115
0.038996
0.039008
0.039361
0.039084
0.038741
0.038661
0.039179
0.038947
0.038976
0.039069
0.038590
0.038600
0.019294
0.019323
0.019340
0.019294
0.019283
0.019273
0.019285
0.019266
0.019353
0.019264
0.019240
0.019329
0.019334
0.019304
0.038557
0.019220
0.038315
0.038620
0.038807
0.038977
0.039090
0.039712
0.039856
0.075076
0.040714
0.038951
0.038768
0.038629
0.039670
0.040149
0.041884
0.043666
0.044682
0.039294
0.039145
0.040718
0.022923
0.019822
0.019826
0.019747
0.056569
0.060123
0.040462
0.076168
0.038296
0.038422
0.042701
0.038381
0.043830
0.041797
0.038963
0.043379
0.041723
0.040402
0.038733
0.042441
0.020710
0.019558
0.019594
0.019619
0.019629
0.039062
0.040030
0.072890
0.039140
0.039811
0.038673
0.038702
0.038474
0.038370
0.038362
0.038173
0.048263
0.046661
0.041010
0.044539
0.044617
0.039280
0.040987
0.045821
0.039486
0.038171
0.038125
0.073038
0.038393
0.037054
0.018913
0.019516
0.018883
0.018904
0.020255
0.019652
0.019099
0.019233
0.021589
0.020378
0.019424
0.019229
0.019275
0.019500
0.019168
0.018938
0.037152
0.069983
0.036271
0.039986
0.038607
0.037012
0.037072
0.037144
0.037308
0.037614
0.037905
0.039025
