11	214	97	58
14	216	94	54
21	216	95	52
25	216	89	55
28	212	95	58
32	216	91	56
36	212	94	57
40	216	94	53
42	215	95	56
46	214	94	55
51	218	96	51
57	217	91	53
60	219	95	53
65	218	89	53
69	219	92	51
73	220	91	51
80	221	88	51
84	220	88	51
88	219	90	53
91	220	88	52
97	221	87	52
100	220	83	51
105	222	80	51
108	222	83	49
112	223	86	49
117	222	85	49
122	221	85	51
125	221	83	52
131	224	80	48
132	226	83	46
138	225	81	47
142	224	77	48
147	225	78	49
150	224	78	49
153	226	81	49
156	226	81	49
162	226	78	50
165	226	81	51
169	228	80	51
173	228	78	52
176	226	75	55
180	227	71	55
187	227	63	55
193	226	53	56
196	227	59	56
201	227	60	57
206	224	58	61
0	0	0	0
212	225	52	59
214	226	51	60
249	235	57	52
221	225	65	54
228	229	71	57
223	230	85	57
221	231	105	58
215	235	117	49
211	236	121	51
0	0	0	0
0	0	0	0
213	234	121	51
214	237	122	50
211	235	124	51
213	235	123	52
214	232	121	53
214	234	122	52
213	235	121	50
213	236	126	50
210	236	130	48
213	237	129	49
213	236	130	49
213	238	134	48
211	238	141	49
211	238	143	48
238	235	134	50
243	234	126	51
245	235	120	50
249	235	118	49
247	236	122	50
249	234	125	53
259	234	122	50
280	233	113	47
289	232	99	52
296	234	91	45
317	234	72	44
324	235	64	41
330	234	64	40
332	235	62	40
333	235	66	40
335	236	64	40
339	234	63	41
340	236	66	40
346	236	62	40
347	236	64	41
350	235	67	40
354	236	59	41
357	235	61	43
359	235	60	40
362	237	64	39
364	234	61	42
368	237	60	41
369	235	64	42
372	236	64	40
374	237	63	40
379	236	61	39
380	237	62	39
383	236	60	40
385	237	59	39
389	236	58	40
390	236	61	41
394	237	60	40
395	236	59	39
399	236	62	40
400	237	64	37
404	236	62	40
406	238	62	40
409	236	63	41
411	236	63	40
414	237	63	39
416	236	62	39
419	236	63	39
421	238	61	39
425	235	60	40
426	238	63	38
430	235	60	41
430	237	63	38
434	235	60	40
437	236	59	41
