0.393309
0.044952
0.044085
0.043573
0.043200
0.045515
0.044454
0.043629
0.047026
0.045696
0.044828
0.047696
0.042932
0.040309
0.039200
0.044084
0.040246
0.046228
0.046277
0.043605
0.075699
0.042975
0.046493
0.046590
0.044057
0.045453
0.044429
0.045239
0.044941
0.043488
0.042920
0.045074
0.044647
0.045044
0.046794
0.045659
0.043883
0.043167
0.043524
0.044440
0.078679
0.044660
0.042260
0.042375
0.044318
0.044553
0.043610
0.043354
0.062819
0.042845
0.042022
0.059675
0.041842
0.041759
0.042243
0.039905
0.044249
0.041398
0.047945
0.041523
0.076785
0.043786
0.041364
0.044297
0.046534
0.043965
0.042948
0.041287
0.045601
0.042709
0.044260
0.041904
0.040777
0.045002
0.042816
0.041441
0.042996
0.041308
0.042837
0.042729
0.078894
0.041854
0.043009
0.044492
0.045312
0.050040
0.045418
0.042233
0.045112
0.049835
0.044477
0.041563
0.043207
0.043104
0.043730
0.043146
0.041909
0.042066
0.050371
0.043057
0.080516
0.044868
0.041485
