449	222	172	83
443	211	184	93
435	217	188	92
435	216	189	98
438	209	188	100
438	215	183	95
436	212	182	95
433	218	187	84
435	214	186	86
433	204	188	97
431	210	186	92
432	213	181	96
431	212	178	101
434	221	173	90
425	210	186	98
422	215	179	87
424	220	174	81
418	212	179	91
415	213	179	92
412	215	179	90
410	213	186	89
406	214	187	90
402	214	179	88
401	217	175	85
400	213	168	92
397	211	174	89
393	210	174	98
394	213	170	88
385	218	173	87
389	215	172	90
388	212	176	89
383	210	171	95
383	203	176	96
377	208	177	96
382	211	177	88
376	218	170	87
378	213	175	90
381	217	167	84
375	215	167	89
377	210	176	90
370	225	179	77
376	216	177	85
375	211	175	87
368	218	176	87
370	215	175	85
368	211	173	89
367	216	172	83
363	223	173	81
365	222	170	77
361	216	174	87
360	216	167	86
364	225	165	76
363	229	165	70
356	226	171	76
356	224	170	78
357	225	168	76
360	225	164	73
355	224	168	76
350	221	173	78
352	222	168	74
347	220	172	81
344	221	175	78
348	225	165	72
345	225	168	74
344	220	170	77
342	219	167	80
341	225	165	75
341	222	167	76
340	225	162	73
338	227	165	69
341	230	158	66
338	228	160	69
337	228	163	67
338	227	160	67
332	225	165	72
333	228	164	68
333	225	163	72
332	224	164	73
331	226	166	70
333	219	163	76
327	225	165	79
330	225	165	74
329	223	165	72
324	222	171	71
326	223	159	72
323	227	161	71
316	220	168	75
315	220	165	76
312	224	162	71
314	222	151	74
305	222	161	75
307	225	160	69
301	223	163	72
299	221	161	73
299	224	154	72
297	224	154	72
290	224	160	69
292	226	154	68
295	230	148	65
288	231	154	63
278	227	156	70
279	228	156	64
279	231	152	61
276	229	150	64
262	227	162	66
263	230	158	63
258	230	160	62
252	228	162	65
254	228	156	64
247	227	161	65
250	229	154	63
249	229	152	61
247	232	151	62
257	232	138	63
263	231	133	61
240	231	152	63
240	233	156	64
245	235	148	60
238	231	152	67
239	233	151	64
235	228	154	60
235	233	152	61
234	230	148	62
228	227	156	63
217	225	163	68
215	225	164	66
203	226	169	69
202	226	168	65
205	227	157	64
202	229	155	62
193	229	162	61
189	228	164	63
180	227	167	60
177	227	163	62
172	229	161	61
165	226	162	63
157	223	165	66
151	224	167	65
153	228	159	59
144	223	162	66
135	219	165	70
134	217	167	72
127	221	172	68
126	222	169	67
119	222	169	67
127	224	161	62
117	221	168	66
120	226	162	62
111	222	170	64
107	218	170	68
113	224	163	64
105	218	171	67
109	223	163	64
102	221	169	66
98	219	170	68
102	221	164	65
95	223	173	63
93	213	172	74
94	220	174	66
87	213	176	74
90	219	175	68
91	213	172	74
100	220	164	65
