1.341505
0.088273
0.085073
0.091749
0.093734
0.090012
0.089938
0.090922
0.084764
0.093618
0.090051
0.090826
0.086934
0.086179
0.082657
0.093231
0.091948
0.090582
0.089212
0.086650
0.167269
0.085784
0.091091
0.089154
0.091021
0.088296
0.090999
0.091397
0.087404
0.090257
0.086775
0.088693
0.091770
0.084883
0.089564
0.089249
0.092520
0.090006
0.093249
0.088852
0.209920
0.092116
0.091633
0.087624
0.089376
0.090229
0.084049
0.089378
0.083429
0.091937
0.091411
0.088988
0.090308
0.092437
0.089698
0.089977
0.091628
0.092438
0.091486
0.089052
0.209794
0.090268
0.093034
0.090789
0.090598
0.092363
0.092427
0.091302
0.094314
0.090782
0.064757
0.059942
0.063372
0.065090
0.061181
0.062459
0.062467
0.063240
0.064522
0.062342
0.063702
0.067790
0.058433
0.064785
0.060795
0.058310
0.064061
0.081587
0.065038
0.062318
0.063282
0.065340
0.062651
0.062986
0.065711
0.062167
0.062920
0.064416
0.064839
0.064566
0.063410
0.064717
0.062119
0.065714
0.062909
0.062812
0.063909
0.064471
0.065318
0.062829
0.063986
0.065067
0.062738
0.063880
0.064322
0.063163
0.063471
0.064848
0.064926
0.064991
0.063506
0.063937
0.064872
0.063144
0.065863
0.065074
0.062778
0.063969
0.082478
0.062376
0.060871
0.057904
0.059141
0.067779
0.062546
0.064616
0.060934
0.059168
0.062594
0.067898
0.062624
0.064827
0.060101
0.058131
0.058882
0.060807
0.057656
0.062724
0.064320
0.064362
0.066800
0.057659
0.059008
0.066587
0.065044
0.058827
0.090622
0.096048
0.089306
0.091046
0.207971
0.085902
0.086080
0.090429
0.086913
0.086603
0.089314
0.093534
0.085608
0.086716
0.091936
0.092287
0.091366
0.093081
0.085588
0.090221
0.091008
0.091596
0.090080
0.091348
0.208310
0.090447
0.087718
0.089090
0.092654
0.091953
0.087463
0.091588
0.095239
0.092829
0.090879
0.090306
0.091622
0.093097
0.090658
0.091124
0.085443
0.086640
0.093156
0.089041
0.208185
0.086483
0.093145
0.094708
0.088858
0.090533
0.089131
0.091366
0.084123
0.088933
0.089690
0.091792
0.089710
0.094089
0.090333
0.090600
0.091254
0.089045
0.088206
0.088941
0.213629
0.086239
0.091321
0.087551
0.086597
0.090453
0.090266
0.085415
0.089136
0.089257
0.090429
0.089897
0.092780
0.091975
