1.299480
0.089804
0.091243
0.089021
0.087968
0.088205
0.091966
0.094347
0.089592
0.088420
0.085338
0.087668
0.088422
0.088869
0.081596
0.090284
0.089612
0.085743
0.081276
0.088429
0.169798
0.085410
0.092100
0.086685
0.087353
0.089809
0.087303
0.087939
0.090124
0.086411
0.090003
0.086682
0.089306
0.087477
0.085924
0.081751
0.091310
0.087404
0.089906
0.086309
0.207163
0.088161
0.060236
0.062156
0.060124
0.060292
0.059961
0.061385
0.060149
0.060113
0.062293
0.059172
0.059930
0.090918
0.088549
0.090509
0.085666
0.086058
0.087024
0.084633
0.197531
0.085468
0.083400
0.089224
0.089109
0.085157
0.085975
0.088520
0.085734
0.084167
0.087575
0.086799
0.086275
0.085348
0.087992
0.060829
0.059652
0.058267
0.058175
0.059026
0.058907
0.056506
0.059173
0.058292
0.059098
0.059104
0.058219
0.057163
0.058492
0.058587
0.056543
0.056201
0.060890
0.057706
0.059334
0.059116
0.058733
0.061628
0.060552
0.058750
0.059285
0.058755
0.061710
0.058407
0.058394
0.058859
0.086814
0.085410
0.087762
0.086269
0.086382
0.088742
0.086427
0.086966
0.087059
0.085657
0.088992
0.088577
0.082304
0.082713
0.214701
0.085062
0.083026
0.084836
0.087754
0.088223
0.084993
0.084843
0.084648
0.087537
0.096020
0.082243
0.090456
0.086812
0.092503
0.081567
0.085857
0.087845
0.087135
0.089365
0.207159
0.087379
0.087592
0.087907
0.089224
0.089297
0.083652
0.087216
0.091404
0.088334
0.088464
0.085095
0.084403
0.088105
0.096788
0.085165
0.092522
0.088260
0.083538
0.057101
0.059872
0.058770
0.060979
0.061393
0.061484
0.059824
0.093051
0.089521
0.088843
0.088875
0.089277
0.086419
0.089941
0.082269
0.087226
0.092831
0.086118
0.083264
0.087251
0.089101
0.206367
0.083296
0.087229
0.084669
0.089693
0.086090
0.089261
0.085780
0.088688
0.089268
0.090725
0.088183
0.089892
0.082985
0.083745
0.088221
0.084732
0.083790
0.084939
0.090181
0.197785
0.084950
0.089917
0.091317
0.089432
0.082651
0.084286
0.087205
0.088936
0.089394
0.087808
0.088158
0.088489
0.087582
0.084157
0.088490
0.088286
0.085090
0.087862
0.084087
0.196359
0.087439
0.087525
0.087498
0.091258
0.086354
0.090726
0.087115
0.087818
0.089790
0.088369
0.087122
0.090051
0.087446
0.087883
0.087627
0.090273
0.084103
0.088549
0.088809
0.208135
0.090818
0.087836
0.090175
0.093355
0.088082
0.087244
0.088751
0.085508
0.088718
0.087537
0.087775
0.089434
0.088937
0.087618
0.091949
0.087668
0.087754
0.089413
0.086937
0.202964
0.087460
0.087433
0.089681
0.089119
0.087588
0.087729
0.088095
0.084851
0.082723
0.082603
0.086853
0.088327
0.087366
0.085799
0.090124
0.086537
0.088463
0.087352
0.086739
0.209813
0.082513
0.084569
0.089577
0.088357
0.088422
0.092616
0.088722
0.089968
0.060701
0.060380
0.062124
0.061838
0.062092
0.057059
0.057353
0.058113
0.058456
0.057295
0.061626
0.061823
0.065358
0.059357
0.060082
0.088982
0.078481
0.091775
0.063298
0.063008
0.063387
0.061217
0.057628
0.058848
0.059453
0.061361
0.062086
0.061489
0.059621
0.068279
0.063740
0.062661
0.063192
0.058155
0.058195
0.058969
0.059748
0.061874
0.061617
0.057551
0.059179
0.058632
0.061451
0.061640
0.061831
0.059346
0.059461
0.057410
0.061278
0.062183
0.061653
0.061527
0.063066
0.063042
0.062079
0.061626
0.061826
0.063867
0.091404
0.058505
0.084198
0.093918
0.091133
0.090813
0.095180
0.092864
0.093821
0.091186
0.089512
0.093518
0.089913
0.204491
0.093176
0.086891
0.089151
0.088636
0.088108
0.091017
0.087893
0.087353
0.090302
0.085246
0.081123
0.082600
0.090992
0.086993
0.089027
0.088386
0.087085
0.091177
0.088829
0.203644
0.090864
0.087162
0.087488
0.088691
0.083880
0.087037
0.088475
0.088254
0.089847
0.090550
0.089705
0.082527
0.082676
0.087094
0.084852
0.087972
0.085967
0.084539
0.088882
0.207087
0.085291
0.087694
0.060429
0.055221
0.082298
0.086665
0.057577
0.058420
0.058857
0.057909
0.057895
0.057529
0.055830
0.057915
0.059011
0.058598
0.084353
0.084208
0.091424
0.202829
0.086069
0.087414
0.086766
0.086854
0.088294
0.085129
0.087002
0.088055
0.087135
0.086062
0.093932
0.089135
0.087431
0.085565
0.087686
0.088148
0.086969
0.090449
0.085239
0.206645
0.090122
0.088645
0.090251
0.088685
0.082675
0.082355
0.084689
0.081992
0.082717
0.081195
0.087195
0.087891
0.087168
0.086882
0.083151
0.088269
0.087085
0.082296
0.081231
0.205978
0.087832
0.087299
0.084627
0.091173
0.086201
0.087520
0.087551
0.081917
0.083847
0.089540
0.086379
0.087906
0.093082
0.087856
0.089257
0.085155
0.081856
0.087017
0.083564
0.202219
0.089655
0.089782
0.083034
0.085152
0.087937
0.089121
0.088594
0.085497
0.093242
0.088058
0.089540
0.087256
0.089429
0.089419
0.082538
0.082387
0.091833
0.087260
0.081985
0.199670
0.083453
0.084799
0.098489
0.087170
0.089673
0.087483
0.089354
0.087931
0.090866
0.086890
0.088489
0.094982
0.088331
0.097440
0.060022
0.059743
0.060165
0.061599
0.057313
0.056802
0.081415
0.090723
0.086255
0.082625
0.082259
0.093224
0.084124
0.087540
0.082827
0.082874
0.082617
0.084879
0.086075
0.087126
0.085511
0.092366
0.085954
0.083174
0.092066
0.200547
0.089497
0.085450
0.085603
0.089320
0.099824
0.085298
0.085332
0.089357
0.085669
0.088024
0.089473
0.089085
0.084281
0.081962
0.086867
0.084437
0.087617
0.087876
0.087387
0.205087
0.089751
0.088727
0.088475
0.088364
0.089972
0.087139
0.087238
0.090274
0.088545
0.088012
0.087599
0.089027
0.090400
0.087088
0.088052
0.085640
0.093922
0.086279
0.089282
0.212058
0.084152
0.087044
0.088526
0.087530
0.081288
0.092462
0.086980
0.085914
0.087442
0.085438
0.092680
0.091535
0.093837
0.089952
0.089829
0.088161
0.090307
0.088794
0.090173
0.210860
0.087262
0.090168
0.097070
0.090676
0.091098
0.090796
0.090497
0.092058
0.098755
0.091279
0.090183
0.093679
0.094668
0.087706
0.089654
0.090723
0.091648
0.086324
0.093890
0.214134
0.088016
0.091472
0.091638
0.093515
0.083835
0.087682
0.084179
0.089751
0.089545
0.092895
0.087459
0.094182
0.091006
0.091936
0.091109
0.095023
0.086724
0.088385
0.091858
0.209867
0.091115
0.096669
0.090989
0.090656
0.090870
0.090958
0.088315
0.088581
0.089132
0.089462
0.086337
0.087696
0.090052
0.088046
0.088428
0.084883
0.088746
0.087685
0.090540
0.215155
0.091124
0.086262
0.089202
0.090917
0.086734
0.087125
0.089289
0.090965
0.089188
0.086585
0.083519
0.082661
0.082549
0.080755
0.080915
0.081204
0.081361
0.082445
0.081287
0.194255
0.081259
0.081966
0.082922
0.082401
0.082403
0.082729
0.082478
0.082839
0.083836
0.082735
0.083301
0.081840
0.083045
0.085360
0.083550
0.082760
0.082898
0.083241
0.083517
0.199035
0.082901
0.083007
0.082814
0.082621
0.082786
0.082368
0.082256
0.082693
0.083515
0.082643
0.081529
0.083328
0.082769
0.083245
0.083423
0.083262
0.082098
0.081160
0.081370
0.196949
0.081499
0.080719
0.080959
0.081569
0.081076
0.081977
0.082375
0.082269
0.082431
0.083566
0.083104
0.081954
0.083645
0.083947
0.084374
0.084508
0.085194
0.084085
0.083626
0.199223
0.082803
0.081006
0.084359
0.084102
0.084413
0.085273
0.084214
0.083248
0.084970
0.083629
0.084436
0.084754
0.081025
0.081499
0.081207
0.088530
0.085378
0.085972
0.085696
0.199673
0.082655
0.087976
0.089798
0.086892
0.086976
0.085879
0.085831
0.086234
0.086354
0.087025
0.081458
0.055983
0.056361
0.055959
0.056184
0.056917
0.056672
0.056861
0.056812
0.056962
0.056782
0.056771
0.056775
0.056799
0.056916
0.056691
0.057069
0.057246
0.056689
0.056729
0.056685
0.056736
0.057064
0.082262
0.082185
0.082319
0.083189
0.083099
0.083571
0.198366
0.082772
0.083054
0.083681
0.083941
0.083428
0.084529
0.085430
0.082846
0.083060
0.083431
0.082858
0.084350
0.084570
0.084514
0.082725
0.082519
0.082570
0.081708
0.081534
0.196077
0.081609
0.081576
0.083697
0.084752
0.090033
0.090477
0.086884
0.083621
0.082889
0.082082
0.081956
0.082037
0.081441
0.080786
0.081619
0.081666
0.082745
0.081465
0.081411
0.195246
0.081695
0.081291
0.081661
0.084774
0.083129
0.083297
0.082906
0.092887
0.092867
0.093911
0.091181
0.087966
0.087881
0.087598
0.090252
0.089218
0.089959
0.089908
0.089895
0.208689
0.084717
0.083629
0.085067
0.083899
0.057764
0.058527
0.057317
0.084833
0.084701
0.083394
0.083947
0.084162
0.085115
0.057974
0.057903
0.057262
0.057941
0.057514
0.056846
0.059892
0.059757
0.061877
0.061497
0.057936
0.057851
0.057837
0.057898
0.058035
0.086053
0.087781
0.087587
0.087685
0.087195
0.087733
0.088775
0.087634
0.087718
0.091159
0.103695
