0.353988
0.044372
0.045642
0.044300
0.046154
0.043585
0.044444
0.045818
0.044104
0.043503
0.046247
0.041184
0.042826
0.042773
0.043278
0.044133
0.044391
0.042780
0.043015
0.042759
0.074435
0.042906
0.042660
0.044493
0.043315
0.042528
0.042744
0.042580
0.037629
0.042620
0.042330
0.037812
0.043115
0.043801
0.045266
0.041401
0.042246
0.043161
0.042640
0.041684
0.079194
0.043108
0.041655
0.042184
0.041355
0.041867
0.042030
0.044371
0.042229
0.042812
0.046861
0.043694
0.042725
0.042140
0.042578
0.040555
0.040034
0.047971
0.044590
0.038744
0.075312
0.046866
0.038429
0.046459
0.046665
0.041588
0.042984
0.042576
0.042982
0.043736
0.048883
0.044652
0.044882
0.043428
0.048669
0.042351
0.043001
0.045457
0.046652
0.040900
0.076290
0.043006
0.042125
0.040334
0.039012
0.037086
0.042911
0.041525
0.041115
0.041618
0.042337
0.045617
0.042917
0.040839
0.041893
0.041976
0.041289
0.044332
0.039690
0.039035
0.077419
0.044929
0.041983
0.041148
0.044188
0.042666
0.040231
0.039842
0.040968
0.043202
0.045445
0.040743
0.041073
0.038662
0.042669
0.040526
0.041225
0.044299
0.041800
0.040922
0.076459
0.056132
0.042088
0.038544
0.039364
0.036597
0.037694
0.037169
0.048863
0.043059
0.037240
0.037618
0.039280
0.036226
0.040884
0.042794
0.040799
0.039819
0.045720
0.045075
0.078095
0.039666
0.038059
0.036921
0.037212
0.043357
0.043083
0.039268
0.043895
0.040888
0.042685
0.042897
0.041877
0.045343
0.042171
0.043899
0.041919
0.046593
0.038804
0.045045
0.081288
0.041873
0.040323
0.041151
0.039604
0.042763
0.043329
0.042973
0.042774
0.041324
0.042602
0.040870
0.041032
0.040930
0.041834
0.037461
0.040195
0.041932
0.041481
0.041383
0.079099
0.039593
0.036934
0.037419
0.037394
0.039659
0.040080
0.040919
0.041218
