1.400968
0.106897
0.091080
0.090669
0.092649
0.091833
0.090553
0.095603
0.090794
0.102022
0.093120
0.095195
0.090896
0.092242
0.091577
0.095180
0.089614
0.117576
0.097452
0.107838
0.199451
0.083630
0.118048
0.100955
0.090029
0.115488
0.089973
0.093326
0.123754
0.090928
0.091775
0.091898
0.088620
0.088822
0.122655
0.058561
0.061483
0.064330
0.091947
0.090372
0.230963
0.090378
0.090364
0.131704
0.091254
0.092381
0.089330
0.094540
0.091343
0.091238
0.114764
0.100136
0.088063
0.104180
0.094889
0.086890
0.102078
0.091392
0.090349
0.111871
0.065471
0.059470
0.062441
0.089508
0.089593
0.088756
0.099064
0.086335
0.108220
0.094612
0.088472
0.108927
0.092397
0.102233
0.092637
0.095423
0.091941
0.126675
0.095667
0.092199
0.230355
0.089011
0.117216
0.098295
0.089384
0.119314
0.095316
0.093976
0.100265
0.104709
0.083992
0.110596
0.090216
0.097255
0.083969
0.096055
0.110111
0.083327
0.093394
0.092599
0.233845
0.092656
0.091041
0.094941
0.105221
0.104793
0.105453
0.089708
0.089373
0.130688
0.091842
0.095304
0.091988
0.095169
0.091071
0.112988
0.090584
0.088614
0.096427
0.109790
0.209853
0.086791
0.093215
0.114923
0.100145
0.088970
0.087640
0.090009
0.102464
0.091974
0.090206
0.089445
0.088961
0.089674
0.092153
0.083731
0.083553
0.087491
0.091308
0.060728
0.067082
0.067044
0.092330
0.093608
0.093466
0.058205
0.110753
0.095970
0.092659
0.090211
0.088801
0.104958
0.095373
0.098401
0.091680
0.088901
0.093632
0.094751
0.099015
0.097666
0.219018
0.096640
0.097381
0.095713
0.099158
0.100482
0.103102
0.097567
0.097357
0.095501
0.096862
0.097558
0.099063
0.101562
0.075097
0.074265
0.108944
0.075038
0.080509
0.064440
0.074005
0.078714
0.074477
0.067427
0.104308
0.062030
0.064867
0.092064
0.104729
0.127014
0.090284
0.090536
0.092301
0.108442
0.091697
0.087588
0.092283
0.119616
0.107765
0.090732
0.235447
0.091156
0.089995
0.090568
0.089939
0.089943
0.090508
0.094522
0.086604
0.114569
0.096615
0.092698
0.092385
0.088409
0.092302
0.089514
0.094518
0.090113
0.108263
0.091924
0.210054
0.093869
0.089542
0.091464
0.092659
0.092163
0.090256
0.092888
0.091866
0.091570
0.090141
0.094302
0.092828
0.094943
0.115434
0.093161
0.086096
0.092266
0.092376
0.092530
0.215900
0.087838
0.092467
0.096282
0.092129
0.092374
0.090358
0.090575
0.090115
0.091314
0.090144
0.089829
0.088130
0.088204
0.090594
0.088604
0.092481
0.108612
0.088129
0.092396
0.205739
0.087290
0.090220
0.097631
0.091110
0.085524
0.084090
0.113982
0.091945
0.086279
0.092086
0.114867
0.092907
0.093935
0.090879
0.092046
0.089849
0.092691
0.091234
0.090093
0.230182
0.091134
0.090106
0.091964
0.088456
0.091782
0.089277
0.091255
0.130423
0.090608
0.092948
0.090505
0.090553
0.091336
0.090693
0.089527
0.091553
0.092901
0.115437
0.091895
0.214476
0.093253
0.112938
0.094708
0.091026
0.087108
0.092782
0.092655
0.088996
0.089042
0.085892
0.092520
0.107465
0.093902
0.094259
0.093578
0.095548
0.096438
0.114192
0.087843
0.242296
0.091240
0.092585
0.092321
0.094641
0.090834
0.097638
0.093623
0.111837
0.092864
0.092642
0.093456
0.117738
0.094040
0.096187
0.086738
0.092121
0.089249
0.092701
0.086320
0.208384
0.118898
0.093354
0.094369
0.093115
0.093048
0.091010
0.094826
0.090786
0.093318
0.097650
0.105478
0.092355
0.092120
0.092990
0.099609
0.090585
0.090410
0.094463
0.090228
0.211240
0.090767
0.094123
0.102030
0.093814
0.094950
0.092755
0.099474
0.095587
0.093661
0.091689
0.093968
0.089862
0.095283
0.089904
0.095852
0.119752
0.095073
0.089609
0.093149
0.209270
0.130435
0.094551
0.096256
0.092951
0.092567
0.093083
0.093154
0.091938
0.094925
0.090120
0.092022
0.093836
0.108486
0.094644
0.092553
0.085515
0.098925
0.089417
0.092367
0.213338
0.104107
0.092584
0.092743
0.092453
0.088351
0.090529
0.095814
0.095995
0.116610
0.095287
0.095402
0.095384
0.115475
0.095034
0.087944
0.094911
0.094228
0.098452
0.092585
0.223121
0.108990
0.091642
0.091306
0.095530
0.090868
0.090044
0.084341
0.092650
0.100699
0.094943
0.086423
0.092793
0.088377
0.091886
0.089816
0.090804
0.107205
0.092653
0.093498
0.222614
0.107533
0.092089
0.096742
0.085570
0.095612
0.093227
0.093879
0.091546
0.089767
0.089011
0.093538
0.093379
0.093840
0.091256
0.093194
0.090789
0.092860
0.105227
0.095345
0.207991
0.092500
0.097082
0.097367
0.090627
0.091293
0.086610
0.095297
0.099478
0.093919
0.094765
0.094764
0.089727
0.094058
0.089478
0.094743
0.089876
0.093894
0.095925
0.092830
0.222568
0.095715
0.092165
0.094395
0.103505
0.094967
0.092446
0.091254
0.092431
0.091061
0.094553
0.091746
0.091858
0.106908
0.097090
0.092406
0.091565
0.093056
0.088453
0.092527
0.213359
0.098674
0.091953
0.096014
0.093120
0.085705
0.095670
0.098903
0.094747
0.117095
0.090964
0.092748
0.087304
0.106417
0.093924
0.095399
0.094151
0.120139
0.095475
0.095158
0.216473
0.100537
0.093787
0.096104
0.091330
0.095665
0.094634
0.100121
0.115911
0.096030
0.088498
0.095583
0.115649
0.093478
0.093647
0.094094
0.117101
0.092154
0.091898
0.095775
0.256599
0.087389
0.090523
0.091449
0.089528
0.091647
0.090120
0.122330
0.090655
0.111419
0.089904
0.091515
0.091907
0.086260
0.087805
0.091089
0.088255
0.090873
0.099351
0.090883
0.208087
0.092455
0.098177
0.092003
0.092083
0.092462
0.111482
0.097435
0.083565
0.094018
0.098851
0.092128
0.092607
0.093423
0.090271
0.087881
0.092157
0.092041
0.090703
0.088999
0.236011
0.091064
0.115232
0.092472
0.092264
0.091330
0.091486
0.106356
0.092805
0.090932
0.088960
0.089883
0.088184
0.095206
0.088452
0.092745
0.088086
0.091624
0.089513
0.089362
0.214812
0.090977
0.100122
0.090697
0.089983
0.092039
0.106420
0.092788
0.090182
0.090572
0.117736
0.089344
0.088938
0.088416
0.089539
0.097354
0.093265
0.094384
0.093525
0.094740
0.223797
0.093196
0.142513
0.091253
0.088896
0.103082
0.086919
0.097015
0.113487
0.089917
0.086655
0.090373
0.092042
0.087817
0.091311
0.089495
0.090993
0.094755
0.089627
0.089746
0.235058
0.089867
0.089867
0.091002
0.092871
0.104905
0.094010
0.091029
0.092638
0.089536
0.093467
0.090796
0.091410
0.119206
0.091734
0.093543
0.094367
0.093450
0.087861
0.091633
0.209945
0.094776
0.095284
0.091289
0.090667
0.093313
0.118201
0.093806
0.091930
0.091576
0.089575
0.110914
0.092891
0.092126
0.113578
0.087188
0.090155
0.092979
0.088070
0.095230
0.231703
0.092466
0.086032
0.090942
0.117933
0.093560
0.091238
0.092039
0.098200
0.097559
0.090042
0.083823
0.089443
0.112521
0.090080
0.085913
0.088237
0.091239
0.115697
0.092884
0.210443
0.091527
0.091070
0.091678
0.098397
0.094371
0.091340
0.117245
0.093752
0.094239
0.093803
0.090829
0.114717
0.090318
0.090523
0.091660
0.094522
0.089007
0.093393
0.094236
0.223515
0.091409
0.090327
0.091480
0.112724
0.089035
0.091193
0.083873
0.091749
0.119195
0.093451
0.092858
0.086437
0.088433
0.116567
0.091426
0.091347
0.090091
0.092023
0.099996
0.210885
0.090621
0.089952
0.101965
0.091079
0.085020
0.092985
0.090063
0.099654
0.089773
0.092067
0.090660
0.090526
0.118496
0.090113
0.092502
0.087857
0.093795
0.118530
0.088878
0.214466
0.092493
0.115656
0.091882
0.093540
0.092389
0.094101
0.098982
0.094079
0.093717
0.093392
0.094427
0.116150
0.100096
0.095766
0.096372
0.113555
0.093188
0.095148
0.093308
0.229561
0.093629
0.094539
0.091919
0.093836
0.113900
0.098636
0.095320
0.097697
0.095261
0.107171
0.096689
0.093948
0.093151
0.094829
0.092677
0.095977
0.098662
0.097417
0.116652
0.230832
0.088895
0.089790
0.085936
0.116681
0.089478
0.091618
0.089119
0.088112
0.154116
0.090955
0.084296
0.088998
0.091691
0.090356
0.092127
0.104537
0.090087
0.091994
0.089510
0.236141
0.091312
0.091089
0.089351
0.088164
0.106817
0.090143
0.093625
0.089822
0.087915
0.113477
0.091965
0.091795
0.091146
0.085672
0.116015
0.088981
0.090754
0.090274
0.089980
0.225499
0.092627
0.089644
0.091127
0.118083
0.090188
0.091654
0.090441
0.091524
0.118006
0.089981
0.090654
0.089701
0.092361
0.120492
0.097779
0.092899
0.092721
0.093035
0.116794
0.216663
0.096251
0.095119
0.120121
0.096970
0.096066
0.093153
0.094228
0.094050
0.092492
0.090946
0.091233
0.092233
0.094826
0.120809
0.097880
0.098771
0.098183
0.097422
0.112715
0.218477
0.102310
0.101052
0.097946
0.098346
0.097120
0.092848
0.094604
0.098699
0.094340
0.096541
0.096313
0.091197
0.094659
0.092558
0.094990
0.111571
0.066477
0.095717
0.093385
