1.386039
0.087296
0.092817
0.087527
0.090941
0.103870
0.095249
0.096641
0.095652
0.092633
0.092763
0.092429
0.090945
0.095684
0.095821
0.087410
0.085488
0.091496
0.092153
0.106961
0.171396
0.115798
0.094426
0.131976
0.089914
0.108271
0.089484
0.092440
0.147732
0.121830
0.091447
0.089333
0.085672
0.167249
0.164923
0.145856
0.087636
0.098958
0.091515
0.092870
0.208569
0.112810
0.088928
0.091206
0.086177
0.091866
0.089673
0.115507
0.083971
0.109293
0.088587
0.094136
0.091313
0.102350
0.088921
0.086629
0.084579
0.088902
0.089609
0.092134
0.206861
0.110989
0.087056
0.088345
0.086995
0.089170
0.091169
0.090548
0.088960
0.089218
0.112247
0.089872
0.088048
0.086951
0.088049
0.088476
0.084517
0.094907
0.088336
0.087542
0.209009
0.109950
0.086175
0.087408
0.086111
0.087551
0.100466
0.087815
0.086830
0.087073
0.087318
0.102815
0.086249
0.090121
0.086931
0.088382
0.086743
0.090138
0.083864
0.088715
0.220323
0.086192
0.087119
0.084882
0.092200
0.086385
0.083710
0.084469
0.085302
0.108802
0.087886
0.088799
0.088793
0.086802
0.097483
0.086588
0.087944
0.085025
