1.473047
0.088280
0.088840
0.088505
0.090711
0.089878
0.087677
0.087655
0.088124
0.107057
0.086936
0.058789
0.057394
0.059990
0.059543
0.057192
0.089582
0.087757
0.088213
0.087208
0.163374
0.088968
0.088717
0.087035
0.090397
0.089906
0.089072
0.089615
0.088877
0.121138
0.088275
0.090093
0.084384
0.089145
0.089803
0.089079
0.086129
0.091412
0.088066
0.086030
0.226610
0.091138
0.089482
0.093090
0.108341
0.087294
0.151332
0.091474
0.101620
0.088561
0.091631
0.090823
0.090141
0.086250
0.088461
0.089035
0.090489
0.088444
0.091783
0.085625
0.223727
0.088470
0.094004
0.086949
0.087918
0.092581
0.091667
0.090982
0.088000
0.089763
0.090399
0.091710
0.089572
0.090664
0.091070
0.090258
0.088588
0.089561
0.089808
0.095325
0.212148
0.089449
0.092305
0.110447
0.090021
0.089991
0.088053
0.087767
0.115760
0.085386
0.084288
0.090689
0.090888
0.117677
0.089245
0.088301
0.088091
0.090246
0.090631
0.090923
0.206266
0.092401
0.104852
0.090842
0.085014
0.083663
0.095256
0.113120
0.089921
0.094162
0.091268
0.091119
0.094162
0.105972
0.088462
0.088275
0.110543
0.089797
0.089867
0.088416
0.225104
0.103675
0.092519
0.089745
0.092233
0.061262
0.061966
0.061427
0.110531
0.089303
0.089222
0.088712
0.089469
0.111633
0.088207
0.089929
0.088881
0.089618
0.093161
0.090134
0.207209
0.086514
0.116353
0.088201
0.088192
0.088270
0.089832
0.096773
0.089192
0.088998
0.087307
0.088699
0.115317
0.088070
0.090151
0.084537
0.087534
0.100923
0.088251
0.089120
0.211643
0.108835
0.090819
0.088885
0.087181
0.088886
0.105444
0.085459
0.089458
0.086348
0.088644
0.107759
0.086052
0.090486
0.086970
0.088886
0.115185
0.086402
0.091145
0.083358
0.206292
0.104622
0.085049
0.085930
0.081152
0.088176
0.117238
0.095098
0.087356
0.087769
0.086715
0.108250
0.086459
0.088100
0.086645
0.086598
0.113698
0.087033
0.091251
