0.368820
0.041006
0.039726
0.041466
0.041919
0.037775
0.037779
0.043978
0.051877
0.041516
0.044046
0.044783
0.043586
0.044188
0.048861
0.045562
0.044899
0.043021
0.043848
0.039778
0.090233
0.047113
0.048012
0.055288
0.042011
0.047237
0.040311
0.089620
0.045903
0.038648
0.040766
0.056351
0.043718
0.038219
0.037315
0.041314
0.039884
0.048335
0.039510
0.041251
0.076993
0.042607
0.046540
0.054572
0.040627
0.044111
0.041333
0.039566
0.042980
0.038907
0.052253
0.040585
0.041079
0.042177
0.037690
0.039554
0.045467
0.064621
0.040972
0.045315
0.078919
0.041345
0.043039
0.038168
0.070029
0.040784
0.043361
0.044976
0.037432
0.041138
0.041242
0.037927
0.071383
0.045794
0.042735
0.041699
0.042371
0.056190
0.038008
0.066636
0.086786
0.043545
0.036996
0.041952
0.044245
0.041811
0.040558
0.055869
0.042298
0.039202
0.042749
0.045319
0.085489
0.046129
0.051904
0.041581
0.040543
0.048300
0.079121
0.049611
0.078640
0.038875
0.039900
0.037846
0.044084
0.038909
0.073373
0.047269
0.040978
0.047379
0.044492
0.040807
0.043082
0.040012
0.041303
0.042017
0.045401
0.044116
0.061502
0.041812
0.102852
0.040545
0.042124
0.041278
