0.402722
0.038279
0.068485
0.059738
0.044453
0.043023
0.042194
0.066050
0.043353
0.040061
0.043116
0.043808
0.043650
0.045128
0.060657
0.042207
0.044054
0.043451
0.043841
0.044515
0.133055
0.042559
0.042782
0.042470
0.043881
0.049504
0.044196
0.044887
0.046694
0.066391
0.043224
0.050552
0.044744
0.044976
0.050215
0.065710
0.043993
0.052170
0.044451
0.046203
0.098328
0.046230
0.042726
0.042440
0.041787
0.043854
0.065593
0.040656
0.041656
0.041646
0.040863
0.042719
0.043509
0.065993
0.044746
0.045431
0.044475
0.043766
0.045256
0.044679
0.086596
0.043502
0.045688
0.044945
0.043922
0.044556
0.042085
0.067104
0.048794
0.042162
0.041708
0.040493
0.042011
0.042641
0.048999
0.040917
0.042303
