0.367477
0.042447
0.046415
0.044996
0.045036
0.045499
0.064736
0.042128
0.042589
0.044045
0.042321
0.044103
0.046363
0.043212
0.044229
0.042994
0.044594
0.044706
0.045868
0.044746
0.081683
0.043849
0.043933
0.043562
0.043497
0.047725
0.064508
0.041084
0.042297
0.050699
0.042979
0.043450
0.040535
0.047615
0.041270
0.041821
0.042391
0.041006
0.041264
0.067930
0.074983
0.042054
0.040835
0.043046
0.041656
0.043675
0.042962
0.047198
0.041033
0.041193
0.041727
0.041446
0.041460
0.068666
0.042813
0.044394
0.041219
0.046103
0.044953
0.062862
0.076254
0.042267
0.042989
0.041351
0.049072
0.047006
0.055556
0.040305
0.039169
0.039195
0.040267
0.040544
0.043509
0.046190
0.037625
0.041835
0.038116
0.041071
0.045111
0.049794
0.075706
0.043996
0.042379
0.084352
0.039565
0.048850
0.038894
0.043054
0.044527
0.043772
0.062715
0.057876
0.041713
0.041573
0.041571
0.040496
0.065761
0.067086
0.040767
0.037862
0.070813
0.044801
0.039550
0.046321
0.044609
0.042374
0.041328
0.042275
0.042855
0.047371
0.042745
0.041224
0.038574
0.043747
0.041590
0.052194
0.041544
0.044119
0.042921
0.038419
0.075210
0.041742
0.048071
0.041429
0.043899
0.058858
0.042517
0.043022
0.069372
0.041012
0.049945
0.041584
0.039335
0.047550
0.066954
0.042024
0.046685
0.060246
0.062352
0.065404
0.077419
0.044385
0.043437
0.039144
0.040663
0.040691
0.041853
0.044987
0.042181
0.041764
0.041973
