120	281	78	69
137	284	71	66
143	286	70	67
149	296	72	70
153	300	71	72
161	309	70	73
173	320	68	70
179	323	69	70
181	323	70	72
186	325	69	70
190	326	69	70
192	325	71	74
194	325	69	71
200	324	70	70
205	323	68	69
215	321	66	66
218	318	67	66
224	313	69	64
232	311	66	65
241	307	62	66
246	304	62	64
250	300	64	65
251	299	64	61
252	300	65	62
255	302	62	62
255	304	62	61
254	308	62	62
254	310	60	64
251	315	61	64
249	320	60	65
240	327	61	62
235	329	62	60
225	329	62	62
221	328	63	62
210	334	64	58
207	334	62	58
196	332	63	57
191	331	62	57
181	328	62	58
177	328	62	59
170	324	61	61
164	325	64	60
155	328	63	58
150	329	63	61
139	333	63	60
135	334	64	61
134	336	64	61
130	338	62	61
120	339	62	62
114	339	65	61
104	337	63	59
99	333	66	57
94	322	66	62
91	316	68	60
91	305	66	58
88	297	68	59
89	290	65	61
87	289	66	60
80	287	66	58
77	287	67	62
76	285	67	59
81	283	67	59
82	277	66	58
80	276	64	60
75	275	66	62
76	274	62	61
70	270	64	63
66	271	64	62
58	272	65	61
53	271	67	63
49	270	63	60
43	268	66	63
45	261	64	60
54	257	62	58
86	245	62	61
105	240	59	57
134	229	59	56
142	226	57	53
154	221	56	55
162	221	56	53
179	217	57	53
188	218	54	52
191	223	56	51
195	226	55	52
200	231	56	52
205	234	54	52
221	243	54	54
231	249	56	54
255	262	56	52
266	267	57	52
281	280	55	51
285	285	56	49
297	287	51	49
299	285	55	51
311	284	52	51
314	284	53	51
317	288	55	52
318	293	54	51
319	302	54	52
321	305	53	53
324	313	55	55
326	317	55	55
328	329	56	54
330	331	55	56
331	335	59	58
331	337	58	59
330	338	58	60
331	338	55	60
327	339	59	58
327	339	58	58
324	341	59	59
323	341	58	59
320	342	57	61
317	343	58	61
315	343	58	63
314	343	58	61
310	346	59	63
308	347	58	65
303	351	58	66
299	352	61	63
295	351	59	64
292	351	62	64
