0.315286
0.037648
0.037160
0.037021
0.037524
0.037035
0.037661
0.036976
0.037632
0.036816
0.036954
0.038203
0.038629
0.038444
0.038569
0.038610
0.038796
0.038240
0.038352
0.038330
0.067115
0.037037
0.036901
0.036580
0.036781
0.036807
0.037138
0.036714
0.037232
0.038204
0.039511
0.038136
0.038978
0.038463
0.039022
0.038761
0.038492
0.038783
0.043295
0.040381
0.074028
0.038264
0.042867
0.043536
0.038356
0.040103
0.042867
0.038455
0.041382
0.042598
0.038777
0.043622
0.040623
0.044054
0.039813
0.041872
0.042283
0.040782
0.041637
0.042551
0.071636
0.038582
0.038647
0.038390
0.038281
0.038210
0.040717
0.041418
0.041368
0.043232
0.038940
0.038101
0.042474
0.040302
0.040919
0.040297
0.041979
0.042628
0.040171
0.039580
0.077510
0.039365
0.041337
0.041099
0.039125
0.038992
0.039202
0.039390
0.040287
0.039727
0.039753
0.040512
0.040329
0.040413
0.040385
0.040349
0.040373
0.040731
0.041719
0.041263
0.075110
0.041619
0.041403
0.041555
0.041422
0.041373
0.041464
0.041526
0.041463
0.041514
0.041481
0.041512
0.041509
0.041488
0.041354
0.041563
0.042001
0.039863
0.044754
0.040842
0.074648
0.040754
