0.379342
0.041973
0.068797
0.042596
0.042622
0.050901
0.062317
0.045064
0.043848
0.065920
0.040815
0.045169
0.042426
0.067171
0.041612
0.042758
0.044500
0.044031
0.044810
0.041225
0.068409
0.041279
0.041263
0.041259
0.053714
0.040906
0.046322
0.070132
0.042269
0.039723
0.037603
0.040636
0.043214
0.041503
0.041043
0.064102
0.040911
0.042471
0.041826
0.042994
0.077468
0.062415
0.040758
0.053957
0.042062
0.049193
0.042077
0.060333
0.040157
0.041077
0.040490
0.043510
0.041970
0.058413
0.040739
0.042892
0.041997
0.040638
0.040847
0.065190
0.076159
0.041273
0.039092
0.045429
0.063891
0.042857
0.048520
0.040241
0.050715
0.042353
0.041225
0.066350
0.042204
0.041009
0.041798
0.066964
0.045389
0.042378
0.041396
0.041172
0.089220
0.041281
0.040801
0.043159
0.050522
0.052867
0.040714
0.042352
0.041955
0.042484
0.042179
0.063329
0.043908
0.044584
0.041879
0.042234
0.041075
0.063350
0.076849
0.041589
0.080625
0.069605
0.041097
0.041397
0.042064
0.044632
0.042138
0.060827
0.041800
0.044141
0.041600
0.041647
0.043637
0.071946
0.062167
0.040590
0.041862
0.065587
0.040343
0.041238
0.075141
0.041469
0.064263
0.041026
0.042374
0.042008
0.043194
0.041154
