399	275	60	199
402	272	60	201
402	276	62	202
407	271	64	205
408	271	66	205
410	280	63	198
413	294	61	183
415	288	61	188
416	289	62	187
419	292	60	183
420	293	60	182
421	288	61	187
418	280	68	196
420	287	69	189
423	282	74	188
424	285	78	188
426	291	78	183
428	278	78	194
427	271	80	202
425	260	79	215
424	254	80	221
432	262	73	214
429	257	76	219
427	260	84	215
428	262	85	214
433	257	83	220
433	258	85	219
435	260	83	215
436	266	81	209
431	269	84	205
429	277	94	198
429	265	85	210
426	273	84	201
416	266	73	208
409	266	64	210
399	274	74	200
392	273	88	201
381	274	92	195
383	275	95	199
378	275	93	199
381	271	92	204
381	283	66	192
381	267	62	203
382	272	57	203
378	271	61	204
378	276	54	198
378	271	50	192
374	270	51	200
367	275	55	200
368	267	51	208
363	267	51	209
0	0	0	0
0	0	0	0
344	261	62	199
342	262	60	199
342	258	56	211
341	259	56	208
344	260	47	210
343	252	46	216
345	262	43	208
0	0	0	0
0	0	0	0
0	0	0	0
0	0	0	0
0	0	0	0
0	0	0	0
0	0	0	0
0	0	0	0
0	0	0	0
0	0	0	0
0	0	0	0
0	0	0	0
0	0	0	0
0	0	0	0
0	0	0	0
0	0	0	0
0	0	0	0
0	0	0	0
0	0	0	0
0	0	0	0
0	0	0	0
0	0	0	0
0	0	0	0
0	0	0	0
0	0	0	0
0	0	0	0
234	257	51	218
227	259	61	217
232	262	62	205
229	264	51	201
0	0	0	0
0	0	0	0
194	286	64	190
190	271	72	203
179	277	82	199
179	273	80	190
173	273	72	194
169	269	70	208
168	271	70	196
170	272	59	187
168	275	61	159
164	293	51	144
165	278	51	159
156	276	56	170
143	272	67	182
151	274	55	182
143	270	58	194
145	265	53	208
118	260	65	215
121	258	69	216
115	260	53	214
109	265	55	208
0	0	0	0
0	0	0	0
0	0	0	0
81	258	61	216
63	264	71	212
64	266	64	208
51	269	77	204
48	267	74	208
43	266	75	208
44	266	73	207
40	268	73	206
39	266	70	208
