0.323767
0.043062
0.043209
0.042997
0.042697
0.039641
0.039434
0.039697
0.039436
0.040484
0.044555
0.045815
0.045080
0.039615
0.039441
0.039756
0.039839
0.039901
0.040137
0.040079
0.068701
0.040319
0.039934
0.040141
0.040339
0.040343
0.040335
0.038160
0.037829
0.040515
0.041249
0.045748
0.046808
0.040751
0.039997
0.040068
0.040184
0.040141
0.041003
0.040218
0.073634
0.039860
0.039686
0.039901
0.039881
0.039792
0.039641
0.040414
0.041226
0.043487
0.042531
0.046326
0.043934
0.043712
0.040141
0.040248
0.040599
0.040880
0.040191
0.040133
0.074215
0.039589
0.039555
0.039551
0.039587
0.040376
0.040261
0.039570
0.039689
0.039602
0.039540
0.039580
0.038921
0.039104
0.039088
0.039421
0.039467
0.039529
0.039228
0.039256
0.072853
0.039583
0.039439
0.040053
0.038068
0.038077
0.038653
0.040217
0.038188
0.038303
0.038126
0.040400
0.037719
0.038115
0.038204
0.039665
0.040008
0.039116
0.046294
0.043552
0.081699
0.040078
0.038054
0.035990
0.037229
0.055536
0.056296
0.055764
0.054494
0.036233
0.053758
0.053265
0.035460
0.055973
0.057944
0.058494
0.054208
0.036516
0.038473
0.038297
0.071952
0.038423
0.038322
0.039016
0.045031
0.045519
0.045508
0.046400
0.037866
0.038166
0.039600
0.039614
0.039701
0.039426
0.039367
0.039348
0.039561
0.039555
0.039438
0.039558
0.073393
0.040645
0.044434
0.044446
0.043307
0.040548
0.040996
0.042385
0.045537
0.046766
0.041157
0.040380
0.039751
0.039970
0.039876
0.039871
0.043308
0.046059
0.046849
0.065631
0.081405
0.042168
0.046926
0.039650
0.039442
0.039550
0.060924
0.040219
0.040509
0.040255
0.044043
0.041668
0.038554
0.038476
0.038516
0.038914
0.038935
0.039183
0.057320
0.040109
0.062960
0.058048
0.039416
0.058356
0.038802
0.039625
0.039226
0.040408
0.061331
0.044380
0.064009
0.063113
0.064428
0.040841
0.046559
0.044807
0.045574
0.059113
0.040917
0.045757
0.078840
0.040510
0.042612
0.062337
0.057934
0.038598
0.056814
0.056574
0.057470
0.058810
0.037972
0.037968
0.037952
