1.345117
0.096980
0.092799
0.092170
0.092432
0.092246
0.092412
0.092009
0.095483
0.093590
0.092344
0.066796
0.091747
0.092258
0.093024
0.092129
0.093274
0.093215
0.092162
0.092270
0.196712
0.094917
0.097261
0.099472
0.095393
0.097900
0.095310
0.096425
0.096154
0.095699
0.095893
0.095102
0.097158
0.096352
0.095293
0.095642
0.095261
0.094806
0.094643
0.096330
0.222423
0.094635
0.092844
0.090838
0.092711
0.092760
0.090935
0.090662
0.091570
0.091521
0.092621
0.092692
0.092044
0.091180
0.091055
0.091463
0.092023
0.091416
0.091214
0.091658
0.222684
0.096401
0.091208
0.091428
0.090916
0.090753
0.090884
0.090516
0.090485
0.090316
0.091880
0.091144
0.091281
0.091564
0.091219
0.091772
0.091305
0.091140
0.090664
0.095171
0.219264
0.094116
0.091312
0.090775
0.091195
0.091267
0.091369
0.091458
0.091631
0.091995
0.091136
0.091328
0.092754
0.095990
0.098797
0.097606
0.095913
0.092640
0.091873
0.092929
0.221684
0.092794
0.093182
0.090832
0.092009
0.092129
0.092705
0.092082
0.092525
0.092990
0.095375
0.095747
0.097256
0.094634
0.092636
0.159308
0.091681
0.092319
0.091826
0.091290
0.218630
0.090458
0.090667
0.091077
0.089702
0.090108
0.089812
0.089673
0.089865
0.093372
0.089769
0.089367
0.089799
0.062586
0.062649
0.062774
0.090127
0.062700
0.062695
0.062693
0.062580
0.062873
0.062707
0.062805
0.062701
0.062999
0.062932
0.091270
0.093006
0.092370
0.089296
0.062977
0.063149
0.062899
0.062819
0.062804
0.062909
0.062982
0.062865
0.062907
0.063005
0.062991
0.062934
0.062849
0.062804
0.062882
0.062876
0.062809
0.063028
0.062964
0.062849
0.063148
0.063112
0.089959
0.062671
0.090065
0.089464
0.063044
0.062838
0.089484
0.062658
0.062871
0.062788
0.062990
0.062774
0.062946
0.062774
0.062902
0.062828
0.062677
0.062887
0.062965
0.062797
0.062948
0.062970
0.062933
0.090059
0.062597
0.062575
0.089675
0.218253
0.089788
0.089663
0.089867
0.089543
0.089919
0.090123
0.089908
0.089618
0.090213
0.062722
0.062746
0.062611
0.062836
0.090561
0.090321
0.089704
0.090064
0.159200
0.089686
0.217306
0.090505
0.089904
0.089824
0.062804
0.062889
0.062910
0.062981
0.062962
0.090156
0.062748
0.062943
0.062730
0.062879
0.063023
0.062607
0.062741
0.062679
0.062684
0.062857
0.062665
0.062886
0.062933
0.062813
0.062734
0.062899
0.062953
0.062921
0.062885
