37	247	64	208
35	259	70	199
28	259	84	209
35	265	75	207
39	264	76	206
39	259	78	213
55	261	73	211
62	267	57	200
70	257	56	209
81	252	57	212
0	0	0	0
0	0	0	0
0	0	0	0
0	0	0	0
0	0	0	0
0	0	0	0
0	0	0	0
126	270	60	203
138	273	45	195
0	0	0	0
0	0	0	0
0	0	0	0
0	0	0	0
0	0	0	0
0	0	0	0
0	0	0	0
0	0	0	0
0	0	0	0
0	0	0	0
0	0	0	0
0	0	0	0
0	0	0	0
0	0	0	0
0	0	0	0
0	0	0	0
258	270	43	195
261	269	43	198
261	269	52	200
268	271	57	191
267	273	60	191
268	268	66	195
264	268	72	202
287	268	55	186
278	265	66	184
288	262	66	190
296	268	63	179
301	268	78	179
300	266	96	188
309	268	130	187
297	259	117	199
319	257	121	200
321	249	127	219
335	248	97	227
339	247	82	231
