341	230	68	248
335	234	72	239
334	230	70	244
329	230	69	241
327	234	62	245
326	237	60	238
313	237	68	241
312	237	66	241
316	236	56	244
317	242	53	236
315	241	49	243
0	0	0	0
306	244	55	233
296	245	68	234
293	249	68	230
294	257	66	219
294	256	63	223
291	257	66	220
288	260	69	213
291	263	66	200
294	266	62	185
291	273	65	182
291	270	65	188
293	270	62	189
294	268	59	200
291	271	61	192
287	266	64	212
289	271	60	204
289	272	57	198
289	270	55	208
285	275	55	199
280	277	58	192
277	277	55	196
275	278	53	201
273	283	49	194
269	282	50	196
266	282	50	193
269	275	45	199
267	277	43	191
267	291	41	187
266	294	40	185
263	282	43	186
262	286	39	194
257	281	43	197
254	276	45	201
253	283	46	195
250	281	47	196
246	281	53	196
245	286	51	193
244	279	52	199
248	274	42	208
245	273	51	208
248	280	46	198
248	280	45	198
250	280	44	200
250	279	45	199
250	280	44	198
251	277	43	203
253	285	44	193
254	289	41	190
253	290	44	191
252	293	46	183
253	298	46	181
254	293	46	178
256	293	42	186
257	282	42	194
257	290	42	185
258	295	40	184
257	281	42	196
256	286	44	192
255	282	45	196
256	288	44	192
254	293	46	186
253	282	49	195
252	283	52	196
252	282	55	196
252	282	57	195
253	285	58	191
253	279	56	198
257	286	53	191
260	289	50	189
261	290	53	182
263	294	52	176
264	291	54	186
265	292	54	183
269	286	53	192
272	284	50	192
270	280	53	199
273	286	48	189
271	286	49	190
270	283	49	193
264	290	54	188
263	282	55	190
258	278	57	200
257	278	58	197
256	283	58	187
257	285	56	178
257	286	55	173
257	285	54	171
255	281	59	167
258	291	54	153
257	294	55	151
260	290	55	149
257	297	58	142
253	304	62	137
260	302	59	134
257	306	63	133
264	306	57	134
268	308	55	132
274	298	69	145
273	312	78	138
268	319	80	130
278	317	73	138
283	319	74	142
284	301	54	158
290	306	50	148
296	311	41	130
296	311	42	129
296	327	42	115
295	332	42	110
296	338	39	101
295	342	37	95
295	341	41	97
299	339	41	85
297	336	47	87
302	341	37	84
303	340	35	83
297	340	35	84
289	344	41	84
291	342	39	84
293	341	37	74
294	339	36	68
298	345	33	76
0	0	0	0
0	0	0	0
0	0	0	0
311	318	32	67
0	0	0	0
0	0	0	0
0	0	0	0
0	0	0	0
0	0	0	0
0	0	0	0
0	0	0	0
0	0	0	0
0	0	0	0
0	0	0	0
323	318	29	61
327	319	35	61
322	323	45	60
321	316	48	64
0	0	0	0
0	0	0	0
0	0	0	0
0	0	0	0
0	0	0	0
0	0	0	0
0	0	0	0
0	0	0	0
0	0	0	0
0	0	0	0
0	0	0	0
0	0	0	0
0	0	0	0
0	0	0	0
0	0	0	0
0	0	0	0
0	0	0	0
0	0	0	0
0	0	0	0
0	0	0	0
0	0	0	0
0	0	0	0
303	360	43	71
0	0	0	0
311	342	38	70
317	345	34	70
0	0	0	0
0	0	0	0
327	325	38	72
0	0	0	0
0	0	0	0
0	0	0	0
0	0	0	0
0	0	0	0
0	0	0	0
0	0	0	0
0	0	0	0
0	0	0	0
0	0	0	0
0	0	0	0
0	0	0	0
0	0	0	0
0	0	0	0
0	0	0	0
0	0	0	0
358	346	29	78
0	0	0	0
0	0	0	0
337	345	22	80
331	342	23	79
322	342	28	84
320	344	29	84
317	345	31	81
314	345	34	82
314	350	36	84
316	346	34	89
323	342	29	83
327	342	28	84
334	341	27	80
0	0	0	0
0	0	0	0
0	0	0	0
0	0	0	0
354	321	20	84
353	318	20	78
304	381	24	78
345	329	20	73
340	330	20	71
333	330	20	70
328	331	21	69
315	328	28	73
311	332	32	78
308	335	40	68
0	0	0	0
0	0	0	0
0	0	0	0
0	0	0	0
0	0	0	0
323	388	37	69
0	0	0	0
0	0	0	0
0	0	0	0
0	0	0	0
0	0	0	0
0	0	0	0
0	0	0	0
0	0	0	0
0	0	0	0
0	0	0	0
0	0	0	0
0	0	0	0
0	0	0	0
0	0	0	0
0	0	0	0
0	0	0	0
0	0	0	0
0	0	0	0
0	0	0	0
