338	174	100	126
339	174	101	141
339	172	99	153
341	174	99	148
340	176	100	146
337	176	96	142
332	174	94	135
329	173	92	130
317	170	97	138
316	173	94	128
307	173	94	135
305	174	95	150
299	176	97	134
297	175	96	142
296	176	95	134
295	176	101	149
293	172	100	154
292	167	100	142
289	157	95	148
286	154	97	146
279	145	100	145
274	144	101	141
266	140	97	141
257	140	102	141
243	142	105	140
239	144	103	145
227	156	111	138
214	163	114	146
200	169	124	141
201	182	122	149
195	186	124	152
191	197	118	148
186	201	122	147
182	208	115	143
175	212	125	135
174	226	126	129
179	238	124	135
185	245	129	137
186	251	126	132
195	259	128	132
199	257	124	141
201	263	131	142
213	267	122	134
230	272	117	141
239	274	111	132
252	274	106	143
258	274	108	143
277	279	105	138
285	276	100	143
295	276	105	142
302	273	100	148
310	273	103	145
315	271	100	148
326	271	104	144
333	269	102	150
348	271	104	154
356	267	101	161
369	271	102	157
379	269	97	165
387	270	98	159
392	268	98	166
402	266	101	162
405	265	99	163
410	264	112	162
414	261	113	165
423	257	112	164
424	254	114	167
432	247	111	171
428	248	117	152
430	238	117	170
429	232	114	165
428	213	117	179
426	195	115	189
424	196	120	197
420	177	120	212
421	171	120	195
413	159	124	217
412	153	126	218
408	140	129	228
402	134	134	222
399	124	136	227
399	119	138	220
399	110	137	214
393	108	137	200
395	100	128	186
397	97	121	170
394	90	108	173
391	89	112	162
378	84	113	169
376	82	109	175
362	74	110	192
354	77	111	174
338	77	110	164
326	77	111	166
312	79	109	156
303	80	109	156
289	83	108	158
282	82	106	159
270	86	106	158
263	89	110	154
253	94	112	156
248	96	112	155
234	103	115	154
231	109	110	150
217	114	116	152
206	120	122	142
202	127	117	140
202	130	116	138
200	138	110	134
197	142	109	130
195	145	108	134
193	146	104	133
192	153	105	133
189	155	105	129
188	158	108	133
187	161	108	129
186	162	106	129
187	166	104	120
187	167	110	134
188	173	112	127
190	176	117	129
193	179	114	125
199	184	122	121
203	181	123	123
214	181	125	125
227	183	107	121
238	173	87	125
238	172	91	119
239	171	90	116
241	172	95	118
242	170	102	125
243	169	97	125
243	171	99	124
247	172	95	118
248	172	95	117
250	172	102	121
253	172	97	122
253	173	98	123
249	171	99	120
250	173	99	120
249	173	100	120
250	173	98	119
250	172	94	125
249	169	94	129
251	172	93	123
251	172	94	123
255	170	93	125
257	167	87	131
257	170	81	125
256	168	79	126
255	174	80	119
256	167	76	124
256	163	75	131
257	160	73	132
256	163	77	130
256	162	76	130
252	165	82	125
249	168	84	118
248	170	82	116
248	171	88	118
248	173	85	120
248	174	84	118
247	175	90	120
249	176	88	112
252	176	86	111
255	176	88	118
254	175	88	123
253	176	88	126
253	176	87	120
255	176	79	118
255	178	78	118
258	177	77	117
257	179	77	112
260	178	76	116
260	180	77	114
263	181	75	113
264	183	81	116
256	186	91	113
258	185	92	114
257	188	94	106
256	190	97	107
258	187	96	108
262	187	92	107
259	186	96	109
263	184	94	112
265	181	90	121
263	182	92	120
264	180	94	123
266	178	93	122
266	178	93	122
267	173	92	124
268	172	96	127
271	172	91	128
271	172	92	118
275	170	90	105
275	169	89	108
279	166	89	114
278	165	91	118
279	163	91	129
281	160	87	133
284	161	86	132
283	159	90	130
282	159	88	131
282	156	92	135
283	154	91	123
288	148	89	125
284	133	88	142
288	132	88	132
288	121	86	138
291	109	86	145
292	102	90	139
291	98	90	139
298	85	91	138
301	83	90	129
306	74	90	135
303	75	95	123
311	66	96	126
316	63	95	135
320	60	100	128
329	57	104	129
342	51	102	138
346	49	106	136
355	44	117	143
364	42	119	140
378	38	124	145
388	36	117	149
403	37	124	158
407	38	130	170
421	45	128	172
423	48	131	173
434	57	136	159
447	61	131	153
444	73	138	152
448	85	133	158
450	91	129	175
451	108	125	171
450	111	124	170
453	130	125	164
453	134	126	166
449	146	135	169
448	148	133	167
442	165	132	168
445	167	123	183
438	178	125	180
433	189	121	166
430	198	121	170
428	210	119	159
418	220	125	159
410	234	123	149
400	245	132	145
395	252	135	136
389	263	116	136
387	266	106	140
384	280	106	133
378	286	109	122
371	292	109	124
371	297	102	126
361	303	103	125
357	305	97	127
347	307	92	132
339	312	95	127
326	315	93	127
317	317	94	124
301	317	95	126
301	316	85	132
285	321	85	124
279	320	85	122
269	320	84	115
263	321	82	113
256	318	82	113
250	317	83	112
244	311	77	112
241	310	76	110
235	304	77	110
229	301	79	112
221	294	77	114
215	295	79	112
209	288	77	114
207	287	77	112
202	279	77	112
195	283	78	108
192	273	75	108
190	269	74	106
188	262	73	108
186	260	77	105
182	262	79	96
184	259	76	93
178	250	84	90
180	248	84	89
179	231	90	93
177	230	93	91
177	228	91	92
179	207	90	100
182	204	88	102
183	187	90	107
189	190	89	105
192	186	90	124
197	166	91	140
202	175	85	128
203	154	95	151
208	156	92	147
217	161	94	139
224	165	87	133
237	155	87	141
242	164	92	132
255	155	91	142
257	159	96	139
267	164	93	135
273	147	90	152
278	150	96	150
284	150	95	149
290	144	96	152
293	142	99	156
304	141	98	157
307	140	97	157
317	139	101	157
322	137	97	160
328	138	101	166
333	140	98	163
342	147	99	154
345	150	99	154
350	153	99	152
352	155	100	155
357	157	98	157
357	161	97	143
361	158	97	155
364	164	96	147
368	167	98	146
372	170	99	142
377	174	95	136
378	175	99	139
385	176	97	148
387	175	97	164
385	176	101	179
384	177	99	174
383	175	99	173
382	178	98	168
376	179	96	164
377	176	94	167
373	178	94	162
370	179	97	166
370	180	95	174
372	174	93	173
366	176	97	178
367	173	96	191
366	176	92	204
365	174	95	200
364	173	94	185
362	172	96	199
365	166	90	188
360	169	96	206
363	167	91	190
358	167	92	168
364	162	85	174
361	162	84	159
362	161	79	148
365	162	74	136
366	162	68	126
363	159	76	131
362	160	77	135
363	164	75	125
360	162	76	126
362	162	78	129
361	159	75	137
354	167	82	121
355	166	78	119
348	160	82	137
350	163	76	128
344	164	78	123
341	166	76	114
337	164	81	124
335	165	83	126
339	166	80	118
339	167	79	122
338	169	81	122
337	170	81	119
337	170	83	114
336	171	84	113
336	172	83	105
336	171	88	120
338	172	87	109
339	171	85	112
340	172	91	117
341	174	90	113
341	174	95	114
340	177	92	111
340	177	93	107
340	179	92	101
339	177	89	101
338	174	90	102
336	170	89	108
336	170	91	105
335	169	93	111
331	170	92	111
335	176	95	112
333	179	95	110
339	178	98	121
339	180	101	123
342	191	110	124
346	194	108	130
352	203	118	129
355	211	117	124
367	216	120	127
369	219	119	125
374	218	120	146
373	216	121	160
373	214	124	165
374	214	121	163
371	210	122	160
366	208	122	143
360	200	116	134
357	196	115	132
348	188	111	129
343	183	108	125
333	181	105	120
328	178	101	119
317	174	102	116
311	172	101	112
306	168	96	113
298	165	94	112
287	161	101	118
285	161	93	114
277	157	91	121
275	158	85	121
263	159	86	120
260	160	83	119
251	163	85	120
247	166	81	119
233	177	84	110
229	186	79	106
217	189	81	109
204	188	90	117
200	203	86	111
195	208	84	110
191	212	87	115
191	214	86	115
187	216	91	113
185	213	94	114
182	214	99	118
182	212	101	119
182	205	99	125
182	203	105	121
186	196	111	130
188	191	108	134
203	160	107	133
204	155	112	130
211	144	117	142
226	139	110	142
242	128	102	138
249	124	98	139
262	116	97	146
268	115	98	136
281	114	101	135
288	114	102	131
300	111	103	148
304	110	105	139
315	110	107	155
322	110	106	168
330	117	111	160
337	121	109	167
347	131	107	159
350	134	110	160
359	140	113	163
360	145	116	159
372	150	118	165
378	155	141	188
377	165	161	174
384	166	154	175
387	165	154	185
393	163	153	182
392	167	154	186
393	164	154	185
392	159	154	204
388	155	155	204
385	151	159	196
388	137	155	195
384	134	159	196
377	121	148	203
374	113	119	185
368	108	111	163
359	105	106	140
345	103	106	129
338	101	103	138
324	105	102	128
315	103	101	139
302	106	97	136
295	110	95	132
283	113	92	134
273	117	94	134
262	125	97	138
254	131	100	131
242	143	96	125
236	144	90	126
224	157	89	123
215	161	102	124
203	172	110	120
205	181	112	122
202	186	110	120
202	192	109	123
204	196	98	118
205	206	101	119
207	211	108	124
207	221	113	128
206	225	118	134
218	240	114	139
216	247	121	142
231	263	116	137
235	266	112	144
245	280	117	141
254	282	115	143
267	288	117	146
274	291	109	143
291	292	109	144
299	293	110	139
316	291	108	143
326	284	107	152
337	281	111	148
351	271	112	154
356	267	116	159
369	261	119	156
367	260	130	153
366	251	135	157
368	246	137	157
367	234	141	161
369	229	135	156
368	216	128	164
366	204	136	173
365	185	150	183
361	175	147	194
361	149	162	205
357	142	172	210
355	128	167	208
353	119	151	206
354	99	131	190
350	95	133	183
347	81	129	169
332	74	132	158
324	68	129	153
308	65	128	146
299	61	126	147
283	58	120	155
275	59	118	151
256	64	116	150
249	65	108	148
225	69	114	151
216	73	114	155
200	89	111	149
190	98	116	144
174	113	122	149
151	139	123	151
145	147	135	160
133	160	144	164
131	166	141	164
124	179	144	164
117	183	149	161
112	196	154	153
112	201	151	149
103	208	161	146
107	213	152	147
104	224	155	144
110	231	158	140
115	240	160	137
124	243	154	136
128	252	155	129
126	254	164	133
139	259	157	136
155	265	146	136
169	271	146	133
176	267	144	142
193	270	137	147
195	266	127	148
204	270	131	146
221	271	131	146
235	268	111	146
243	267	110	146
253	264	107	146
261	259	104	152
272	258	108	153
279	256	106	153
291	254	102	154
296	251	103	154
304	248	102	161
312	250	101	155
313	249	101	157
318	245	106	166
321	249	106	158
331	248	110	161
333	246	110	164
346	240	116	169
347	239	126	170
364	237	122	173
