0.360964
0.047003
0.046635
0.043849
0.042397
0.042194
0.046030
0.042315
0.050430
0.047046
0.046248
0.048534
0.046576
0.054615
0.045917
0.047117
0.042631
0.045982
0.042298
0.050899
0.074878
0.043965
0.047532
0.049616
0.041974
0.043849
0.042383
0.044331
0.043430
0.046651
0.040068
0.039009
0.046508
0.048118
0.045711
0.044722
0.043406
0.042274
0.042770
0.041869
0.079027
0.045313
0.042166
0.042758
0.042233
0.105469
0.046746
0.040357
0.041936
0.047344
0.050460
0.040587
0.041317
0.043791
0.042163
0.038837
0.041354
0.039161
0.047805
0.043388
0.081797
0.042621
0.038316
0.039036
0.047589
0.042456
0.041816
0.044080
0.044295
0.042681
0.041636
0.046296
0.042884
0.041710
0.042882
0.043483
0.043358
0.042195
0.042850
0.042256
0.080089
0.043805
0.042495
0.043735
0.045034
0.042643
0.043977
0.041591
0.044041
0.043409
0.053409
0.042673
0.041520
0.043483
0.042521
0.042133
0.040812
0.044146
0.043638
0.042327
0.079900
0.042381
0.042680
0.043810
0.046716
0.041444
0.044169
0.042720
0.043478
0.042718
0.046705
0.046059
0.046321
0.046216
0.047625
0.048926
0.045590
0.048626
0.046287
0.048230
0.075490
0.053037
0.044824
0.042195
0.042476
0.043251
0.046131
0.048319
0.045310
0.044916
0.044016
0.046782
0.044352
0.046132
0.050100
0.045671
0.052050
0.045074
0.045097
0.045168
0.082526
0.044305
0.043807
0.043908
0.046795
0.050888
0.049536
0.044048
0.045510
0.046379
0.044731
0.047583
0.045019
0.049122
0.047769
0.048008
0.047450
0.040325
0.046112
0.045450
0.079196
0.044491
0.058015
0.045997
0.045179
0.044841
0.043835
0.045777
0.045320
0.046545
0.049342
0.048744
0.043255
0.053579
0.046885
0.045047
0.043386
0.046909
0.046292
0.044488
0.081488
0.044519
0.044164
0.046747
0.044859
0.043905
0.043752
0.045212
0.045872
0.049291
0.048990
0.045469
0.044113
0.042079
0.046668
0.046934
0.046351
0.044589
0.042653
0.040304
0.079142
0.048425
0.043599
0.048937
0.046304
0.045370
0.047809
0.041522
0.040562
0.047514
0.046131
0.044679
0.047088
0.046915
0.045416
0.044872
0.046194
0.046105
0.040496
0.042571
0.081906
0.053308
0.051162
0.045748
0.039243
0.044581
0.041337
0.050231
0.041869
0.043151
0.043669
0.060176
0.044688
0.047116
0.042499
0.038312
0.043332
0.041152
0.042549
0.044689
0.079025
0.051383
0.041976
0.039357
0.047039
0.044121
0.042662
0.043925
0.043770
0.059132
0.044749
0.042642
0.041340
0.053188
0.047210
0.047523
0.047178
0.046675
0.049577
0.047601
0.080673
0.044580
0.046452
0.045479
0.046757
0.046690
0.045741
0.047095
0.044958
0.049595
0.046443
0.045585
0.046136
0.046300
0.049589
0.044578
0.046594
0.053959
0.044731
0.043936
0.079975
0.055786
0.046149
0.047330
0.039258
0.054046
0.043156
0.043815
0.044932
0.045126
0.043585
0.049086
0.041497
0.043386
0.050524
0.045332
0.047887
0.052475
0.058636
0.049516
0.077397
0.047029
0.049158
0.044524
0.047017
0.046342
0.044610
0.054529
0.051322
0.047025
0.045355
0.043817
0.045120
0.043608
0.047467
0.043306
0.043603
0.046553
0.045199
0.042028
0.081210
0.042470
0.043121
0.042800
0.043832
0.055249
0.047286
0.049342
0.043637
0.048918
0.043358
0.047083
0.047402
0.045309
0.042303
0.040393
0.039053
0.040869
0.038900
0.045655
0.076463
0.043669
0.042283
0.044397
0.043345
0.042153
0.043128
0.043850
0.041131
0.044935
0.051154
0.048682
0.044645
0.044387
0.042993
0.045094
0.050788
0.046727
0.044672
0.050244
0.080052
0.043403
0.047942
0.045004
0.045256
0.049980
0.040754
0.043820
0.044137
0.046910
0.058359
0.048887
0.041535
0.039687
0.049950
0.045061
0.045605
0.045494
0.044965
0.044775
0.080147
0.043158
0.042750
0.046650
0.043756
0.045114
0.046360
0.048461
0.060735
0.049415
0.044856
0.048687
0.043340
0.047678
0.046228
0.049876
0.043966
0.045415
0.041356
0.051409
0.086448
0.041189
0.045938
0.043329
0.043734
0.046612
0.047486
0.041171
0.046234
0.046498
0.044181
0.047152
0.048756
0.044043
0.050972
0.040938
0.041410
0.047392
0.044671
0.044408
0.081563
0.046756
0.047815
0.040320
0.039883
0.045417
0.046832
0.045234
0.044205
0.044597
0.044687
0.044805
0.041617
0.039645
0.044957
0.049571
0.046391
0.049366
0.050161
0.046605
0.089058
0.043143
0.045354
0.043975
0.048300
0.043755
0.042107
0.051859
0.066046
0.046437
0.045456
0.052353
0.052274
0.043092
0.046859
0.070216
0.045202
0.042575
0.038533
0.041300
0.083534
0.045144
0.042696
0.045521
0.044297
0.043165
0.044194
0.044564
0.045223
0.043325
0.043530
0.044573
0.044055
0.043699
0.043594
0.043265
0.044124
0.047453
0.043495
0.044457
0.080867
0.041917
0.045341
0.045322
0.047727
0.044798
0.044864
0.048759
0.047768
0.042659
0.044066
0.042542
0.044444
0.044885
0.044574
0.046433
0.041994
0.046178
0.046801
0.040729
0.077052
0.046331
0.046142
0.041782
0.042019
0.041570
0.042459
0.044395
0.046148
0.045188
0.043520
0.042803
0.042249
0.042835
0.043355
0.044217
0.042985
0.042977
0.042431
0.042164
0.077215
0.046253
0.039297
0.039791
0.042456
0.043997
0.042040
0.047803
0.043894
0.039459
0.044625
0.041739
0.043586
0.043968
0.043953
0.044763
0.038678
0.039998
0.044997
0.043564
0.084381
0.042599
0.044202
0.044644
0.042186
0.043498
0.044753
0.041487
0.041618
0.042436
0.047500
0.044716
0.046196
0.045634
0.044527
0.044527
0.041799
0.044725
0.044436
0.041924
0.073052
0.046815
0.041833
0.044730
0.042777
0.044895
0.042591
0.046717
0.043018
0.042677
0.045262
0.044358
0.042145
0.044215
0.044355
0.042358
0.044832
0.042544
0.043999
0.038935
0.078637
0.041733
0.043623
0.042117
0.041365
0.041058
0.050844
0.043658
0.042859
0.041905
0.042030
