0.364532
0.041328
0.041636
0.043171
0.043289
0.044497
0.043617
0.043238
0.041860
0.043596
0.042616
0.045541
0.044652
0.046039
0.042613
0.044240
0.044200
0.042840
0.046165
0.044588
0.072631
0.045034
0.042546
0.044912
0.044266
0.047802
0.044719
0.042898
0.041276
0.044333
0.042732
0.041519
0.042565
0.042246
0.047374
0.044586
0.042747
0.042018
0.044015
0.043106
0.079709
0.044849
0.043845
0.044573
0.021295
0.021280
0.022265
0.021917
0.021803
0.043243
0.044463
0.043849
0.043871
0.045440
0.044531
0.044595
0.047819
0.046294
0.044655
0.045092
0.079412
0.046213
0.046022
0.046177
0.046905
0.046685
0.046207
0.044695
0.045969
0.045876
0.044941
0.044494
0.044686
0.045626
0.045704
0.045090
0.044579
0.047416
0.046989
0.045906
0.080063
0.044969
0.051539
0.045683
0.046278
0.021500
0.022881
0.022389
0.045662
0.043377
0.043226
0.050390
0.044397
0.043578
0.043434
0.049088
0.048389
0.050945
0.042545
0.045360
0.081288
0.043780
0.040824
0.043708
0.044843
0.048719
0.042714
0.041555
0.043858
0.043063
0.042414
0.040875
0.043008
0.045103
0.047934
0.046235
0.044108
0.049872
0.042753
0.043311
0.078082
0.044127
0.044995
0.041315
0.043701
0.044185
0.043293
0.045943
0.045095
0.046899
0.046396
0.047862
0.045711
0.040184
0.040639
0.048912
0.045913
0.046958
0.045667
0.046292
0.080648
0.044422
0.022883
0.024885
0.027366
0.024648
0.046917
0.044892
0.043486
0.043503
0.042252
0.044671
0.043184
0.040256
0.046396
0.041799
0.048170
0.051890
0.047175
0.048007
0.087223
0.049231
0.042648
0.042487
0.045648
0.043204
0.043316
0.044947
0.043819
0.045862
0.044675
0.045008
0.043472
0.047982
0.043923
0.021377
0.021086
0.021129
0.021550
0.046129
0.079939
0.042967
0.041314
0.051306
0.042648
0.041729
0.043738
0.043009
0.042486
0.048732
0.041319
0.040770
0.051165
0.046641
0.045315
0.044690
0.047140
0.042506
0.052999
0.042349
0.074829
0.045772
0.041924
0.042430
0.043417
0.042252
0.041700
0.049509
0.042797
0.042976
0.047714
0.048440
0.044001
0.043713
0.042554
0.044125
0.045315
0.039799
0.020728
0.022614
0.021878
0.021830
0.021158
0.020921
0.020829
0.021088
0.021502
0.021070
0.021178
0.021266
0.022589
0.021525
0.020924
0.021518
0.021637
