0.343322
0.043054
0.041751
0.042953
0.042464
0.041784
0.048074
0.044812
0.045287
0.044584
0.042619
0.042305
0.041447
0.043689
0.042772
0.045607
0.044240
0.042958
0.052918
0.044153
0.077180
0.045261
0.045470
0.044885
0.048078
0.045612
0.042600
0.039734
0.044465
0.044374
0.042582
0.042657
0.041803
0.043556
0.044004
0.042827
0.045840
0.044253
0.043332
0.042102
0.076699
0.042574
0.043853
0.041802
0.044203
0.043807
0.042147
0.042794
0.042832
0.042062
0.041746
0.044227
0.042881
0.044420
0.045513
0.042290
0.044176
0.041755
0.043403
0.043500
0.077009
0.041666
0.042115
0.040493
0.047381
0.045271
0.042667
0.041891
0.045342
0.042640
0.042153
0.042166
0.041365
0.042912
0.041603
0.043295
0.041862
0.044351
0.041805
0.043487
0.076780
0.041933
0.041128
0.042268
0.042343
0.044817
0.044326
0.043995
0.042603
0.044407
0.041934
0.042199
0.050202
0.043758
0.046488
0.046943
0.045526
0.039741
0.047389
0.041032
0.073472
0.038330
0.046627
0.045518
0.042830
0.042298
0.053047
0.040548
0.047715
0.040902
0.038885
0.041324
0.046636
0.043034
0.044204
0.043772
0.056074
0.044768
0.039455
0.040137
0.075507
0.043571
0.043951
0.040429
0.043848
0.042290
0.042582
0.045290
0.043222
0.042002
0.042140
0.043872
0.044006
0.041901
0.043238
0.043090
