421	256	136	99
422	251	135	109
419	246	139	109
419	242	141	112
419	245	135	110
417	243	136	106
420	248	134	105
418	246	136	107
421	246	135	107
422	247	135	111
427	251	128	112
426	254	130	110
425	256	140	114
423	262	131	111
427	262	135	110
424	264	137	112
424	268	136	113
428	275	136	106
428	273	132	114
432	272	134	117
442	278	134	113
441	277	135	119
451	290	138	110
452	293	145	107
458	293	144	110
460	290	148	114
463	292	155	108
466	292	153	109
471	288	153	112
473	285	152	115
478	287	152	106
478	283	152	112
486	282	146	106
483	281	149	111
484	275	150	118
485	281	148	111
482	281	145	114
479	280	143	114
472	284	144	110
467	286	154	108
462	286	148	109
460	283	134	115
448	289	142	109
441	285	140	111
432	286	136	111
431	287	134	107
424	284	130	112
417	284	136	108
408	290	140	106
405	291	135	104
403	287	130	103
397	297	130	97
394	285	126	103
393	288	127	107
385	294	129	101
385	289	129	105
382	296	128	100
378	294	130	99
377	296	131	101
376	294	126	100
376	293	129	103
374	291	126	99
376	297	126	100
370	296	125	97
369	297	127	101
368	298	123	97
364	300	123	97
361	301	124	94
358	304	120	95
353	307	123	93
348	310	118	97
344	311	118	95
338	313	118	95
337	311	118	96
330	311	114	92
324	312	115	93
325	315	114	91
317	312	117	92
314	309	113	93
309	309	116	90
307	307	113	91
297	304	114	92
298	302	117	89
293	300	114	89
292	297	114	91
290	292	111	90
292	289	110	93
289	283	107	94
285	281	110	90
278	278	112	89
276	276	113	88
274	270	115	90
275	269	110	92
274	261	113	90
269	256	115	92
269	251	118	93
272	250	114	90
272	243	118	94
274	240	118	96
278	237	119	93
275	232	122	94
279	225	123	95
284	225	119	100
285	225	125	93
290	224	120	95
296	219	120	95
299	222	121	91
303	217	123	95
308	215	117	93
310	214	123	96
312	210	123	95
320	211	121	99
324	208	121	96
327	213	123	94
330	208	125	100
338	216	123	99
340	216	124	96
349	224	119	95
351	224	123	96
357	230	118	96
361	233	119	97
367	236	122	100
368	236	122	95
376	242	120	96
378	243	121	95
385	250	122	93
385	252	126	94
393	259	124	93
396	263	120	97
398	264	122	97
399	267	126	95
401	270	121	95
401	269	122	94
404	276	120	94
403	277	123	97
401	280	122	99
400	285	121	95
399	288	121	95
398	289	119	94
396	295	119	94
394	298	119	94
394	302	114	94
393	303	116	93
392	310	117	92
390	310	116	93
393	317	112	88
393	318	114	90
390	322	114	88
390	323	112	89
388	329	113	89
387	331	113	90
386	335	112	90
388	338	110	87
384	340	114	86
381	342	116	86
380	343	116	87
379	344	114	87
378	345	111	86
374	345	112	87
371	347	113	83
370	347	114	84
368	347	109	85
363	346	111	84
361	345	109	84
357	345	112	86
353	344	110	85
347	342	114	87
344	341	111	89
341	340	108	85
336	340	111	85
333	340	111	83
329	338	108	84
327	338	107	85
322	336	107	82
318	336	106	82
315	335	108	81
313	334	104	82
311	332	106	82
309	329	102	83
306	332	108	81
304	328	102	81
304	328	104	80
302	325	100	80
299	321	98	82
296	319	104	82
292	315	103	84
290	313	101	82
288	312	104	82
287	312	100	82
287	310	99	82
288	311	99	86
286	309	100	83
290	312	98	83
290	310	99	84
289	312	101	87
295	314	98	85
294	317	103	85
298	317	102	86
302	322	101	83
304	323	103	84
309	325	103	86
309	329	106	83
318	331	102	86
317	331	105	85
321	336	107	85
329	337	98	84
328	338	107	87
331	340	108	86
334	340	110	86
337	342	112	87
342	340	108	87
343	339	110	89
349	340	108	88
350	338	112	90
352	336	118	92
355	337	117	92
364	337	116	89
362	336	119	90
373	334	116	91
369	334	116	90
380	331	117	90
379	329	119	92
383	327	119	90
385	325	117	93
384	318	120	92
383	317	124	93
390	312	120	91
388	311	121	91
388	303	124	96
390	301	121	91
389	292	123	97
391	285	122	98
391	280	122	97
391	273	127	98
390	271	125	97
389	266	125	97
388	261	123	98
392	256	118	101
387	257	122	95
389	250	126	97
385	245	121	99
386	240	124	98
385	239	123	100
382	235	122	98
381	234	122	99
380	231	117	100
380	233	116	100
373	235	118	98
371	234	114	96
367	232	115	96
363	235	111	96
359	233	116	95
353	231	117	96
351	231	113	93
348	230	113	93
345	228	110	97
337	227	112	97
336	230	108	98
328	228	112	92
328	228	107	93
323	229	106	95
318	226	108	97
310	229	110	93
309	233	108	93
305	231	106	96
302	233	108	93
295	238	110	92
294	236	108	92
292	242	103	93
289	244	104	92
284	250	104	91
283	254	103	91
280	261	100	89
274	264	104	88
271	266	106	89
278	267	93	90
274	272	96	88
271	274	100	86
273	275	99	88
273	275	99	85
274	278	99	85
275	278	96	88
272	277	101	84
279	275	92	85
276	266	100	88
276	265	103	83
276	257	107	88
279	254	103	88
285	247	103	87
287	239	110	88
289	236	110	89
298	230	110	88
305	225	107	88
307	218	113	95
312	216	114	92
321	213	113	94
327	209	112	100
336	208	115	96
343	205	112	100
352	204	114	103
356	203	115	105
364	201	119	111
368	205	120	107
373	211	127	102
379	210	124	106
386	205	126	107
387	208	134	108
394	203	140	111
399	205	136	105
403	204	132	111
408	198	136	110
411	200	130	112
415	200	131	115
421	194	129	119
425	189	122	126
426	197	124	118
426	193	130	124
424	201	130	118
