0.314679
0.042285
0.043818
0.042197
0.043519
0.042741
0.043022
0.043728
0.042468
0.042718
0.045580
0.042811
0.043773
0.044647
0.039330
0.043173
0.042834
0.045807
0.039979
0.045399
0.075027
0.042321
0.042042
0.042237
0.042179
0.039712
0.039894
0.039510
0.039638
0.044168
0.044217
0.038991
0.038773
0.042723
0.045601
0.039998
0.042696
0.044374
0.046143
0.041714
0.077268
0.044783
0.044051
0.045456
0.038881
0.038449
0.039063
0.020103
0.020376
0.020183
0.022643
0.020122
0.022142
0.019653
0.019559
0.020204
0.018830
0.019421
0.018901
0.019364
0.019381
0.038718
0.038755
0.018807
0.039613
0.037537
0.038976
0.041426
0.042781
0.042886
0.042603
0.042262
0.042629
0.041344
0.040708
0.038032
0.056220
0.037855
0.055876
0.036389
0.072214
0.038076
0.038346
0.038159
0.038286
0.038050
0.038095
0.038778
0.041983
0.043181
0.042204
0.060040
0.062100
0.037399
0.037099
0.055979
0.055520
0.037909
0.038476
0.038387
0.072041
0.038388
0.042923
0.037844
0.038274
0.037979
0.038915
0.042851
0.043407
0.040505
0.039530
0.037771
0.038376
0.038338
0.038840
0.038890
0.037802
0.037909
0.037924
0.038532
0.071963
0.037897
0.037935
0.038033
0.037853
0.037867
0.038262
0.037959
0.037860
0.037959
0.037997
0.037680
0.037637
0.037954
0.037660
0.038029
0.037826
0.037533
0.037860
0.037683
0.071608
0.037899
0.037959
0.037757
0.037786
0.038602
0.038000
0.037766
0.037758
0.037756
0.037848
0.037549
0.037730
0.037919
0.037645
0.037821
0.037696
0.037788
0.037796
0.037726
0.072721
0.038907
0.038463
0.038786
0.038729
0.039111
0.038709
0.038648
0.038728
0.038702
0.038791
0.038644
0.038631
0.038813
0.038865
0.038924
0.039008
0.038902
0.038908
0.039004
0.072992
0.039119
0.039373
0.038875
0.039499
0.037973
0.038161
0.038176
0.038470
0.038423
0.038047
0.037787
0.037889
0.037936
0.037842
0.037851
0.037994
0.037743
0.037991
0.037827
0.071637
0.037875
0.037896
0.037843
0.038154
0.037862
0.037966
0.037842
0.037943
0.037984
0.037990
0.037796
0.037703
0.037981
0.037755
0.037821
0.037911
0.038186
0.037773
0.038109
