325	209	121	90
322	209	121	90
326	209	118	90
324	208	130	95
318	206	143	90
318	212	145	84
319	212	142	83
317	209	154	86
313	208	155	86
318	212	142	84
323	208	127	82
326	209	115	89
325	210	108	82
327	209	103	83
327	200	96	96
335	200	82	95
333	203	82	92
334	206	85	91
336	205	83	89
338	206	82	88
338	207	83	89
344	203	78	91
346	207	76	88
345	204	71	92
345	198	67	95
346	199	63	99
343	201	63	93
348	202	53	95
354	201	44	92
358	210	37	84
363	209	31	86
351	204	41	93
358	204	35	93
363	206	30	92
363	204	31	89
366	206	28	90
366	207	29	89
0	0	0	0
0	0	0	0
322	215	26	83
310	213	32	87
315	208	29	95
0	0	0	0
0	0	0	0
0	0	0	0
0	0	0	0
0	0	0	0
0	0	0	0
0	0	0	0
0	0	0	0
0	0	0	0
0	0	0	0
299	197	38	108
0	0	0	0
344	209	41	98
356	210	32	87
357	216	31	85
349	211	39	88
349	212	38	88
331	210	54	88
328	208	60	88
327	206	59	91
327	205	59	92
331	206	49	91
331	201	47	94
332	204	51	91
332	202	54	95
334	207	54	92
337	210	52	88
337	212	58	88
335	211	58	85
333	209	62	89
333	209	64	90
332	209	64	89
331	211	63	89
331	211	61	88
331	207	62	88
331	212	56	88
326	215	64	86
327	214	60	88
329	210	56	86
325	212	61	87
323	213	67	88
326	209	58	90
323	213	67	87
326	211	61	86
326	212	63	87
328	207	62	88
323	207	72	95
325	205	68	93
319	201	76	100
319	206	81	95
322	218	74	82
332	223	64	76
326	221	70	78
312	221	81	77
325	217	71	78
326	223	68	76
308	225	87	73
303	219	93	81
300	221	97	79
299	222	98	79
309	225	89	76
314	215	81	86
316	220	78	78
309	214	84	83
301	216	91	80
300	214	87	82
302	214	86	79
287	209	97	86
287	208	111	88
269	208	105	90
279	201	96	99
292	207	85	92
289	208	88	91
292	208	85	90
290	210	88	91
290	210	87	88
290	209	88	88
286	211	93	88
283	210	94	90
277	210	97	90
272	209	103	91
268	213	109	88
262	210	113	90
272	207	102	91
270	205	104	95
261	209	111	89
251	209	118	90
245	210	127	92
245	211	126	89
240	208	131	92
244	201	127	96
245	200	125	101
246	205	128	91
248	210	124	90
248	207	121	95
249	210	120	88
248	211	122	91
252	210	114	87
265	208	99	93
258	206	107	95
258	213	104	87
245	208	120	92
230	207	136	95
221	205	144	94
210	203	156	98
210	192	154	111
197	188	168	115
192	188	153	111
192	181	135	120
194	181	118	125
189	188	119	118
198	189	109	120
209	192	97	116
219	190	88	118
221	190	86	115
226	189	80	117
211	190	94	116
203	187	107	123
201	189	108	121
195	185	113	126
199	186	109	122
204	189	104	117
209	188	99	120
206	188	100	120
213	185	91	122
207	186	100	124
203	184	103	124
205	186	102	122
207	188	98	117
201	184	104	123
203	186	102	122
199	185	107	122
198	188	113	121
195	184	111	126
