1.329744
0.096093
0.092883
0.092163
0.064727
0.065040
0.065123
0.065230
0.065369
0.064932
0.065190
0.064750
0.065011
0.065161
0.092556
0.091752
0.092114
0.091899
0.091850
0.092843
0.064903
0.065259
0.065126
0.094113
0.094057
0.092661
0.064594
0.064989
0.064707
0.064743
0.064772
0.064772
0.065012
0.093146
0.093146
0.093257
0.092133
0.094429
0.093312
0.093978
0.198834
0.091635
0.091853
0.064151
0.064977
0.064452
0.064409
0.064331
0.064658
0.064628
0.064574
0.064503
0.064529
0.064540
0.064314
0.064461
