501	272	52	190
496	274	52	184
494	274	52	179
490	273	54	177
487	275	53	176
483	274	55	179
481	274	53	181
477	274	51	175
473	274	49	181
0	0	0	0
0	0	0	0
0	0	0	0
0	0	0	0
0	0	0	0
0	0	0	0
0	0	0	0
0	0	0	0
0	0	0	0
0	0	0	0
0	0	0	0
423	251	57	184
423	268	54	190
418	269	53	190
415	269	54	186
412	271	53	181
406	272	54	175
401	271	59	185
395	270	56	186
387	268	59	190
385	268	58	187
383	268	54	192
379	266	50	190
375	264	48	191
370	266	50	183
367	266	49	183
366	266	49	190
358	263	52	193
355	266	52	187
349	268	53	187
349	265	52	182
343	267	53	191
342	262	53	193
336	261	54	198
335	261	52	195
330	259	52	197
324	262	54	195
321	258	52	193
318	257	53	196
311	258	54	199
310	259	55	193
304	261	56	188
302	259	56	187
297	259	56	194
297	258	55	191
290	257	58	191
285	255	59	191
280	251	60	194
276	249	59	193
270	248	61	195
269	251	56	192
266	244	55	194
262	248	55	192
257	242	55	193
253	244	56	191
249	242	54	191
242	243	60	188
240	243	58	183
235	244	60	190
232	246	55	196
229	248	54	188
223	250	55	185
219	251	57	189
211	250	59	195
207	254	60	196
204	258	58	202
202	255	58	202
196	258	57	202
191	256	59	195
183	250	58	195
181	243	55	193
176	230	58	192
175	231	55	194
180	212	56	195
176	217	55	197
167	231	54	198
163	241	56	201
164	248	54	192
161	253	57	203
144	274	55	192
135	278	60	192
131	278	59	188
137	264	55	187
151	242	55	190
154	232	61	198
164	223	57	204
162	223	55	203
155	224	58	202
153	229	58	194
151	235	59	202
157	235	61	196
166	228	60	197
188	228	57	193
194	232	61	190
212	232	62	191
217	234	58	192
219	240	54	180
217	244	54	169
216	260	56	180
216	241	57	191
211	237	56	191
206	237	55	190
199	235	53	191
195	234	49	197
186	235	50	196
181	232	50	199
174	230	51	196
173	231	51	200
167	230	51	197
167	230	50	198
172	226	46	195
172	230	44	194
159	230	55	196
172	223	53	187
0	0	0	0
0	0	0	0
0	0	0	0
0	0	0	0
224	239	56	186
0	0	0	0
0	0	0	0
183	250	73	176
123	225	86	205
117	218	103	213
82	211	134	228
89	218	117	222
74	217	105	227
194	124	129	265
246	193	88	236
253	183	84	243
0	0	0	0
0	0	0	0
0	0	0	0
0	0	0	0
0	0	0	0
0	0	0	0
0	0	0	0
0	0	0	0
398	174	106	247
398	175	115	246
415	174	119	244
0	0	0	0
131	228	75	205
124	238	75	195
122	242	65	195
128	241	50	196
119	246	46	190
114	246	49	191
106	245	51	192
101	246	49	195
92	246	54	195
88	245	55	198
86	247	55	192
82	248	56	190
79	250	58	189
74	253	64	183
73	251	60	190
67	252	64	190
64	250	68	190
57	251	70	192
54	252	67	190
46	251	76	190
43	253	64	186
37	251	60	193
