0.319407
0.039551
0.040537
0.039340
0.039570
0.044312
0.039564
0.039357
0.039125
0.020031
0.020091
0.020174
0.020137
0.020052
0.020134
0.020138
0.020660
0.021017
0.022650
0.022107
0.064086
0.040956
0.040729
0.040719
0.040443
0.040350
0.040224
0.042590
0.040523
0.040599
0.040697
0.040440
0.040652
0.040402
0.040690
0.040228
0.040366
0.040312
0.040235
0.040024
0.076396
0.039308
0.039523
0.039605
0.039341
0.039452
0.039175
0.039566
0.039401
0.039358
0.039512
0.039901
0.039894
0.040087
0.040878
0.044648
0.045113
0.040285
0.040766
0.044930
0.078701
0.045691
0.046132
0.046065
0.040436
0.043306
0.040042
0.039815
0.040037
0.039923
0.039846
0.040168
0.040477
0.040223
0.041642
0.046456
0.040828
0.040282
0.040326
0.040575
0.075014
0.040696
0.040717
0.040540
0.040089
0.040527
0.043808
0.043675
0.045659
0.039752
0.039616
0.039538
0.039855
0.039320
0.039925
0.039913
0.041423
0.039694
0.039711
0.039913
0.073421
0.040136
0.040082
0.040333
0.040160
0.039629
0.039551
0.039747
0.039660
0.039640
0.039554
0.039579
0.039383
0.039455
0.039486
0.039642
0.039815
0.039739
0.039512
0.039335
0.058437
0.039237
0.039345
0.020081
0.021018
0.020981
0.020972
0.040525
0.020436
0.022206
0.040442
0.041523
0.038756
0.056591
0.038314
0.038736
0.038511
0.037548
0.038704
0.018960
0.019387
0.019467
0.019569
0.019948
0.019440
0.019565
0.019529
0.038375
0.038519
0.038536
0.020216
0.038932
0.038167
0.037588
0.039840
0.040294
0.043803
0.045028
0.047143
0.039238
0.073556
0.039594
0.039869
0.039687
0.039609
0.040804
0.043761
0.043730
0.043998
0.040161
0.042530
0.040649
0.039730
