1.342634
0.095573
0.093855
0.094336
0.095098
0.094897
0.094448
0.094800
0.097136
0.096071
0.093870
0.093237
0.093658
0.093430
0.093217
0.093481
0.093029
0.093366
0.094658
0.092939
0.200740
0.097739
0.098215
0.101274
0.070038
0.097975
0.097984
0.099082
0.095095
0.094504
0.094057
0.094088
0.094235
0.092861
0.094485
0.095156
0.094808
0.094813
0.163839
0.163569
0.225707
0.163160
0.164033
0.163881
0.163438
0.163425
0.165592
0.164466
0.096881
0.168765
0.163204
0.164075
0.162007
0.162535
0.095084
0.095756
0.095005
0.094986
0.095910
0.096029
0.163046
0.096065
0.095832
0.095911
0.096299
0.094892
0.094064
0.099568
0.095776
0.095651
0.065988
0.065967
0.066408
0.066356
0.066833
0.094115
0.094644
0.092501
0.092439
0.093215
0.221013
0.093024
0.094604
0.093843
0.093774
0.094195
0.094939
0.095104
0.094521
0.093769
0.097092
0.095047
0.094136
0.094321
0.092621
0.092170
0.092990
0.093238
0.093755
0.094123
0.221334
0.093966
0.094693
0.098510
0.094798
0.092971
0.092510
0.092375
0.092688
0.092688
0.092241
0.092218
0.093026
0.092333
0.092252
0.093250
0.092045
0.091724
0.092971
0.092043
0.220327
0.098263
0.095411
0.095437
0.098800
0.096476
0.091679
0.094994
0.094684
0.094976
0.096061
0.097534
0.092327
0.098408
0.091790
0.093287
0.097189
0.098795
0.097338
0.098119
0.227220
0.094173
0.091835
0.091023
0.092125
0.092494
0.091923
0.091979
0.091521
0.091908
0.091180
0.092690
0.091206
0.092199
0.093061
0.095630
0.097530
0.091185
0.091392
0.090741
0.218983
0.091413
0.090567
0.090681
0.092432
0.090788
0.090834
0.091116
0.092176
0.091137
0.090918
0.091338
0.093002
0.091657
0.092525
0.091003
0.091834
0.091420
0.091238
0.091698
0.219526
0.094353
0.091291
0.091477
0.092538
0.091323
0.091095
0.091588
0.091267
0.092118
0.091687
0.091196
0.091850
0.092634
0.093068
0.092376
0.093038
0.092365
0.092934
0.092566
0.221406
0.092636
0.092440
0.092873
0.092427
0.092035
0.091926
0.093194
0.092429
0.091963
0.092170
0.092140
0.091995
0.091994
0.091456
0.092302
0.092160
0.091858
0.092723
0.091736
0.222912
0.092554
0.092375
0.091899
0.092259
0.091271
0.091377
0.063949
0.064108
0.064046
0.063984
0.063963
0.064151
0.063808
0.094317
0.066767
0.064320
0.064346
0.064190
0.064180
0.221223
0.093348
