517	205	76	237
514	208	71	238
506	208	73	237
501	194	73	251
485	199	79	247
480	208	81	237
477	219	75	225
473	207	69	237
450	211	83	236
441	200	81	245
431	205	83	240
436	216	73	229
416	210	77	236
420	203	64	242
402	204	77	239
403	201	70	243
391	197	68	248
384	197	81	250
377	201	73	243
374	199	72	246
357	199	80	245
347	222	88	220
346	202	72	232
342	193	72	226
0	0	0	0
312	217	82	223
299	207	88	233
295	198	91	245
282	192	89	250
274	192	95	250
272	206	84	237
271	203	77	236
273	194	69	242
266	195	79	246
247	212	87	231
239	208	77	230
241	198	75	243
226	198	79	244
217	185	92	257
206	195	87	247
173	201	111	241
161	201	124	241
166	201	113	241
157	190	125	252
147	205	143	235
145	201	141	241
129	202	142	240
126	214	137	228
132	226	119	215
123	224	117	217
127	229	106	211
112	227	121	212
105	211	117	230
99	223	118	219
82	223	130	210
79	215	130	229
72	211	134	232
74	205	127	238
71	218	132	226
75	212	126	231
76	220	123	223
78	212	120	230
77	211	122	235
84	220	113	221
81	219	118	224
80	228	118	214
88	222	115	218
74	219	127	224
83	227	97	205
83	217	98	192
0	0	0	0
0	0	0	0
0	0	0	0
0	0	0	0
0	0	0	0
119	229	98	197
129	237	71	189
107	248	90	174
108	240	96	200
112	238	88	201
107	247	94	193
106	234	94	207
106	238	94	203
95	239	106	201
80	257	128	183
81	263	124	170
96	257	107	183
81	255	122	186
85	264	124	170
80	264	129	178
108	247	102	194
126	243	75	200
127	255	77	185
126	254	83	188
132	259	77	180
133	255	78	184
137	259	80	182
143	258	70	182
136	256	85	184
130	260	91	180
136	259	83	181
137	259	82	182
138	258	81	181
136	263	86	175
139	266	81	172
138	276	82	164
141	265	77	175
140	267	81	172
138	275	82	164
142	263	77	177
143	270	75	171
140	273	80	167
141	264	77	177
145	269	72	171
143	269	77	170
159	265	64	172
161	266	60	172
157	270	70	169
159	270	67	171
158	273	71	168
161	274	69	167
164	276	68	164
167	276	65	164
171	271	62	161
173	277	62	155
174	271	62	167
176	266	57	174
178	274	57	160
179	273	55	167
174	265	62	174
177	276	57	164
175	273	60	167
175	279	60	161
175	276	60	158
175	281	59	155
176	281	58	159
178	280	56	159
180	278	53	161
178	279	56	161
177	280	58	160
177	279	57	162
178	284	56	156
178	280	56	156
176	283	57	158
175	284	59	158
182	282	54	158
177	284	60	155
188	283	48	158
190	283	46	157
192	284	45	157
192	279	46	162
189	283	50	154
188	279	50	160
193	284	44	156
194	282	44	159
190	285	48	152
192	287	44	153
192	286	42	155
194	283	39	157
193	284	40	154
197	287	35	149
197	287	32	153
193	282	38	158
193	279	39	156
192	285	36	154
190	285	39	154
186	285	44	155
189	286	36	153
186	285	39	155
182	286	46	154
184	286	39	154
177	287	49	150
175	285	51	151
177	287	45	152
178	286	38	152
176	283	46	156
176	284	49	154
171	284	42	147
171	291	43	145
174	286	43	148
172	286	39	153
172	286	36	152
170	291	35	147
168	290	39	144
167	283	39	151
164	284	43	153
162	287	45	151
152	290	44	152
156	284	39	154
152	286	41	153
150	283	42	143
150	283	40	150
149	284	41	156
148	290	40	149
148	285	41	148
147	289	41	140
147	286	41	145
147	288	41	145
147	295	40	134
146	286	41	133
146	297	39	126
147	300	38	122
142	299	45	122
143	302	43	115
142	302	44	112
143	303	44	105
142	305	44	100
141	306	45	96
143	303	43	104
142	303	45	103
141	304	44	99
142	305	43	99
141	308	44	94
140	306	44	95
139	306	46	94
137	311	47	91
137	310	47	92
136	308	48	96
134	305	49	98
134	306	50	97
133	304	50	103
131	304	53	104
130	306	53	100
138	308	46	97
135	304	50	106
133	302	51	112
131	304	53	113
0	0	0	0
0	0	0	0
0	0	0	0
0	0	0	0
0	0	0	0
0	0	0	0
0	0	0	0
117	301	67	107
0	0	0	0
0	0	0	0
0	0	0	0
0	0	0	0
0	0	0	0
252	178	78	121
246	178	66	121
