1.344062
0.099428
0.094306
0.095394
0.093287
0.093473
0.094425
0.094193
0.094087
0.093277
0.094020
0.092614
0.092567
0.092361
0.093128
0.093327
0.093103
0.093143
0.092696
0.093070
0.201903
0.096611
0.098288
0.097615
0.099041
0.093888
0.092832
0.093743
0.097529
0.093740
0.092324
0.092174
0.093117
0.092265
0.093024
0.092533
0.092830
0.092972
0.093003
0.096070
0.226236
0.092650
0.092449
0.092673
0.094007
0.093326
0.093218
0.095253
0.093738
0.094634
0.094253
0.094543
0.065991
0.066846
0.071187
0.066406
0.066904
0.096132
0.094146
0.087275
0.227361
0.093359
0.092971
0.092869
0.094251
0.093341
0.093657
0.093347
0.092505
0.092974
0.093602
0.093301
0.093577
0.093466
0.094767
0.092998
0.092716
0.093458
0.093465
0.093451
0.221909
0.096157
0.092798
0.094048
0.093247
0.093050
0.092717
0.093179
0.093007
0.093118
0.093213
0.095440
0.093183
0.093270
0.092537
0.094045
0.093741
0.093606
0.093507
0.091617
0.220992
0.092511
0.092247
0.092717
0.093044
0.092812
0.093446
0.093018
0.092582
0.093359
0.092171
0.092460
0.092165
0.092781
0.092382
0.092471
0.092283
0.092435
0.092277
0.091809
0.220392
0.091754
0.092300
0.091799
0.092117
0.092100
0.092919
0.091513
0.092531
0.091657
0.091824
0.091751
0.092362
0.092131
0.092150
0.093592
0.092424
0.092931
0.093677
0.092980
0.221878
0.097348
0.093068
0.093486
0.093498
0.093367
0.091648
0.091343
0.091741
0.091975
0.093006
0.065639
0.066025
0.066153
0.066125
