0.317938
0.040380
0.040098
0.039798
0.040066
0.040072
0.039811
0.040090
0.040265
0.040257
0.040345
0.040261
0.040302
0.040210
0.040180
0.040203
0.039983
0.041146
0.040899
0.040202
0.068740
0.039930
0.040041
0.040007
0.040021
0.040195
0.040015
0.040073
0.040312
0.040180
0.040821
0.041203
0.044275
0.046475
0.045425
0.038377
0.038869
0.038697
0.038856
0.041413
0.073133
0.038663
0.042299
0.043851
0.037899
0.038372
0.037885
0.040411
0.040273
0.040097
0.039987
0.040185
0.039840
0.039971
0.020743
0.040978
0.040581
0.040586
0.038234
0.040512
0.074442
0.040622
0.040181
0.037819
0.040163
0.040214
0.040561
0.040512
0.043370
0.040127
0.040251
0.041104
0.039245
0.039696
0.039623
0.039472
0.039355
0.039096
0.038863
0.039402
0.073130
0.039351
0.039340
0.039264
0.040364
0.039413
0.039649
0.039690
0.039930
0.040047
0.040089
0.039718
0.039801
0.039682
0.043015
0.038776
0.039759
0.039641
0.042008
0.041187
0.072720
0.038862
0.038900
0.038819
0.039600
0.039222
0.038464
0.038641
0.056658
0.038063
0.056557
0.038041
0.038826
0.041334
0.043171
0.038919
0.039050
0.039050
0.039250
0.039728
0.074773
0.040292
0.038023
0.040642
0.039977
0.039676
0.039635
0.039855
0.039832
0.039548
0.039795
0.040125
0.040138
0.040612
0.038257
0.038205
0.038148
0.038749
0.038571
0.038636
0.073158
0.039044
0.038971
0.039266
0.038890
0.038925
0.039746
0.038011
0.037826
0.037634
0.040166
0.040323
0.040058
0.040036
0.040005
0.041746
0.042383
0.040074
0.039914
0.058075
0.057525
0.039176
0.039566
0.039367
0.039309
0.039099
0.039198
0.039917
0.039969
0.057512
0.039368
0.039312
0.040333
0.041543
0.039220
0.039546
0.039323
0.039497
0.039846
0.039793
0.073334
0.039409
0.039617
0.039603
0.039425
0.040061
0.040653
0.043470
0.039589
0.039377
0.039186
0.039106
0.020197
0.039742
0.039473
0.038988
0.039045
0.039878
0.038942
0.040039
0.079427
0.039217
0.040634
0.039242
0.040308
0.039186
0.039259
0.039205
0.039540
0.039434
0.039432
0.039456
0.039457
0.040246
0.039998
0.040309
0.040105
0.040007
0.041559
0.045022
0.079338
