0.330254
0.046393
0.040661
0.041768
0.044815
0.037982
0.038033
0.037929
0.039427
0.038820
0.038043
0.038444
0.038215
0.038051
0.038754
0.019379
0.020227
0.019526
0.018970
0.019001
0.018941
0.018850
0.020015
0.040981
0.043436
0.038006
0.039307
0.038882
0.040602
0.043840
0.040708
0.041812
0.042628
0.044013
0.039478
0.039852
0.038841
0.039760
0.040891
0.043672
0.077511
0.041950
0.042747
0.041076
0.041834
0.038822
0.038890
0.039313
0.040994
0.041187
0.038856
0.041307
0.040403
0.040265
0.037800
0.037718
0.037525
0.037971
0.037652
0.038028
0.071620
0.038093
0.038165
0.038002
0.038085
0.038071
0.037480
0.039083
0.040781
0.042861
0.042254
0.041733
0.038249
0.037948
0.037959
0.037735
0.038061
0.041855
0.041874
0.038553
0.072616
0.041935
0.038309
0.038500
0.039975
0.038356
0.038547
0.040152
0.043529
0.043195
0.043748
0.040767
0.040881
0.040838
0.040755
0.042109
0.039222
0.043255
0.043025
0.043240
0.019509
0.020047
0.021693
0.019426
0.019347
0.039778
0.042787
0.042471
0.038307
0.038479
0.038822
0.038837
0.038794
0.039202
0.039072
0.039060
0.039399
0.039606
0.038959
0.039446
0.073133
0.040144
0.042286
0.044281
0.044678
0.038697
0.039112
0.043617
0.044622
0.042746
0.038445
0.038272
0.038474
0.038266
0.039630
0.038113
0.038827
0.039070
0.039039
0.039062
0.072780
0.039370
0.038763
0.039836
0.019082
0.019480
0.019380
0.039695
0.038863
0.037834
0.037940
0.037724
0.037611
0.037877
0.037997
0.038127
0.038347
0.038797
0.039474
0.038477
0.072151
0.038341
0.038274
0.038375
0.038380
0.040794
0.038298
0.038165
0.037981
0.037991
0.038050
0.039315
0.038128
0.037993
0.037999
0.039503
0.039886
0.038480
0.038575
0.039062
0.072104
0.038034
0.039366
0.038471
0.018945
0.021234
0.019358
0.019554
0.019715
0.019572
0.019548
0.019592
0.019540
0.039574
0.042717
0.038066
0.038475
0.039133
0.041682
0.046579
0.071655
0.038876
0.038105
0.038219
0.038278
0.037863
0.037941
0.037911
0.038197
0.038124
0.038178
0.038067
0.038298
0.038401
0.038475
0.038487
0.038360
0.039558
0.038455
0.039183
0.076344
0.041796
0.037883
0.038093
0.037912
0.038355
0.045961
0.045812
0.040806
0.041983
0.020009
0.020340
0.020458
0.022450
0.021759
0.020604
0.043180
0.038178
0.037893
0.038774
0.073678
0.045235
0.047235
0.045910
0.044627
0.045358
0.041698
0.038217
0.038781
0.038422
0.039769
0.046054
0.045942
0.047072
0.046446
0.046204
0.042321
0.043001
0.043333
0.038738
0.077055
