303	259	124	81
296	255	125	85
289	251	114	82
283	258	111	80
274	256	107	75
267	251	114	80
265	247	107	80
261	251	105	75
257	251	98	75
254	243	93	82
256	245	82	86
257	241	74	83
258	242	63	83
259	241	60	84
258	237	56	88
261	237	53	88
259	242	54	83
258	241	55	83
257	240	67	83
257	240	70	80
257	239	68	83
257	239	66	83
257	241	78	78
258	243	80	74
259	242	78	70
257	241	85	72
258	241	89	73
256	242	96	71
257	244	103	70
257	244	108	70
261	244	109	70
266	244	108	71
273	243	107	69
273	243	112	67
283	245	108	67
289	245	109	69
297	246	108	69
300	245	108	66
300	246	115	70
301	245	117	69
309	247	114	71
323	245	102	71
328	244	99	70
328	243	100	75
330	244	101	77
336	246	97	79
336	244	100	78
340	244	95	78
340	243	95	77
344	246	90	79
342	247	90	78
348	247	85	77
350	245	82	76
352	244	74	81
355	243	71	79
358	243	64	85
362	244	61	83
360	242	57	85
358	240	59	86
355	241	60	84
354	239	58	85
355	238	55	84
350	241	55	84
348	238	62	83
343	239	65	82
339	241	69	77
329	243	73	74
321	242	81	74
316	242	82	69
312	241	85	75
307	240	87	74
302	245	88	74
292	239	95	72
283	245	98	71
278	244	100	69
261	244	109	71
257	243	104	71
255	241	99	75
256	242	93	72
254	241	81	73
255	240	72	75
254	241	69	70
254	243	66	70
254	244	65	69
254	244	58	69
255	246	45	64
254	246	46	63
239	248	51	68
226	254	37	66
200	245	43	61
190	242	42	67
171	238	59	67
163	235	69	71
161	233	69	74
161	233	71	74
157	236	75	74
156	235	77	77
157	233	75	78
158	234	73	78
161	235	68	78
161	233	68	76
162	236	64	73
164	238	55	71
168	237	47	71
166	236	48	73
165	237	51	72
164	237	67	73
166	235	66	70
163	234	70	70
165	234	68	72
166	234	67	73
168	236	64	71
164	237	71	70
169	236	66	73
174	238	61	64
179	239	55	63
180	240	54	61
185	242	47	60
190	241	44	60
197	242	38	58
201	243	32	56
208	235	38	59
211	237	49	66
225	242	39	65
242	242	48	61
260	238	54	61
259	234	62	69
261	235	65	67
259	235	71	69
258	237	78	67
257	238	84	66
259	238	95	66
259	239	99	66
276	240	89	61
279	241	90	64
284	240	93	65
284	243	97	61
290	241	100	64
293	242	103	64
306	243	102	62
313	243	94	64
320	242	90	62
323	245	87	64
326	242	84	67
328	241	85	70
331	240	77	71
332	241	74	71
331	239	71	71
331	238	70	72
333	237	67	78
334	240	64	74
335	228	59	87
337	226	49	88
336	227	49	87
331	231	50	87
324	229	57	89
319	235	70	83
312	241	81	77
313	240	83	79
315	241	83	78
315	240	86	75
325	242	76	75
317	242	88	77
319	240	90	77
322	245	86	71
321	244	85	77
317	240	88	76
312	240	94	81
306	235	98	84
307	242	96	83
302	239	97	82
299	237	99	83
292	236	102	82
292	233	103	85
276	232	111	89
277	238	105	85
280	238	94	78
272	236	97	82
264	236	102	82
261	236	102	84
258	236	102	78
255	240	107	78
259	237	95	81
257	241	93	79
252	238	91	82
254	239	83	80
257	238	78	77
259	239	78	75
256	240	78	75
258	238	75	77
258	239	78	78
257	241	76	74
256	240	82	76
256	237	79	79
260	238	77	80
258	240	79	75
259	239	80	78
254	239	83	77
261	241	78	73
257	239	82	77
260	239	78	77
256	238	81	79
260	240	77	77
258	240	79	76
259	239	78	77
260	242	79	73
256	241	82	74
256	240	82	75
255	238	84	78
260	240	78	76
257	238	81	77
257	237	81	80
260	240	79	77
259	240	78	75
259	239	79	78
258	238	80	78
259	239	79	77
258	238	79	78
255	239	83	77
258	239	80	76
259	240	80	77
257	239	81	77
258	239	80	78
255	238	83	79
258	238	81	78
257	240	81	76
