0.391187
0.046440
0.048608
0.043480
0.044125
0.045547
0.045098
0.056283
0.044417
0.044631
0.044449
0.045817
0.045430
0.061546
0.043097
0.043346
0.043577
0.044575
0.061451
0.043082
0.079790
0.044346
0.043582
0.055233
0.042439
0.043864
0.042862
0.046036
0.043116
0.045696
0.044742
0.043382
0.042518
0.050939
0.041340
0.044095
0.074790
0.048593
0.044134
0.048255
0.080520
0.048738
0.045820
0.048662
0.046197
0.042178
0.043998
0.044967
0.043861
0.044618
0.047716
0.045430
0.045611
0.046226
0.043360
0.044422
0.042385
0.041862
0.044891
0.042976
0.078123
0.044479
0.042897
0.044174
0.042558
0.078015
0.043490
0.042163
0.043848
0.045031
0.043923
0.044347
0.044598
0.043741
0.044646
0.043720
0.042958
0.046381
0.043823
0.044846
0.078663
0.062444
0.044153
0.038656
0.039900
0.044238
0.061609
0.041534
0.064576
0.044398
0.044942
0.041329
0.045323
0.043719
0.042881
0.041775
0.044367
0.044000
0.043966
0.042782
0.077919
0.043070
0.042636
0.045143
0.043109
0.042466
0.041825
0.074796
0.044470
0.043447
0.044478
0.045526
0.043930
0.043901
0.043174
0.044385
0.042232
0.041691
0.042872
0.042345
0.041307
0.041857
0.040692
0.041403
0.049016
0.043219
0.039477
0.042627
0.044930
0.040638
0.045100
0.045971
0.092326
0.043756
0.039118
0.041198
0.041325
0.040617
0.043989
0.042148
0.078993
0.040223
0.044892
0.044293
0.044638
0.041460
0.042783
0.043408
0.042167
0.049761
0.042803
0.042511
0.042465
0.043905
0.043803
0.044492
0.046315
0.043679
0.043646
0.043937
0.081658
0.043326
0.043696
0.042413
0.043684
0.046565
0.044601
0.042480
0.045570
0.044812
0.044685
0.045854
0.052036
0.065792
0.045541
0.044392
0.042607
0.047795
0.045389
0.049387
0.083833
0.047805
0.043676
0.049992
0.044870
0.045697
0.043249
0.045078
0.048589
0.042994
0.038927
0.044037
0.046252
0.050008
0.052630
0.050688
0.049901
0.045186
0.042459
0.043094
0.079710
0.045176
0.045598
0.047882
0.044677
0.045027
0.046976
0.041244
0.044200
0.042378
0.042629
0.054334
0.039922
0.039796
0.039445
0.047591
0.042421
0.043288
0.043338
0.042102
0.094700
0.043802
0.039675
0.040531
0.047187
0.044090
