0.333280
0.041089
0.038459
0.038198
0.038088
0.039780
0.038016
0.038360
0.038497
0.038791
0.038404
0.038644
0.039171
0.038966
0.038692
0.038924
0.038403
0.038287
0.038314
0.041259
0.067376
0.038773
0.039041
0.038729
0.038981
0.038875
0.038758
0.038540
0.038462
0.038554
0.038597
0.038561
0.038509
0.038741
0.039235
0.038810
0.042649
0.042496
0.043188
0.037733
0.018619
0.019257
0.019232
0.019409
0.019307
0.019391
0.019386
0.019369
0.019359
0.019346
0.018796
0.019339
0.038223
0.038016
0.038170
0.038780
0.038219
0.038167
0.038275
0.038262
0.072550
0.039257
0.041308
0.043788
0.038512
0.038497
0.038345
0.038965
0.038636
0.039336
0.039105
0.039165
0.039275
0.039472
0.039400
0.039296
0.043662
0.044414
0.044728
0.044682
0.072366
0.039181
0.038743
0.039796
0.040123
0.038117
0.039098
0.038323
0.038393
0.039047
0.039976
0.039251
0.038818
0.039116
0.040364
0.042708
0.039676
0.039477
0.039548
0.040452
0.073609
0.040139
0.039745
0.039706
0.041000
0.041923
0.040807
0.040360
0.040160
0.039603
0.038956
0.039178
0.038429
0.038408
0.038386
0.038796
0.042421
0.039325
0.038875
0.038550
0.073200
0.044448
0.038375
0.038918
0.038295
0.042296
0.043380
0.043144
0.044096
0.043444
0.042747
0.042516
0.041783
0.041477
0.041613
0.041581
0.041810
0.041699
0.042072
0.042781
0.076568
0.040849
0.043119
0.042164
0.041720
0.042092
0.044391
0.042563
0.042188
0.047552
0.040796
0.044562
0.044196
0.044001
0.042381
0.042945
0.043158
0.044888
0.043033
0.043649
0.077296
0.043572
0.042704
0.042973
0.042852
0.043204
0.042702
0.043509
0.043669
0.043779
0.044070
0.043838
0.044136
0.044382
0.043850
0.044460
0.044380
0.044120
0.043909
0.046980
0.085978
0.043251
0.045970
0.046845
0.047879
0.047073
0.046255
0.045834
0.043612
0.043084
0.042435
0.043737
0.043569
0.043539
0.043983
0.044138
0.043432
0.043164
0.043498
0.043549
0.077353
0.043454
0.043597
0.043629
0.043167
0.043275
0.043348
0.043839
0.043246
0.043527
0.044820
0.045210
0.048118
0.051014
0.046942
0.045841
0.045044
0.043159
0.043187
0.042937
0.075821
0.043407
0.043386
0.045954
0.045345
0.046017
0.045235
0.042344
0.047049
0.046987
0.046601
0.047047
0.044592
0.052233
0.044890
0.043555
0.043904
0.057333
0.044551
0.044809
0.079382
0.045613
0.044350
0.044101
0.042945
0.045606
0.047088
0.045571
0.044133
0.047930
0.046081
