1.638942
0.099751
0.103583
0.115270
0.098482
0.100678
0.105478
0.097387
0.104606
0.100602
0.106384
0.099606
0.101867
0.098358
0.101805
0.102564
0.099040
0.099015
0.098872
0.104009
0.213879
0.097420
0.102863
0.100718
0.105177
0.096778
0.105872
0.096925
0.097472
0.099063
0.102594
0.097743
0.104610
0.099971
0.098942
0.103856
0.096446
0.097899
0.104914
0.101186
0.234075
0.096558
0.117372
0.104565
0.103754
0.096953
0.098547
0.106792
0.103585
0.094608
0.103369
0.099790
0.099890
0.103557
0.095441
0.104939
0.100773
0.099619
0.102255
0.096841
0.235434
0.099555
0.102574
0.105278
0.098372
0.100911
0.099503
0.101180
0.101859
0.098780
0.102688
0.099131
0.099267
0.106038
0.098706
0.100147
0.102259
0.101457
0.099262
0.099434
0.233974
0.102746
0.098799
0.102839
0.099839
0.101340
0.103781
0.099451
0.103762
0.098854
0.098334
0.102692
0.069708
0.067781
0.070410
0.097750
0.098277
0.099889
0.101821
0.100339
0.235979
0.101052
0.101540
0.102444
0.069910
0.070055
0.070966
0.067366
0.098754
0.099648
0.103354
0.100177
0.104217
0.101135
0.103367
0.102488
0.100835
0.101286
0.102524
0.099032
0.244409
0.097477
0.099489
0.103995
0.100802
0.102740
0.102765
0.099767
0.101218
0.102196
0.100023
0.099258
0.102963
0.098919
0.099226
0.101654
0.099390
0.099143
0.107142
0.100184
0.239609
0.100533
0.119426
0.103091
0.102409
0.103967
0.102675
0.114804
0.099604
0.102945
0.107358
0.101398
0.103355
0.099798
0.102028
0.099815
0.099847
0.106102
0.097827
0.097039
0.234653
0.116769
0.104429
0.101249
0.105704
0.100990
0.099600
0.103571
0.101849
0.100761
0.104943
0.097270
0.100957
0.103494
0.097992
0.100839
0.099375
0.098955
0.108031
0.121940
0.228680
0.105412
0.102332
0.100996
0.072045
0.068671
0.071676
0.069860
0.071995
0.070764
0.070040
0.069018
0.072472
0.072539
0.101692
0.098313
0.102443
0.099714
0.098178
0.099160
0.237684
0.100681
0.100688
0.097060
0.102069
0.103714
0.099110
0.100912
0.097399
0.100589
0.104848
0.101131
0.099052
0.097110
0.096337
0.098788
0.099460
0.101566
0.101273
0.099241
0.233646
0.112566
0.102001
0.069991
0.067252
0.070066
0.069375
0.068116
0.098031
0.100210
0.100501
0.096966
0.102266
0.097324
0.098530
0.100527
0.100147
0.093505
0.100475
0.099334
0.249066
0.096895
0.093210
0.098431
0.096689
0.101112
0.101474
0.100962
0.094526
0.101518
0.100329
0.100746
0.098307
0.096627
0.101379
0.099784
0.096071
0.096675
0.099393
0.096355
0.232169
0.102314
0.099753
0.114401
0.099596
0.097510
0.101688
0.099338
0.095665
0.101520
0.101669
0.100312
0.100320
0.099107
0.101812
0.104615
0.098148
0.098061
0.097339
0.098064
0.236495
0.098141
0.098651
0.101442
0.116106
0.101984
0.099612
0.099734
0.095588
0.097350
0.097299
0.098778
0.096451
0.094514
0.098076
0.098255
0.099791
0.099251
0.099403
0.096495
0.238257
0.098501
0.098644
0.100995
0.099327
0.097778
0.100801
0.099810
0.098878
0.097101
0.102106
0.093286
0.100783
0.098872
0.100024
0.098088
0.100213
0.103463
0.100979
0.100691
0.235439
0.100344
0.098565
0.102784
0.095921
0.097199
0.097862
0.098244
0.104061
0.101566
0.100408
0.096597
0.098475
0.104172
0.096674
0.099693
0.098050
0.101647
0.099264
0.097663
0.235494
0.099755
0.105308
0.100575
0.101191
0.097659
0.096832
0.100198
0.098472
0.100774
0.101932
0.097438
0.101262
0.098704
