174	269	78	202
174	264	79	210
173	265	82	207
173	268	82	203
176	263	79	202
178	265	76	202
180	265	75	209
182	258	72	218
182	264	75	211
183	257	76	219
187	255	76	221
195	262	60	211
197	256	61	217
198	256	63	218
201	258	62	211
203	272	61	196
206	263	59	210
212	262	58	206
214	264	58	203
220	262	57	203
222	261	57	212
231	264	51	198
233	276	49	192
237	266	53	201
238	268	55	205
242	271	60	190
247	271	58	188
253	273	51	187
256	275	51	192
258	276	48	198
261	274	49	190
262	284	50	175
265	284	50	164
267	284	50	162
267	284	54	165
268	281	57	173
270	280	59	173
272	279	60	172
276	279	60	164
279	280	62	157
281	279	63	159
284	281	63	161
284	279	65	163
287	275	64	167
289	276	64	171
291	277	66	161
290	279	69	158
291	278	70	161
293	272	67	171
293	278	66	166
293	276	65	163
295	276	59	173
292	272	68	172
291	275	69	171
290	273	70	177
292	273	67	170
289	281	72	161
289	275	69	168
287	281	73	159
289	275	67	167
288	283	71	157
291	274	66	166
292	282	60	158
292	277	62	166
292	277	61	163
291	275	64	167
291	275	66	171
292	278	62	162
291	273	66	171
291	275	65	166
289	273	70	167
287	278	76	164
287	276	75	165
288	276	73	164
289	277	71	171
290	273	68	170
290	279	69	167
290	272	73	172
292	276	68	166
292	274	68	171
292	274	73	166
293	272	72	169
295	270	70	173
294	273	73	170
295	268	72	177
294	274	73	167
299	273	63	171
297	267	71	177
296	268	69	180
301	266	53	188
300	264	48	176
296	276	37	165
0	0	0	0
0	0	0	0
0	0	0	0
310	280	46	171
302	278	61	165
300	280	66	157
299	284	69	149
299	276	69	159
300	280	63	161
299	276	61	165
301	269	50	174
301	271	45	169
0	0	0	0
0	0	0	0
0	0	0	0
0	0	0	0
310	267	56	176
296	275	74	164
300	268	68	177
297	274	72	165
298	267	70	178
297	273	72	165
294	279	75	155
296	277	73	158
295	276	74	160
295	272	74	164
296	276	73	158
297	272	71	167
296	273	72	165
299	275	66	166
299	269	69	172
296	272	73	169
298	271	70	172
295	268	74	171
298	270	73	171
296	265	74	179
300	265	70	180
300	270	70	172
299	268	70	177
299	259	70	194
296	268	74	185
299	265	71	180
302	268	66	183
300	275	69	173
301	270	69	172
300	270	69	178
302	270	67	186
304	267	64	179
302	265	66	195
304	262	64	198
302	263	67	190
301	262	67	201
300	259	69	211
300	260	69	215
303	253	66	223
301	259	66	217
300	262	69	210
299	263	70	197
299	262	69	198
299	263	68	187
298	265	70	178
296	265	72	179
297	266	70	178
295	273	72	164
296	270	70	166
292	272	76	171
295	266	70	175
296	265	71	180
295	267	71	172
292	266	74	172
292	271	73	169
294	270	68	170
295	272	64	168
295	273	61	170
295	270	60	180
294	269	62	181
294	271	61	178
294	269	58	180
294	267	59	188
294	265	59	198
293	267	60	192
294	266	62	196
294	262	62	208
294	266	68	201
294	267	73	199
294	264	73	210
299	269	65	197
301	267	58	194
303	268	55	184
305	275	44	179
308	274	38	179
310	268	55	199
0	0	0	0
0	0	0	0
0	0	0	0
0	0	0	0
0	0	0	0
0	0	0	0
0	0	0	0
0	0	0	0
0	0	0	0
0	0	0	0
347	271	45	189
346	271	43	184
351	277	43	172
353	279	39	164
351	279	42	162
350	282	45	157
350	280	48	158
351	279	47	161
352	278	49	170
351	276	50	180
350	277	54	181
354	272	56	186
354	273	57	183
355	273	58	182
358	278	54	178
358	283	57	173
360	286	58	169
363	284	58	171
364	283	60	172
367	290	59	163
375	284	50	170
376	283	50	171
380	282	50	171
382	288	49	165
389	289	40	164
389	286	42	167
390	281	41	175
390	287	39	167
385	285	40	158
0	0	0	0
0	0	0	0
0	0	0	0
0	0	0	0
0	0	0	0
414	291	34	157
411	290	38	159
409	290	44	159
410	294	47	153
410	293	50	153
413	293	48	151
414	294	47	152
416	299	49	142
420	297	46	147
423	295	46	150
424	299	48	143
427	298	48	142
429	295	47	149
435	300	42	143
435	297	43	147
437	298	44	145
439	297	40	146
442	297	39	147
442	299	39	144
441	297	42	146
442	299	42	142
443	300	41	142
443	299	41	140
445	299	39	140
445	301	42	135
444	303	43	134
446	301	42	138
445	302	44	136
445	301	46	136
448	300	42	140
449	303	39	136
450	304	38	135
450	308	41	129
452	307	38	130
453	307	39	129
454	306	40	127
454	305	43	129
455	308	40	124
457	307	38	126
455	309	39	123
455	307	40	127
454	310	40	124
455	311	38	122
455	311	37	122
452	310	41	124
451	311	40	120
450	310	41	121
450	310	40	120
449	310	40	119
449	312	39	115
449	310	40	120
451	307	37	123
448	309	40	121
449	310	40	120
450	309	38	121
451	307	37	123
449	309	38	120
450	313	37	116
452	313	36	117
453	313	35	116
455	314	32	116
453	317	36	112
454	312	35	119
455	310	33	120
456	313	33	117
456	313	34	116
457	313	33	117
457	315	32	115
458	310	33	120
459	310	30	121
458	315	33	114
459	315	33	115
459	319	33	111
459	319	33	106
459	315	32	114
457	319	36	109
460	318	32	111
459	316	33	111
459	315	33	115
460	316	32	111
458	315	34	115
458	313	34	117
458	315	34	115
458	315	36	112
457	312	40	116
457	315	41	111
461	315	37	110
462	318	38	111
462	314	39	116
463	319	39	110
466	319	37	110
469	320	34	109
469	316	35	113
471	320	33	108
470	322	35	107
474	322	32	106
474	321	32	108
474	320	32	110
475	320	31	108
477	322	28	107
477	321	28	108
477	318	28	112
477	319	30	111
478	323	27	106
478	319	27	110
476	318	32	109
476	319	31	111
476	317	30	112
476	318	31	111
478	323	28	106
478	316	29	114
477	317	30	113
478	321	29	108
478	317	28	112
478	316	29	113
478	319	30	109
477	317	31	111
476	317	34	112
476	318	33	111
475	317	34	112
475	319	34	108
476	320	32	107
476	320	32	110
476	318	31	111
476	317	31	112
475	317	33	112
