449	307	42	118
452	305	38	116
446	308	45	118
446	305	45	120
450	306	39	118
447	305	43	118
449	305	41	119
451	306	38	119
448	306	43	117
450	305	39	120
449	305	41	119
447	308	44	115
446	306	47	119
446	306	46	120
450	308	41	117
447	305	45	116
450	309	39	116
448	309	43	117
445	308	50	118
448	309	50	116
450	306	43	118
450	304	41	120
451	308	40	120
455	308	35	118
458	308	32	115
461	306	27	122
464	306	24	120
0	0	0	0
493	313	33	110
484	315	42	108
465	311	54	113
449	311	69	114
0	0	0	0
0	0	0	0
460	311	68	115
467	309	66	130
465	304	74	152
0	0	0	0
483	302	71	167
482	288	76	184
485	275	78	196
491	273	80	200
495	277	82	194
499	276	86	195
501	279	104	194
508	277	102	197
0	0	0	0
0	0	0	0
452	284	99	180
443	279	109	183
416	277	143	190
433	287	142	164
400	302	126	124
386	313	124	116
412	319	94	103
427	306	74	113
432	311	65	114
438	305	56	114
446	304	44	118
452	306	38	120
454	306	34	119
452	308	36	118
444	306	44	119
448	303	49	127
450	298	70	146
449	287	68	163
449	275	65	177
439	270	72	183
439	270	71	186
433	267	70	191
431	264	66	190
427	265	59	191
420	267	66	190
414	265	62	193
409	267	62	189
413	266	79	192
394	262	85	198
416	272	85	181
398	268	93	190
439	285	71	159
442	298	52	131
439	305	53	122
445	309	45	120
447	307	42	115
448	308	42	119
451	305	39	115
444	305	48	117
444	307	48	119
445	307	47	115
446	310	45	116
452	307	37	117
451	308	39	117
449	308	42	117
444	305	48	117
446	307	46	118
451	306	41	116
448	303	44	116
449	309	41	115
446	305	45	115
448	309	43	118
449	307	43	120
450	307	41	116
449	309	43	115
452	307	39	117
453	308	38	115
454	307	37	118
452	304	45	116
447	307	59	114
446	311	57	115
449	305	51	116
448	305	48	118
453	308	39	116
451	308	40	117
450	308	40	117
452	305	40	118
452	306	36	119
453	307	37	117
452	306	37	119
453	306	38	118
454	305	36	120
453	306	37	122
455	306	34	121
457	306	33	120
458	305	31	119
457	304	33	121
460	305	30	120
457	302	34	123
455	292	36	135
438	287	50	145
434	286	54	162
430	283	62	167
431	279	60	171
433	284	58	179
431	280	57	176
428	280	65	174
451	285	72	159
440	281	77	171
424	280	81	176
422	280	90	174
422	276	89	175
424	273	85	178
427	276	78	179
425	275	76	186
428	270	69	191
423	270	74	194
423	268	72	195
427	267	68	201
426	266	67	198
423	262	70	203
426	263	63	209
423	260	68	208
420	260	69	210
420	257	68	212
414	258	74	210
406	253	84	215
400	258	89	216
395	253	91	215
393	252	87	216
392	248	84	222
389	245	83	218
387	247	88	188
376	248	87	192
373	248	89	184
368	243	89	202
370	242	84	220
361	231	79	235
360	227	79	241
347	225	80	248
343	225	88	245
334	221	90	254
331	220	91	256
315	219	97	249
305	218	97	244
281	213	106	259
273	213	115	252
261	201	118	260
252	205	112	266
243	204	108	271
234	196	111	276
219	207	117	269
209	194	125	273
184	196	118	269
172	187	107	278
150	177	120	292
139	175	122	290
110	170	125	299
98	160	130	309
54	174	158	295
32	165	171	308
77	203	154	287
92	201	173	267
132	211	147	247
152	215	140	225
160	277	153	195
180	278	143	192
200	294	145	161
