1.707679
0.104084
0.101754
0.116800
0.117366
0.107206
0.108053
0.102497
0.107852
0.105043
0.106099
0.130241
0.107532
0.108257
0.076134
0.075438
0.077511
0.106982
0.076929
0.077316
0.075180
0.074789
0.082721
0.108306
0.103954
0.108047
0.110531
0.118831
0.110758
0.106302
0.105944
0.104110
0.106224
0.107373
0.071709
0.075404
0.105703
0.108707
0.103048
0.105769
0.229139
0.104801
0.103537
0.097864
0.106064
0.102563
0.103674
0.096621
0.101715
0.101844
0.105168
0.103190
0.100626
0.102313
0.099813
0.104089
0.101797
0.099492
0.103196
0.108917
0.242459
0.102756
0.100322
0.100904
0.101113
0.101890
0.101914
0.100991
0.102627
0.100954
0.104314
0.102360
0.101496
0.100518
0.099679
0.098929
0.102714
0.100775
0.100188
0.097440
0.231873
0.100808
0.098409
0.100670
0.098521
0.098488
0.101393
0.101843
0.104938
0.098796
0.104920
0.101261
0.102986
0.099836
0.099830
0.097654
0.099081
0.102501
0.098387
0.099881
0.234950
0.100320
0.097555
0.097540
0.098329
0.101180
0.100944
0.098075
0.100696
0.099317
0.101382
0.100755
0.102964
0.108699
0.105757
0.103624
0.099785
0.098612
0.098036
0.100143
0.240795
0.096746
