415	176	91	100
414	182	88	91
411	174	91	99
411	170	91	106
410	169	93	106
410	165	92	110
412	172	87	102
410	172	89	101
408	173	87	100
410	171	83	102
410	178	69	91
411	176	75	94
411	168	89	97
410	163	94	103
415	161	89	122
419	160	83	123
415	160	97	135
415	143	87	118
414	157	92	107
415	159	88	92
410	168	97	76
410	177	97	68
408	190	95	56
411	185	92	64
408	179	98	77
408	174	98	89
409	181	95	83
412	178	90	92
410	182	94	87
410	182	94	93
412	186	92	91
412	172	92	105
413	177	94	102
413	181	92	97
414	182	89	93
416	178	89	100
415	183	88	92
414	184	91	94
414	182	90	91
414	185	91	92
415	178	89	97
415	175	92	102
415	177	94	100
415	183	90	90
416	186	89	91
417	180	89	93
417	182	88	95
417	171	93	107
418	178	90	98
419	180	89	94
420	181	89	97
421	182	89	92
420	181	91	97
421	178	90	97
422	178	89	98
423	184	88	89
424	180	88	95
424	177	89	99
424	182	89	94
424	180	88	96
427	181	85	93
425	181	89	96
425	180	89	92
425	184	86	91
427	178	85	95
426	176	89	99
428	176	86	98
425	173	88	103
427	177	86	100
427	175	87	100
427	178	89	96
431	179	82	98
434	173	81	104
443	169	71	106
433	161	81	116
432	159	87	121
424	156	91	103
424	154	97	94
426	155	96	89
424	153	94	94
428	152	83	88
424	169	80	86
420	157	88	105
420	179	67	88
422	186	79	84
421	179	87	94
423	169	89	105
421	166	94	110
423	167	92	110
425	164	92	111
424	165	94	109
424	163	92	113
427	159	95	116
427	160	91	120
430	164	86	109
426	170	93	101
428	176	88	96
429	175	88	96
427	177	89	95
428	168	91	104
427	173	88	100
428	170	90	101
425	172	92	102
428	179	87	93
427	170	91	102
427	169	88	103
424	174	92	97
424	175	91	96
424	170	90	100
421	168	91	103
422	164	94	108
421	168	89	105
423	170	90	102
421	167	92	105
419	166	91	106
421	168	91	102
418	171	89	103
419	169	93	103
419	166	91	107
419	171	88	101
418	172	93	101
421	171	88	98
418	168	90	101
420	168	89	104
420	161	92	109
420	167	90	103
418	163	92	108
419	164	90	108
418	167	89	105
418	169	88	101
416	169	89	101
414	172	90	100
413	172	89	102
411	174	89	99
409	181	90	96
408	186	91	95
409	183	90	94
409	182	90	99
410	182	89	94
409	187	89	91
410	189	89	88
410	190	89	88
409	191	92	89
411	192	90	87
411	189	90	92
412	190	88	90
413	191	89	90
414	193	86	86
413	184	89	94
415	184	88	95
412	187	93	89
415	193	87	78
416	194	84	76
418	197	82	71
418	197	83	66
415	197	87	65
415	199	86	60
413	200	89	57
413	196	87	63
416	192	84	68
414	188	89	73
413	181	92	85
410	177	97	98
407	173	99	109
409	169	96	115
410	168	95	115
408	173	97	107
407	169	99	113
403	171	104	111
412	168	93	113
410	171	94	108
410	167	95	114
406	168	99	115
404	168	104	113
403	169	104	110
390	184	116	96
399	181	105	100
393	179	114	100
399	176	107	102
398	177	108	101
393	180	112	98
391	183	112	95
390	180	114	99
392	176	117	103
390	179	116	102
390	174	115	108
396	178	106	101
398	173	104	105
393	176	109	103
395	174	109	106
397	172	107	108
398	168	106	111
401	168	104	114
407	165	95	120
410	162	91	124
410	161	94	126
414	160	89	128
416	159	84	130
413	162	89	128
419	195	80	114
417	197	79	92
418	201	79	84
422	210	71	72
417	211	73	70
421	213	70	68
419	212	72	68
418	212	75	68
416	210	78	69
417	205	77	73
414	201	84	78
416	199	81	81
414	195	86	83
415	195	83	83
415	198	83	79
414	198	86	82
415	196	85	83
413	195	88	86
414	196	86	84
411	190	91	90
412	196	89	84
412	195	88	84
410	191	90	89
410	192	93	87
408	195	90	89
409	191	90	87
409	191	92	93
409	189	90	94
411	191	88	89
410	189	88	95
410	186	91	97
411	187	87	96
410	189	90	94
410	188	90	93
410	191	90	93
411	186	91	99
410	184	92	103
412	189	88	95
411	190	92	93
410	192	94	91
412	192	91	89
411	195	93	87
413	196	89	86
415	201	85	80
415	199	83	80
416	206	82	75
419	211	80	67
414	212	84	68
422	218	75	61
416	221	81	59
422	227	76	52
418	229	79	51
418	233	78	45
425	241	70	40
430	239	64	45
429	237	65	46
434	229	59	57
434	215	57	66
429	196	56	77
421	176	66	94
412	185	78	96
407	183	89	98
406	170	100	111
409	168	97	114
400	171	107	109
412	171	92	107
412	172	93	112
410	171	97	117
410	171	95	125
413	170	93	123
410	170	95	128
414	170	91	124
413	170	92	131
416	168	88	126
414	170	90	128
416	170	86	119
416	172	87	107
416	175	90	98
416	176	88	97
417	183	84	86
414	189	90	76
413	195	89	70
414	198	86	70
413	200	88	69
414	201	86	70
413	204	88	67
412	201	89	70
413	200	91	71
415	201	85	70
416	200	85	70
414	202	87	68
414	202	88	66
414	200	89	68
413	201	88	66
415	204	87	63
414	201	90	68
411	202	91	70
414	200	90	71
414	198	90	78
418	195	86	88
419	196	86	80
419	194	86	81
419	196	82	81
417	190	87	89
416	185	88	98
416	178	93	107
416	181	90	99
416	176	94	109
418	171	92	116
418	179	88	105
417	182	82	101
416	187	82	97
417	195	82	87
420	189	79	91
419	192	82	90
418	195	85	84
419	196	83	84
420	195	82	85
420	192	84	89
418	197	86	83
418	193	88	87
419	196	84	84
418	196	84	85
420	194	81	86
418	194	84	86
418	194	86	86
418	194	88	88
417	188	91	93
418	192	91	89
417	194	93	88
420	191	87	90
420	193	86	88
419	195	89	85
419	191	91	91
418	191	91	89
420	194	87	87
420	196	87	84
420	193	88	88
419	190	90	91
419	192	89	90
418	191	91	92
418	192	92	91
418	195	91	87
419	192	89	88
419	193	89	88
417	196	90	86
419	195	87	85
419	191	87	93
418	187	93	96
420	193	89	91
420	191	89	91
420	191	89	92
420	187	89	95
417	190	90	94
417	189	91	90
417	192	89	90
417	187	88	95
416	192	88	87
417	194	86	89
417	187	87	94
414	189	92	93
415	185	89	93
415	186	89	93
413	179	86	94
410	176	90	98
406	172	87	95
403	175	89	94
397	171	87	94
392	169	90	94
383	163	90	101
377	163	92	99
367	159	89	96
355	154	88	100
345	154	94	98
337	147	89	100
327	146	93	102
316	142	93	104
307	139	96	110
298	133	97	118
293	132	97	120
285	136	97	117
283	142	95	106
277	135	98	113
276	129	101	122
274	131	96	118
273	125	99	121
270	137	96	110
271	128	99	118
