0.352530
0.045218
0.043888
0.044969
0.044020
0.045292
0.042711
0.041825
0.042899
0.044735
0.044575
0.044110
0.042303
0.043475
0.039629
0.042441
0.041271
0.039880
0.042841
0.043175
0.069988
0.043749
0.042620
0.042657
0.041619
0.045258
0.041153
0.047097
0.061395
0.037547
0.041425
0.040400
0.038674
0.021006
0.041187
0.042984
0.044312
0.021417
0.021164
0.022196
0.021190
0.021837
0.020967
0.021348
0.020926
0.021035
0.022522
0.045125
0.045954
0.043072
0.043164
0.044771
0.043506
0.041999
0.041589
0.040972
0.043776
0.039751
0.042173
0.043350
0.091579
0.040977
0.048837
0.043865
0.045659
0.042778
0.041812
0.042929
0.023045
0.020583
0.020319
0.020675
0.020408
0.020974
0.020286
0.019518
0.019637
0.021616
0.021503
0.022702
0.019700
0.019753
0.037206
0.045269
0.046021
0.040613
0.041778
0.042663
0.042843
0.037633
0.047561
0.046438
0.046552
0.037890
0.038057
0.042121
0.043007
0.044579
0.044225
0.045946
0.077574
0.050114
0.022648
0.021724
0.022069
0.021453
0.019747
0.019635
0.019496
0.020929
0.020722
0.021067
0.046341
0.047256
0.064180
0.044561
0.047788
0.047921
0.041449
0.040276
0.071979
0.042428
0.044186
0.043694
0.042003
0.043069
0.042683
0.046228
0.040876
0.040912
0.044898
0.042771
0.042755
0.042742
0.043147
0.042326
0.020366
0.021085
0.021405
0.019805
0.019300
0.022445
0.020536
0.020690
0.019897
0.020435
0.020831
0.044647
0.039785
0.044545
0.044164
0.062966
0.044917
0.043293
0.040947
0.041998
0.039792
0.038728
0.041706
0.044464
0.081828
0.044238
0.042768
0.043456
0.048222
0.045619
0.043633
0.039443
0.042420
0.043225
0.044397
0.044245
0.044846
0.042630
0.041146
0.041727
0.020362
0.020740
0.020604
0.021557
0.020825
0.020247
0.019421
0.020078
0.020267
0.021772
0.021043
0.020542
0.042521
0.041695
0.040820
0.041829
0.041245
0.043580
0.043397
0.041455
0.038355
0.042094
0.042682
0.050454
0.084022
0.042017
0.054158
0.044459
0.042645
0.042231
0.042037
0.041965
0.045306
0.044809
0.045233
0.042683
0.042018
0.044517
0.042652
0.042794
0.043519
0.041777
0.038426
0.040428
0.075153
0.046401
0.020882
0.020918
0.021052
0.020252
0.021581
0.040592
0.044082
0.039867
0.046236
0.043084
0.044245
0.041571
0.047073
0.045719
0.038602
0.038335
0.038686
0.047543
0.080832
0.045007
0.058480
0.039021
0.039996
0.018874
0.020476
0.018942
0.020134
0.020522
0.020396
0.019981
0.041807
0.045289
0.043808
0.041612
0.041391
0.041879
0.044305
0.042539
0.078541
0.042081
0.042011
0.042161
0.041981
0.047992
0.044485
0.043222
0.042030
0.040956
0.021442
0.021352
0.020458
0.020213
0.021696
0.021134
0.021124
0.021140
0.020651
0.020392
0.020701
0.021724
0.019897
0.044246
0.042580
0.043988
0.044198
0.043284
0.042933
0.042847
0.047644
0.042745
0.043211
0.043252
0.043511
0.020552
0.021306
0.021881
0.021607
0.023155
0.022857
0.023114
0.023291
0.052313
0.042927
0.042222
0.044083
0.043811
0.041734
0.041723
0.041547
0.042372
0.042307
0.042517
0.044228
0.043964
0.042603
0.038208
0.038630
0.042650
0.076068
0.041828
0.041109
0.038584
0.045937
0.021390
0.021411
0.020867
0.021050
0.043082
0.020551
0.020674
0.020802
0.041460
0.043766
0.038458
0.041735
0.041811
0.043423
0.039122
0.074543
0.042250
0.042903
0.042785
0.042524
0.045157
0.041568
0.042323
0.041816
0.041317
0.038968
0.045634
0.046084
0.045683
0.044427
0.062422
0.041845
0.043400
0.041931
0.042747
0.075894
0.042790
0.041573
0.046746
0.044985
0.044741
0.042531
0.052563
0.045938
0.041745
0.044163
0.041811
0.043700
0.046643
0.059053
0.041998
0.046928
0.042193
0.041591
0.040512
