314	113	144	186
327	113	146	190
330	114	160	200
348	122	146	192
340	113	145	202
349	117	148	199
362	118	146	197
362	113	139	197
361	108	145	203
357	109	144	196
344	102	150	198
336	108	156	181
325	102	166	183
297	95	194	193
285	90	202	189
262	94	216	192
244	101	234	177
218	109	262	165
203	102	276	176
188	107	285	165
175	113	298	155
165	104	299	171
148	109	307	165
135	117	323	157
118	112	331	169
106	113	332	171
88	116	358	167
89	114	350	170
85	120	350	164
81	125	356	161
83	121	353	174
94	134	339	155
86	132	346	157
83	132	357	172
64	134	375	193
114	123	329	219
104	133	330	208
135	135	304	178
121	136	312	188
147	116	294	233
165	110	275	218
164	97	279	241
177	103	269	229
178	96	272	255
197	96	244	263
213	94	226	274
243	98	200	278
245	98	213	294
260	92	203	319
268	99	194	317
265	97	206	316
282	98	198	320
264	97	223	318
265	97	238	330
269	105	248	305
272	93	256	332
267	100	275	313
258	105	299	301
250	105	312	301
261	105	307	305
253	106	317	306
264	113	315	289
278	98	306	319
270	104	324	316
274	110	323	292
288	105	304	308
270	97	324	317
262	103	325	315
256	102	313	316
253	101	306	310
252	97	303	314
249	94	291	312
248	96	289	318
246	87	277	353
247	87	276	343
273	82	229	376
268	81	226	385
265	82	220	389
249	85	233	364
229	80	251	344
224	85	253	342
219	84	256	345
206	75	266	387
187	72	274	394
172	75	289	392
172	77	301	383
166	70	295	377
182	84	280	358
225	77	234	357
165	69	293	352
209	92	250	321
143	88	316	337
204	87	255	339
185	77	271	323
226	76	224	341
199	44	255	389
152	50	303	383
203	77	250	370
146	12	311	396
212	70	243	398
141	24	321	380
193	73	266	349
230	73	220	326
245	81	206	319
196	21	257	357
245	33	215	421
285	34	174	401
226	48	232	382
272	61	191	377
181	22	240	327
166	48	299	322
177	67	287	304
205	71	267	286
206	68	261	239
232	86	235	196
252	85	228	178
257	87	235	183
284	99	216	168
305	110	199	162
331	97	169	177
351	84	154	186
360	77	156	197
363	61	161	214
372	58	161	220
369	71	164	209
378	72	154	205
374	93	159	183
377	74	155	203
369	69	158	211
356	78	165	207
348	95	170	187
342	80	167	208
333	78	173	209
329	94	167	189
326	77	169	212
317	88	168	194
307	82	170	198
294	78	182	204
285	84	192	197
272	83	201	193
272	80	204	194
267	87	204	191
269	85	193	195
266	93	205	182
257	85	205	192
267	94	197	177
261	83	203	188
257	83	206	185
255	86	208	176
251	83	209	179
249	81	214	182
244	89	212	179
241	89	217	181
238	84	229	190
236	82	228	197
230	89	225	203
231	88	230	206
227	85	230	218
230	81	229	230
223	93	246	216
215	104	251	206
219	118	258	194
217	107	273	198
205	111	293	186
199	112	309	191
187	107	333	194
188	104	330	200
182	107	348	194
179	113	351	187
176	104	360	190
170	111	376	192
168	102	387	201
163	105	403	196
163	110	403	184
164	112	401	181
167	111	398	179
164	114	406	176
160	107	409	188
162	112	416	184
162	108	408	187
157	106	415	188
157	110	420	187
151	112	426	182
155	116	431	176
154	112	436	187
151	107	445	189
159	106	435	190
160	107	437	196
155	112	447	198
159	110	443	214
157	109	440	221
179	104	412	264
201	99	387	318
239	94	335	325
280	92	279	334
305	86	234	336
308	91	208	317
287	103	215	288
264	91	207	278
254	85	212	296
247	98	217	230
214	99	249	193
178	90	277	208
178	82	272	202
176	87	263	187
168	72	276	196
165	62	271	215
208	97	263	217
163	86	282	223
181	81	292	248
157	88	279	220
186	97	272	207
163	95	275	210
184	88	272	232
172	73	271	228
170	66	263	225
168	67	269	235
170	54	270	269
170	60	271	278
217	53	277	275
183	44	278	286
169	73	299	246
166	101	328	184
163	113	343	158
168	117	342	158
167	115	365	149
166	109	373	157
170	108	378	159
169	105	375	159
182	112	360	158
166	109	381	163
170	109	376	172
170	105	372	171
179	113	365	154
181	110	370	151
176	118	372	146
174	111	372	157
178	114	362	152
175	114	367	149
175	113	365	142
181	116	350	137
178	116	342	155
177	116	334	162
168	111	316	195
181	125	311	135
182	136	306	105
175	110	310	132
172	108	307	132
176	108	294	147
173	100	273	162
186	85	270	173
205	70	250	178
192	79	263	191
177	82	274	196
180	85	270	210
175	93	281	212
162	96	286	215
167	99	291	221
161	100	293	229
160	94	287	247
155	94	299	235
156	99	287	215
155	102	292	206
167	105	286	202
162	109	279	179
170	110	278	176
152	102	298	176
151	107	297	176
147	96	302	219
149	91	299	241
161	77	299	220
170	85	286	192
181	72	273	198
188	72	261	190
204	59	251	185
193	94	265	174
186	105	284	149
191	107	288	136
180	104	305	139
177	106	316	141
177	108	324	150
173	109	339	169
177	112	316	158
177	121	358	118
184	114	359	134
184	104	371	148
185	100	373	152
182	102	373	153
189	99	363	169
184	95	342	179
182	106	297	186
186	100	314	191
180	98	306	191
186	102	312	180
183	99	262	208
183	99	279	192
182	101	282	191
179	102	288	190
183	102	285	190
178	102	291	193
175	97	297	192
178	102	301	185
179	102	298	183
178	106	294	188
182	103	292	184
178	109	293	182
182	105	291	184
179	105	318	187
181	102	338	206
171	105	373	204
171	103	354	227
180	100	345	248
179	97	334	301
198	98	309	288
194	99	299	284
180	96	306	259
183	100	308	226
191	102	295	218
192	105	290	204
185	96	290	229
181	95	288	226
178	99	293	222
178	98	295	198
181	105	284	188
170	95	285	189
175	86	287	206
174	78	277	208
191	72	269	212
187	64	259	218
199	66	255	200
191	71	265	188
200	57	256	190
168	98	279	188
166	92	307	178
150	91	339	180
141	100	353	151
133	99	376	157
124	87	394	181
119	91	404	187
115	96	413	176
108	100	430	171
98	95	441	174
99	100	453	148
94	97	453	156
96	96	461	152
93	105	455	151
100	103	459	153
96	105	460	143
111	106	449	155
103	100	459	163
113	99	440	172
116	98	441	171
125	97	424	173
128	98	411	169
136	104	391	158
144	90	382	173
156	87	358	186
164	68	347	206
174	77	314	199
186	74	300	207
200	75	268	205
215	65	253	230
228	70	227	229
232	62	221	241
222	65	231	252
221	72	237	243
217	65	238	260
218	75	239	219
214	88	245	199
218	77	240	216
224	79	225	212
223	78	235	219
220	87	229	211
221	84	238	219
205	86	256	218
188	79	274	235
207	88	259	203
227	95	248	188
244	86	228	199
249	87	225	191
249	87	228	191
241	89	240	177
233	91	240	183
233	91	243	185
235	95	238	179
229	88	242	189
235	86	226	192
243	83	216	196
243	82	208	199
256	78	190	200
285	84	159	191
259	85	183	192
273	84	165	187
288	71	147	203
264	87	171	180
266	87	166	186
264	83	163	189
228	84	194	186
205	68	239	215
176	71	273	241
190	70	269	232
207	72	247	227
230	83	227	215
243	89	210	209
249	64	212	236
276	76	191	214
240	68	224	221
239	71	239	206
211	68	271	208
203	65	290	206
196	63	304	208
191	62	326	206
178	57	337	213
176	56	357	208
168	72	371	198
172	64	375	201
171	85	385	180
164	83	398	176
169	99	397	166
168	79	403	189
167	84	408	188
163	94	409	182
168	101	407	176
171	103	402	174
171	92	416	186
170	108	438	166
161	91	417	196
160	97	450	185
164	102	421	177
157	106	444	173
164	104	414	181
157	96	419	198
155	98	409	192
177	92	395	217
219	109	347	184
159	116	404	188
186	111	383	189
221	107	337	198
198	112	347	197
225	104	309	201
198	104	325	204
231	113	269	199
231	103	252	215
262	106	217	200
262	104	192	205
260	103	197	204
268	98	182	206
250	91	203	224
199	98	224	220
197	93	245	200
186	93	245	189
143	90	286	190
148	86	277	190
156	84	260	204
157	81	250	220
162	90	242	191
164	89	246	191
173	88	229	195
172	89	235	192
167	91	240	190
171	90	239	192
169	93	244	196
170	87	245	200
172	90	245	207
172	88	249	205
171	84	261	202
167	81	263	213
164	83	267	212
152	75	269	236
