0.362649
0.046295
0.044160
0.043297
0.043719
0.040554
0.041888
0.043081
0.044015
0.042554
0.042099
0.047015
0.043680
0.042410
0.047078
0.037757
0.043595
0.043167
0.044734
0.044712
0.071385
0.041971
0.046512
0.050514
0.042840
0.042115
0.058017
0.062658
0.043605
0.046837
0.042393
0.059264
0.043845
0.037999
0.039123
0.059082
0.041366
0.042825
0.039377
0.019330
0.024308
0.045268
0.042040
0.041881
0.042145
0.041649
0.041296
0.044332
0.044342
0.044447
0.042991
0.042232
0.040226
0.042662
0.043464
0.042271
0.043799
0.064977
0.042370
