0.356616
0.045999
0.045773
0.063821
0.042845
0.044219
0.044059
0.043576
0.044225
0.045720
0.049517
0.046543
0.046790
0.043344
0.043026
0.045670
0.043651
0.043106
0.042524
0.042097
0.073754
0.046108
0.044218
0.043260
0.042778
0.044070
0.043725
0.038261
0.037946
0.037781
0.039924
0.040748
0.041645
0.043636
0.042809
0.042504
0.039571
0.039210
0.043264
0.045743
0.075001
0.045962
0.045096
0.044521
0.042994
0.042433
0.046778
0.049258
0.043805
0.040266
0.037780
0.037821
0.048384
0.042108
0.039730
0.042868
0.041721
0.041728
0.041623
0.045236
0.075989
0.042252
0.040796
0.040768
0.045701
0.043249
0.042686
0.043489
0.042465
0.045277
0.044008
0.052763
0.049549
0.053815
0.037965
0.037522
0.037203
0.038056
0.044505
0.039519
0.074801
0.039720
0.039845
0.046633
0.043092
0.046735
0.045952
0.041177
0.040818
0.043361
0.042753
0.047320
0.046844
0.042495
0.037481
0.036575
0.046010
0.041266
0.039010
0.039123
0.071024
0.039058
0.043097
0.040129
0.043921
0.043463
0.062743
0.041327
0.041159
0.043870
0.045450
0.041066
0.041362
0.040567
0.040810
0.043123
0.042118
0.042481
0.043945
0.042329
0.076174
0.040937
0.047583
0.043477
0.045439
0.041736
0.043106
0.038122
0.041698
0.040453
0.041517
0.041042
0.042360
0.041914
0.041624
0.046995
0.040149
0.041693
0.042379
0.042404
0.075608
0.038175
0.040945
0.042404
0.042423
0.044336
0.041790
0.041897
0.042929
0.043182
0.041460
0.042055
0.041765
0.040724
0.039205
0.042185
0.042417
0.041345
0.045274
0.037139
0.074505
0.042452
0.041212
0.041836
0.040737
0.037633
0.036939
0.042437
0.042339
0.043271
0.043338
0.041505
0.040418
0.041233
0.044681
0.041952
0.041729
0.042092
0.037905
0.039920
0.079167
0.044430
0.044560
0.040978
0.041677
0.041582
0.043894
0.041180
0.042496
0.040546
0.038563
0.043571
0.042257
0.045607
0.043660
0.060162
