533	211	57	139
528	217	56	145
524	218	56	145
519	211	61	156
517	211	59	153
512	210	57	161
508	210	57	166
500	213	63	163
500	214	55	155
496	213	55	159
492	215	56	154
489	221	57	152
491	218	57	152
490	215	55	157
490	213	55	160
486	210	56	155
488	208	52	166
486	208	56	172
486	208	58	161
483	205	60	171
481	209	61	165
472	215	66	160
468	214	68	166
462	210	65	162
459	212	63	165
456	209	57	175
450	211	59	167
444	209	63	172
434	207	72	176
421	202	71	167
420	205	74	163
419	205	63	158
418	203	59	159
415	203	52	162
410	204	54	160
403	202	55	166
400	205	54	159
392	206	52	160
385	206	53	158
377	207	50	154
374	207	48	155
370	207	41	152
366	202	42	155
353	197	46	161
349	192	49	171
337	196	59	166
336	203	56	156
333	205	47	148
329	205	45	152
323	206	45	147
320	201	43	153
308	201	50	158
303	204	50	153
294	201	47	159
293	197	42	162
288	197	40	153
290	198	35	149
277	199	42	152
274	200	40	152
268	201	44	155
261	201	47	157
255	204	50	154
249	203	52	155
242	200	56	167
236	187	57	181
237	191	52	171
233	187	52	170
219	185	63	185
216	191	63	172
219	185	59	182
217	185	58	180
213	187	60	180
210	191	62	174
210	192	61	171
210	194	60	166
211	194	61	165
212	194	60	164
210	195	60	163
209	193	64	169
209	196	64	158
208	196	66	159
207	194	68	163
206	193	71	167
212	193	67	165
215	193	68	163
216	195	68	157
219	195	65	152
224	197	61	147
228	207	60	136
233	208	56	133
239	215	47	126
239	221	50	118
236	225	54	114
238	228	52	106
236	236	53	94
237	241	59	90
237	243	55	85
236	243	57	83
237	246	58	89
239	242	52	96
238	245	56	91
238	245	55	90
238	242	56	96
237	242	60	94
237	244	60	90
236	241	54	101
236	239	53	105
235	239	51	104
235	239	53	102
234	238	49	105
228	239	51	104
226	241	53	107
225	240	50	98
225	240	46	100
224	242	47	99
223	242	51	102
222	241	50	103
222	241	52	95
223	242	50	89
221	240	56	102
225	238	52	99
224	238	51	105
223	239	53	108
222	239	53	107
223	238	52	109
224	239	50	104
225	239	49	107
224	239	50	110
223	238	51	109
223	239	52	111
223	238	52	111
223	238	52	106
221	237	53	100
221	239	54	96
221	238	54	102
220	239	53	101
219	238	58	108
220	236	54	114
220	237	54	110
222	238	53	107
226	240	56	106
225	240	54	101
230	241	55	98
232	241	53	99
239	242	53	101
242	242	52	102
242	239	56	108
242	239	54	102
245	238	53	107
245	239	52	103
245	239	52	99
245	240	55	92
246	243	54	74
247	242	53	70
247	242	54	67
249	246	54	76
255	243	49	88
254	241	52	96
256	240	53	94
255	244	54	90
257	241	55	85
260	241	49	86
260	242	51	76
261	241	49	69
262	240	50	72
263	242	50	71
263	242	49	69
261	242	49	68
262	242	50	67
260	241	52	68
263	241	50	66
261	243	51	67
264	241	49	68
263	243	49	66
264	240	46	69
264	240	46	69
264	241	47	67
264	243	48	66
262	242	48	68
264	240	45	69
263	240	47	68
264	240	47	68
265	241	45	66
261	238	47	69
263	239	45	69
264	238	45	66
265	236	43	68
264	240	46	64
263	237	46	68
264	235	47	69
261	237	47	66
261	235	46	69
263	238	49	67
266	243	45	63
268	240	45	65
265	237	46	69
265	232	44	74
270	236	44	69
270	236	44	68
267	235	45	68
269	236	43	65
265	236	48	66
269	239	43	65
265	236	45	70
267	241	43	67
267	240	43	71
269	244	43	67
266	243	42	68
265	244	45	68
263	240	47	70
267	242	43	70
262	244	48	66
266	241	43	70
262	240	46	70
265	241	42	68
262	240	46	66
264	240	44	66
261	238	47	67
263	238	44	69
265	239	42	67
264	238	42	69
266	240	42	68
265	241	44	65
264	241	45	64
263	242	49	65
263	241	49	66
260	240	52	69
255	236	51	74
0	0	0	0
245	257	39	77
0	0	0	0
0	0	0	0
0	0	0	0
0	0	0	0
276	245	32	63
274	244	34	60
271	242	37	60
266	240	42	65
263	238	43	69
261	237	46	69
261	238	47	69
260	236	47	70
263	234	44	71
265	235	42	69
261	235	47	68
261	233	45	69
263	231	44	70
260	238	47	63
258	235	46	65
257	234	47	67
256	232	47	70
259	233	42	69
257	233	44	68
257	233	46	68
260	235	44	67
259	233	45	69
261	235	44	67
257	236	47	68
258	232	46	71
259	236	48	66
257	235	49	67
259	236	46	66
256	237	49	65
255	235	48	69
257	236	48	69
259	234	43	69
260	235	44	69
262	236	44	67
260	236	45	69
264	239	43	67
261	239	44	68
259	241	46	65
264	241	42	65
260	239	43	68
260	240	43	68
259	240	44	69
257	241	47	66
257	243	48	65
256	240	47	68
257	241	46	68
255	239	47	70
257	242	48	69
259	243	46	65
259	242	45	67
261	242	46	66
260	240	44	68
260	237	45	68
261	234	44	70
263	237	44	66
260	236	45	69
262	234	44	70
262	238	45	65
258	237	47	66
260	236	45	67
259	236	48	68
260	236	46	69
259	236	48	69
262	238	46	66
262	238	46	67
262	235	45	70
261	237	47	67
263	238	45	65
263	239	44	64
259	239	46	63
261	240	43	60
258	237	49	65
267	240	46	61
0	0	0	0
0	0	0	0
0	0	0	0
0	0	0	0
0	0	0	0
0	0	0	0
0	0	0	0
274	238	34	63
277	241	30	61
281	245	28	59
0	0	0	0
0	0	0	0
0	0	0	0
0	0	0	0
261	238	27	56
261	237	32	59
262	237	39	64
261	237	44	65
262	235	42	67
260	235	44	67
260	235	46	66
259	235	47	65
258	234	48	66
259	234	47	67
260	235	47	65
259	233	46	68
256	233	49	68
259	234	44	66
261	232	41	68
263	233	41	65
261	233	42	67
260	231	44	69
259	232	47	69
262	230	42	71
260	228	45	73
260	233	47	65
258	231	47	68
261	232	44	68
262	231	43	68
261	232	45	68
260	232	45	69
261	234	45	67
260	233	46	68
262	231	43	70
261	231	46	70
259	233	50	67
260	232	47	69
262	235	44	67
264	233	40	68
266	234	40	66
263	235	43	66
263	232	44	69
263	234	46	68
264	237	45	65
263	236	44	67
262	237	46	67
261	236	46	69
262	237	46	66
261	235	47	69
262	238	45	68
260	234	45	71
258	235	45	69
257	234	45	70
257	232	47	70
259	235	46	68
258	231	46	72
260	235	47	67
262	231	45	69
262	232	48	69
264	235	46	68
266	234	43	70
263	236	46	67
263	239	47	65
261	235	46	64
260	234	46	66
259	230	44	67
257	227	45	71
260	229	45	70
256	225	47	72
259	230	47	68
258	230	46	66
261	228	44	68
261	229	45	67
262	230	44	68
261	228	45	69
259	226	48	69
261	226	46	69
260	230	47	66
261	228	45	69
263	230	47	67
260	228	46	69
260	228	48	69
263	231	46	66
260	229	46	68
263	230	45	68
259	230	49	69
262	234	48	67
263	231	45	70
264	231	44	70
265	235	45	65
266	234	44	67
267	234	44	67
270	236	43	66
267	235	45	67
268	235	45	67
269	237	45	67
268	234	45	69
268	236	45	68
265	236	45	66
268	236	45	67
268	236	44	66
271	237	45	65
273	237	44	67
