0.360958
0.040661
0.041601
0.045330
0.047977
0.040936
0.043357
0.044135
0.040836
0.041412
0.042371
0.042027
0.040218
0.039619
0.040298
0.039744
0.039857
0.040895
0.045235
0.039015
0.067787
0.038758
0.038790
0.038884
0.041402
0.039800
0.044729
0.039262
0.040896
0.041716
0.039309
0.040520
0.040915
0.039431
0.039490
0.020589
0.020145
0.020788
0.020719
0.040288
0.074032
0.039009
0.039567
0.039854
0.039808
0.039565
0.039669
0.039822
0.039769
0.040047
0.039967
0.040294
0.040206
0.040043
0.039688
0.039944
0.042016
0.018825
0.019311
0.038462
0.020683
0.021412
0.021507
0.021924
0.021450
0.021545
0.040897
0.057990
0.038848
0.021364
0.020799
