308	95	103	117
311	91	101	126
310	90	95	139
314	90	98	138
308	91	107	128
309	88	98	139
311	88	105	146
303	89	104	141
307	90	106	142
312	88	99	135
309	91	100	129
308	91	103	129
304	89	106	144
311	89	109	144
305	89	108	136
300	89	105	134
310	89	106	140
307	88	101	141
306	88	106	140
302	89	108	144
307	89	102	141
303	90	103	143
301	89	105	143
304	89	109	143
303	92	107	134
305	90	101	139
300	91	108	132
306	90	102	136
305	90	100	126
305	91	103	131
300	91	103	128
307	90	98	142
304	92	96	124
299	93	99	125
301	92	102	139
305	90	96	144
299	94	97	131
298	94	96	123
297	93	99	136
294	94	93	127
292	94	101	129
293	93	93	126
290	94	94	122
294	96	89	120
289	97	94	114
287	94	91	128
285	97	92	120
281	93	96	140
285	95	85	137
284	95	88	133
280	96	92	138
281	99	89	117
277	96	94	135
277	95	94	138
276	96	91	140
274	95	90	138
274	99	93	126
272	100	94	123
265	97	100	136
269	97	96	137
266	98	95	131
265	97	95	132
261	96	96	134
262	97	100	124
259	97	95	121
263	97	98	123
259	98	96	111
259	97	96	116
256	97	100	112
255	96	102	117
252	98	103	110
253	98	104	108
249	97	104	110
251	96	103	112
253	96	101	112
249	96	104	118
249	96	107	116
248	97	106	117
251	96	104	121
247	98	108	120
249	98	106	121
249	98	105	123
247	98	108	120
247	99	106	110
247	99	104	111
247	100	106	108
246	101	105	107
245	100	106	106
243	100	106	111
245	100	101	112
250	98	99	111
248	100	97	104
250	99	95	107
250	99	93	104
250	99	93	103
252	100	91	98
251	101	91	98
255	101	90	97
259	100	87	105
258	101	90	99
261	101	88	101
261	101	89	102
264	101	88	111
263	100	92	108
265	101	90	115
269	103	83	103
273	102	89	103
273	103	87	102
277	100	86	116
276	100	92	125
279	104	90	111
281	107	90	100
283	111	86	92
287	109	82	98
289	109	83	108
287	113	85	117
288	113	81	121
290	119	81	115
290	126	79	109
292	132	79	107
291	137	76	99
288	139	78	99
289	143	76	93
288	146	78	89
287	151	77	85
286	151	78	84
283	154	80	81
284	156	76	78
283	158	76	76
278	158	84	76
277	159	82	76
279	160	80	75
280	159	76	74
279	157	79	77
280	155	80	78
280	153	79	80
283	147	77	85
283	146	78	87
281	143	82	90
284	142	81	90
284	139	83	94
283	137	83	95
284	133	82	100
284	131	82	102
284	127	84	104
285	126	82	107
284	122	82	110
283	120	85	113
284	118	82	114
283	118	84	113
282	116	85	117
283	114	83	118
282	113	86	120
280	113	88	118
281	112	91	120
280	111	86	115
283	108	87	116
280	105	90	124
282	103	87	126
279	99	89	129
281	97	91	132
280	98	92	109
276	92	93	116
279	87	95	127
275	78	97	149
275	73	96	150
276	67	98	154
272	67	102	150
274	62	108	154
269	62	104	139
269	58	111	158
267	51	111	160
268	53	110	147
264	48	116	160
267	43	116	167
271	38	120	171
267	38	113	169
275	32	121	167
270	34	119	168
267	24	135	188
270	25	135	186
266	22	145	192
267	20	143	194
271	14	147	206
269	17	144	188
269	14	147	202
274	13	149	195
271	14	144	201
270	15	150	206
270	12	148	201
265	10	159	213
268	12	149	212
264	13	151	210
263	12	150	211
273	14	140	201
264	10	142	207
271	14	136	195
271	16	130	195
275	18	127	188
267	22	135	187
270	24	127	174
268	24	123	183
273	28	123	174
267	32	120	166
273	32	118	172
274	36	112	168
273	42	116	162
271	45	110	158
275	48	110	164
272	54	110	156
273	54	103	159
274	62	100	143
276	64	99	136
278	66	98	147
277	67	98	149
279	75	94	130
279	75	93	140
277	84	89	121
281	85	91	130
282	88	88	129
283	89	92	140
280	92	93	134
287	93	87	128
285	93	90	120
285	93	94	129
289	96	89	108
287	94	88	111
293	95	88	107
290	93	90	112
292	92	93	111
292	93	90	108
296	91	92	114
296	91	93	112
294	91	92	109
299	90	91	115
