1.346040
0.096525
0.091814
0.091266
0.091671
0.092346
0.092832
0.100091
0.093503
0.093680
0.093992
0.093745
0.093893
0.099003
0.093821
0.094108
0.094453
0.093851
0.093486
0.093798
0.208302
0.094651
0.093646
0.092118
0.092586
0.093008
0.092382
0.092577
0.093351
0.094638
0.099712
0.099502
0.094156
0.159384
0.094096
0.093852
0.098981
0.102050
0.094211
0.095449
0.222621
0.099683
0.098162
0.093519
0.093816
0.093291
0.091766
0.093678
0.093634
0.093184
0.093673
0.093451
0.093737
0.093614
0.095294
0.092173
0.092241
0.092450
0.093055
0.097715
0.223092
0.092915
0.091712
0.091923
0.091995
0.092361
0.092575
0.092367
0.092601
0.092518
0.092197
0.092977
0.094774
0.086142
0.093531
