0.327118
0.044083
0.041201
0.040612
0.045769
0.045051
0.047324
0.044451
0.046760
0.039888
0.039913
0.040910
0.040388
0.039598
0.041304
0.039684
0.042934
0.039615
0.039755
0.040258
0.069398
0.040343
0.041675
0.041082
0.040924
0.045244
0.046197
0.039008
0.038807
0.039137
0.039037
0.038927
0.039627
0.043505
0.044419
0.039835
0.039580
0.039697
0.039202
0.038878
0.074174
0.038843
0.039021
0.039245
0.039086
0.038679
0.039092
0.038952
0.038132
0.038077
0.038326
0.038240
0.038729
0.038614
0.039953
0.039089
0.038954
0.038808
0.039501
0.039509
0.074661
0.040222
0.048077
0.046474
0.040689
0.043167
0.040959
0.040301
0.041322
0.044029
0.045618
0.039873
0.040496
0.047173
0.047005
0.041408
0.049192
0.041703
0.040194
0.041461
0.074566
0.040202
0.041166
0.040069
0.040770
0.044489
0.046240
0.046269
0.039904
0.040506
0.040613
0.040145
0.040217
0.040190
0.041180
0.044420
0.046266
0.044508
0.046675
0.042630
0.079988
0.040802
0.045390
0.047742
0.041589
0.041249
0.041070
0.041324
0.043964
0.040486
0.042062
0.041620
0.040729
0.040540
0.039881
0.039962
0.039261
0.042555
0.039323
0.039302
0.073980
0.039903
0.040907
0.039973
0.039129
0.039436
0.039436
0.039444
0.039557
0.040009
0.039532
0.040900
0.041023
0.041502
0.039107
0.039615
0.039309
0.041939
0.041231
0.039226
0.074343
0.039117
0.039990
0.044075
0.046437
0.039970
0.040673
0.042814
0.040259
0.040248
0.040489
0.042412
0.040586
0.040198
0.040214
0.040408
0.040566
0.040148
0.040827
0.042205
0.073855
0.041235
0.046837
0.040539
0.040608
0.041139
0.040248
0.040276
0.041128
0.040085
0.039869
0.040102
0.040373
0.041027
0.040040
0.040878
0.045437
0.039970
0.039561
0.039311
0.076252
0.041430
0.040096
0.042013
0.040348
0.040468
0.039972
0.040675
0.037806
0.041113
0.040300
0.040168
0.039943
0.039692
0.040705
0.041813
0.039474
0.039560
0.039366
0.040046
0.078318
0.041920
0.038961
0.038969
0.039484
0.043647
0.045094
0.039577
0.038845
0.040850
0.042671
0.038497
0.038378
0.041405
0.038560
0.038328
0.038879
0.039071
0.039798
0.039861
0.077169
0.045199
0.040549
0.038913
0.038989
0.038929
0.039933
0.039060
0.039226
0.040924
0.039137
0.039254
0.039235
0.041065
0.042765
0.045686
0.040455
0.045470
0.046600
0.040741
0.077011
0.039637
0.039667
0.040987
0.040647
