1.357849
0.106137
0.096249
0.096701
0.097087
0.093895
0.095783
0.095688
0.094059
0.095105
0.094232
0.094785
0.094391
0.093162
0.149366
0.152668
0.148337
0.094714
0.094312
0.093785
0.199330
0.093636
0.094705
0.094599
0.093622
0.093155
0.093472
0.094312
0.094506
0.094542
0.098166
0.093944
0.094114
0.095432
0.095012
0.094617
0.094180
0.094096
0.093963
0.096593
0.222992
0.096357
0.092559
0.092711
0.091963
0.092343
0.092561
0.092860
0.093544
0.092790
0.092535
0.092348
0.092709
0.092392
0.092551
0.093076
0.093532
0.093685
0.093190
0.092931
0.221107
0.092747
0.092696
0.092349
0.094316
0.092795
0.092512
0.091748
0.092691
0.092437
0.091428
0.092384
0.092780
0.092120
0.092798
0.092261
0.093513
0.092885
0.091983
0.092215
0.220328
0.094446
0.092652
0.091634
0.091517
0.091691
0.091644
0.091373
0.091433
0.092865
0.091801
0.091806
0.092093
0.093024
0.093237
0.092394
0.091962
0.090984
0.093068
0.092758
0.223234
0.091348
0.091189
0.092013
0.091096
0.091370
0.091816
0.092541
0.092126
0.092059
0.092462
0.089858
0.089981
0.090545
0.090263
0.090333
