30	159	107	304
44	159	97	314
61	161	93	318
64	162	100	309
86	176	91	301
104	170	74	303
120	166	70	308
122	167	75	306
135	170	69	304
135	172	75	300
155	177	66	285
153	181	77	282
149	175	87	296
165	185	75	293
179	176	64	286
187	184	69	285
176	197	77	272
0	0	0	0
0	0	0	0
0	0	0	0
0	0	0	0
0	0	0	0
0	0	0	0
0	0	0	0
0	0	0	0
0	0	0	0
0	0	0	0
0	0	0	0
0	0	0	0
0	0	0	0
0	0	0	0
0	0	0	0
0	0	0	0
0	0	0	0
320	213	75	258
327	214	69	261
340	218	64	256
340	218	71	256
351	221	67	250
360	222	62	245
358	218	75	244
363	223	77	247
367	222	79	251
370	224	80	240
384	227	74	250
385	223	81	253
389	228	86	246
399	227	77	248
407	224	77	251
404	231	86	243
419	228	81	246
416	232	90	240
421	227	86	246
431	231	78	243
438	233	74	238
452	229	59	241
452	235	63	221
457	228	61	231
447	237	72	236
442	243	82	222
456	244	68	220
453	247	77	217
456	243	73	223
456	245	74	219
465	242	67	226
461	243	76	224
466	243	74	223
462	252	82	211
463	250	84	215
467	251	80	213
476	250	79	213
472	254	74	206
480	256	70	199
479	253	64	203
477	256	67	195
485	256	60	196
485	258	60	188
490	261	55	186
496	264	46	188
492	263	52	192
492	269	52	184
491	265	56	190
489	265	59	191
486	262	62	183
489	270	60	170
488	269	62	170
487	275	66	162
490	277	63	162
490	275	64	163
500	272	53	166
498	276	56	163
498	277	57	159
497	279	60	155
501	280	58	151
505	286	51	145
512	274	44	155
511	274	46	157
513	279	45	152
517	283	40	149
515	281	44	151
515	287	44	144
518	282	42	150
