526	244	91	220
517	245	91	227
512	246	90	227
492	241	102	231
492	240	83	218
487	239	86	232
473	236	88	237
464	233	84	245
460	235	82	239
437	245	105	228
431	254	116	220
419	246	114	227
411	241	115	233
400	238	106	236
380	235	124	239
373	230	108	245
377	229	86	237
378	230	67	244
370	229	72	247
368	226	86	247
372	237	83	234
0	0	0	0
389	214	89	245
355	229	109	242
309	230	83	241
304	223	64	223
0	0	0	0
0	0	0	0
265	225	76	245
244	218	96	252
228	224	109	249
217	226	105	243
212	219	82	249
213	218	83	255
204	218	67	255
0	0	0	0
0	0	0	0
0	0	0	0
150	201	76	272
145	209	81	265
0	0	0	0
0	0	0	0
0	0	0	0
0	0	0	0
0	0	0	0
0	0	0	0
0	0	0	0
0	0	0	0
