82	221	79	244
98	219	63	247
114	215	62	247
111	226	74	233
127	231	71	236
144	221	61	251
152	229	67	240
182	226	52	249
184	232	55	242
197	231	49	230
202	233	50	235
204	233	57	222
219	234	56	215
220	234	62	221
245	237	47	222
247	239	52	206
251	244	55	203
262	241	68	222
277	243	55	223
292	238	44	230
294	238	46	229
301	232	50	232
313	233	48	232
325	239	48	227
329	241	52	226
339	235	59	228
342	234	56	232
364	244	40	221
372	251	38	212
380	248	37	206
380	246	39	217
395	246	35	204
397	243	47	218
394	238	65	236
0	0	0	0
0	0	0	0
0	0	0	0
0	0	0	0
0	0	0	0
0	0	0	0
0	0	0	0
0	0	0	0
0	0	0	0
0	0	0	0
0	0	0	0
0	0	0	0
0	0	0	0
0	0	0	0
0	0	0	0
0	0	0	0
0	0	0	0
0	0	0	0
0	0	0	0
551	257	57	206
541	262	74	190
545	266	81	186
551	264	76	183
0	0	0	0
573	265	59	184
0	0	0	0
586	264	42	187
593	264	39	184
598	265	36	182
601	267	39	181
0	0	0	0
0	0	0	0
0	0	0	0
