1.365124
0.105623
0.093978
0.093078
0.093932
0.093828
0.098210
0.098469
0.097591
0.098171
0.097647
0.096999
0.097629
0.097456
0.097503
0.096245
0.096199
0.097114
0.093464
0.093277
0.200773
0.092629
0.092458
0.092790
0.093567
0.096093
0.094413
0.098211
0.096374
0.097329
0.096579
0.096388
0.096443
0.096152
0.068858
0.066000
0.066589
0.066400
0.066629
0.066385
0.066043
0.066155
0.066281
0.066191
0.066449
0.066141
0.066404
0.066049
0.065911
0.068635
0.066436
0.066550
0.066693
0.094871
0.096667
0.101264
0.098799
0.069472
0.094565
0.065102
0.221667
0.091798
0.091545
0.092088
0.064206
0.064541
0.067532
