0.312519
0.041005
0.039696
0.040186
0.039512
0.039518
0.040001
0.047030
0.039639
0.039913
0.039792
0.041895
0.041184
0.040087
0.039805
0.040046
0.044625
0.039203
0.039372
0.039384
0.068315
0.040305
0.040335
0.040222
0.040902
0.040936
0.043430
0.044929
0.043864
0.041352
0.044457
0.038090
0.038300
0.043178
0.043330
0.042920
0.039018
0.056553
0.056728
0.040854
0.074549
0.062163
0.066032
0.061996
0.064384
0.039253
0.040078
0.041450
0.047505
0.044422
0.057880
0.057729
0.058251
0.058289
0.044018
0.043072
0.039747
0.040200
0.042166
0.044429
0.062801
0.062578
0.064813
0.039595
0.039565
0.039690
0.039766
0.040081
0.039734
0.039494
0.039227
0.044225
0.067179
0.039144
0.040067
0.039343
0.038954
0.039335
0.039865
0.039540
0.077513
0.042609
0.040402
0.041629
0.043800
0.037655
0.021988
0.021039
0.021685
0.041703
0.039967
0.020887
0.021609
0.044283
0.046329
0.045811
0.039418
0.039832
0.039625
0.040831
0.075930
0.044575
0.045099
0.040552
0.039706
0.039594
0.040071
0.039540
0.039944
0.059748
0.058753
0.043047
0.039367
0.040739
0.038182
0.045221
0.041516
0.041294
0.041588
0.041440
0.076414
0.040896
0.040024
0.041966
0.040003
0.039853
0.038177
0.038538
0.057240
0.058463
0.057393
0.056538
0.038312
0.056558
0.038275
0.056319
0.056550
0.038498
0.038414
0.039289
0.072783
0.038596
0.038788
0.056666
0.037923
0.057035
0.058259
0.058208
0.056665
0.056916
0.038055
0.059920
0.039081
0.041226
0.044150
0.043682
0.042570
0.060506
0.062115
0.043046
0.060584
0.039143
0.059880
0.058344
0.041666
0.041941
0.061906
0.056739
0.037838
0.038904
0.039153
0.040100
0.038945
0.044444
0.039188
0.038186
0.038989
0.038999
0.057560
0.056948
0.058808
