1.408288
0.104601
0.095398
0.099175
0.095010
0.096242
0.095419
0.095501
0.096275
0.096815
0.095936
0.096476
0.096056
0.096488
0.097208
0.098489
0.098771
0.097991
0.098186
0.099808
0.206169
0.097409
0.097763
0.097406
0.096744
0.095834
0.156495
0.157320
0.159659
0.158981
0.097741
0.162193
0.098038
0.098612
0.098967
0.166036
0.099718
0.097943
0.098186
0.099778
0.225750
0.107847
0.105941
0.106256
0.101920
0.109942
0.109695
0.101367
0.102475
0.109488
0.107270
0.109940
0.109789
0.109290
0.109045
0.106168
0.104123
0.107474
0.079781
0.080572
0.072572
0.082860
0.079965
0.074669
0.072184
0.072262
0.072175
0.099776
0.097517
0.096608
0.095788
0.095899
0.067788
0.067794
0.068429
0.068411
0.097605
0.074253
0.068642
0.069902
0.068122
0.068162
0.095532
0.066748
0.067335
0.067321
0.094498
0.093655
0.093491
0.093792
0.093105
0.096986
0.093499
0.094573
0.094131
0.094248
0.093624
0.098032
0.092844
0.093152
0.220879
0.094696
0.095557
0.093774
0.093944
0.093751
0.092788
0.092399
0.093627
0.093130
0.093423
0.093410
0.092892
0.093373
0.094439
0.093413
0.093231
0.160752
0.161756
0.092895
0.222594
0.096427
0.094282
0.092906
0.093101
0.092665
0.092558
0.093183
0.092229
0.091783
0.091923
0.092730
0.092643
0.092412
0.064499
0.093275
0.093027
0.094164
0.092989
0.094198
0.222171
0.099597
0.093938
0.067405
0.068240
0.097834
0.095061
0.095035
0.093507
0.093035
0.093689
0.091109
0.091852
0.092206
0.092286
0.091760
0.159117
0.092132
0.091762
0.091818
0.219696
0.092040
0.092543
0.092645
0.091733
0.159560
0.093738
0.091381
0.090744
0.090976
0.091409
0.093081
0.158478
0.090361
0.091177
0.091091
0.090803
0.091357
0.091538
0.091358
0.219325
0.095068
0.091836
0.092201
0.091438
0.090694
0.091440
0.091973
0.095631
0.092540
0.092140
0.092850
