1.343524
0.100199
0.095616
0.095890
0.095580
0.095011
0.095464
0.095130
0.095141
0.095848
0.093601
0.093883
0.094541
0.094494
0.095773
0.095647
0.096497
0.094123
0.095014
0.094741
0.202296
0.094218
0.094088
0.093991
0.066825
0.066952
0.067400
0.067470
0.067636
0.067345
0.067239
0.101672
0.100899
0.093511
0.068023
0.073612
0.068272
0.068774
0.096880
0.099293
0.220821
0.095878
0.094717
0.096331
0.092669
0.092486
0.093735
0.093334
0.092229
0.092564
0.093133
0.092374
0.092533
0.092606
0.092750
0.096926
0.092756
0.093556
