0.328704
0.043642
0.041308
0.043881
0.052183
0.043306
0.049324
0.038501
0.040302
0.043921
0.047238
0.041859
0.041044
0.038399
0.039018
0.038771
0.044781
0.039061
0.041220
0.038908
0.073337
0.042182
0.039623
0.038785
0.039073
0.046327
0.040634
0.041217
0.041047
0.040719
0.041263
0.042442
0.041682
0.041430
0.041291
0.040000
0.039962
0.040236
0.040269
0.040064
0.073871
0.039843
0.039589
0.039592
0.039460
0.040291
0.039899
0.039795
0.040706
0.040190
0.040653
0.043772
0.047043
0.043924
0.045741
0.047515
0.040657
0.039430
0.040763
0.041724
0.073858
0.039800
0.039874
0.041632
0.041657
0.040987
0.040855
0.045600
0.040886
0.043816
0.040661
0.040557
0.040977
0.039950
0.041176
0.040359
0.040273
0.040390
0.047032
0.043893
0.082042
0.044513
0.050329
0.048654
0.040788
0.039953
0.046040
0.044822
0.045795
0.047409
0.044815
0.041794
0.040100
0.039757
0.040425
0.045071
0.046346
0.040183
0.042295
0.045117
0.079209
0.040251
0.039618
0.044435
0.040404
0.040704
0.040028
0.039988
0.040099
0.040114
0.042031
0.043213
0.039284
0.039358
0.039430
0.039733
0.039806
0.039744
0.039733
0.039943
0.080796
0.041653
0.045701
0.041793
0.040724
0.039173
0.039618
0.040075
0.040066
0.038809
0.040230
0.040661
0.048606
0.051053
0.044088
0.043592
0.045531
0.041422
0.041826
0.042824
0.079382
0.041957
0.039599
0.039327
0.039381
0.039637
0.040470
0.042645
0.041456
0.040609
0.040341
0.040937
0.040146
0.045669
0.045295
0.040125
0.040402
0.040996
0.041382
0.043512
0.079493
0.040962
0.041188
0.039341
0.040026
0.040574
0.040320
0.038152
0.038099
0.039566
0.042431
0.039952
0.040430
0.040002
0.039055
0.040138
0.038581
0.038422
0.038462
0.038698
0.077375
0.038861
0.038929
0.039480
0.042053
0.038936
0.038889
0.039254
0.043170
0.039384
0.038462
0.037713
0.039582
0.042839
0.038795
0.039235
0.041679
0.043943
0.040789
0.041406
0.078646
0.041742
0.044834
0.041967
0.043478
0.041108
0.038929
0.038887
0.039077
0.038902
0.039083
0.038907
0.041059
0.044451
0.048319
0.045239
0.046716
0.040810
0.040827
0.040568
0.074943
0.041181
0.041126
0.040086
0.040542
0.040691
0.040481
0.039141
0.039122
0.039990
0.039643
0.039874
0.039644
0.039869
0.039731
