0.308826
0.041143
0.039951
0.039377
0.038160
0.039309
0.038569
0.038429
0.018605
0.019205
0.019054
0.019203
0.019366
0.019655
0.038476
0.037344
0.037899
0.037864
0.037850
0.037840
0.064904
0.038741
0.037958
0.038092
0.037909
0.038208
0.038618
0.038974
0.042273
0.043801
0.038295
0.038188
0.038185
0.038023
0.038263
0.038290
0.038827
0.021000
0.019735
0.019775
0.019635
0.019502
0.019527
0.019569
0.019541
0.039988
0.041439
0.039857
0.040578
0.039063
0.041139
0.041811
0.044288
0.038156
0.038179
0.040318
0.042338
0.038678
0.038500
0.039453
0.075137
0.038143
0.019814
0.019654
0.019326
0.019438
0.019338
0.038778
0.038956
0.040774
0.041523
0.038170
0.039165
0.038117
0.038280
0.037993
0.038374
0.038335
0.038634
0.038675
0.072736
0.038646
0.038769
0.038761
0.038554
0.038432
0.038371
0.039016
0.038424
0.038434
0.038154
0.038264
0.038889
0.038371
0.038187
0.039229
0.038592
0.038579
0.038604
0.038311
0.072148
0.038081
0.038246
0.039120
0.038268
0.038026
0.038122
0.038012
0.038100
0.037988
0.038274
0.038994
0.037974
0.037722
0.037778
0.037996
0.038339
0.038208
0.037998
0.039331
0.071982
0.037874
0.037972
0.038039
0.038014
0.038218
0.038458
0.038970
0.038306
0.038620
0.038428
0.038730
0.038127
0.038565
0.039677
0.042902
0.038276
0.038285
0.038296
0.038527
0.072534
0.038500
0.039467
0.038647
0.041804
0.039039
0.043170
0.043700
0.038959
0.044769
0.038309
0.038440
0.038258
0.038491
0.039132
0.038453
0.038293
0.039595
0.038654
0.038649
0.072672
0.038578
0.038862
0.038338
0.039052
0.042875
0.018548
0.019162
0.019301
0.019231
0.019339
0.019394
0.019197
0.038342
0.037735
0.038683
0.037251
0.037662
0.037447
0.037363
0.071445
0.037715
0.037596
0.038294
0.018423
0.019036
0.019026
0.019074
0.019069
0.019152
0.019038
0.019075
0.019051
0.019017
0.019099
0.019125
0.019391
0.019283
0.038578
0.037871
0.071792
0.037911
0.038034
0.041553
0.044418
0.037801
0.037731
0.037945
0.018682
0.019321
0.019364
0.019355
0.019342
0.019242
0.019844
0.019671
0.019712
0.019417
0.019530
0.019532
0.073434
0.038531
0.042353
0.039016
0.038103
0.039102
0.039740
0.038221
0.018781
0.018906
0.019407
0.018859
0.018907
0.019644
0.019447
0.019471
0.019446
0.019394
0.019500
0.018800
0.019343
0.019426
0.038708
0.039844
0.040843
0.042885
0.043127
0.043494
0.043478
0.039111
0.040055
0.039350
0.042703
0.038970
0.042882
0.020082
0.018792
0.019373
0.019718
0.019357
0.074228
0.038054
0.038367
0.037921
0.038144
0.038132
0.040668
0.040997
0.042211
0.042736
0.039447
0.041805
0.040694
0.041623
0.042557
0.021148
0.019514
0.018721
0.019225
0.019223
0.019321
0.019655
0.019244
0.020106
0.019572
0.019233
0.039649
0.044155
0.038976
0.040005
0.039169
0.040384
0.038254
0.038528
0.039481
0.039357
0.039294
0.039387
0.040104
0.019412
0.018952
0.018945
0.018927
0.019529
0.019004
0.019768
0.018970
0.018968
0.019549
0.019805
0.038785
0.038880
0.038925
0.038533
0.038733
0.038735
0.039703
0.038728
0.038431
0.019895
0.018998
0.019362
0.019347
0.019354
0.019385
0.019281
0.019956
0.019577
0.019414
0.019388
0.019324
0.019325
0.019335
0.019372
0.019349
0.039302
0.040637
0.043575
0.043329
0.042460
0.073079
0.037869
0.038145
0.018592
0.019559
0.019272
0.019185
0.019176
0.019266
0.019163
0.019211
0.019247
0.019297
0.019306
0.019250
0.019014
0.020173
0.019483
0.019166
0.019244
0.019280
0.019301
0.019013
0.018611
0.019125
0.019165
0.019191
0.019219
0.020203
0.019579
0.019128
0.019060
0.019295
0.019464
0.019236
0.019258
0.019200
0.019147
0.019185
0.019178
0.020440
0.018640
0.019398
0.019200
0.019229
0.019221
0.019256
0.019636
0.019206
0.019520
0.019224
0.019506
0.019352
0.019216
0.019353
0.019220
0.019196
0.019499
0.018621
0.018970
0.019436
0.019582
0.019962
0.019481
