0.312160
0.039858
0.039787
0.039748
0.040040
0.040108
0.042215
0.040458
0.039473
0.039214
0.039141
0.039034
0.039375
0.039515
0.039378
0.039242
0.039337
0.039497
0.039522
0.040628
0.069794
0.039793
0.040257
0.044769
0.040211
0.040270
0.040017
0.040250
0.040053
0.040216
0.040529
0.039339
0.039373
0.039602
0.039535
0.040946
0.044853
0.039391
0.039548
0.039541
0.073099
0.039049
0.041144
0.039391
0.039567
0.039562
0.039544
0.040195
0.044936
0.049080
0.040188
0.057348
0.039191
0.040180
0.045105
0.040685
0.040043
0.038150
0.038751
0.038124
0.072088
0.038492
0.037957
0.058833
0.038383
0.038321
0.056192
0.038224
0.038491
0.057367
0.061050
0.037935
0.038412
0.039953
0.041587
0.038464
0.040650
0.041872
0.039319
0.039129
0.074233
0.039840
0.039454
0.039343
0.039789
0.039204
0.038907
0.039002
0.039249
0.039489
0.039701
0.040667
0.039005
0.039058
0.038999
0.039083
0.039086
0.038972
0.038988
0.039893
0.073753
0.039734
0.044348
0.044492
0.045078
0.041843
0.046510
0.041614
0.044384
0.039559
0.038580
0.057046
0.058277
0.057739
0.057344
0.038311
0.037867
0.056862
0.037526
0.059543
0.039690
0.059054
0.056372
0.057299
0.037523
0.056409
0.037964
0.038290
0.037764
0.038134
0.039079
0.038092
0.037877
0.038127
0.038258
0.038686
0.039144
0.039303
0.038146
0.038141
0.073028
0.058701
0.058366
0.038990
0.038787
0.039409
0.039236
0.057356
0.057825
0.043548
0.046759
0.022198
0.022469
0.022396
0.022391
0.021010
0.022917
0.021137
0.021126
0.020270
0.020943
0.020259
0.020864
0.020872
0.040575
0.041544
0.039991
0.039578
0.039709
0.039441
