35	265	57	172
39	266	59	175
41	261	60	181
43	256	67	188
44	253	69	194
52	258	66	180
55	266	69	170
67	269	59	164
73	264	56	174
80	264	51	176
84	265	51	174
87	261	52	175
89	265	54	171
98	263	48	171
101	266	49	169
106	265	52	172
110	267	52	170
112	267	55	170
109	266	61	170
113	265	66	170
117	266	64	167
119	265	66	171
127	265	61	169
138	265	53	171
140	265	54	173
148	265	51	171
151	263	46	174
158	263	46	174
161	265	47	168
163	265	50	170
162	261	58	174
169	259	54	173
168	256	60	177
171	257	59	176
177	264	58	169
176	262	63	168
188	262	52	169
194	265	51	163
200	262	45	166
207	263	42	165
211	259	38	171
214	260	43	167
216	266	44	158
218	267	47	159
219	267	48	161
222	267	52	161
225	266	50	162
225	269	56	160
229	267	54	162
237	267	52	162
243	269	47	160
248	270	46	160
248	266	40	161
261	270	62	164
244	274	76	179
224	232	82	192
216	231	91	194
196	229	120	206
165	233	149	228
146	246	163	233
131	249	191	227
82	246	151	235
104	216	105	265
98	218	124	242
63	204	103	263
66	201	124	257
22	186	112	281
16	174	101	304
23	152	110	319
38	186	131	316
104	216	126	258
154	234	96	247
193	244	76	218
227	247	68	208
271	248	88	202
316	266	58	181
319	266	54	160
324	269	52	155
328	269	49	154
334	270	46	155
340	269	43	151
346	265	40	155
350	266	41	154
355	266	41	156
357	264	43	157
359	264	46	158
361	264	48	153
363	268	51	153
362	268	52	153
366	271	49	149
368	268	47	153
373	266	46	157
378	264	43	157
384	267	44	152
386	266	45	152
391	266	45	152
393	266	41	154
396	267	45	155
399	267	43	153
400	271	44	148
401	272	45	147
404	271	40	151
403	275	45	145
422	279	61	138
422	298	71	159
408	267	70	175
406	270	72	199
396	266	78	208
391	257	86	218
384	246	98	230
372	253	114	220
364	251	106	226
356	264	83	218
350	264	79	213
348	263	79	216
333	259	78	216
328	265	87	212
321	254	69	220
317	256	60	221
304	254	57	224
293	254	63	221
283	251	68	228
267	253	84	223
262	249	80	229
259	253	81	225
247	252	85	223
240	258	82	219
231	250	74	226
222	254	72	223
197	252	72	219
185	250	83	224
187	242	71	230
187	244	70	229
172	248	89	225
155	250	110	225
135	249	93	219
137	251	78	213
124	245	72	223
111	246	77	222
96	243	71	219
92	243	64	219
78	246	70	223
68	246	72	221
57	244	76	225
48	244	78	228
17	243	94	234
10	249	97	223
4	251	85	218
2	245	74	222
-6	238	58	226
0	239	44	227
0	0	0	0
0	0	0	0
0	0	0	0
0	0	0	0
0	0	0	0
0	0	0	0
0	0	0	0
0	0	0	0
0	0	0	0
0	0	0	0
0	0	0	0
0	0	0	0
0	0	0	0
112	184	63	222
113	248	95	222
115	202	106	255
125	202	114	268
146	205	101	267
159	202	99	274
