0.316896
0.039960
0.040306
0.040034
0.041313
0.039819
0.046143
0.020124
0.039894
0.020431
0.020470
0.021118
0.021696
0.020483
0.040670
0.040152
0.038409
0.038310
0.038372
0.052406
0.066613
0.040656
0.041031
0.055111
0.055360
0.055188
0.040671
0.043372
0.042582
0.038696
0.038851
0.055125
0.039338
0.057523
0.057500
0.039474
0.039795
0.039288
0.039049
0.039190
0.019317
0.019972
0.039509
0.038633
0.038984
0.039284
0.058694
0.039525
0.039858
0.040306
0.045010
0.043760
0.059779
0.061629
0.039695
0.058259
0.058044
0.040293
0.040375
0.041499
0.073863
0.039869
0.039871
0.039174
0.039850
0.039251
0.040038
0.038960
0.039076
0.039019
0.039390
0.040017
0.040097
0.040184
0.041288
0.040670
0.045547
0.039361
0.038842
0.039257
0.074040
0.039207
0.040234
0.046937
0.039633
0.039611
0.041263
0.039521
0.039465
0.039304
0.039263
0.039323
0.039439
0.039385
0.041578
0.039425
0.039394
0.039050
0.039075
0.038751
0.072509
0.040276
0.018888
0.019776
0.019987
