272	205	83	223
276	203	79	227
275	204	85	226
277	205	87	225
280	203	85	227
284	203	85	227
286	198	84	231
286	198	88	232
286	205	92	225
292	198	86	232
293	194	88	236
299	198	83	231
297	195	91	236
300	194	91	236
306	208	88	221
311	194	83	237
323	194	78	239
326	192	79	237
337	198	75	234
337	194	85	238
341	199	83	233
0	0	0	0
0	0	0	0
0	0	0	0
0	0	0	0
0	0	0	0
0	0	0	0
0	0	0	0
0	0	0	0
0	0	0	0
0	0	0	0
0	0	0	0
413	194	72	230
410	190	81	236
410	190	88	242
416	193	85	238
420	192	87	239
422	187	94	244
427	189	94	243
433	191	92	239
438	194	95	241
444	199	97	231
449	190	98	243
458	193	97	239
462	189	104	244
468	189	103	241
472	190	107	240
480	193	101	236
482	200	105	226
485	184	103	247
487	183	105	249
489	185	110	244
488	193	119	233
491	188	116	240
493	180	116	251
495	180	116	253
496	180	119	251
498	180	122	251
498	180	126	252
496	177	140	255
496	178	143	252
498	173	140	259
501	177	141	255
500	171	143	262
503	173	139	262
496	172	150	264
498	165	147	268
498	162	146	271
502	159	139	274
503	165	140	267
506	169	136	265
509	166	137	268
511	153	131	283
511	156	133	284
512	155	132	281
511	153	134	280
509	147	136	299
513	148	132	298
511	142	132	294
512	139	130	296
509	145	133	302
507	133	132	313
502	131	137	305
500	127	137	314
499	134	132	302
487	129	160	310
496	134	151	301
487	142	159	291
492	132	147	297
0	0	0	0
0	0	0	0
0	0	0	0
0	0	0	0
0	0	0	0
0	0	0	0
0	0	0	0
0	0	0	0
0	0	0	0
0	0	0	0
0	0	0	0
0	0	0	0
0	0	0	0
0	0	0	0
0	0	0	0
0	0	0	0
0	0	0	0
0	0	0	0
0	0	0	0
0	0	0	0
0	0	0	0
0	0	0	0
339	120	111	313
0	0	0	0
0	0	0	0
0	0	0	0
0	0	0	0
299	126	112	305
291	125	111	308
284	124	107	310
274	122	110	310
267	128	108	303
254	135	116	294
248	126	112	305
239	137	116	293
229	125	121	309
221	125	126	307
212	124	129	308
207	129	130	304
202	117	122	318
197	127	118	304
182	125	132	305
180	126	119	304
163	123	132	309
137	121	151	312
138	120	139	307
128	123	142	308
0	0	0	0
107	138	164	293
97	132	173	298
83	128	185	303
59	123	214	311
58	105	208	327
62	114	202	321
56	103	208	333
43	117	228	318
44	124	226	310
31	139	248	293
22	140	263	292
35	127	238	304
22	144	258	286
17	148	241	281
44	130	199	301
51	146	193	285
57	142	192	289
45	161	200	271
66	147	173	285
64	152	189	276
63	150	198	282
67	155	190	273
74	153	180	277
84	150	170	278
91	153	164	276
95	161	161	269
95	156	162	272
101	143	158	287
106	161	154	268
109	169	151	259
113	165	150	264
115	174	152	255
119	169	145	261
123	182	142	246
133	177	130	252
131	184	138	248
137	187	132	242
143	192	125	237
152	183	117	246
157	169	114	260
158	187	118	243
166	182	112	246
172	179	108	253
176	188	109	241
182	186	107	245
187	189	107	243
192	192	109	238
198	197	109	233
203	194	105	235
208	195	102	235
213	193	100	237
214	200	102	229
221	199	98	228
224	209	98	223
227	201	97	227
228	210	102	218
229	214	113	214
232	209	109	221
236	214	105	216
236	212	109	217
240	213	104	212
242	213	105	217
242	214	105	216
243	214	107	216
247	211	100	217
250	217	99	211
255	216	93	214
257	213	93	217
258	216	95	211
262	221	93	206
263	219	93	209
266	227	92	199
271	229	89	198
275	225	88	203
277	230	89	196
282	226	84	204
284	225	83	204
286	223	84	206
288	227	83	201
289	223	84	207
291	223	82	205
293	225	80	207
295	225	78	204
296	230	76	199
296	227	76	202
300	228	72	200
300	232	69	198
301	234	66	195
298	231	69	200
297	235	70	194
298	236	67	194
297	231	64	200
295	242	65	187
298	232	57	194
296	230	58	202
296	234	56	197
300	231	50	199
296	230	53	200
292	230	60	201
292	229	58	202
290	231	62	200
293	230	56	195
295	227	52	204
292	226	58	205
288	234	62	196
287	229	63	202
285	232	66	199
283	234	68	197
283	230	68	200
280	227	72	203
279	227	73	202
277	226	74	205
272	224	81	206
277	224	72	205
271	231	80	197
269	225	81	204
266	226	86	203
265	230	88	199
266	225	85	204
268	220	82	208
262	221	88	209
269	219	78	210
266	221	81	208
265	216	80	214
260	218	90	211
268	217	78	212
260	216	87	214
256	216	96	213
253	214	98	216
253	214	97	217
250	217	99	211
249	212	96	215
248	210	90	219
246	209	87	218
244	209	86	219
244	210	80	205
239	210	88	210
238	214	85	201
234	206	88	224
231	208	86	220
230	207	85	221
230	208	83	211
235	208	72	219
238	203	66	225
233	205	72	222
229	204	78	223
231	208	75	220
234	204	70	223
236	206	68	220
236	204	65	222
239	206	57	220
0	0	0	0
0	0	0	0
0	0	0	0
0	0	0	0
0	0	0	0
0	0	0	0
0	0	0	0
0	0	0	0
0	0	0	0
0	0	0	0
0	0	0	0
0	0	0	0
0	0	0	0
0	0	0	0
0	0	0	0
0	0	0	0
337	208	49	212
335	205	57	214
336	208	59	219
337	209	62	218
340	208	63	221
340	207	70	225
344	206	72	225
351	208	67	222
351	211	75	220
358	204	74	230
356	207	87	225
367	203	76	230
367	205	83	225
370	201	83	228
373	199	87	232
380	196	81	236
388	196	77	236
391	199	84	234
396	194	83	241
401	200	88	235
405	200	90	235
414	197	87	235
418	191	89	245
424	197	92	236
432	197	90	234
438	194	90	235
442	196	92	233
445	203	96	219
451	199	90	222
455	197	93	227
456	201	105	213
462	185	105	240
465	187	103	234
467	188	108	238
470	190	108	239
474	184	109	244
480	181	106	249
485	186	106	246
489	187	106	246
487	193	120	240
492	185	117	249
492	180	124	252
492	184	136	248
495	188	144	246
491	174	152	259
498	185	147	248
500	176	144	257
500	182	146	249
507	179	137	254
511	169	133	264
513	157	130	277
523	164	119	269
525	157	120	281
539	155	104	278
536	159	106	273
542	149	101	285
554	144	88	290
553	146	90	312
559	139	88	313
560	146	86	289
566	149	80	283
562	153	86	282
566	149	83	285
582	145	63	289
579	138	65	296
578	137	67	303
573	128	71	306
571	127	74	307
572	133	80	301
563	135	81	298
572	127	78	307
569	124	75	308
567	129	74	292
567	130	77	295
569	126	75	307
571	131	74	303
0	0	0	0
0	0	0	0
0	0	0	0
0	0	0	0
0	0	0	0
564	130	77	279
0	0	0	0
0	0	0	0
0	0	0	0
0	0	0	0
0	0	0	0
0	0	0	0
0	0	0	0
0	0	0	0
0	0	0	0
0	0	0	0
0	0	0	0
0	0	0	0
0	0	0	0
0	0	0	0
0	0	0	0
0	0	0	0
0	0	0	0
0	0	0	0
0	0	0	0
0	0	0	0
0	0	0	0
0	0	0	0
0	0	0	0
0	0	0	0
0	0	0	0
0	0	0	0
372	147	72	260
368	154	79	240
355	164	104	237
353	161	105	234
342	165	126	242
338	171	126	254
334	170	119	263
329	167	116	267
321	172	118	256
317	178	114	254
309	177	116	256
301	171	114	265
291	170	117	264
280	173	116	258
264	177	130	255
267	178	117	253
266	176	107	254
258	181	107	249
253	182	106	250
243	192	119	240
234	202	129	230
218	184	146	246
209	189	157	243
200	200	172	231
183	196	192	233
175	195	188	234
160	206	201	217
169	206	193	217
162	195	160	228
182	186	129	242
182	188	119	240
186	200	106	226
184	200	103	227
177	208	110	218
182	196	97	231
173	201	106	227
172	195	103	235
172	201	99	230
170	201	98	228
168	208	99	220
164	204	104	225
162	205	103	225
161	204	101	225
159	208	104	222
156	208	106	222
152	212	110	218
147	201	114	227
143	205	118	226
142	217	116	211
137	216	119	215
132	216	129	213
132	211	128	220
131	210	123	221
134	213	114	216
128	219	125	210
126	219	131	208
129	219	120	211
130	215	118	214
131	221	116	207
134	224	109	205
140	221	90	210
140	226	93	204
142	226	96	204
143	229	95	200
147	229	88	200
149	233	88	199
155	232	78	199
158	232	78	197
161	231	76	197
165	231	72	200
167	230	70	200
171	233	67	196
172	234	75	194
174	233	78	196
177	237	74	190
177	236	78	190
182	234	66	195
184	238	62	188
186	235	65	194
184	239	72	189
190	243	64	174
193	242	62	177
196	238	59	193
199	245	55	184
200	239	55	186
200	240	56	188
200	235	59	195
202	240	61	189
