0.330545
0.042735
0.040983
0.040308
0.040320
0.040329
0.041857
0.040468
0.040709
0.040539
0.043145
0.041526
0.047715
0.039883
0.039767
0.039604
0.039614
0.039573
0.039782
0.039697
0.070158
0.042388
0.040405
0.040845
0.039656
0.042141
0.039799
0.039776
0.039731
0.042126
0.041848
0.042073
0.040029
0.045332
0.045575
0.042712
0.043519
0.040006
0.039307
0.039421
0.076223
0.040112
0.044936
0.042499
0.039434
0.039511
0.039067
0.039155
0.038991
0.038877
0.040058
0.039001
0.038465
0.038342
0.038410
0.038358
0.038505
0.038226
0.039645
0.039593
0.076187
0.039558
0.038563
0.038953
0.040629
0.041791
0.038021
0.038749
0.038524
0.038461
0.038654
0.041589
0.038641
0.038804
0.039068
0.039456
0.039647
0.039242
0.039295
0.039424
0.072746
0.038705
0.039721
0.038918
0.042863
0.043552
0.043746
0.038499
0.038478
0.038295
0.038413
0.038271
0.039859
0.040166
0.038742
0.038842
0.038450
0.038978
0.038773
0.038777
0.074314
0.038886
0.038596
