0.318817
0.041079
0.038873
0.039106
0.039404
0.040513
0.039196
0.039184
0.038460
0.038450
0.039300
0.038617
0.038411
0.038395
0.038445
0.038320
0.038507
0.039883
0.043238
0.039700
0.067013
0.038431
0.038202
0.040854
0.039093
0.038638
0.038689
0.039175
0.038983
0.038550
0.039147
0.039788
0.039022
0.040333
0.042000
0.039130
0.039065
0.038438
0.039810
0.038292
0.072202
0.038203
0.038842
0.039618
0.038693
0.039858
0.038277
0.018969
0.038951
0.038458
0.038479
0.038526
0.039137
0.040282
0.039484
0.039062
0.019535
0.020206
0.020120
0.020108
0.019821
0.020183
0.020106
0.020562
0.020434
0.020462
0.020380
0.020277
0.019634
0.020257
0.020537
0.020200
0.020230
0.039697
0.040690
0.038796
0.039423
0.043978
0.039274
0.038435
0.071671
0.039195
0.038053
0.038189
0.039056
0.038519
0.038403
0.038522
0.039888
0.038881
0.038883
0.039130
0.038941
0.038825
0.039154
0.044064
0.038003
0.037921
0.038003
0.037934
0.073658
0.039400
0.038480
0.038527
0.038009
0.037804
0.037955
0.037713
0.038523
0.037906
0.039189
0.038412
0.038031
0.038157
0.038165
0.039786
0.038169
0.038363
0.038415
0.038131
0.072444
0.039137
0.042895
0.041605
0.038280
0.038326
0.038477
