0.315460
0.042369
0.041211
0.041466
0.041224
0.041284
0.044690
0.043461
0.042995
0.038727
0.038643
0.038482
0.018916
0.019099
0.019766
0.019625
0.019165
0.019870
0.039394
0.038443
0.065475
0.038457
0.038758
0.038534
0.039208
0.039064
0.039274
0.043672
0.038718
0.039002
0.039154
0.041604
0.038822
0.038490
0.038938
0.038770
0.038954
0.038241
0.038318
0.039963
0.072144
0.039778
0.039374
0.038693
0.038609
0.039223
0.020978
0.020057
0.019885
0.019856
0.019806
0.039257
0.038404
0.039420
0.042902
0.044876
0.044062
0.038041
0.038361
0.038139
0.072206
0.038624
0.040097
0.041565
0.041205
0.041651
0.041502
0.039852
0.038615
0.039336
0.038419
0.039080
0.038499
0.038908
0.038568
0.020124
0.019935
0.019880
0.020382
0.019316
0.019140
0.039091
0.039912
0.040989
0.038597
0.039528
0.039729
0.038237
0.036783
0.038098
0.038332
0.038210
0.038558
0.038058
0.039242
0.038484
0.038393
0.038231
0.038558
