0.314702
0.044786
0.042114
0.043512
0.041957
0.040813
0.041385
0.039255
0.037661
0.037975
0.037723
0.037983
0.040454
0.043187
0.040740
0.040257
0.040147
0.038137
0.038595
0.039186
0.069439
0.039136
0.038688
0.038553
0.038410
0.040290
0.038455
0.038712
0.038350
0.038809
0.037863
0.038035
0.039307
0.038326
0.038249
0.038387
0.038407
0.039410
0.038551
0.039864
0.072363
0.038487
0.041427
0.038830
0.038694
0.038578
0.040353
0.038557
0.038336
0.038352
0.038288
0.038437
0.038655
0.038483
0.039410
0.038866
0.039649
0.039089
0.038888
0.039001
0.072948
0.039922
0.039336
0.043630
0.044419
0.038030
0.037971
0.038214
0.039197
0.038240
0.039191
0.038467
0.037939
0.038046
0.037946
0.038358
0.038076
0.038338
0.039274
0.038700
0.072592
0.040046
0.039349
0.040913
0.038865
0.042858
0.039255
0.038356
0.039688
0.038660
0.038438
0.038776
0.044286
0.043559
0.038232
0.039302
0.037870
0.037888
0.038303
0.038420
0.072344
0.038448
0.041147
0.043280
0.038210
0.038963
0.041385
0.042490
0.043477
0.044146
0.038444
0.038487
0.039222
0.038266
0.037929
0.038354
0.038401
0.039921
0.044144
0.041977
0.072141
0.037997
0.037930
0.038501
0.038863
0.038337
0.038143
0.038416
0.038880
0.038175
0.038307
0.040441
0.043329
0.043857
0.043222
0.043486
0.038293
0.039003
0.038491
0.038694
0.072186
0.038582
0.038875
0.038511
0.038677
0.038202
0.038238
0.038132
0.039083
0.038293
0.039740
0.037854
0.038295
0.037785
0.037815
0.037767
0.037844
0.037616
0.038969
0.038926
0.071625
0.037661
0.037724
0.037439
0.038052
