0.313596
0.046547
0.038694
0.038907
0.041998
0.044958
0.038364
0.043683
0.044354
0.038525
0.042840
0.044832
0.038354
0.044597
0.045116
0.045380
0.039844
0.040029
0.045026
0.046277
0.075002
0.043909
0.045133
0.044041
0.043163
0.044381
0.041427
0.042735
0.043090
0.019560
0.020376
0.020158
0.020156
0.020959
0.019594
0.020180
0.020108
0.019573
0.020645
0.020723
0.020387
0.020213
0.020194
0.020162
0.019589
0.020160
0.021229
0.020925
0.020816
0.021290
0.020946
0.020853
0.020718
0.019538
0.039926
0.039110
0.039381
0.039597
0.040282
0.042093
0.076602
0.042808
0.045144
0.042054
0.042658
0.042842
0.044977
0.042055
0.042285
0.041940
0.043483
0.040572
0.044549
0.043893
0.045386
0.041424
0.043464
0.044078
0.021048
0.021922
0.020714
0.020784
0.021151
0.019500
0.020733
0.021280
0.020577
0.020893
0.020740
0.022525
0.020331
0.021927
0.043059
0.043916
0.043395
0.043744
0.043372
0.044119
0.043535
0.045637
0.074856
0.042314
0.042442
0.043744
0.044652
0.046745
0.046240
0.040954
0.041196
0.042321
0.044393
0.041003
0.043020
0.021286
0.021365
0.022190
0.021454
0.022592
0.023721
0.043238
0.076805
0.041606
0.042937
0.044437
0.042428
0.042132
0.042203
0.042104
0.040602
0.041884
0.042319
0.039515
0.019545
0.020290
0.021437
0.021360
0.022282
0.040368
0.043215
0.045576
0.077612
0.042799
0.042489
0.047403
0.039746
0.040290
0.039976
0.045843
0.045857
0.044457
0.045767
0.045260
0.046314
0.040663
0.043190
0.045384
0.046473
0.042953
0.043733
0.039241
0.073076
0.043380
0.020654
0.022080
0.020457
0.020880
0.020821
0.023229
0.020770
0.020777
0.022842
0.021076
0.019890
0.020871
0.021723
0.020758
0.022406
0.020816
0.020792
0.042768
0.077373
0.040039
0.039390
0.039552
0.040128
0.040549
0.040622
0.041731
0.041519
0.044651
0.045569
