0.323483
0.041032
0.041849
0.041077
0.040904
0.043896
0.047009
0.040007
0.040050
0.040097
0.040719
0.042047
0.041582
0.039859
0.040155
0.040130
0.039919
0.040238
0.042047
0.040051
0.070219
0.046201
0.045348
0.046109
0.046119
0.045974
0.040693
0.041232
0.038770
0.039005
0.038860
0.039596
0.038621
0.038713
0.042558
0.042653
0.043801
0.038978
0.040177
0.038995
0.073686
0.039211
0.043977
0.038994
0.039222
0.038397
0.038198
0.040210
0.040122
0.039778
0.039737
0.039753
0.039958
0.039796
0.040821
0.044734
0.040337
0.040701
0.045413
0.045315
0.079080
0.040704
0.040764
0.040225
0.040225
0.040563
0.040229
0.040114
0.039319
0.039392
0.039685
0.040939
0.042480
0.039438
0.039186
0.039151
0.039190
0.039112
0.041103
0.040061
0.073449
0.039407
0.039686
0.039830
0.041222
0.037843
0.038033
0.037959
0.038874
0.041425
0.041152
0.041952
0.038400
0.038426
0.038852
0.038335
0.038006
0.039511
0.040543
0.039508
0.073454
0.039640
0.039588
0.039499
0.039968
0.040391
0.039539
0.039681
0.039679
0.039803
0.039985
0.039980
0.040626
0.042006
0.039881
0.040102
0.040724
0.039902
0.040519
0.040488
0.075729
0.045306
0.045886
0.044987
0.039680
0.039896
0.040430
0.040847
0.046090
0.040787
0.040730
0.040792
0.040855
0.040767
0.042017
0.040829
0.040669
0.040795
0.040632
0.040657
0.076050
0.041176
0.041822
0.041942
0.046091
0.047972
0.038357
0.039823
0.038545
0.038750
0.038860
0.039145
0.039330
0.039128
0.039254
0.044201
0.039308
0.042382
