1.419764
0.105493
0.094783
0.095437
0.095466
0.095013
0.095577
0.098401
0.095632
0.095479
0.095709
0.095039
0.095518
0.095748
0.100853
0.102497
0.095710
0.096033
0.099181
0.093811
0.204723
0.094445
0.093320
0.096573
0.094970
0.093936
0.095964
0.094454
0.094520
0.096792
0.094639
0.096142
0.098532
0.095198
0.095534
0.095054
0.096886
0.095854
0.096754
0.097492
0.225155
0.101012
0.095755
0.094611
0.094297
0.095640
0.094810
0.094859
0.096668
0.098076
0.094276
0.094229
0.095021
0.096283
0.093938
0.094605
0.096295
0.095823
0.095231
0.095509
0.224305
0.100614
0.097103
0.095193
0.095125
0.095533
0.098397
0.095241
0.094817
0.095479
0.095673
0.095236
0.095579
0.096466
0.095705
0.094715
0.097186
0.096597
0.094456
0.095817
0.225332
0.101952
0.097875
0.094969
0.095193
0.095328
0.096531
0.095022
0.094151
0.094050
0.097213
0.093899
0.094663
0.095477
0.095957
0.094262
0.094042
0.094690
0.094477
0.093103
0.225209
0.093538
0.093589
0.094105
0.095909
0.094297
0.093801
0.093975
0.094123
0.094724
0.094721
0.095028
0.094244
0.093402
0.093910
0.097437
0.094305
0.095486
0.095506
0.093715
0.222455
0.098058
0.094224
0.092937
0.093558
0.095693
0.093725
0.092991
0.095481
0.094013
0.093844
0.093838
0.095646
0.093777
0.094251
0.094216
0.093930
0.092964
0.094452
0.094604
0.222206
0.094643
0.092970
0.093986
0.100566
0.093824
0.093480
0.096451
0.095744
0.094460
0.094466
0.096342
0.095561
0.094808
0.096181
0.095203
0.095252
0.095268
0.096107
0.094108
0.225899
0.101152
0.094754
0.095179
0.096382
0.094468
0.094827
0.094341
0.096356
0.094368
0.094022
0.095562
0.093844
0.093868
0.093833
0.095547
0.093276
0.094097
0.093442
0.093615
0.221847
0.095037
0.094828
0.096271
0.094338
0.096732
0.095207
0.094765
0.095352
0.094746
0.094484
0.094628
0.096532
0.094934
0.094177
0.094252
0.096837
0.095106
0.094431
0.095046
0.222501
0.100620
0.102181
0.100614
0.098975
0.099221
0.097373
0.093108
0.093304
0.099506
0.097430
0.097177
0.097078
0.097265
0.100450
0.100878
0.105462
0.093429
0.102803
0.100520
0.222145
0.093818
0.096476
0.094302
0.093726
0.094953
0.096284
0.095138
0.095079
0.094013
0.095026
0.094160
0.095085
0.096075
0.095436
0.094944
0.096655
0.095681
0.093989
0.095529
0.224699
0.094201
0.093060
0.094885
0.093585
0.093534
0.092827
0.095646
0.094539
0.093546
0.096460
0.094280
0.093560
0.095701
0.095215
0.093717
0.093404
0.095116
0.094610
0.087921
0.223961
0.095633
0.094646
0.096741
0.097125
0.095608
0.095258
0.096781
0.095569
0.094600
0.097369
0.094243
0.094923
0.094686
0.096314
0.093688
0.094853
0.095573
0.093943
0.095596
0.224214
0.093844
0.093848
0.094548
0.094289
0.093748
0.096938
0.095674
0.093414
0.093363
0.093130
0.095256
0.093318
0.093549
0.094157
0.093645
0.093953
0.093547
0.096094
0.094584
