1.380165
0.101008
0.092577
0.092350
0.092351
0.091973
0.092678
0.091420
0.091353
0.092019
0.092094
0.091700
0.093372
0.091595
0.092582
0.093774
0.092710
0.091917
0.092046
0.091987
0.198827
0.097584
0.091792
0.092270
0.092033
0.092477
0.094253
0.092893
0.097708
0.097497
0.099282
0.094847
0.092164
0.092415
0.092401
0.092559
0.095459
0.100959
0.098939
0.092780
0.221702
0.101069
0.065011
0.066787
0.065525
0.065181
0.065263
0.065126
0.068651
0.069152
0.070151
0.068736
0.068618
0.095724
0.095295
0.096161
0.097687
0.093923
0.094709
0.102402
0.226472
0.099082
0.091679
0.094416
0.092143
0.094169
0.092980
0.091955
0.093595
0.099874
0.091256
0.093495
0.094595
0.092991
0.094836
0.097645
0.091684
0.064876
0.065449
0.066929
0.068093
0.065311
0.067611
0.065253
0.065379
0.065215
0.065874
0.065808
0.065042
0.065137
0.065600
0.068847
0.065166
0.065237
0.065145
0.066561
0.065478
0.065033
0.065462
0.065156
0.066994
0.064998
0.091570
0.092793
0.094527
0.092592
0.091917
0.091223
0.093031
0.092348
0.092968
0.099754
0.097948
0.091890
0.091328
0.097379
0.092285
0.092073
0.094005
0.092083
0.221209
0.094479
0.096557
0.093136
0.093907
0.094700
0.093392
0.095316
0.092320
0.094000
0.093398
0.092159
0.093553
0.094003
0.092032
0.094817
0.095472
0.094587
0.094995
0.097908
0.226661
0.092527
0.093392
0.093457
0.093156
0.091569
0.092433
0.093941
0.091687
0.091666
0.092826
0.092375
0.094584
0.092821
0.093648
0.091462
0.063504
0.065015
0.064149
0.063649
0.063756
0.064042
0.065464
0.064301
0.064113
0.064127
0.091999
0.094323
0.093873
0.092188
0.091517
0.095015
0.090901
0.091224
0.093946
0.093024
0.092343
0.093381
0.093215
0.092575
0.231964
0.097227
0.091896
0.095648
0.091821
0.095161
0.092345
0.091990
0.096001
0.092930
0.090954
0.093404
0.091679
0.091451
0.093180
0.091322
0.093505
0.093939
0.091667
0.094177
0.222338
0.093460
0.091775
0.094071
0.095855
0.092428
0.094131
0.092142
0.093930
0.093138
0.091760
0.091579
0.093175
0.092703
0.093946
0.093244
0.096386
0.098262
0.093103
0.092348
0.236776
0.098129
0.098396
0.095809
0.092155
0.095091
0.093847
0.092933
0.092123
0.092085
0.092099
0.096926
0.092923
0.092044
0.091702
0.092670
0.092438
0.092139
0.091900
0.092538
0.220917
0.091922
0.091362
0.092084
0.091602
0.092288
0.091281
0.091174
0.091947
0.094784
0.092701
0.093424
0.093622
0.092883
0.093552
0.092802
0.095171
0.096354
0.092051
0.092307
0.222013
0.093439
0.091921
0.092786
0.093003
0.094095
0.093367
0.096274
0.093964
0.094072
0.093158
0.092286
0.091853
0.092519
0.091965
0.092378
0.092571
0.091673
0.092643
0.096250
0.220750
0.092036
0.091726
0.092630
0.095151
0.092031
0.091905
0.092426
0.091906
0.091675
0.064564
0.064638
0.064528
0.064744
0.064574
0.064712
0.064670
0.064513
0.064609
0.064617
0.064964
0.064927
0.065527
0.064530
0.065098
0.064506
0.065511
0.067385
0.065095
0.064997
0.064800
0.065795
0.065337
0.064626
0.065236
0.064564
0.064720
0.064528
0.064747
0.064572
0.064510
0.064698
0.064577
0.065067
0.064986
0.065001
0.064617
0.065554
0.064740
0.064804
0.065388
0.064586
0.064611
0.066539
0.064787
0.064592
0.064640
0.065011
0.064780
0.065044
0.064923
0.065125
0.065325
0.064951
0.065067
0.065579
0.065216
0.069940
0.100691
0.097543
0.098846
0.099117
0.102494
0.095501
0.098371
0.098090
0.099306
0.104387
0.111834
0.099024
0.223361
0.093808
0.092649
0.094159
0.095656
0.094328
0.098974
0.099646
0.099447
0.099072
0.099383
0.099199
0.099484
0.098408
0.100491
0.099863
0.097697
0.097731
0.097692
0.099639
0.235194
0.093816
0.093461
0.092491
0.093664
0.094891
0.093721
0.093024
0.093122
0.093241
0.101295
0.101001
0.108230
0.103598
0.107802
0.101956
0.108560
0.099516
0.099322
0.092586
0.221996
0.092999
0.092366
0.064453
0.064868
0.092208
0.092049
0.094436
0.064436
0.071470
0.067384
0.072358
0.071242
0.068218
0.068072
0.067554
0.068757
0.105175
0.103042
0.113297
0.233891
0.114084
0.101985
0.100469
0.099754
0.099324
0.097974
0.104156
0.101166
0.105175
0.101065
0.100529
0.099085
0.102946
0.104326
0.097717
0.101271
0.099224
0.097552
0.099853
0.234922
0.102109
0.099900
0.098284
0.104005
0.103738
0.100640
0.095719
0.103003
0.102182
0.099970
0.120066
0.097755
0.101356
0.098647
0.094366
0.102586
0.095636
0.093476
0.098664
0.229400
0.091991
0.092018
0.092170
0.092283
0.098513
0.093782
0.093283
0.096917
0.096024
0.092160
0.096094
0.095088
0.092393
0.091850
0.092453
0.092543
0.094309
0.096365
0.093482
0.221398
0.098100
0.094488
0.092108
0.095442
0.092767
0.095401
0.092598
0.092940
0.092723
0.093743
0.095303
0.092079
0.103873
0.103805
0.098360
0.093877
0.092713
0.092160
0.092674
0.220785
0.092688
0.092146
0.093274
0.093726
0.093385
0.094786
0.092714
0.092343
0.091443
0.092195
0.092575
0.093415
0.066180
0.065925
0.066185
0.067861
0.068216
0.068202
0.067023
0.067086
0.094197
0.068553
0.068408
0.096299
0.094465
0.093319
0.093220
0.093247
0.092880
0.093409
0.094058
0.094874
0.095037
0.095140
0.094802
0.092682
0.093739
0.092875
0.091685
0.223090
0.093776
0.093625
0.092915
0.093660
0.093130
0.092341
0.091812
0.091656
0.091612
0.091575
0.092067
0.093550
0.092155
0.091517
0.091684
0.091811
0.092406
0.092038
0.093115
0.224228
0.094495
0.095176
0.093721
0.094111
0.094765
0.094834
0.095361
0.094576
0.094454
0.094262
0.094652
0.093323
0.091832
0.092086
0.092338
0.092619
0.093083
0.091854
0.092380
0.229504
0.096382
0.093801
0.092253
0.091823
0.094319
0.093827
0.092776
0.091644
0.094798
0.091360
0.091604
0.092273
0.093282
0.091546
0.092162
0.093086
0.092918
0.091573
0.091742
0.220166
0.095247
0.091745
0.093332
0.091430
0.091782
0.092808
0.092270
0.092615
0.093049
0.094548
0.092644
0.092326
0.095228
0.095871
0.096293
0.094024
0.094481
0.092096
0.093390
0.221451
0.093396
0.097382
0.096711
0.093652
0.092745
0.092098
0.093241
0.093610
0.092346
0.093905
0.092075
0.092977
0.091726
0.093771
0.094477
0.095944
0.095081
0.095254
0.100678
0.230333
0.094210
0.093154
0.095218
0.093872
0.093585
0.092886
0.095126
0.094678
0.091550
0.094395
0.092453
0.091790
0.094202
0.091987
0.092714
0.092901
0.096302
0.097347
0.093598
0.224876
0.095855
0.091793
0.094594
0.098513
0.103351
0.101186
0.100516
0.094477
0.092744
0.091429
0.092234
0.094027
0.097105
0.092399
0.092322
0.096085
0.100038
0.092869
0.100027
0.245349
0.094647
0.094815
0.093328
0.091887
0.093294
0.095132
0.092445
0.097018
0.097794
0.097153
0.099241
0.092219
0.095806
0.092272
0.092121
0.093262
0.094413
0.093347
0.095472
0.221693
0.092464
0.092732
0.094864
0.093992
0.093211
0.093845
0.092791
0.091888
0.091892
0.094348
0.092263
0.091820
0.092064
0.094010
0.093101
0.093247
0.093687
0.095653
0.093423
0.223409
0.093196
0.093190
0.093611
0.094469
0.093642
0.093181
0.094748
0.093408
0.093333
0.092637
0.094374
0.092597
0.091986
0.095412
0.093217
0.093871
0.092877
0.094303
0.092021
0.233892
0.092929
0.092141
0.092263
0.094120
0.092496
0.092317
0.092385
0.094690
0.092536
0.092213
0.092612
0.093491
0.091896
0.092425
0.093452
0.093807
0.093888
0.094078
0.094571
0.222426
0.097634
0.096522
0.096959
0.096243
0.103021
0.099684
0.100226
0.093139
0.094284
0.095384
0.092068
0.065028
0.065155
0.065094
0.064864
0.065051
0.064710
0.067560
0.065210
0.064791
0.066099
0.065432
0.068010
0.064912
0.064884
0.065217
0.065027
0.066908
0.064856
0.065125
0.065084
0.064942
0.067016
0.065235
0.065171
0.092643
0.092757
0.094009
0.100699
0.222159
0.094981
0.094071
0.097252
0.096238
0.094260
0.091996
0.091936
0.092531
0.092128
0.091620
0.092853
0.093185
0.093024
0.093790
0.094139
0.092930
0.092894
0.093266
0.093735
0.222020
0.098423
0.095335
0.092724
0.091948
0.094257
0.092169
0.092783
0.092558
0.093868
0.092323
0.092867
0.092052
0.094232
0.094195
0.093930
0.093289
0.094195
0.092604
0.092491
0.224593
0.095082
0.095594
0.094839
0.092723
0.091922
0.096799
0.096099
0.093110
0.095371
0.094642
0.091930
0.092820
0.092654
0.092120
0.093906
0.092099
0.095353
0.094050
0.096437
0.225485
0.096139
0.093697
0.094450
0.063872
0.064319
0.092314
0.093750
0.092413
0.094409
0.093521
0.095182
0.064963
0.065550
0.065975
0.065331
0.070806
0.065320
0.065099
0.064985
0.065394
0.067005
0.065165
0.065626
0.065311
0.065069
0.069787
0.064910
0.094108
0.095065
0.094038
0.092388
0.091723
0.092257
0.094718
0.093498
0.092412
0.093982
0.093732
0.093470
