133	215	63	257
132	219	61	235
128	229	68	215
130	236	65	207
132	232	62	210
133	247	61	189
133	255	60	177
131	262	63	166
132	257	62	175
133	259	61	171
131	258	64	173
131	262	65	168
130	261	66	169
129	256	67	176
131	257	64	177
131	254	64	177
132	262	63	168
133	260	62	171
130	252	65	182
131	246	64	191
132	252	62	182
130	248	66	189
132	251	63	182
132	251	62	181
133	246	61	190
133	246	60	191
133	253	61	179
132	245	61	190
133	245	61	190
129	248	67	187
132	246	63	191
133	256	61	177
130	261	66	169
131	257	64	175
131	257	65	175
130	252	66	182
129	255	66	180
129	259	68	175
130	253	65	183
132	249	63	189
128	245	70	195
130	248	65	186
0	0	0	0
0	0	0	0
0	0	0	0
0	0	0	0
0	0	0	0
0	0	0	0
0	0	0	0
0	0	0	0
0	0	0	0
0	0	0	0
0	0	0	0
136	239	61	194
128	249	66	188
148	244	44	188
142	251	49	185
136	261	57	170
133	253	61	179
132	257	63	175
132	253	62	181
132	252	63	183
130	252	65	184
131	251	63	185
131	250	64	186
129	250	65	187
131	248	64	190
128	245	67	195
130	244	66	193
131	248	63	187
132	249	61	187
128	253	74	180
128	248	85	191
128	255	70	181
130	259	66	175
129	263	66	174
127	263	73	175
0	0	0	0
0	0	0	0
0	0	0	0
0	0	0	0
0	0	0	0
0	0	0	0
0	0	0	0
0	0	0	0
0	0	0	0
0	0	0	0
0	0	0	0
0	0	0	0
0	0	0	0
0	0	0	0
0	0	0	0
0	0	0	0
0	0	0	0
0	0	0	0
0	0	0	0
0	0	0	0
0	0	0	0
0	0	0	0
0	0	0	0
0	0	0	0
0	0	0	0
128	267	65	164
128	264	64	169
128	265	65	168
128	267	66	162
130	269	60	162
132	275	58	150
133	279	57	145
131	286	62	140
132	277	61	147
131	287	63	138
128	275	69	149
129	266	68	163
128	257	71	174
128	257	72	176
126	261	76	169
128	258	74	170
127	260	73	171
126	261	80	168
126	270	84	156
127	263	84	161
126	269	75	159
126	263	82	167
128	262	77	166
133	255	59	177
129	256	66	175
131	254	61	179
131	257	62	172
131	259	64	171
132	254	62	178
132	250	62	182
130	255	65	176
130	260	65	171
132	252	62	180
132	245	62	192
132	242	61	197
134	240	59	198
132	229	62	213
132	237	62	210
131	234	63	211
133	230	61	213
131	238	61	209
132	238	61	206
133	245	60	195
132	251	61	184
131	248	64	187
129	256	66	176
129	241	65	192
130	239	66	199
134	246	61	187
139	254	54	178
141	258	51	173
147	254	47	174
156	249	35	174
161	248	31	177
0	0	0	0
0	0	0	0
0	0	0	0
0	0	0	0
0	0	0	0
0	0	0	0
0	0	0	0
0	0	0	0
0	0	0	0
0	0	0	0
126	260	49	176
126	256	62	182
128	259	70	178
133	258	50	181
136	264	48	170
136	265	53	166
128	257	66	176
131	253	65	181
129	251	68	183
129	250	71	184
131	256	65	176
132	252	62	184
132	255	62	180
133	257	61	175
132	255	63	179
133	256	61	177
130	253	66	183
132	249	63	184
132	260	63	171
132	256	63	178
133	251	61	183
133	249	61	187
130	252	65	182
131	248	63	188
131	251	64	182
132	260	63	171
131	260	64	171
130	266	66	165
131	257	64	174
131	254	64	177
132	252	62	181
130	256	66	174
132	253	63	180
132	250	62	184
132	254	62	178
130	248	65	186
132	245	62	191
135	240	57	198
131	247	65	191
132	255	62	178
129	250	66	185
131	249	63	187
132	252	61	181
132	258	62	171
132	259	63	172
131	251	62	186
130	259	65	173
131	255	65	178
133	247	61	188
130	249	66	185
130	257	67	175
129	250	67	185
131	248	63	189
131	247	64	190
132	245	61	193
131	252	63	181
131	249	64	186
132	249	62	185
131	253	65	180
132	260	62	168
130	258	66	174
131	260	64	171
130	253	65	182
131	251	64	182
131	253	64	180
131	250	64	185
130	255	65	175
133	257	62	173
131	254	64	179
135	249	58	187
132	246	63	188
131	249	64	184
130	251	66	181
130	252	65	182
130	247	64	189
132	257	62	176
133	257	62	174
133	254	61	178
131	249	64	186
132	255	62	178
131	257	64	174
131	255	64	178
134	256	59	176
130	258	65	173
132	250	62	186
133	251	60	182
131	253	64	179
132	252	62	180
131	257	65	174
131	257	65	174
131	250	64	183
131	251	64	182
130	253	66	180
128	255	68	179
131	250	65	185
132	258	62	173
132	253	62	180
130	251	65	183
131	255	65	179
132	257	62	176
131	249	64	187
135	257	57	177
131	255	63	177
131	251	65	184
131	257	64	175
131	252	63	184
131	247	64	191
131	250	63	186
132	250	62	187
129	252	65	185
131	254	63	180
132	259	60	174
131	256	62	179
133	257	59	177
131	261	62	173
131	258	62	176
129	260	76	171
131	264	65	168
130	274	70	156
131	266	64	163
130	274	65	155
129	274	65	152
126	267	70	153
128	264	59	163
0	0	0	0
0	0	0	0
0	0	0	0
0	0	0	0
0	0	0	0
0	0	0	0
0	0	0	0
0	0	0	0
0	0	0	0
0	0	0	0
0	0	0	0
0	0	0	0
0	0	0	0
0	0	0	0
0	0	0	0
0	0	0	0
0	0	0	0
0	0	0	0
0	0	0	0
0	0	0	0
0	0	0	0
0	0	0	0
0	0	0	0
0	0	0	0
0	0	0	0
0	0	0	0
0	0	0	0
0	0	0	0
0	0	0	0
0	0	0	0
0	0	0	0
0	0	0	0
0	0	0	0
0	0	0	0
0	0	0	0
0	0	0	0
0	0	0	0
0	0	0	0
0	0	0	0
0	0	0	0
0	0	0	0
0	0	0	0
0	0	0	0
0	0	0	0
0	0	0	0
0	0	0	0
0	0	0	0
0	0	0	0
0	0	0	0
0	0	0	0
0	0	0	0
0	0	0	0
0	0	0	0
0	0	0	0
0	0	0	0
0	0	0	0
0	0	0	0
0	0	0	0
128	260	62	169
127	246	81	186
126	252	85	176
123	251	94	178
120	253	85	184
130	245	59	196
133	247	56	190
133	244	58	192
132	258	61	174
128	266	68	164
127	269	71	161
129	259	69	173
130	255	69	178
128	256	71	177
129	253	67	179
131	257	64	177
131	254	65	181
131	252	64	181
132	246	62	191
132	242	62	196
132	240	61	200
132	238	62	202
132	244	63	192
132	251	62	182
132	245	62	189
131	249	63	184
130	248	65	188
130	257	65	176
130	248	64	190
131	254	63	180
129	257	67	177
131	247	64	189
129	250	67	185
129	250	66	184
131	256	64	178
133	255	61	177
132	255	62	176
129	257	67	174
131	251	65	183
130	256	65	176
133	255	61	178
133	251	62	184
128	257	69	175
131	253	64	182
132	256	61	176
133	257	61	177
129	253	67	183
128	245	66	192
132	251	61	184
128	245	72	187
127	251	72	182
127	240	70	192
131	257	58	178
129	256	58	175
128	260	52	175
0	0	0	0
0	0	0	0
126	258	42	180
124	260	41	179
125	266	34	180
0	0	0	0
0	0	0	0
0	0	0	0
0	0	0	0
0	0	0	0
0	0	0	0
0	0	0	0
0	0	0	0
0	0	0	0
142	253	49	167
131	261	63	161
139	259	57	163
150	255	43	173
149	260	44	168
145	259	47	174
144	255	48	180
140	262	54	169
139	260	54	172
136	259	58	174
135	258	60	174
134	259	60	175
134	253	59	183
134	248	59	188
131	244	64	192
131	243	64	193
132	255	63	178
133	253	60	182
132	257	62	173
131	257	64	175
133	257	61	175
131	255	65	179
132	253	62	181
131	250	64	182
132	249	63	183
134	252	60	181
131	250	63	183
133	258	61	172
133	262	61	166
133	255	62	177
132	258	62	173
133	253	61	182
133	251	61	184
132	257	62	176
132	255	63	179
131	255	63	177
131	260	63	170
131	260	65	172
131	253	64	179
129	252	67	184
132	250	62	184
133	252	60	182
130	254	66	179
131	249	64	186
131	257	64	174
131	258	64	173
130	258	65	173
132	253	62	182
129	244	65	194
131	251	64	184
131	255	63	178
134	252	59	182
132	251	62	182
132	251	63	181
131	253	65	179
131	250	63	182
127	257	71	175
128	259	69	174
130	251	65	184
131	252	64	181
131	258	64	175
131	258	64	174
131	254	63	181
130	262	65	169
132	257	61	176
130	251	65	185
131	248	63	188
133	243	61	193
132	254	63	180
132	253	62	181
131	252	63	182
127	249	70	187
131	248	64	188
129	252	67	183
131	248	63	186
132	245	62	190
132	255	62	176
131	253	63	182
133	248	61	188
132	258	61	175
134	259	59	176
133	259	62	176
135	258	59	176
138	253	56	181
142	250	52	181
146	238	47	192
141	244	53	189
143	256	49	175
143	254	49	175
150	256	42	176
151	255	43	183
155	254	39	172
141	257	51	187
128	260	66	172
127	258	81	177
118	263	102	174
0	0	0	0
0	0	0	0
0	0	0	0
0	0	0	0
0	0	0	0
0	0	0	0
0	0	0	0
0	0	0	0
90	248	126	193
0	0	0	0
0	0	0	0
101	250	128	188
116	248	104	194
121	244	92	195
127	240	80	197
129	239	69	203
135	252	46	187
137	256	48	181
137	256	52	179
132	259	61	172
130	262	67	169
130	263	69	168
129	255	66	178
134	259	60	172
130	256	65	175
129	257	66	175
130	256	66	176
130	254	66	180
131	251	64	182
135	257	58	175
133	259	61	170
134	256	60	176
134	246	59	188
132	255	63	176
131	258	63	173
133	260	60	171
131	264	64	166
132	259	63	172
131	261	64	170
132	255	63	179
133	258	60	173
130	268	65	162
131	257	65	176
132	251	63	184
133	249	61	186
133	255	62	177
133	252	61	181
134	260	60	169
132	254	62	178
130	252	65	182
129	260	67	172
131	260	64	169
132	260	63	170
132	257	63	175
129	258	67	174
130	260	66	173
129	256	67	176
129	256	66	178
131	254	65	181
130	255	65	177
130	256	65	178
132	259	63	173
130	254	65	180
132	247	62	189
131	259	64	173
132	268	62	160
133	263	60	167
130	259	65	172
129	260	67	172
131	250	65	184
132	255	61	178
131	255	64	179
130	255	66	178
131	259	64	172
133	259	61	172
131	251	63	183
131	252	64	183
131	251	64	185
130	257	65	176
131	253	63	181
129	258	66	174
130	258	66	174
129	254	67	181
132	243	63	194
129	248	66	185
130	245	64	191
130	252	66	180
130	264	64	166
130	264	65	165
130	265	65	164
132	262	62	170
131	267	64	161
131	274	64	153
129	274	66	154
132	259	62	172
129	257	66	176
131	251	63	186
132	252	62	182
133	254	61	178
131	255	63	177
133	258	61	174
129	255	67	178
131	254	64	179
132	252	63	184
130	251	65	184
132	243	63	195
131	248	64	187
132	255	64	178
134	253	59	180
134	249	59	184
130	250	65	184
130	254	66	179
129	248	67	187
131	251	65	182
129	254	67	178
131	257	65	175
133	255	62	177
131	255	64	178
131	258	64	174
134	255	60	178
134	252	59	181
132	252	62	182
132	253	62	180
132	254	63	178
132	248	62	189
130	255	65	178
132	252	63	180
130	261	65	170
130	258	66	173
133	256	62	177
132	255	63	178
130	259	64	171
133	259	61	172
129	259	67	173
131	262	65	168
132	262	62	169
130	258	65	174
134	252	59	181
133	258	62	172
132	253	63	180
132	245	62	190
132	240	62	200
130	236	65	203
130	238	65	202
132	239	62	199
130	241	65	196
129	247	67	187
131	248	63	187
132	253	63	179
132	251	64	184
131	256	65	176
129	255	68	179
128	254	69	178
132	254	62	178
131	253	63	179
132	257	62	174
132	254	61	181
128	255	68	179
129	255	67	179
131	253	63	179
129	258	67	173
132	255	64	178
133	257	61	174
132	260	63	170
132	251	63	182
130	254	66	179
130	261	65	171
130	258	65	176
132	254	62	179
132	247	62	189
133	247	60	187
132	252	63	180
132	258	63	174
132	258	62	175
131	257	65	176
131	258	65	174
134	250	60	186
132	245	62	190
132	253	62	179
130	249	66	186
130	252	65	184
127	252	70	183
131	256	64	176
131	251	63	184
133	248	61	187
130	254	65	179
132	247	62	187
132	247	61	189
130	255	65	177
132	249	63	185
131	252	64	181
130	258	64	174
133	258	61	174
133	259	61	172
132	261	62	170
133	267	60	162
130	260	66	172
132	256	62	176
133	259	60	172
133	263	61	168
132	257	62	175
132	255	63	176
131	256	64	176
132	258	64	173
131	254	64	179
131	250	64	185
131	256	64	178
132	252	62	183
131	250	64	183
131	257	63	174
134	251	59	182
131	251	63	182
131	251	64	181
128	248	69	188
131	258	63	175
129	251	66	184
131	255	65	177
129	259	67	171
129	264	67	167
129	261	67	170
132	255	63	176
132	251	63	184
130	260	66	171
130	253	66	180
132	260	63	170
131	258	64	175
133	256	61	178
131	258	65	174
132	259	63	173
133	258	61	175
132	251	62	184
133	254	60	178
132	251	63	182
131	250	63	184
133	257	62	174
132	255	63	176
128	261	69	169
131	257	64	174
130	258	66	173
130	263	65	166
132	254	61	180
132	256	62	176
132	259	63	172
132	255	62	177
132	254	62	180
130	255	66	178
131	259	64	173
130	249	66	186
131	256	64	179
131	256	63	178
133	256	62	178
130	254	66	182
131	256	62	177
131	258	64	178
129	264	77	162
134	270	62	161
128	267	66	163
128	265	63	165
126	263	62	169
0	0	0	0
0	0	0	0
0	0	0	0
0	0	0	0
0	0	0	0
0	0	0	0
0	0	0	0
0	0	0	0
0	0	0	0
0	0	0	0
0	0	0	0
0	0	0	0
0	0	0	0
0	0	0	0
0	0	0	0
0	0	0	0
0	0	0	0
0	0	0	0
0	0	0	0
0	0	0	0
0	0	0	0
0	0	0	0
0	0	0	0
0	0	0	0
131	259	62	173
125	246	70	190
112	263	82	171
121	255	73	177
121	254	75	178
118	247	78	192
118	248	80	180
135	249	58	174
120	268	73	162
128	272	72	154
125	267	69	161
143	259	52	166
138	251	55	176
137	246	57	184
150	248	42	176
152	256	40	172
154	250	37	176
152	253	39	178
151	249	41	180
148	256	43	177
143	254	50	176
142	250	52	181
137	242	56	194
135	253	59	182
134	256	60	177
131	254	63	181
133	248	61	188
135	242	57	195
132	250	63	185
130	256	65	176
131	254	65	181
131	253	64	180
130	257	64	176
130	258	65	175
130	259	66	174
131	253	64	181
131	253	64	182
129	251	67	184
132	244	62	194
132	251	62	182
130	257	65	174
132	257	63	177
130	252	66	183
128	252	67	182
132	252	62	181
132	255	63	178
132	254	62	180
129	249	66	187
130	252	65	182
131	250	63	187
134	251	58	186
132	249	61	187
131	251	64	184
133	261	60	170
133	258	62	177
133	253	62	181
137	257	56	177
138	253	55	178
142	246	51	187
139	247	55	182
140	249	54	181
151	239	41	186
153	243	37	189
154	252	36	181
155	246	38	187
156	242	36	196
156	247	36	186
156	255	37	176
0	0	0	0
0	0	0	0
138	257	53	180
126	258	69	173
112	254	86	180
130	239	62	191
123	252	72	191
130	252	62	176
0	0	0	0
0	0	0	0
0	0	0	0
0	0	0	0
0	0	0	0
0	0	0	0
0	0	0	0
0	0	0	0
0	0	0	0
0	0	0	0
0	0	0	0
0	0	0	0
0	0	0	0
0	0	0	0
0	0	0	0
0	0	0	0
126	243	58	187
127	238	54	192
125	257	62	175
128	260	60	173
128	263	65	169
128	265	68	164
130	270	64	159
131	269	60	161
132	273	61	159
132	263	65	168
132	262	65	170
132	262	64	172
