0.320234
0.039741
0.039224
0.039782
0.039301
0.039714
0.039521
0.039385
0.039430
0.039562
0.040959
0.039288
0.039632
0.039499
0.039753
0.039517
0.039663
0.040895
0.039321
0.039439
0.068274
0.038962
0.039255
0.039761
0.039321
0.039850
0.039979
0.039862
0.040295
0.040178
0.049564
0.044246
0.043654
0.045545
0.048241
0.048417
0.040213
0.039941
0.039783
0.039585
0.072762
0.040933
0.044324
0.047142
0.047057
0.042924
0.042435
0.042788
0.040224
0.039718
0.039678
0.040189
0.040154
0.040102
0.044791
0.040760
0.043696
0.043977
0.043918
0.040216
0.077135
0.040663
0.044333
0.044809
0.044602
0.040499
0.040467
0.040351
0.040534
0.040344
0.040263
0.039262
0.039652
0.051330
0.040963
0.040628
0.039764
0.040297
0.040419
0.040040
0.071861
0.038657
0.038104
0.037921
0.037867
0.038046
0.038129
0.038827
0.038479
0.041230
0.044263
0.041800
0.038745
0.038932
0.043245
0.038002
0.037740
0.038009
0.038379
0.038040
0.072064
0.037988
0.038194
0.037865
0.037748
0.039210
0.038185
0.037888
0.037727
0.037756
0.037696
0.038067
0.038184
0.038245
0.038291
0.041214
0.043047
0.042285
0.041918
0.042729
0.073129
0.039089
0.038733
0.039734
0.039799
0.039568
0.039883
0.042901
0.042820
0.043179
0.043454
0.043857
0.043369
0.037647
0.040358
0.040131
0.040400
0.039775
0.040836
0.039611
0.073138
0.039410
0.039311
0.040323
0.039373
0.039474
0.039563
0.039713
0.039346
0.039408
0.039564
0.039692
0.040478
0.044194
0.046408
0.045067
0.045311
0.039518
0.039670
0.037903
0.071506
0.037841
0.038360
0.038424
0.038474
0.039196
0.039006
0.043302
0.041511
0.042874
0.041303
0.042253
0.042630
0.061640
0.038522
0.040337
0.058892
0.041029
0.041178
0.038710
0.073009
0.057544
0.038411
0.038122
0.038562
0.043795
0.042760
0.043596
0.041624
