0.314843
0.045423
0.047034
0.047198
0.042898
0.042849
0.040444
0.040370
0.040508
0.040513
0.045949
0.041210
0.041047
0.041053
0.040764
0.040606
0.040480
0.040909
0.040744
0.040257
0.070189
0.040471
0.040342
0.041016
0.040431
0.039489
0.039558
0.039661
0.039564
0.039689
0.040019
0.040381
0.040376
0.040060
0.043936
0.040154
0.039896
0.039916
0.042371
0.044799
0.078933
0.039731
0.042602
0.042013
0.042125
0.038404
0.038316
0.019013
0.019071
0.038687
0.019013
0.019257
0.039076
0.039225
0.039114
0.040401
0.044324
0.046065
0.044176
0.044348
0.076553
0.039333
0.038953
0.038672
0.038928
0.038642
0.038519
0.039218
0.039155
0.039080
0.057243
0.039123
0.039091
0.038469
0.019234
0.019452
0.019487
0.019432
0.019526
0.019464
0.019459
0.019702
0.039653
0.042403
0.038760
0.039201
0.039213
0.040484
0.039215
0.039850
0.038813
0.038356
0.038179
0.038236
0.039448
0.039760
0.039315
0.039180
0.039231
0.039512
0.073291
0.039017
0.039253
0.039295
0.039075
0.040391
0.042043
