224	207	72	264
222	206	75	268
222	211	76	255
224	206	72	261
225	204	71	271
226	199	72	274
225	195	75	281
224	196	77	275
223	195	78	281
223	195	78	281
225	203	71	268
226	196	71	278
225	204	72	265
225	208	71	260
227	203	66	270
225	212	70	258
225	210	70	262
225	210	71	258
225	204	73	269
223	214	75	249
226	208	69	257
227	209	65	257
224	213	71	256
224	213	73	257
223	216	75	251
222	215	76	258
224	221	72	251
220	217	77	259
221	215	69	265
225	198	63	280
226	206	54	275
226	210	50	272
224	203	51	277
228	190	53	291
223	200	57	287
0	0	0	0
0	0	0	0
0	0	0	0
227	193	68	286
220	173	73	306
215	190	73	288
236	182	67	298
221	178	70	311
227	189	56	293
225	195	55	287
220	191	61	289
223	187	57	292
222	202	55	276
224	203	51	274
225	199	50	278
223	212	73	267
213	206	80	272
225	211	84	273
220	211	87	277
225	213	74	275
210	213	94	271
197	203	108	282
0	0	0	0
0	0	0	0
0	0	0	0
0	0	0	0
0	0	0	0
0	0	0	0
212	222	99	261
206	213	108	272
195	193	114	291
202	219	142	261
195	216	156	265
199	215	127	265
194	215	127	265
183	211	140	271
175	220	151	254
179	219	140	259
178	213	175	266
169	218	186	260
164	225	186	249
161	219	196	261
160	228	193	243
158	218	196	264
157	217	200	263
160	221	194	255
158	228	197	241
153	221	204	252
150	221	210	254
148	216	208	257
136	220	222	248
122	223	237	241
157	212	212	256
153	230	205	235
130	219	230	258
138	218	220	252
135	218	224	250
140	218	217	257
151	217	205	259
157	219	200	254
148	213	211	266
149	221	211	251
154	225	203	249
150	219	207	260
158	218	199	260
155	229	202	245
162	223	191	253
156	224	203	255
156	228	204	244
162	230	185	242
170	221	179	257
166	209	188	271
162	217	195	262
166	215	188	264
166	217	190	260
173	218	175	254
171	213	184	268
177	212	172	269
176	218	169	260
185	221	159	257
185	216	154	265
178	218	180	260
172	215	169	264
174	205	156	275
184	213	150	268
192	217	137	263
189	216	148	262
188	201	162	280
186	188	170	294
183	194	177	288
188	211	183	262
165	214	186	262
174	219	175	257
177	214	174	261
193	211	156	267
187	213	167	266
185	205	171	271
200	211	155	271
213	212	131	272
212	207	125	276
215	210	112	274
218	216	92	271
0	0	0	0
0	0	0	0
0	0	0	0
0	0	0	0
0	0	0	0
0	0	0	0
0	0	0	0
225	220	72	267
230	211	64	288
223	203	78	291
220	205	85	290
223	202	81	286
222	203	87	284
216	211	89	276
234	222	77	262
225	202	85	280
210	202	106	277
220	211	112	267
223	222	91	260
219	204	96	276
217	201	96	281
224	198	99	285
211	198	108	281
220	203	109	279
222	205	110	275
224	201	123	280
211	191	128	296
214	195	135	287
232	208	118	275
216	204	132	284
190	191	157	295
159	172	197	312
164	166	186	322
155	156	197	331
160	180	189	312
171	153	151	333
182	167	173	322
0	0	0	0
0	0	0	0
0	0	0	0
0	0	0	0
0	0	0	0
0	0	0	0
0	0	0	0
0	0	0	0
0	0	0	0
188	166	180	319
220	175	144	311
196	179	174	305
218	180	149	306
194	179	178	308
214	169	164	321
210	168	151	318
168	165	195	317
157	162	216	321
155	148	224	334
173	158	201	327
153	139	231	344
151	139	234	355
158	144	228	345
120	122	270	369
101	133	306	346
111	122	302	363
111	144	313	336
81	121	341	360
88	133	342	346
81	132	376	358
48	135	419	347
32	131	448	352
33	128	460	357
19	133	473	352
15	131	486	353
2	128	503	356
7	127	498	355
11	132	493	350
6	113	504	369
6	140	505	341
6	141	502	336
2	129	507	353
10	109	496	375
22	141	481	338
13	123	522	359
32	110	470	371
17	115	490	369
-10	103	539	381
6	85	556	398
16	106	533	376
2	109	561	377
10	103	548	383
11	80	550	411
12	121	559	364
-16	128	574	361
0	111	572	376
14	82	550	406
18	122	552	364
-15	121	587	369
0	125	571	354
1	129	570	354
0	133	573	353
0	114	574	370
10	126	556	356
5	108	569	378
10	99	561	384
-4	77	579	412
-6	110	582	376
12	104	516	379
0	118	529	363
-10	158	566	320
10	122	532	356
17	99	488	383
22	103	432	384
35	130	474	350
33	98	426	386
14	103	473	381
29	107	425	377
41	112	410	372
31	89	429	401
56	105	351	376
105	93	277	394
96	121	276	361
128	107	258	385
119	112	242	376
110	122	243	359
170	164	184	325
175	154	177	336
167	143	181	344
190	183	149	303
197	202	145	283
221	219	117	265
219	218	102	265
223	232	72	251
223	234	64	257
223	212	59	280
0	0	0	0
222	181	74	299
215	203	74	288
211	206	93	276
208	211	91	272
209	206	114	277
199	215	121	267
197	208	109	276
197	210	104	275
206	205	109	279
192	213	120	269
187	218	132	260
179	215	140	266
171	218	171	264
167	214	188	266
164	218	190	258
164	219	183	259
159	222	196	255
158	219	197	262
163	216	171	260
162	226	192	245
156	219	199	257
150	218	209	254
147	212	210	267
143	214	214	263
128	217	232	260
140	217	215	256
122	222	234	246
132	227	241	235
114	218	247	242
135	208	226	259
114	211	247	261
110	215	281	254
108	226	254	237
116	222	248	243
110	239	277	221
105	224	258	246
117	221	286	248
114	214	269	254
103	204	261	268
126	230	238	233
120	226	238	243
149	229	217	235
145	231	206	234
168	251	182	209
164	233	191	230
166	255	186	206
162	242	195	222
156	246	204	214
159	230	199	238
159	236	194	229
148	235	206	231
163	243	191	218
164	255	189	206
165	246	188	214
160	238	198	229
162	250	193	211
164	223	191	242
151	221	205	250
156	241	197	223
144	249	211	213
139	230	221	231
130	224	225	243
114	217	243	253
149	230	226	234
126	238	238	224
112	220	241	250
139	225	230	241
131	224	225	243
129	224	228	246
112	216	249	260
120	223	241	248
125	215	231	257
134	215	222	259
137	216	219	262
149	214	211	264
152	217	204	260
150	213	208	269
157	223	199	253
157	218	198	265
160	221	198	256
163	221	189	256
163	219	194	254
162	214	197	268
165	214	187	266
168	218	182	260
165	216	192	263
167	217	180	262
176	215	178	262
175	216	178	257
180	217	172	255
174	220	179	254
183	216	170	263
188	216	163	266
204	219	137	262
210	217	128	264
215	212	113	273
209	210	100	277
216	215	104	273
220	203	77	287
222	210	85	275
221	217	100	264
218	199	96	284
219	199	95	287
211	209	104	271
221	206	98	266
220	203	93	275
224	195	90	284
220	204	72	276
225	204	61	273
224	205	57	264
225	202	56	271
226	193	53	282
225	200	53	271
225	207	56	251
226	220	49	254
227	220	45	239
226	229	45	241
225	218	45	256
223	211	51	257
228	214	59	269
220	211	73	270
218	212	84	283
213	184	94	307
0	0	0	0
0	0	0	0
0	0	0	0
0	0	0	0
192	164	111	322
202	189	107	294
181	197	123	287
192	190	122	292
183	164	135	323
176	181	142	301
156	167	161	315
162	186	174	299
143	174	187	303
125	181	219	299
125	165	225	318
114	120	251	365
111	135	246	350
111	148	239	336
131	193	223	280
111	182	236	290
97	163	267	316
126	162	224	313
148	199	209	267
139	187	220	283
153	185	206	287
150	202	207	260
150	233	208	229
142	233	216	230
155	229	201	236
156	221	198	241
150	227	207	235
151	233	205	229
157	233	200	230
161	232	195	231
162	234	192	226
161	239	194	221
163	235	190	226
168	238	181	222
168	235	182	226
166	242	185	217
163	252	191	206
163	242	190	218
166	244	187	216
168	235	184	227
158	244	198	215
160	233	195	228
163	236	191	224
163	244	190	216
158	251	197	210
163	219	187	246
164	239	185	220
166	239	183	221
159	242	196	220
162	234	191	229
159	225	197	241
166	229	185	236
163	244	191	216
165	242	188	218
159	257	195	202
164	239	188	219
173	236	169	223
163	249	188	209
161	228	193	233
160	221	197	241
160	211	197	262
164	225	188	239
163	239	189	221
161	230	193	231
162	233	191	228
166	241	188	219
162	224	194	242
158	226	200	238
163	234	190	227
161	236	194	225
161	238	193	223
164	238	188	223
162	245	190	216
164	243	187	218
162	229	191	235
159	225	196	237
164	236	186	223
162	243	190	216
160	238	196	223
162	227	190	236
160	233	195	227
162	233	188	226
164	235	186	224
164	240	188	219
163	251	190	207
162	246	191	215
162	236	193	226
164	244	188	217
168	234	185	230
160	230	196	236
160	232	196	229
165	229	189	233
165	246	187	213
165	244	187	217
166	240	186	221
166	254	185	205
164	228	191	233
166	227	187	236
167	240	186	219
157	241	199	223
147	245	207	213
147	248	208	211
169	233	183	227
164	232	191	230
172	237	180	227
180	241	172	221
170	251	183	208
145	250	213	211
143	247	215	211
147	247	210	211
150	256	206	201
153	249	204	213
157	234	199	228
157	237	198	229
161	255	193	206
159	246	200	213
164	245	191	220
170	247	185	217
179	264	165	192
180	250	169	210
188	265	155	192
192	253	158	205
178	227	162	235
191	226	146	244
209	251	105	207
216	232	88	222
218	246	81	210
219	229	80	228
220	244	76	216
219	233	83	223
226	234	70	228
226	231	72	244
232	215	64	253
234	216	63	267
233	203	66	280
233	212	70	270
231	192	71	289
218	184	88	298
205	185	103	301
213	168	89	314
219	181	82	301
220	174	85	314
227	168	79	321
231	181	75	306
225	197	58	289
228	200	53	277
227	196	65	281
229	198	60	278
228	185	65	292
224	202	68	274
226	205	61	258
224	211	63	261
225	209	61	255
224	206	65	256
226	206	58	253
224	203	59	265
226	207	61	251
224	210	64	255
225	202	58	267
224	209	63	259
222	209	69	261
221	210	71	263
225	200	60	274
224	192	67	282
227	195	57	275
225	198	60	274
227	199	52	267
223	197	66	273
222	194	72	280
223	191	69	285
224	186	66	291
224	192	65	282
223	203	63	273
221	214	67	259
223	201	62	277
225	197	56	282
223	199	60	277
226	205	52	273
224	207	55	272
226	215	49	264
222	222	52	256
225	209	50	248
223	231	48	247
225	215	44	243
222	237	48	241
222	221	46	244
221	220	54	238
221	235	70	235
223	224	86	236
212	225	107	255
210	228	106	252
215	201	121	280
213	206	113	275
223	208	105	271
215	215	92	267
219	210	95	267
219	203	90	275
215	208	101	272
219	205	87	278
216	214	94	265
216	213	94	266
211	219	105	260
211	213	105	267
217	200	90	282
216	206	90	278
218	196	88	286
215	203	92	282
219	204	87	279
219	198	87	285
219	193	88	290
219	193	88	289
218	202	95	281
218	213	102	267
219	212	97	268
220	210	91	268
222	210	90	267
223	206	84	272
225	206	85	273
225	212	93	265
224	212	114	269
215	210	124	269
221	211	137	271
228	209	110	271
235	214	104	265
218	205	122	275
227	209	127	274
217	211	136	269
219	210	132	270
200	199	158	284
217	214	151	267
192	209	176	271
157	197	223	283
161	194	220	287
167	192	212	288
167	178	217	305
153	156	244	325
111	134	272	348
88	135	320	344
102	121	306	359
101	121	306	358
119	129	286	345
117	136	293	344
94	136	322	342
110	120	301	357
92	124	317	357
65	122	359	359
37	107	423	374
33	103	421	381
32	102	442	381
29	109	439	374
19	106	485	375
11	109	486	375
18	117	466	359
22	103	460	379
27	109	450	374
16	112	468	369
39	112	422	366
40	109	410	372
39	112	393	370
53	130	436	352
22	115	466	369
14	102	481	382
5	106	486	373
28	108	451	372
26	106	447	379
39	109	447	372
39	112	419	372
41	111	421	372
40	109	435	375
27	97	437	385
36	101	436	386
30	93	454	391
17	108	484	374
27	106	445	373
31	101	438	384
19	103	482	380
23	104	466	374
13	136	500	347
18	110	495	372
14	110	519	370
5	93	580	389
5	89	617	397
-5	52	585	437
-4	59	608	428
12	64	598	426
-15	38	594	450
16	35	560	453
12	72	565	415
-6	51	656	441
4	27	595	463
-6	49	615	435
0	12	647	487
-4	63	577	422
16	59	555	424
-9	31	665	466
6	13	639	482
-4	85	611	396
6	33	628	461
-15	36	590	457
-10	28	663	470
6	17	604	475
1	46	640	445
-14	-7	602	504
-2	14	616	478
0	3	632	486
0	-7	644	502
12	8	600	478
15	48	624	439
-9	8	597	489
12	-1	564	496
13	66	553	419
14	62	555	428
-5	15	634	485
18	12	600	478
0	37	550	450
11	8	557	489
10	17	583	477
1	5	569	482
1	34	561	457
10	23	551	460
-3	71	594	414
9	73	549	411
2	63	588	425
8	26	554	461
8	16	551	472
-1	45	559	442
29	14	535	472
20	38	533	447
4	43	559	447
4	25	552	460
10	25	555	467
-3	20	559	471
9	0	554	500
10	7	547	481
18	-1	524	492
14	6	522	488
10	15	540	479
13	0	508	491
11	33	519	452
7	22	498	469
12	71	519	418
6	39	495	454
8	84	515	399
-1	93	511	393
24	96	488	387
3	96	521	392
0	99	508	386
16	54	493	442
14	101	496	387
7	125	498	361
6	133	499	351
-7	118	514	371
-5	149	513	336
-11	124	515	361
-11	129	529	355
-13	99	527	390
14	111	498	373
13	114	493	369
17	135	487	347
18	116	504	365
79	104	520	381
72	66	518	427
33	20	582	471
-8	47	662	447
23	-4	593	498
0	19	629	482
7	2	614	491
10	13	609	482
33	37	616	451
21	64	533	420
1	37	564	458
-7	85	557	405
37	78	553	416
3	69	588	423
1	110	552	383
-8	91	542	408
20	114	548	374
-16	116	563	372
0	172	486	313
64	132	447	356
80	133	452	353
80	134	421	353
88	160	409	324
50	134	441	352
31	164	474	322
41	175	453	306
37	178	452	301
53	168	433	313
71	151	415	334
105	158	365	327
41	157	430	328
24	162	474	321
42	115	451	372
39	129	432	356
50	113	416	375
33	124	450	366
59	116	429	370
87	131	406	356
51	121	385	368
45	116	407	369
60	137	377	346
64	123	379	359
35	107	416	378
47	141	390	338
47	118	386	365
49	140	371	342
99	156	346	322
87	135	359	349
70	124	350	357
62	117	361	367
48	116	370	370
75	129	399	356
81	141	363	342
53	144	373	340
62	106	354	379
58	103	357	383
33	93	387	395
50	104	391	385
56	97	362	389
62	97	347	388
86	111	303	370
75	114	323	373
83	101	310	386
96	107	287	378
97	100	286	387
97	93	280	391
86	106	301	381
90	96	292	389
93	109	283	373
99	88	272	397
83	94	299	393
96	101	270	382
95	111	274	375
93	116	277	364
101	87	262	395
98	75	268	412
95	89	269	393
94	91	269	393
99	105	260	377
96	106	266	374
98	111	258	368
94	112	269	366
102	116	256	362
90	101	282	383
92	109	275	371
97	117	264	364
97	113	262	370
103	83	255	401
102	88	256	399
90	106	283	380
94	112	274	371
94	107	273	376
101	112	261	370
110	108	245	372
106	102	254	385
106	111	255	371
96	103	273	380
101	99	269	387
74	116	321	367
46	111	364	373
46	108	357	371
45	121	357	359
59	106	331	374
56	106	334	378
62	106	327	378
72	101	312	388
72	114	321	371
78	115	314	371
81	113	309	377
95	129	288	355
100	137	280	349
102	130	279	355
90	109	300	381
84	118	312	368
93	123	301	363
105	112	273	378
98	104	291	385
102	121	290	366
97	104	303	386
91	118	317	369
105	114	297	374
101	108	306	382
111	118	296	367
115	114	282	372
120	133	280	354
117	129	284	358
122	128	275	358
119	121	271	366
124	129	253	358
121	132	263	356
147	154	226	337
156	176	210	310
155	173	215	312
163	175	183	312
165	183	193	303
165	162	198	321
172	170	185	318
0	0	0	0
0	0	0	0
0	0	0	0
106	125	229	353
98	99	264	384
