246	235	51	128
255	236	43	133
255	235	46	133
259	233	43	135
262	236	42	135
267	235	38	134
269	238	39	129
276	238	36	130
264	238	54	128
237	238	71	125
247	243	82	121
227	245	100	118
0	0	0	0
0	0	0	0
0	0	0	0
241	243	86	124
245	244	83	109
263	243	69	124
269	241	52	135
273	241	41	144
271	242	39	149
264	241	46	150
262	241	52	150
260	240	48	151
256	240	45	150
251	240	45	152
249	241	44	152
243	242	44	156
242	239	46	155
244	242	51	151
240	240	58	156
238	240	68	158
240	242	64	159
239	241	63	158
238	243	64	161
247	237	60	160
251	244	52	161
258	243	45	166
257	240	44	171
259	243	50	172
257	248	48	173
253	247	57	173
250	247	57	175
244	249	60	171
247	247	60	165
253	249	88	192
252	251	79	224
246	248	75	225
239	248	75	226
228	240	87	235
206	250	106	215
240	251	92	193
242	254	85	197
254	257	74	192
254	257	67	191
257	253	63	196
254	252	64	196
256	254	57	201
258	251	57	203
256	253	60	209
251	257	68	205
244	254	79	205
236	265	83	202
230	264	76	202
223	271	79	197
224	273	73	192
220	274	67	192
218	278	65	194
222	278	61	196
211	282	64	193
208	283	64	191
191	283	76	192
180	284	90	192
169	281	97	190
169	280	94	192
186	276	73	192
189	270	58	197
178	264	69	207
179	264	65	210
177	268	65	207
173	267	73	207
169	263	87	209
177	267	81	206
179	270	81	199
170	260	86	206
172	258	78	208
178	255	68	217
183	253	64	218
179	258	68	216
167	258	85	214
167	259	83	209
157	267	102	202
162	266	94	206
160	266	83	203
172	268	65	201
159	266	65	203
157	264	61	208
152	263	63	211
147	264	66	207
136	264	76	211
138	265	78	206
131	267	90	208
129	266	92	201
140	272	89	205
158	268	76	202
166	264	70	206
173	263	64	209
175	264	63	207
173	265	64	207
173	267	72	207
173	277	75	197
167	273	81	197
173	275	72	196
181	272	61	200
185	272	55	199
186	270	50	201
188	272	52	200
188	270	59	202
190	267	70	206
187	268	75	208
247	264	80	207
232	252	109	229
236	254	96	233
208	262	113	217
188	266	125	219
172	267	110	220
150	262	102	222
143	260	100	225
129	265	113	216
109	275	135	200
110	286	141	185
140	284	112	183
166	284	84	177
171	289	69	183
176	292	62	183
177	289	61	184
179	286	58	184
180	290	56	183
174	292	62	179
170	289	67	181
169	295	70	180
168	299	70	171
169	298	66	169
169	298	64	171
170	291	57	174
167	290	60	174
175	288	52	178
177	289	51	175
177	293	51	174
175	294	54	170
175	296	59	167
180	294	57	164
179	298	58	162
183	296	58	160
192	294	53	159
198	294	50	163
207	295	48	158
212	294	46	154
217	294	52	150
221	291	54	149
229	290	58	146
232	290	58	145
236	280	55	143
239	282	55	144
251	281	48	145
260	281	43	144
265	279	42	145
269	279	39	138
272	276	40	140
267	279	51	137
273	277	46	135
273	277	45	136
274	277	46	134
274	277	44	133
275	275	41	129
274	275	42	125
276	274	40	121
278	270	38	125
282	272	38	127
284	274	38	124
288	279	40	122
292	278	42	126
297	284	40	123
301	285	40	123
306	283	39	128
310	285	39	121
315	284	39	123
320	284	37	124
324	287	41	121
329	293	39	117
340	301	44	118
348	307	42	117
364	315	44	118
372	319	42	116
387	322	41	114
394	322	39	111
406	321	37	110
417	320	40	113
421	320	38	113
