1.690462
0.109686
0.103903
0.103273
0.101445
0.101628
0.102714
0.099486
0.103192
0.102278
0.105220
0.100946
0.103979
0.104486
0.105597
0.101527
0.100590
0.103299
0.100640
0.160472
0.216340
0.152594
0.155879
0.165258
0.162776
0.099104
0.101209
0.102139
0.103244
0.170046
0.164173
0.167655
0.173218
0.169176
0.167701
0.172592
0.096115
0.102707
0.102105
0.103502
0.239754
0.101543
0.099725
0.099875
0.102897
0.098980
0.101853
0.102962
0.100631
0.102340
0.106432
0.097286
0.101437
0.100768
0.101654
0.105376
0.097232
0.100013
0.095075
0.100241
0.233371
0.104455
0.100926
0.100572
0.103180
0.100765
0.100287
0.101023
0.097103
0.100461
0.104158
0.099360
0.101800
0.096667
0.100027
0.119362
0.099544
0.100163
0.094814
0.099139
0.239393
0.106453
0.104064
0.100890
0.102787
0.103505
0.105018
0.104435
0.096962
0.100328
0.098289
0.098612
0.102400
0.097982
0.098069
0.102398
0.098503
0.100047
0.097420
0.107225
0.232141
0.100663
0.098050
0.101251
0.103322
0.098260
0.098087
0.097306
0.096958
0.100656
0.098765
0.099273
0.099644
0.097793
0.100551
0.097364
0.105778
0.099430
