0.366479
0.044022
0.043057
0.046551
0.047055
0.044167
0.043313
0.044533
0.046628
0.044846
0.051195
0.044026
0.048800
0.044714
0.044117
0.044319
0.044951
0.044454
0.043717
0.066138
0.076345
0.048481
0.043579
0.050968
0.045561
0.045279
0.063968
0.047586
0.041913
0.038472
0.039264
0.042416
0.040204
0.049237
0.046618
0.062974
0.048053
0.045112
0.045157
0.042104
0.075526
0.048871
0.049467
0.048861
0.048749
0.047396
0.040418
0.046974
0.040478
0.043769
0.044039
0.045685
0.048079
0.044053
0.042335
0.042566
0.044153
0.044485
0.041746
0.043652
0.076872
0.044513
0.042443
0.043215
0.042192
0.041934
0.043124
0.040877
0.043317
0.046375
0.047042
0.044360
0.045369
0.045907
0.043719
0.038883
0.048785
0.046914
0.048264
0.044761
0.077627
0.043937
0.043497
0.044977
0.050591
0.052833
