0.365770
0.041318
0.047909
0.044371
0.058306
0.040791
0.043166
0.042194
0.042522
0.044408
0.042866
0.045586
0.044283
0.045261
0.047638
0.043218
0.041839
0.042172
0.045043
0.044961
0.071170
0.043296
0.061177
0.046413
0.043010
0.058699
0.041583
0.042405
0.043510
0.043163
0.042872
0.060083
0.049458
0.046525
0.020460
0.042739
0.041794
0.041776
0.041643
0.043325
0.076211
0.045030
0.044625
0.042831
0.041802
0.049970
0.042255
0.042630
0.043223
0.046595
0.045589
0.043313
0.042807
0.041034
0.042131
0.047368
0.041066
0.040267
0.047685
0.062929
0.084304
0.044394
0.042185
0.045506
0.042759
0.045742
0.043966
0.043305
0.053568
0.039763
0.038617
0.041808
0.047450
0.040348
0.039692
0.040715
0.047074
0.047953
0.045801
0.045599
0.078861
0.038429
0.044048
0.038345
0.046814
0.042689
0.043231
0.043742
0.042284
0.041734
0.042864
0.041576
0.044113
0.040212
0.041007
0.039938
0.053327
0.042891
0.044020
0.040057
0.075692
0.042206
0.039849
0.039536
0.040307
0.040352
0.039860
0.039846
0.040133
0.041024
0.039384
0.043484
0.042562
0.043470
0.042201
0.041537
0.043440
0.041514
0.043934
0.041319
0.075385
0.042108
0.043473
0.039246
