0.375541
0.047531
0.043757
0.045958
0.048775
0.044749
0.040994
0.041866
0.045028
0.048766
0.045601
0.046117
0.044496
0.044399
0.045139
0.044571
0.044171
0.045562
0.045692
0.044803
0.075714
0.045157
0.044482
0.044204
0.045170
0.044045
0.044477
0.044096
0.043321
0.043494
0.044739
0.045867
0.044389
0.043723
0.042354
0.044572
0.043719
0.043699
0.041801
0.041817
0.079265
0.042846
0.041415
0.044317
0.046818
0.042424
0.044175
0.044071
0.045179
0.042359
0.042918
0.042970
0.043480
0.042190
0.042323
0.042835
0.042250
0.043838
0.042909
0.041968
0.083104
0.043174
0.043575
0.044065
0.043329
0.045655
0.042612
0.041462
0.045015
0.041597
0.041440
0.040433
0.041883
0.041283
0.043791
0.043536
0.040969
0.042800
0.043777
0.042657
0.078199
0.046478
0.039346
0.040341
0.041007
0.039879
0.038042
0.042105
0.040421
0.039800
0.039404
0.046277
0.041282
0.042235
0.042527
0.042519
0.043552
0.047033
0.022520
0.021947
0.022185
0.023399
0.023913
0.042181
0.046911
0.049108
0.042566
0.063857
0.062741
0.042798
0.042687
0.043999
0.043414
0.042972
0.061769
0.041876
0.048704
0.044363
0.042054
0.044035
0.079487
0.043670
0.045638
0.046130
0.044704
0.044944
0.043327
0.043740
0.044347
0.043217
0.043488
0.045177
0.045618
0.046214
0.046123
0.043764
0.039402
0.060822
0.062358
0.049195
0.082790
0.052052
0.043000
0.042473
0.044702
0.044385
0.042930
0.043972
0.042310
0.047493
0.044028
