0.353376
0.046776
0.044802
0.043885
0.044473
0.041431
0.041182
0.043973
0.042026
0.040873
0.041483
0.044144
0.043635
0.042720
0.043017
0.041739
0.042383
0.042150
0.042625
0.042197
0.071591
0.041636
0.044060
0.043693
0.042900
0.045886
0.043642
0.041224
0.043304
0.041510
0.041346
0.041900
0.046329
0.042344
0.041288
0.042102
0.040799
0.042243
0.046818
0.042620
0.076012
0.041076
0.042253
0.043631
0.043469
0.044007
0.042449
0.042566
0.040975
0.040611
0.044294
0.043519
0.041414
0.042404
0.040927
0.044135
0.042009
0.040669
0.046311
0.042407
0.075753
0.042863
0.044217
0.041054
0.042911
0.043547
0.040733
0.041407
0.042651
0.042131
0.041541
0.040640
0.041064
0.042622
0.040655
0.043665
0.042617
0.041323
0.041476
0.040802
0.077588
0.043541
0.043231
0.044612
0.043273
0.041488
