0.396109
0.036576
0.036545
0.036273
0.036222
0.036294
0.036400
0.036268
0.036196
0.036337
0.036250
0.036410
0.036303
0.036247
0.036391
0.036618
0.036692
0.037000
0.038286
0.041025
0.069624
0.036952
0.037122
0.036937
0.036891
0.036874
0.036849
0.036812
0.036944
0.036828
0.036866
0.036995
0.036776
0.037777
0.042495
0.042734
0.040641
0.042673
0.041334
0.042085
0.076460
0.043341
0.038107
0.039682
0.041905
0.043540
0.042350
0.041928
0.039964
0.041349
0.042175
0.042211
0.040070
0.041644
0.042750
0.040967
0.043448
0.042259
0.042927
0.043470
0.076524
0.038439
0.043140
0.042480
0.038440
0.048210
0.042267
0.047237
0.042343
0.041790
0.042204
0.042357
0.042558
0.041126
0.043087
0.038540
0.040832
0.038304
0.048789
0.046336
0.078359
0.048443
0.040623
0.046265
0.047343
0.049533
0.047506
0.050520
0.045948
0.050446
0.047095
0.046154
0.045392
0.047191
0.047658
0.041897
0.042909
0.042006
0.040557
0.041334
0.077073
0.041815
0.040264
0.043153
0.041492
0.043221
0.041194
0.042953
0.037722
0.037812
0.037645
0.038176
0.041005
0.042868
0.037641
0.037695
0.037598
0.038385
0.042114
0.042256
0.072063
0.037648
0.041743
0.038981
0.037563
0.039761
0.039595
0.040596
0.047541
0.046026
0.044040
0.046391
0.048323
0.039712
0.039678
0.039643
0.038554
0.038688
0.038494
0.038550
0.072425
0.038898
0.038660
0.038874
0.038849
0.038759
0.038976
0.038790
0.038818
0.038707
0.038713
0.038868
0.038867
0.036633
0.036735
0.038867
0.036684
0.039144
0.038758
0.038723
0.072237
0.038816
0.038649
0.038872
0.038826
0.038944
0.039314
0.039083
0.038846
0.038868
0.038886
0.037156
0.039958
0.038273
0.038276
0.038140
0.038453
0.040253
0.044782
0.036674
0.080436
0.038872
0.039034
0.036602
0.038769
0.040222
0.047653
0.041945
0.046897
0.042817
0.047147
0.041204
0.046785
0.049118
0.038727
0.038911
0.039073
0.039222
0.047136
0.044945
0.083890
0.039808
0.047452
0.046184
0.047316
0.049580
0.046736
0.046923
0.048012
0.047736
0.048733
0.047036
0.040406
0.046955
0.039751
0.039887
0.040078
0.040900
0.047570
0.039111
0.072695
0.038090
0.038472
0.038572
0.038328
0.038180
0.038599
0.038546
0.038280
0.038184
0.038401
0.038348
0.036269
0.038660
0.038562
0.038784
0.038564
0.038598
0.036268
0.036235
0.071895
0.038320
0.038404
0.038424
0.038630
0.038359
0.038480
0.038247
0.038447
0.038484
0.038405
0.038295
0.038424
0.038341
0.038355
0.038426
0.038560
0.038684
0.038391
0.038450
0.071957
0.038230
0.038238
0.038148
0.038296
0.038438
0.044106
0.038858
0.052630
0.048638
0.050335
0.039315
0.039464
0.041626
0.048151
0.046619
0.046884
0.044960
0.046052
0.043952
0.078269
0.038692
0.038422
0.038492
0.038499
0.038432
0.038524
0.038536
0.038567
0.038596
0.038532
0.038578
0.036284
0.038524
0.038553
0.038346
0.038512
0.038480
0.038538
0.038643
0.072117
0.038826
0.038442
0.038576
0.038654
0.038606
0.038427
0.038499
0.038325
0.038473
0.038297
0.038442
0.038256
0.038349
0.038434
0.038339
0.038176
0.038293
0.038372
0.038437
0.071649
0.038153
0.038267
0.038310
0.038235
0.038342
0.038247
0.038029
0.038268
0.038331
0.039038
0.038869
0.038915
0.038767
0.038726
0.038810
0.038593
0.038291
0.038297
0.038654
0.071870
0.038527
0.038654
0.038474
0.039078
0.039290
0.039106
0.039412
0.039318
0.036761
0.036942
0.036759
0.036839
0.036697
0.037028
0.039283
0.036909
0.039106
0.039421
0.039093
0.070646
0.036999
0.036691
0.037213
0.036679
0.036785
0.036781
0.039138
0.039025
0.036894
0.036843
0.039128
0.036817
0.036959
0.036944
0.039008
0.039225
0.039073
0.039299
0.036790
0.072753
0.039247
0.039119
0.037052
0.036993
0.039224
0.039103
0.039280
0.038982
0.039308
0.039176
0.038953
0.039863
0.039125
0.039098
0.039043
0.038818
0.038288
0.038358
0.038182
0.072030
0.038269
0.038274
0.038549
0.038589
0.038740
0.038473
0.038589
0.038333
0.038344
0.038357
0.038382
0.038236
0.038062
0.038486
0.038300
0.038417
0.038047
0.038186
0.038071
0.071727
0.038305
0.038088
0.038344
0.038327
0.038466
0.038310
0.038560
0.038336
0.038499
0.038295
0.038237
0.037995
0.038333
0.038429
0.038238
0.038446
0.038397
0.038496
0.038243
0.071914
0.038071
0.038116
0.038095
0.038215
0.038223
0.037890
0.038385
0.038028
0.038290
0.037930
0.038154
0.038031
0.037926
0.037949
0.037963
0.037985
0.038116
0.037924
0.038163
0.071709
0.038119
0.038298
0.038431
0.038519
0.038791
0.038593
0.038490
0.038363
0.038310
0.038456
0.038663
0.038350
0.038710
0.038533
0.038360
0.038457
0.038573
0.038385
0.038439
0.072306
0.038558
0.038509
0.038588
0.038853
0.038803
0.038632
0.038620
0.038527
0.038601
0.038684
0.038604
0.038523
0.038700
0.038508
0.038664
0.038424
0.038714
0.038957
0.038850
0.072340
0.038458
0.038592
0.038837
0.038730
0.038779
0.038712
0.038752
0.038773
0.038677
0.038699
0.038773
0.038728
0.038648
0.038996
0.038790
0.038948
0.038667
0.038725
0.040679
0.077112
0.038473
0.038037
0.038188
0.037879
0.038399
0.038130
0.038193
0.038167
0.038037
0.037948
0.037966
0.038521
0.038651
0.038467
0.038636
0.039763
0.038645
0.038501
0.038680
0.072177
0.038680
0.038844
0.047047
0.044278
0.043591
0.044722
0.046371
0.047144
0.039999
0.039878
0.043704
0.044097
0.042282
0.043769
0.039759
0.046987
0.047082
0.047966
0.043907
0.073767
0.039785
0.045445
0.046464
0.043492
0.040035
0.046866
0.047823
0.046388
0.045069
0.042965
0.046456
0.045360
0.044461
0.045561
0.045610
0.045868
0.047837
0.044722
0.048208
0.082432
0.040558
0.047195
0.047824
0.046205
0.047194
0.046349
0.044827
0.044320
0.043660
0.043438
0.045096
0.044999
0.043506
0.043810
0.045950
0.045001
0.047916
0.046150
0.047343
0.082200
0.040441
0.040977
0.045917
0.045468
0.047500
0.046021
0.047170
0.045191
0.039966
0.039886
0.040888
0.046192
0.044379
0.040545
0.046014
0.048169
0.046006
0.047300
0.047986
0.081450
0.040517
0.045808
0.046382
0.047553
0.047492
0.047883
0.047113
0.041620
0.045729
0.044967
0.045257
0.047270
0.046413
0.045062
0.045435
0.045980
0.047343
0.044410
0.047099
0.081667
0.041013
0.045116
0.047359
0.042623
0.044752
0.043257
0.047719
0.040070
0.045199
0.047248
0.047230
0.044638
0.046624
0.046819
0.044530
0.045333
0.045835
0.046882
0.046719
0.078919
0.039911
0.045042
0.045812
0.045290
0.046779
0.044666
0.040039
0.045552
0.046368
0.043076
0.043710
0.045007
0.043881
0.043978
0.039790
0.043010
0.045761
0.043972
0.045962
0.078131
0.043567
0.045087
0.045871
0.044972
0.043075
0.046096
0.043561
0.045788
0.045320
0.046173
0.043790
0.044575
0.044111
0.045088
0.040035
0.039956
0.040068
0.045981
0.039970
0.073991
0.040131
0.046053
0.044254
0.044802
0.044830
0.044959
0.048105
0.044750
0.046360
0.039680
0.039844
0.039897
0.039058
0.038920
0.038776
0.038755
0.038795
0.039927
0.045094
0.072393
0.038912
0.040036
0.046182
0.044254
0.045434
0.048636
0.048056
0.043764
0.047610
0.041706
0.044170
0.049491
0.044243
0.042591
0.045566
0.046481
0.045213
0.044794
0.045293
0.080550
0.039957
0.047384
0.038943
0.039982
0.039577
0.039846
0.040205
0.040057
0.039927
0.039816
0.039872
0.040174
0.040095
0.039960
0.040053
0.039903
0.040215
0.041276
0.048137
0.081809
0.046655
0.043811
0.040138
0.040092
0.040635
0.047628
0.040580
0.045087
0.045185
0.046838
0.043881
0.046034
0.043917
0.048296
0.048940
0.043586
0.042385
0.046648
0.047779
0.082904
0.041057
0.044166
0.046806
0.047181
0.050639
0.040121
0.040209
0.040182
0.040585
0.048750
0.048153
0.048130
0.045803
0.047450
0.046439
0.047037
0.047299
0.048142
0.048162
0.082397
0.041570
0.040046
0.039819
0.039217
0.038970
0.038894
0.038970
0.038972
0.038939
0.038973
0.038896
0.038846
0.039086
0.038726
0.038953
0.038819
0.038867
0.038664
0.039018
0.072247
0.038797
0.038767
0.038858
0.038821
0.038806
0.038704
0.038722
0.038803
0.038723
0.038876
0.038772
0.038811
0.038814
0.038848
0.038812
0.038837
0.038714
0.038798
0.038908
0.072357
0.038453
0.038613
0.038680
0.038801
0.038979
0.038738
0.038679
0.038882
0.038820
0.038690
0.038744
0.038520
0.038612
0.038578
0.038693
0.039523
0.045810
0.038135
0.038104
0.071743
0.038086
0.038098
0.038159
0.038003
0.038222
0.038759
0.038512
0.038577
0.038833
0.039724
0.046679
0.046159
0.047118
0.045683
0.043547
0.046229
0.046647
0.048012
0.045335
0.077403
0.039564
0.047208
0.047063
0.046905
0.045953
0.046909
0.046047
0.047703
0.040451
0.045831
0.046872
0.044319
0.046007
0.045884
0.047240
0.041926
0.046877
0.044174
0.047692
0.074157
0.040173
0.045808
0.047392
0.046243
0.040138
0.039433
0.039674
0.039543
0.039675
0.039742
0.039612
0.039664
0.039775
0.046087
0.040480
0.046675
0.044010
0.046080
0.046235
0.078119
0.040342
0.042819
0.046674
0.046746
0.045984
0.045675
0.046668
0.047195
0.045630
0.048219
0.047733
0.040349
0.046396
0.048122
0.046768
0.045458
0.048039
0.045115
0.043989
0.077560
0.040185
0.045642
0.044585
0.047222
0.046196
0.045109
0.046383
0.047760
0.043111
0.044565
0.046472
0.043875
0.045610
0.044114
0.045220
0.044615
0.045979
0.045992
0.047066
0.073696
0.040078
0.046203
0.047458
0.046832
0.044363
0.047575
0.039567
0.039430
0.039091
0.038332
0.038470
0.038243
0.038233
0.038254
0.038220
0.038475
0.038243
0.038378
0.039936
0.078430
0.037711
0.037752
0.037869
0.038002
0.037917
0.037808
0.037847
0.037722
0.037866
0.037668
0.037795
0.037641
0.037847
0.037696
0.037841
0.037874
0.037918
0.037857
0.037988
0.071288
0.037904
0.037760
0.037771
0.037851
0.037866
0.038720
0.038311
0.038371
0.038339
0.038269
0.038330
0.038310
0.038182
0.038229
0.038486
0.038407
0.038479
0.038550
0.038243
0.073546
0.047398
0.044934
0.046415
0.044866
0.045950
0.045409
0.047189
0.043350
0.045355
0.040282
0.045172
0.042596
0.043296
0.044816
0.043353
0.043960
0.043628
0.045964
0.047020
0.077659
0.040141
0.046634
0.044091
0.045283
0.045905
0.045805
0.045311
0.045478
0.043067
0.043200
0.042146
0.043403
0.045331
0.045669
0.044965
0.043134
0.045417
0.044151
0.044422
0.078409
0.039754
0.045332
0.046712
0.043340
0.043521
0.042722
0.043832
0.044429
0.043811
0.044919
0.039845
0.042638
0.043883
0.046280
0.042999
0.043372
0.042906
0.044678
0.044929
0.079693
0.039698
0.045189
0.044577
0.043700
0.044447
0.043857
0.044356
0.041455
0.045677
0.043991
0.045378
0.044567
0.046588
0.045773
0.044164
0.044806
0.044084
0.044891
0.038968
0.072684
0.039289
0.038865
0.039838
0.044589
0.044036
0.043614
0.046207
0.039652
0.043278
0.045104
0.044868
0.045352
0.043830
0.045569
0.046006
0.045362
0.043199
0.045887
0.045409
0.077552
0.043296
0.045661
0.045057
0.043668
0.044388
0.039632
0.045919
0.045147
0.041917
0.042441
0.044231
0.044294
0.044855
0.046829
0.044991
0.044077
0.043649
0.044037
0.042100
0.078763
0.039343
0.041435
0.044475
0.044542
0.046201
0.038131
0.038309
0.038115
0.038441
0.042548
0.042440
0.045889
0.041655
0.044195
0.042946
0.043449
0.043240
0.042410
0.040036
0.072514
0.038587
0.038968
0.043307
0.039404
0.043585
0.043848
0.044414
0.043904
0.042965
0.043843
0.044301
0.044640
0.042824
0.044820
0.045919
0.043939
0.044456
0.042928
0.044925
0.077200
0.039863
0.043578
0.043596
0.045302
0.044207
0.043479
0.043351
0.041524
0.043923
0.045701
0.042149
0.044608
0.045327
0.045832
0.038808
0.038739
0.042648
0.039131
0.042653
0.075384
0.042914
0.043792
0.038911
0.038707
0.038856
0.042687
0.046167
0.039072
0.038965
0.038919
0.039957
0.043627
0.042339
0.043306
0.043166
0.043129
0.045785
0.041441
0.045568
0.078455
0.045666
0.046326
0.043560
0.038933
0.043890
0.043905
0.043030
0.045954
0.043772
0.046710
0.044455
0.042662
0.044254
0.043608
0.038276
0.044604
0.040967
0.046108
0.043338
0.078759
0.046711
0.045118
0.046038
0.045815
0.044784
0.046304
0.044085
0.043864
0.045541
0.039546
0.041522
0.042498
0.042061
0.043181
0.041626
0.043018
0.043957
0.042893
0.042543
0.079018
0.044128
0.044038
0.043795
0.042322
0.044362
0.042819
0.044198
0.043169
0.044098
0.039461
0.045010
0.044955
0.043556
0.042803
0.044034
0.041200
0.044024
0.043105
0.043367
0.080936
0.042274
0.044678
0.042601
0.042488
0.041286
0.044365
0.042958
0.043058
0.042518
0.038159
0.038198
0.038137
0.042549
0.042292
0.042432
0.040951
0.043824
0.044446
0.045072
0.077106
0.044786
0.041634
0.038793
0.040546
0.042933
0.040114
0.038949
0.045295
0.042737
0.042922
0.043070
0.045899
0.043070
0.043274
0.042920
0.038830
0.038851
0.039015
0.039235
0.076857
0.039517
0.038959
0.042979
0.040016
0.043138
0.043154
0.044404
0.041928
0.042091
0.041327
0.040865
0.042454
0.041809
0.041429
0.042256
0.043522
0.043233
0.043518
0.043300
0.072574
0.044626
0.043912
0.044975
0.045026
0.046602
0.039174
0.044815
0.042231
0.042567
0.045518
0.039041
0.039160
0.043410
0.043317
0.046119
0.042768
0.044352
0.047028
0.049073
0.080646
0.041090
0.047808
0.042570
0.047937
0.049850
0.048282
0.047175
0.040728
0.064082
0.039193
0.062693
0.061522
0.039843
0.060548
0.043535
0.059632
0.042093
0.060425
0.060435
0.056165
0.041159
0.056378
