182	54	117	170
177	45	121	184
172	46	119	187
173	47	114	184
170	49	114	181
168	51	114	178
162	50	113	182
157	47	116	187
161	49	113	184
153	54	118	180
157	49	113	184
152	49	115	187
151	53	118	181
150	51	120	187
153	47	113	195
151	47	115	196
148	49	121	195
148	57	120	184
149	54	116	186
151	53	122	189
153	53	113	193
149	62	121	181
149	60	117	184
151	56	119	189
152	60	116	184
153	65	119	176
153	67	116	170
153	61	119	177
150	71	124	168
156	70	119	165
155	62	115	178
152	65	117	175
152	67	120	171
151	71	120	168
153	60	117	180
151	70	119	167
153	58	116	184
151	71	119	164
151	63	118	171
149	72	118	162
152	58	113	179
147	73	116	158
151	65	117	172
152	68	112	165
156	71	111	160
152	66	108	165
154	74	112	157
157	67	106	165
156	75	108	154
158	72	106	156
158	72	110	159
159	73	106	155
163	70	110	161
168	69	104	161
168	70	106	162
170	67	107	165
177	77	105	154
177	78	102	154
179	77	99	154
182	76	104	158
180	86	106	144
183	85	104	148
185	82	103	152
189	84	101	150
190	87	99	146
192	85	99	150
192	91	97	143
192	86	100	150
194	83	99	153
194	80	95	160
194	85	99	154
195	84	96	156
198	78	96	163
196	82	97	159
198	82	95	158
201	83	94	159
201	81	91	160
201	80	90	157
199	78	90	157
199	78	88	157
200	78	85	153
197	78	89	155
198	76	85	154
198	75	86	155
196	81	87	148
194	80	90	148
193	78	90	152
194	76	87	155
192	74	90	160
191	78	91	154
193	79	89	154
192	79	88	155
190	81	91	151
189	82	91	149
182	78	98	152
178	76	101	152
178	75	102	153
178	75	101	153
180	69	100	158
176	72	102	156
176	69	100	157
178	68	98	158
175	70	99	154
177	70	99	154
174	69	101	157
169	70	107	153
166	71	109	152
170	68	105	156
168	71	103	156
171	67	98	160
173	72	98	152
167	70	100	155
171	65	98	160
169	71	101	154
166	68	102	158
168	70	100	156
170	72	99	153
169	75	98	151
169	74	97	153
166	73	98	155
165	76	98	152
167	73	97	155
165	75	95	154
164	74	94	158
167	75	89	152
167	81	90	148
168	78	85	150
170	79	85	151
171	78	83	154
173	81	81	150
171	83	85	149
174	78	81	155
174	77	82	158
176	76	80	158
175	78	82	154
176	77	82	157
177	78	81	159
178	83	79	150
177	83	81	152
176	79	83	157
178	71	83	168
176	77	80	159
179	75	80	164
178	71	79	167
178	73	82	163
177	71	81	168
180	70	79	166
179	75	80	163
180	76	77	161
180	78	80	159
178	68	78	175
178	74	80	167
178	63	80	182
179	63	81	186
180	69	79	175
178	62	81	185
179	74	84	172
180	78	80	162
179	80	82	159
180	86	80	150
179	84	80	156
179	85	82	158
176	83	84	161
177	80	82	167
174	76	85	168
175	75	85	167
171	81	91	159
173	86	85	151
170	87	90	148
171	79	89	161
170	77	92	161
173	85	87	149
171	88	87	143
171	89	88	143
169	90	92	142
167	91	96	143
167	91	97	143
168	89	95	148
167	87	100	151
168	93	95	142
170	91	96	144
171	95	93	141
172	89	98	149
172	94	94	145
171	93	98	145
171	96	97	143
171	90	101	153
174	99	89	141
174	88	96	156
172	99	95	142
170	97	102	145
176	92	88	149
174	92	95	150
175	98	91	143
173	97	98	144
175	95	96	147
175	97	96	143
177	98	92	142
176	98	94	143
177	99	96	142
178	100	93	141
177	97	96	147
178	99	97	144
179	96	94	150
180	98	94	147
182	103	95	139
183	103	97	140
183	105	95	137
187	99	92	147
190	99	90	147
192	103	90	143
193	103	94	143
195	104	96	144
199	105	91	142
200	104	95	143
201	107	93	142
203	107	96	140
206	106	89	141
207	111	97	133
211	105	90	141
212	108	90	138
213	109	97	137
214	107	97	143
215	107	99	140
219	108	94	139
221	109	97	138
222	106	100	144
224	111	98	135
224	111	100	135
226	111	103	134
229	109	98	142
229	110	103	141
236	109	100	143
241	108	96	140
246	100	94	153
249	103	94	151
253	104	93	150
256	92	96	162
259	95	93	161
266	102	87	155
266	104	90	146
269	103	86	146
268	107	92	140
272	101	91	151
273	108	89	143
273	113	92	134
276	110	93	139
276	113	93	136
276	111	98	138
280	111	94	136
283	108	91	140
283	109	93	137
285	111	94	135
288	108	93	138
291	112	92	130
292	109	97	135
294	107	98	142
295	111	98	136
300	109	95	138
306	107	95	142
311	108	91	138
316	107	88	139
318	110	90	133
321	107	91	140
325	107	94	138
329	106	88	140
330	108	92	138
330	108	98	141
334	107	93	142
335	105	97	145
339	111	98	138
341	110	97	138
344	109	95	140
345	110	97	139
345	110	100	137
348	106	101	143
352	109	97	139
355	107	99	141
356	108	99	141
357	105	97	143
361	103	97	145
360	110	96	134
363	110	98	136
364	112	100	136
368	107	95	141
368	109	99	139
370	110	98	140
371	109	101	142
374	112	101	137
375	113	99	136
377	111	100	139
377	106	100	146
382	107	98	144
381	111	100	140
384	114	96	136
386	113	98	136
386	114	99	136
387	112	99	141
387	109	99	145
387	109	100	145
388	113	101	141
389	115	99	137
392	113	97	139
392	113	98	139
392	117	101	135
394	110	94	146
396	109	95	148
396	116	94	138
396	118	95	134
395	122	96	130
395	124	99	129
397	126	96	125
397	123	99	129
397	123	99	133
399	123	96	133
399	125	94	129
398	123	97	132
399	127	97	126
402	120	92	137
402	122	89	132
401	121	94	131
402	121	92	132
402	121	94	131
401	124	98	127
403	116	94	136
405	113	89	140
408	113	83	138
405	112	89	142
405	108	89	146
403	113	92	140
404	111	89	143
403	113	90	139
405	112	88	141
404	113	88	135
400	112	97	143
398	112	98	144
402	113	88	138
404	113	87	135
398	113	97	145
401	117	92	132
400	113	90	142
396	113	98	140
395	113	96	143
394	115	97	140
392	116	102	141
394	117	98	143
392	118	102	141
393	116	100	143
388	112	103	151
390	114	103	145
386	116	108	144
389	114	104	147
392	115	100	148
386	119	108	142
390	119	101	140
390	117	102	143
391	119	98	140
390	118	99	142
387	119	103	139
386	117	104	146
387	120	104	140
382	120	111	137
384	119	110	143
385	117	108	141
382	119	109	139
385	120	107	136
387	120	103	139
386	124	104	130
382	121	108	135
380	121	111	136
384	121	100	133
381	120	110	135
380	123	110	133
382	118	110	132
383	121	104	131
382	120	107	134
384	122	104	129
381	122	109	133
380	120	113	133
379	125	114	127
384	125	106	124
381	121	111	129
381	122	113	128
377	123	120	125
381	121	114	125
381	122	113	125
381	123	116	121
385	121	110	124
385	120	109	126
385	122	109	122
385	121	108	121
383	122	115	122
386	119	109	126
387	120	108	123
385	122	111	122
386	121	109	123
385	122	109	122
385	124	112	119
389	123	101	120
385	125	109	115
387	125	105	117
388	124	104	116
382	127	114	115
379	128	120	114
382	130	113	113
383	128	112	113
380	132	116	110
381	132	112	110
379	135	116	106
378	135	115	108
375	136	120	106
378	137	112	109
379	137	107	107
375	138	111	106
374	139	110	105
373	139	109	105
375	139	103	106
372	136	106	110
371	139	105	105
367	137	112	110
365	138	113	106
366	140	108	104
364	136	113	108
363	137	111	110
360	137	117	110
360	137	114	109
363	137	107	106
358	135	114	110
355	137	119	106
355	137	116	106
357	139	109	104
357	137	107	106
353	137	114	105
352	136	113	109
351	137	113	106
350	137	114	108
347	138	118	108
349	137	113	107
348	136	110	108
346	139	112	105
349	139	104	104
345	139	108	105
345	140	108	103
344	139	107	105
342	141	108	103
344	139	100	103
339	139	108	106
337	139	109	106
334	141	113	103
338	141	103	102
336	140	102	103
334	142	106	101
333	140	104	102
332	143	103	102
331	140	104	104
331	142	100	101
327	142	107	101
325	143	107	100
322	142	110	103
320	144	111	100
320	144	110	100
319	144	112	104
319	144	106	100
318	145	110	101
317	145	110	102
320	147	102	102
323	146	97	101
317	149	107	100
320	149	101	101
317	150	105	102
317	149	105	102
316	151	105	102
319	149	103	106
319	149	103	105
321	148	98	105
319	147	101	109
318	148	106	108
319	149	100	106
320	147	101	109
315	148	106	108
321	145	98	108
319	145	101	111
318	145	102	110
316	145	106	111
321	142	99	114
322	142	98	114
322	139	97	118
325	138	94	118
324	140	94	116
323	139	98	116
322	139	98	117
324	137	97	119
324	135	97	122
325	135	95	123
324	134	96	125
326	136	96	116
325	135	93	122
322	133	101	124
325	131	97	125
325	131	94	127
326	132	91	124
325	132	93	125
324	132	96	124
326	132	95	125
323	134	97	121
324	131	97	126
324	132	97	122
326	131	95	125
329	128	90	129
328	129	93	127
328	129	92	128
327	130	93	127
325	130	97	126
327	129	97	128
327	130	92	129
329	128	91	133
329	129	91	129
326	130	96	127
326	127	97	133
327	127	94	132
329	127	93	130
331	130	88	125
332	125	88	130
332	126	87	129
331	125	90	131
328	131	97	121
330	130	92	125
335	125	88	131
334	127	88	129
333	127	89	126
334	128	89	126
334	129	87	126
332	132	94	121
334	131	88	123
333	127	88	132
334	130	90	125
332	130	91	127
336	131	86	124
336	129	85	129
334	129	90	129
334	129	91	126
334	131	86	125
334	129	89	128
333	130	89	126
333	129	89	128
330	128	92	130
330	128	93	129
329	131	96	125
328	126	94	132
330	127	90	130
331	126	91	129
327	130	97	124
331	127	94	126
331	125	91	130
331	126	91	129
328	129	95	126
331	128	93	125
329	128	94	126
328	127	96	129
327	126	98	129
328	130	96	124
328	128	93	126
330	126	93	127
327	129	95	123
328	126	93	127
328	127	93	126
327	126	94	127
329	127	90	123
329	124	88	128
329	125	86	125
327	123	92	131
326	125	94	128
327	123	89	131
331	124	83	128
330	122	84	132
329	123	86	130
324	123	91	130
331	123	81	131
322	126	93	124
324	126	91	125
326	126	89	125
322	125	94	124
326	126	89	125
331	121	82	132
325	120	89	132
325	125	91	124
329	122	84	129
324	121	89	129
329	126	84	124
324	125	89	125
322	123	92	126
332	129	80	116
324	125	88	126
324	122	88	127
321	125	91	124
330	126	80	123
320	125	91	125
327	127	85	126
326	127	84	124
324	125	85	125
325	124	84	130
320	122	91	134
325	129	87	125
328	127	82	126
320	125	90	131
326	129	85	122
318	126	92	126
317	129	93	125
316	128	94	126
317	129	93	124
316	130	94	123
317	128	91	128
315	126	92	132
316	130	91	126
311	126	96	132
315	129	92	127
311	127	95	133
310	131	94	121
310	134	96	117
313	131	90	126
311	133	91	117
312	132	89	122
309	134	93	115
309	133	91	116
310	132	87	121
308	134	92	117
309	133	90	122
309	133	90	119
308	135	89	118
306	135	91	117
308	136	87	115
307	134	88	119
306	133	88	123
307	134	84	125
308	131	84	127
309	133	82	123
306	134	87	119
305	131	84	127
307	131	83	128
306	131	85	126
307	132	81	125
307	133	82	121
306	132	82	121
306	133	82	111
309	133	82	122
309	132	79	122
309	131	82	122
309	133	81	118
311	132	80	122
311	133	81	121
314	134	78	118
314	132	80	124
316	133	78	122
317	135	77	107
317	135	77	108
320	133	76	119
319	133	77	122
320	133	79	121
324	134	73	128
325	137	72	117
323	137	75	109
323	135	75	119
324	136	72	111
326	134	75	120
324	136	72	112
327	135	72	116
327	136	72	109
326	135	72	111
328	134	72	121
328	135	72	121
329	135	69	112
328	135	71	108
330	136	69	101
330	136	69	107
330	135	69	105
329	136	69	99
329	135	71	107
329	134	70	104
329	133	71	113
331	134	67	103
330	133	70	111
331	133	66	104
329	132	70	113
332	133	65	103
332	133	66	104
330	133	67	103
332	133	67	102
331	133	66	101
332	132	66	103
331	134	69	103
330	134	70	101
332	132	70	103
331	134	72	102
333	134	69	98
332	133	74	104
332	133	74	112
333	133	72	111
332	133	75	115
334	131	74	128
334	132	75	133
333	133	77	123
331	133	82	130
331	132	83	129
330	133	85	130
329	133	87	129
331	132	83	131
331	132	83	131
329	131	85	133
329	132	87	133
328	134	87	130
327	134	87	129
326	134	91	129
325	132	90	133
323	133	90	131
326	135	85	128
326	133	86	130
323	133	91	128
323	135	91	126
323	134	89	127
323	135	89	127
323	135	90	127
323	133	88	130
324	132	87	131
323	134	89	128
322	132	91	133
323	137	89	125
322	133	88	128
322	133	90	130
322	133	90	130
324	135	85	127
323	135	88	125
323	134	90	127
321	133	92	130
322	135	90	127
320	136	95	124
321	135	91	127
322	137	89	125
322	135	89	127
323	137	85	126
322	137	87	125
321	138	91	125
322	140	89	124
321	138	89	128
319	139	87	127
318	141	90	124
320	141	86	125
317	139	95	129
317	141	94	128
317	141	88	129
316	140	90	129
314	142	93	128
315	142	95	126
316	141	93	128
314	139	90	133
315	141	90	131
311	144	95	123
311	140	95	130
311	140	94	131
311	140	90	131
314	140	87	131
311	139	92	131
310	144	94	124
310	143	94	126
310	140	95	130
312	143	95	122
314	145	91	121
313	140	90	129
313	140	91	130
315	141	91	127
316	143	89	125
315	143	91	124
314	141	94	126
315	139	93	129
317	141	94	126
317	138	95	128
316	135	96	133
319	135	89	129
319	135	92	130
318	136	96	126
321	135	95	126
319	133	95	130
321	134	97	127
321	133	98	130
325	133	91	129
325	132	91	131
327	135	92	128
326	131	94	135
329	132	94	134
330	132	90	131
331	133	96	131
330	137	96	127
335	133	91	133
333	137	95	128
334	138	93	128
336	141	92	125
340	140	87	127
336	143	96	126
339	139	91	134
341	137	90	137
343	138	88	136
344	139	85	137
343	141	89	135
345	141	85	133
342	141	87	135
340	142	90	135
341	143	89	133
338	142	91	134
339	142	89	137
339	143	85	134
334	145	93	131
339	145	83	131
336	144	85	132
333	146	88	130
332	148	86	127
331	147	88	130
330	147	87	132
329	150	86	126
332	145	79	134
329	145	82	137
325	145	85	134
324	148	84	130
324	145	82	133
320	145	85	136
319	146	85	135
318	149	85	129
318	147	83	131
318	145	80	137
316	148	81	132
312	149	84	131
312	147	82	134
310	147	83	135
307	152	84	127
304	149	88	130
304	150	84	127
303	147	83	132
302	146	82	135
298	151	85	126
298	148	82	132
300	146	82	135
296	151	82	127
296	151	80	126
293	149	81	129
291	148	84	132
290	145	83	136
286	148	87	132
290	149	81	126
289	147	80	130
287	146	82	134
285	148	83	129
286	152	80	122
285	147	82	129
286	147	77	132
286	149	80	129
284	149	80	131
282	149	81	128
282	151	82	128
280	152	82	125
282	151	81	126
280	150	81	129
279	151	82	129
278	152	82	128
276	150	83	131
275	152	83	126
272	153	87	127
270	153	87	127
271	154	84	124
272	152	82	125
271	153	82	124
268	153	84	125
265	155	84	121
265	153	84	126
266	153	79	122
264	154	80	121
263	154	80	122
261	152	80	126
259	153	81	123
257	154	81	123
255	155	81	121
253	157	82	120
251	155	81	123
251	154	79	124
247	156	83	122
247	154	81	123
244	154	82	126
240	157	84	119
239	157	82	119
238	155	81	122
235	156	81	121
234	154	82	124
231	153	82	126
229	156	84	122
226	157	83	117
227	156	79	121
223	153	81	125
223	156	81	122
222	155	78	122
218	156	81	120
216	157	81	121
215	151	80	127
215	157	78	120
213	155	80	121
211	159	81	117
213	157	79	120
208	159	83	118
209	159	81	119
208	159	84	118
208	160	82	121
208	158	83	122
208	158	86	123
211	157	83	123
211	161	85	119
213	158	85	123
217	159	83	119
220	161	81	119
224	160	81	119
225	158	82	122
228	158	84	123
225	153	88	130
232	157	84	125
230	157	90	124
233	165	90	113
237	162	89	116
244	160	85	115
248	163	82	115
253	162	79	113
253	159	84	120
252	159	87	120
255	160	85	120
259	162	85	117
255	164	92	116
257	160	90	122
260	169	89	109
267	163	84	117
269	164	84	118
273	163	82	118
276	163	81	120
277	164	82	120
280	168	81	114
282	168	82	114
286	164	79	121
285	168	84	116
290	169	81	114
290	168	84	115
293	167	84	117
297	168	82	116
304	167	78	112
306	166	79	113
310	166	78	113
314	164	78	114
318	164	79	114
322	161	78	114
325	158	76	116
327	157	76	116
330	158	78	111
331	151	79	118
332	156	81	111
338	152	78	113
342	151	76	112
343	149	78	113
347	144	75	117
346	142	79	117
348	140	80	116
352	137	79	116
350	140	82	114
353	137	81	112
354	137	82	111
354	132	83	117
355	130	84	117
356	130	84	112
361	129	80	109
360	126	83	110
363	121	80	114
366	125	80	106
368	123	79	107
371	120	77	109
363	122	87	107
371	119	80	109
370	121	84	109
366	122	90	109
379	119	78	112
381	119	78	112
382	122	78	109
382	123	82	110
384	123	81	114
384	125	84	114
391	128	81	112
393	128	79	112
398	127	78	114
402	125	78	117
407	129	75	112
410	129	75	112
411	131	77	111
416	130	76	114
418	131	76	113
420	131	77	113
422	131	78	116
426	132	77	117
429	135	78	114
430	131	79	122
434	134	78	120
437	134	78	119
440	134	77	119
442	138	77	115
442	138	79	116
445	135	78	119
446	139	79	115
449	140	79	114
451	136	77	120
454	139	75	117
456	137	74	117
458	140	75	115
460	139	72	114
460	141	74	113
461	139	76	115
462	139	77	115
460	141	79	113
461	143	79	111
463	142	78	112
467	140	75	114
469	138	74	118
467	141	77	114
469	143	75	112
468	141	79	114
471	142	77	113
473	142	74	114
473	141	76	115
473	136	77	122
474	138	78	122
474	138	80	119
473	138	82	117
476	138	79	117
475	137	81	118
477	138	80	112
476	140	80	111
475	139	83	112
478	138	80	114
479	139	77	116
479	140	78	114
477	140	79	114
474	137	83	119
476	141	79	115
479	142	73	113
477	137	76	121
477	142	77	116
477	145	76	109
475	148	78	105
474	148	78	107
473	152	79	101
472	149	79	106
473	152	78	105
471	149	80	107
470	150	81	105
472	155	76	94
468	153	81	96
470	153	77	100
471	151	74	102
470	153	75	98
470	151	75	102
470	150	73	103
470	148	73	103
472	152	69	100
468	153	76	98
469	152	75	96
466	154	79	96
468	152	73	99
471	150	69	104
470	151	69	102
467	152	71	99
467	152	73	100
465	152	73	99
464	156	74	92
462	152	76	100
463	155	75	96
463	155	73	94
461	152	75	100
463	152	71	102
462	151	72	102
464	154	69	98
463	151	70	101
460	153	72	100
463	151	70	103
461	151	71	102
463	151	70	102
460	151	72	101
463	151	69	101
461	153	69	98
460	153	73	96
459	151	73	102
458	153	73	98
460	152	72	99
460	153	70	98
459	152	72	98
457	153	73	96
457	149	72	104
459	152	70	98
457	152	71	99
456	151	72	100
457	152	69	101
456	152	70	100
453	153	72	99
454	151	71	102
453	155	72	98
454	153	70	101
450	156	73	97
453	154	73	100
450	155	72	99
450	154	72	99
448	154	74	101
449	153	73	102
447	154	72	100
450	155	69	99
449	154	70	101
447	153	70	103
447	153	71	102
446	153	71	104
447	152	67	105
445	152	70	106
445	151	69	109
442	152	70	108
443	153	70	104
442	153	69	103
443	152	70	104
441	153	68	104
442	152	71	106
440	152	67	108
441	153	71	105
440	154	67	104
441	155	68	101
442	154	67	100
442	153	63	104
441	156	63	98
441	158	66	96
441	157	63	97
440	157	66	100
440	157	64	99
442	156	64	103
440	155	67	104
441	153	63	105
445	156	58	101
442	155	62	106
443	156	60	101
444	157	61	102
444	158	60	100
445	157	60	102
445	159	60	102
446	158	60	101
446	160	60	98
449	159	57	101
450	158	55	103
451	160	54	101
450	158	56	106
453	158	56	106
451	160	58	101
454	160	54	101
454	159	56	105
454	159	57	106
456	159	56	105
457	160	55	105
459	159	55	107
457	159	57	107
460	160	55	104
459	160	55	105
461	161	55	103
461	157	55	110
461	159	55	106
462	158	54	106
462	158	55	108
462	160	56	104
463	161	54	100
461	158	56	107
460	160	57	104
459	159	58	103
459	158	57	108
458	157	58	108
458	157	57	105
457	158	58	104
455	156	57	107
455	157	58	106
454	157	55	106
451	156	59	107
450	159	58	102
449	156	58	105
448	154	59	108
446	155	60	104
443	156	62	102
442	155	61	103
442	156	59	103
443	153	59	105
440	155	62	104
439	155	62	101
441	154	61	101
439	154	63	102
439	153	63	99
439	151	63	103
441	153	62	99
439	153	64	103
441	153	63	99
441	154	62	101
443	155	63	97
440	153	63	104
443	153	64	101
442	155	65	98
443	154	63	101
445	153	63	104
447	155	61	99
445	155	63	98
442	153	67	102
446	153	65	104
446	153	64	105
447	156	64	98
445	156	67	100
446	156	66	98
446	156	66	99
445	158	68	98
444	158	69	97
445	158	68	98
444	159	69	96
444	158	69	99
443	158	71	99
442	157	71	102
442	155	72	103
441	155	73	104
441	158	72	100
440	157	74	100
438	154	76	104
437	155	77	101
438	152	74	105
437	152	71	103
437	154	70	99
436	153	72	100
437	153	71	101
434	150	70	103
432	150	72	101
431	150	70	101
433	150	67	102
430	151	70	99
429	150	71	100
429	148	68	100
428	148	70	99
428	147	68	101
428	148	66	99
428	148	66	98
427	147	67	98
427	147	67	98
427	147	68	97
427	146	65	99
426	146	65	99
426	147	66	97
424	147	68	97
424	146	68	100
426	148	63	100
426	149	65	97
425	148	65	99
427	148	63	96
424	150	66	97
427	150	63	95
428	149	62	95
428	148	60	98
428	147	63	98
428	147	61	99
427	147	62	98
429	147	61	99
428	147	60	95
424	147	65	98
426	148	63	99
424	146	65	100
429	148	58	97
426	149	61	96
424	147	64	98
423	146	65	102
421	148	66	98
420	148	66	97
427	148	59	98
420	148	65	96
415	146	70	100
414	148	72	95
414	147	70	97
412	146	70	99
412	147	70	92
412	146	72	99
415	145	67	99
414	146	66	96
413	145	70	96
413	144	68	98
415	143	67	99
415	143	65	100
417	143	62	99
416	144	60	97
418	146	59	95
418	146	59	96
418	145	60	99
420	145	57	100
421	145	55	100
422	146	52	96
423	145	51	101
423	144	52	104
423	145	52	99
422	147	55	90
422	144	55	102
422	146	57	104
421	147	62	100
421	146	60	101
422	146	62	101
421	147	60	99
422	147	61	100
422	148	60	98
421	147	64	101
422	147	63	101
422	146	61	103
422	146	64	102
420	147	64	102
420	145	66	102
421	144	64	107
421	144	64	103
422	145	66	104
420	145	65	105
421	144	64	106
418	146	69	104
419	146	67	104
418	147	67	105
417	147	68	105
418	148	66	104
418	149	66	104
416	151	70	104
414	152	65	104
413	154	70	100
410	155	70	102
411	155	67	104
409	158	70	102
407	160	74	99
406	163	72	97
405	161	70	103
403	166	70	97
401	166	70	98
399	168	68	99
398	170	70	99
394	172	71	100
393	171	70	104
392	175	66	103
389	176	68	106
386	178	68	106
382	181	70	101
378	182	71	104
374	185	73	100
372	182	71	107
368	185	71	105
364	187	70	103
360	185	70	108
355	187	71	105
350	193	71	99
344	193	72	101
341	196	72	98
337	193	72	103
330	195	73	104
324	194	74	106
319	193	72	108
311	193	79	112
305	193	81	114
300	197	82	113
295	193	79	125
288	205	83	114
284	210	83	117
281	210	80	134
272	218	85	131
266	226	88	129
260	231	91	126
258	242	91	117
255	253	87	105
252	263	87	88
247	277	91	80
244	291	94	66
246	298	91	61
246	305	91	54
247	311	87	48
249	324	85	35
252	333	78	26
256	340	72	21
317	317	79	24
327	320	86	23
326	316	91	29
324	317	100	27
411	255	97	44
515	140	112	37
