278	188	101	126
277	185	101	132
278	184	106	131
278	185	100	132
278	186	99	136
277	189	101	126
279	188	102	128
279	188	97	129
275	187	105	129
279	188	101	129
280	189	98	128
276	187	98	130
280	186	100	129
278	185	99	134
277	188	105	127
277	185	101	134
277	186	99	132
278	187	102	128
275	184	100	135
274	190	103	127
276	189	102	126
276	185	97	133
273	186	101	133
271	186	101	133
271	187	99	134
268	189	101	129
267	186	101	132
263	187	101	134
262	188	99	134
257	187	103	133
258	185	103	132
254	185	97	132
249	184	104	139
247	183	101	138
245	184	98	136
242	185	103	134
240	186	99	133
237	185	95	135
232	186	98	134
229	184	96	134
226	186	94	131
222	187	94	131
218	186	96	134
215	185	95	134
211	184	100	134
210	181	94	140
206	183	98	134
202	182	98	135
199	184	99	135
195	184	102	134
192	184	95	133
189	182	96	137
187	184	91	132
182	185	97	133
182	181	91	136
180	182	94	134
177	184	94	134
176	183	96	135
176	179	93	140
175	180	95	139
175	183	97	134
176	184	99	131
176	185	99	133
176	185	99	130
177	184	95	135
176	186	100	134
178	186	91	132
176	183	97	137
178	185	96	136
177	191	96	131
176	192	98	133
177	192	98	135
177	192	95	138
177	198	97	133
176	200	96	134
178	202	94	133
177	206	94	133
177	209	99	132
177	212	96	133
175	217	102	130
175	218	101	133
177	222	98	131
178	227	93	128
178	229	96	126
176	231	97	125
176	237	99	117
175	237	99	120
175	242	100	117
176	245	95	110
177	247	93	108
177	249	88	104
177	253	85	102
176	257	87	97
176	257	91	97
177	260	87	94
177	264	87	88
175	265	92	91
176	270	86	84
176	270	90	87
178	275	85	80
176	278	90	78
176	277	92	79
177	278	90	78
178	277	89	77
178	280	86	75
176	280	90	75
176	278	92	77
179	278	86	77
178	279	89	77
175	279	93	75
174	278	95	79
175	277	91	78
178	279	89	76
176	279	90	75
174	278	94	77
174	278	92	76
173	276	94	78
174	274	93	81
174	272	92	82
175	271	89	82
173	271	91	83
172	269	91	83
173	268	91	85
171	266	92	87
171	262	94	94
172	261	88	94
170	258	91	98
169	257	92	97
169	255	94	100
168	253	92	100
167	250	93	106
168	248	89	107
167	246	93	110
167	243	95	113
167	245	91	109
165	240	95	116
167	238	91	117
167	237	95	120
167	234	97	124
166	230	96	124
164	227	101	129
164	225	98	131
163	223	100	133
162	220	102	137
162	218	105	137
162	215	101	142
159	211	108	143
158	208	106	145
158	204	108	146
157	203	110	148
159	202	104	143
158	198	102	148
157	197	105	143
157	192	104	147
155	191	108	149
155	187	112	149
156	186	103	148
155	181	109	153
155	180	104	149
155	180	105	152
153	182	110	150
155	179	106	154
155	176	103	159
154	179	106	153
154	180	106	152
156	181	107	151
155	182	107	149
157	180	104	151
157	182	103	149
159	183	107	148
159	182	105	148
159	183	106	149
160	183	108	148
160	183	109	148
160	180	111	152
162	183	106	148
165	183	106	148
167	185	101	143
168	183	106	149
171	184	107	147
177	183	103	148
180	182	105	150
183	181	107	149
186	184	108	148
190	184	107	148
195	183	107	148
197	183	109	148
202	184	107	148
205	186	105	144
209	185	105	144
211	185	106	146
213	188	108	144
217	186	109	144
222	183	108	147
227	187	109	144
231	188	104	143
233	188	105	140
237	187	104	142
243	185	102	145
244	184	111	147
247	185	111	144
251	186	110	144
252	184	109	149
256	187	110	141
260	185	110	143
264	185	111	145
269	183	107	146
271	183	108	147
274	182	112	148
276	186	114	144
281	185	113	144
286	181	110	149
288	184	113	144
294	183	109	147
301	183	104	145
298	184	110	146
304	182	110	146
309	181	110	149
312	183	111	144
318	181	106	149
316	183	104	148
318	189	110	138
318	184	110	146
322	183	107	146
322	184	110	146
323	186	105	145
322	184	108	146
324	181	105	147
321	185	107	144
323	183	104	146
322	183	108	147
322	182	108	148
320	179	107	151
319	181	106	151
324	181	102	150
317	182	107	148
324	182	100	150
317	184	104	146
313	185	104	142
319	183	101	147
314	184	101	145
315	185	100	144
309	182	111	150
311	185	105	142
315	186	101	142
311	184	103	145
315	181	107	152
312	181	106	152
317	184	102	146
313	184	105	145
319	184	106	146
316	181	102	150
319	184	107	144
317	181	103	149
319	179	103	152
315	182	107	147
320	180	102	150
316	183	105	148
317	183	103	147
321	182	100	146
316	184	103	142
317	181	108	149
319	183	102	147
318	187	105	140
316	184	107	145
318	182	102	146
318	188	105	138
317	185	100	145
319	182	103	151
318	183	104	145
321	183	101	145
320	183	98	145
323	182	99	149
316	178	106	153
315	180	102	148
318	178	109	153
318	178	103	150
319	180	106	147
316	179	108	145
318	173	102	154
321	171	105	156
318	169	104	155
321	171	106	152
320	167	104	156
319	167	107	157
318	163	108	161
320	167	105	155
320	166	109	156
320	160	105	161
318	163	108	155
322	160	102	161
320	159	103	159
321	158	103	158
319	160	106	155
324	155	101	161
320	159	107	156
321	159	103	158
321	157	108	159
320	158	104	158
320	161	101	152
320	160	105	154
323	157	102	160
323	159	102	158
322	162	99	153
322	164	101	154
323	165	102	152
321	163	100	155
322	170	103	151
317	166	104	152
321	166	98	157
322	169	97	154
319	167	103	155
322	175	100	147
322	174	101	149
316	173	106	152
321	176	105	149
318	177	102	150
321	180	100	144
320	184	104	141
322	180	100	147
317	179	101	149
319	182	103	150
320	184	103	145
319	184	104	148
316	186	102	145
317	189	107	144
317	190	103	142
321	191	105	140
317	189	104	144
316	192	109	142
319	194	101	141
325	194	99	140
320	194	100	143
320	193	105	145
321	194	103	142
319	194	99	145
323	196	103	145
317	199	103	141
322	198	104	144
318	197	104	146
322	205	103	138
321	198	100	147
317	205	105	139
316	202	106	144
316	204	108	142
315	205	108	141
319	205	104	143
313	210	108	136
315	210	107	137
314	213	110	134
313	214	108	136
313	215	108	132
319	215	107	134
321	213	105	134
319	214	108	136
323	214	102	140
323	216	104	135
325	215	102	136
323	219	105	131
326	216	103	134
317	222	112	128
314	219	116	132
318	218	109	131
318	219	109	131
314	219	115	132
311	221	118	130
314	215	114	135
313	219	117	133
315	221	115	128
320	218	108	133
316	216	113	135
318	220	109	131
318	217	109	134
313	219	116	131
312	219	115	132
315	221	113	126
314	217	114	135
316	222	113	126
318	219	110	132
319	215	110	136
319	218	110	133
317	220	115	130
315	220	114	132
315	222	115	124
315	219	115	131
316	217	113	135
314	217	114	133
312	223	119	127
314	221	114	130
315	217	116	134
314	221	115	130
313	216	116	136
312	217	118	135
316	218	115	130
313	220	115	131
316	220	112	126
316	224	112	125
312	223	118	127
315	218	111	131
311	220	118	130
312	218	116	133
315	222	114	127
314	223	115	126
317	219	110	132
313	219	114	131
314	221	114	128
313	217	115	134
316	221	112	127
319	218	109	131
317	221	111	129
314	222	116	127
315	218	115	131
315	221	115	129
315	216	114	135
312	222	116	129
314	222	114	127
315	219	114	130
314	221	113	129
314	215	114	138
320	219	107	131
326	217	101	135
329	220	99	129
319	219	112	132
320	220	108	129
322	219	108	129
325	217	106	135
323	216	107	138
326	218	100	130
322	219	108	131
324	216	106	137
322	218	109	133
325	222	104	126
328	217	101	132
318	219	113	132
316	218	113	134
314	221	115	130
316	222	112	126
316	222	113	130
317	219	111	130
316	221	112	129
317	215	111	137
314	218	117	135
315	218	116	131
319	220	108	132
319	213	111	141
320	219	110	130
320	218	109	134
321	217	109	134
317	219	112	132
317	218	110	131
316	220	112	128
315	220	112	130
314	219	112	132
315	219	113	130
315	219	115	133
318	216	111	133
318	218	108	134
318	221	110	128
315	221	116	128
316	220	113	127
314	221	114	129
315	219	112	133
319	219	107	131
323	219	105	132
319	217	108	135
320	220	105	131
321	221	107	128
320	221	108	129
322	218	105	132
321	218	106	134
316	218	112	133
318	221	110	128
317	220	110	130
318	218	110	132
320	221	109	128
324	220	103	128
328	217	98	133
329	217	97	134
329	216	96	135
330	216	96	134
322	220	107	130
324	219	104	130
328	221	98	129
327	218	101	132
328	220	99	130
322	220	104	131
323	216	104	135
315	223	112	127
322	219	104	129
322	216	106	136
323	218	103	134
316	221	112	128
319	219	108	131
318	219	110	132
323	217	105	132
319	219	108	133
319	219	109	131
319	220	108	129
320	221	108	129
326	217	101	131
321	221	108	130
324	218	105	130
326	217	102	134
327	217	101	133
322	219	107	132
324	217	105	133
319	218	109	133
318	219	111	130
324	217	105	131
329	219	99	131
325	221	105	130
327	217	101	134
322	218	106	133
325	218	105	133
321	219	108	132
325	219	104	130
324	217	105	135
325	215	103	138
320	217	110	133
320	222	107	128
324	220	104	130
328	217	101	131
328	218	99	133
329	217	100	132
323	216	105	134
326	220	102	130
329	218	99	131
324	216	105	135
326	217	103	132
324	221	105	129
317	219	113	131
319	217	108	133
317	216	112	134
317	218	111	133
318	216	109	134
316	218	112	134
319	218	110	132
321	216	108	134
322	218	106	132
322	218	107	131
322	218	106	134
323	215	107	135
324	219	104	133
324	219	105	129
317	215	113	136
312	219	118	132
314	216	116	135
318	221	111	128
321	213	107	137
318	219	113	133
319	219	111	130
319	218	110	132
319	219	109	133
321	216	107	134
324	220	106	131
326	218	104	130
328	218	102	133
327	216	102	134
330	219	100	131
329	218	98	134
330	221	98	129
333	220	97	130
335	220	93	130
330	222	102	127
331	220	97	131
328	216	100	136
330	218	97	133
330	220	96	130
334	219	89	130
333	220	84	131
336	222	77	130
335	220	76	132
334	224	76	127
333	219	74	133
332	218	74	137
332	228	75	123
327	227	82	126
325	228	87	124
322	224	88	128
320	218	86	133
322	221	85	134
321	226	82	127
331	226	72	128
327	230	77	126
326	238	75	116
323	239	76	115
323	241	72	112
321	247	76	106
323	262	70	90
323	265	66	84
325	267	56	83
328	267	48	83
331	276	37	75
332	279	30	73
332	292	25	62
335	294	18	61
253	265	13	59
291	323	19	61
365	260	24	61
439	281	22	56
451	289	17	49
504	230	22	51
447	293	21	55
434	290	26	53
429	282	30	56
422	294	35	52
431	292	38	52
424	291	40	49
418	289	43	50
424	287	44	52
424	289	38	51
429	286	41	55
427	290	36	47
433	289	38	49
429	286	44	51
435	289	46	50
433	288	48	51
433	289	44	47
440	287	47	51
439	287	48	52
445	288	52	51
442	286	54	54
441	286	57	54
441	281	62	61
439	286	65	53
439	283	68	55
440	281	63	60
441	282	57	55
444	283	49	57
445	283	44	54
460	281	32	57
464	279	26	58
465	284	26	51
463	288	31	46
471	288	25	44
470	293	25	40
475	294	21	36
474	292	22	39
476	292	23	39
482	289	28	44
473	293	24	39
470	294	29	38
468	296	30	35
475	295	22	36
481	293	22	37
477	293	25	41
477	294	24	37
473	294	26	36
476	295	27	37
475	294	21	38
479	296	21	33
472	298	15	33
483	298	14	32
483	297	11	34
483	297	10	34
481	297	8	33
480	296	9	34
479	295	9	36
478	294	8	36
458	305	8	32
475	298	9	34
479	297	11	35
473	296	9	36
476	294	9	36
471	296	10	36
475	292	13	39
470	292	11	40
469	295	10	39
475	294	9	39
469	291	12	41
468	289	12	45
467	284	13	47
465	290	14	49
466	287	14	48
459	294	10	44
465	293	12	42
459	293	10	41
458	291	9	42
458	290	10	46
450	288	11	49
454	285	13	53
446	285	12	54
444	281	14	59
433	278	15	62
441	275	18	66
430	272	17	68
438	278	20	74
436	272	19	76
436	269	17	75
446	279	17	70
443	276	18	71
453	285	22	68
465	286	15	63
475	294	13	62
483	293	14	62
498	289	14	66
515	294	14	67
530	295	16	63
547	302	15	63
557	297	16	64
567	303	13	66
581	299	18	69
578	298	23	64
488	266	23	57
403	291	33	54
311	292	37	55
309	293	41	54
308	292	44	56
308	293	44	57
309	292	43	62
308	292	44	62
308	292	43	60
309	291	41	61
309	292	39	57
308	291	39	56
309	290	37	57
308	289	39	55
307	289	37	50
307	287	38	54
307	287	38	50
306	287	38	48
307	287	39	49
308	286	38	50
307	285	39	52
308	285	39	49
309	284	38	50
310	283	37	56
309	283	39	53
310	281	38	55
310	280	38	59
309	280	39	56
309	280	38	49
310	278	37	49
310	278	37	46
309	276	37	47
309	274	36	49
309	275	36	47
308	273	35	47
308	273	36	46
307	271	36	48
308	271	35	47
307	269	35	49
307	268	37	49
307	266	37	50
307	266	37	48
307	266	36	47
308	263	36	50
308	262	35	50
309	262	36	49
309	262	36	49
309	261	36	47
309	260	36	47
309	258	36	50
309	256	36	51
309	255	36	50
309	256	35	49
309	254	35	50
309	254	35	49
308	254	35	48
308	253	36	48
307	252	35	47
308	251	34	48
308	251	33	49
307	252	35	46
308	252	34	47
308	251	35	51
308	252	33	47
309	251	33	48
309	252	33	47
309	251	33	49
308	252	33	47
308	252	34	46
308	252	34	47
308	251	34	48
309	251	33	49
308	252	33	48
308	252	34	46
308	252	34	47
308	250	35	52
308	250	34	52
308	251	35	48
308	251	33	48
309	252	32	46
308	252	35	47
308	252	33	47
308	252	33	47
309	252	33	47
309	251	33	50
308	250	33	49
308	251	33	49
308	251	34	50
308	250	33	51
308	251	34	48
308	251	35	50
308	251	33	48
309	251	32	48
308	252	33	48
308	252	34	48
308	254	34	46
308	254	34	48
308	254	34	50
308	257	34	48
307	257	35	50
307	258	35	54
308	262	34	54
308	266	34	47
308	269	35	48
307	272	35	50
308	276	34	47
308	280	33	45
308	282	34	48
308	286	34	48
307	289	34	49
307	292	34	46
307	296	34	49
306	299	35	51
306	303	34	48
306	306	37	48
306	308	34	46
306	311	34	45
306	312	35	44
306	312	35	45
306	312	36	45
306	312	35	45
306	311	36	46
306	312	35	45
307	311	33	46
306	313	36	45
307	312	34	44
306	313	34	44
307	314	34	43
306	313	33	44
305	313	34	44
304	312	33	46
303	313	35	45
301	314	33	43
300	313	32	45
298	312	31	45
295	312	33	45
292	312	31	47
290	312	30	47
286	311	30	47
283	312	29	45
280	313	28	44
276	313	27	43
271	313	27	43
268	314	26	43
265	312	26	44
261	313	25	44
259	313	23	44
254	312	22	44
251	311	21	46
248	310	21	47
245	311	19	46
241	311	20	47
238	312	18	46
235	311	18	46
231	311	17	46
228	311	16	45
226	311	13	47
223	311	12	46
220	310	12	47
218	310	12	47
217	310	11	46
216	311	13	45
217	310	12	45
217	311	13	44
218	311	13	44
218	312	14	44
220	311	13	46
220	311	13	46
219	311	12	47
219	310	11	46
219	309	12	48
219	309	11	46
218	308	12	45
219	306	11	44
218	305	13	44
219	303	12	46
218	301	13	45
218	298	12	44
218	294	12	44
218	291	11	44
218	287	11	45
218	285	11	45
218	282	11	45
218	278	12	46
218	277	11	44
218	274	11	43
218	270	11	44
218	267	12	43
217	264	13	44
217	261	11	44
217	259	11	43
217	256	12	42
217	254	12	40
217	255	11	35
218	253	11	33
218	252	11	32
218	251	10	30
218	246	10	30
218	242	10	31
218	238	9	32
218	235	10	31
218	231	10	33
218	227	11	33
218	223	10	36
218	220	11	38
218	219	10	40
218	218	10	40
218	218	10	41
218	218	11	41
219	217	10	43
219	218	10	41
218	220	10	39
219	220	10	39
219	219	9	41
219	219	10	40
218	218	11	41
219	218	10	41
219	219	9	41
219	218	10	41
218	219	11	40
218	217	10	42
218	216	10	43
217	216	11	43
216	216	12	42
215	216	14	42
214	214	15	45
214	213	16	45
212	211	17	48
211	210	19	49
210	211	20	47
209	210	21	49
207	211	24	48
208	209	24	52
207	208	25	53
208	208	26	54
207	208	28	56
207	208	28	54
207	207	30	61
207	209	31	59
208	208	32	60
209	208	33	61
209	208	33	61
209	207	36	62
208	207	39	62
209	206	40	64
209	208	41	61
208	207	43	62
208	206	44	62
209	207	43	62
210	207	43	63
209	207	42	63
209	206	43	64
208	206	44	65
209	208	44	64
209	207	42	64
210	207	42	65
210	207	42	63
210	207	43	63
210	208	41	62
210	207	42	63
210	207	42	63
210	207	42	65
211	207	41	64
212	208	41	63
211	207	43	62
212	208	44	63
214	209	42	64
216	210	43	64
219	212	41	62
220	212	43	63
221	213	42	61
224	214	41	58
224	215	41	51
225	215	43	55
227	216	42	55
228	216	44	51
230	217	43	49
232	218	42	49
233	219	41	47
235	219	39	50
236	219	41	50
235	220	42	47
237	219	42	50
238	221	42	47
239	220	42	52
240	222	40	49
241	222	41	49
242	224	40	46
243	223	41	50
244	223	42	49
245	225	41	47
247	223	40	50
247	224	40	49
248	224	41	49
248	224	42	51
249	225	41	52
250	223	41	54
250	225	40	49
250	225	40	48
250	225	41	47
250	225	41	50
250	225	41	52
250	226	40	48
250	225	41	51
251	225	40	50
250	224	41	51
249	225	42	53
250	224	41	53
249	224	41	52
248	225	42	51
249	225	41	49
249	226	41	48
250	225	40	50
250	225	41	49
250	225	39	49
249	224	40	48
249	224	40	50
250	222	41	53
249	224	40	47
250	222	40	53
250	221	42	52
250	220	43	51
250	218	45	53
251	216	44	55
251	217	45	54
251	217	45	51
252	215	46	55
253	216	45	55
252	218	44	48
252	216	45	53
252	217	43	52
252	217	43	50
251	218	44	49
250	219	44	49
251	220	43	47
249	219	44	55
250	220	42	56
249	222	41	50
249	223	41	50
249	224	40	53
248	223	41	50
247	226	40	51
247	226	39	49
247	228	37	46
245	229	37	44
244	230	39	47
245	230	36	50
243	230	37	50
243	232	35	46
243	231	35	51
241	233	34	46
240	234	35	50
239	234	35	48
239	234	34	49
239	235	32	47
238	236	31	47
238	237	30	46
238	238	30	46
237	238	28	47
237	239	29	48
236	241	27	46
236	242	27	44
236	241	27	45
235	242	26	47
236	242	25	45
235	245	25	43
235	244	23	46
234	246	23	46
235	245	22	43
263	276	24	44
206	219	28	51
203	218	33	55
183	132	31	50
172	120	33	54
161	134	41	46
155	130	48	45
153	127	45	47
150	123	48	48
150	133	56	48
150	126	64	55
153	124	69	58
156	131	65	55
158	122	68	58
156	128	74	62
161	121	75	66
159	133	83	60
162	124	88	61
164	117	93	67
153	138	89	57
159	128	86	58
150	187	87	59
145	186	82	66
143	180	78	83
136	178	85	109
134	166	76	120
136	146	69	151
135	161	67	143
131	137	71	165
131	152	60	154
128	161	64	146
128	167	51	139
127	152	51	154
123	164	55	143
120	142	60	164
120	154	49	152
118	141	56	160
116	153	57	150
128	105	73	141
122	127	70	163
124	116	68	170
128	112	54	171
143	87	65	189
141	111	68	206
144	104	71	227
175	103	86	238
165	107	122	235
149	90	160	254
143	62	200	283
138	72	248	267
131	58	260	283
134	62	257	275
134	63	253	275
130	66	259	272
135	64	251	270
135	62	254	276
137	66	249	274
134	63	249	281
129	65	255	272
135	56	246	288
128	58	255	287
130	63	251	276
127	64	251	276
121	66	265	274
129	61	255	281
127	63	258	280
123	69	266	270
126	70	260	271
131	67	258	274
126	73	260	265
132	72	259	268
123	68	275	274
129	67	261	274
131	61	265	280
125	70	268	267
128	63	268	274
125	68	279	274
130	71	266	268
126	76	272	259
136	71	260	267
137	72	261	264
143	64	257	274
145	68	248	274
148	75	252	262
143	72	264	265
135	74	280	263
136	75	278	264
142	70	266	271
141	71	271	273
147	72	266	274
150	76	261	266
149	70	255	274
154	74	247	265
155	70	252	279
157	76	249	272
157	81	251	262
152	76	257	269
158	77	247	272
152	67	253	283
154	81	246	267
156	81	242	263
157	81	240	265
161	76	236	271
163	73	237	270
173	74	231	269
183	64	233	290
190	66	233	281
204	74	226	274
211	76	241	265
216	73	247	267
222	77	269	261
232	81	284	254
247	81	290	253
232	89	334	246
232	87	362	248
240	95	373	245
308	89	328	246
325	89	317	250
366	88	279	258
168	61	223	273
189	50	172	283
226	85	141	271
235	62	128	268
234	123	130	232
240	145	106	177
239	157	108	161
240	154	108	160
241	156	104	157
244	156	101	158
244	155	102	156
243	155	102	159
242	161	104	156
243	162	101	150
242	160	102	152
243	160	99	150
246	164	97	146
243	167	96	144
244	170	99	137
241	169	103	138
243	168	100	142
241	168	100	140
245	167	97	142
246	166	99	142
241	163	101	149
243	164	103	146
243	160	102	150
244	159	101	151
243	157	103	155
243	157	102	154
246	159	102	155
242	161	103	152
239	160	105	149
242	160	104	151
244	164	97	148
243	164	96	145
240	168	99	142
238	165	100	142
238	163	97	148
236	164	100	142
235	166	98	144
235	166	94	145
229	168	97	144
226	166	97	143
222	165	97	148
219	164	99	145
213	167	98	146
209	164	101	146
204	163	104	149
199	161	106	152
197	161	103	151
195	166	100	145
188	166	103	145
185	165	104	146
181	167	107	141
182	167	99	143
178	167	97	142
174	169	99	138
170	168	101	137
165	170	100	138
160	167	104	143
158	165	106	146
155	165	101	143
150	165	102	145
148	163	101	144
145	162	100	146
140	163	104	147
138	164	102	147
136	164	102	145
136	164	101	145
137	165	106	145
138	165	103	143
137	160	105	149
139	164	102	144
141	164	102	142
140	164	104	145
140	165	106	143
142	163	102	145
140	162	106	147
141	164	106	144
141	162	102	147
142	163	103	146
144	165	100	144
145	162	102	148
150	162	104	147
148	159	105	149
154	160	107	150
152	165	104	143
163	164	100	143
166	166	95	141
170	166	96	143
171	167	106	140
176	164	107	143
176	164	102	145
181	164	104	144
186	164	104	147
187	159	103	152
190	163	105	149
192	164	105	147
200	163	104	147
203	165	103	147
205	164	105	148
210	165	105	145
214	163	107	150
216	164	103	147
219	159	104	153
223	166	104	142
229	165	103	143
233	163	103	148
237	162	102	147
240	162	104	147
243	157	102	156
243	162	108	152
246	161	110	151
250	164	110	152
255	163	108	151
257	161	110	152
261	163	109	149
264	161	107	152
267	160	106	151
270	162	108	149
277	160	106	151
282	162	104	148
282	163	105	148
281	164	114	144
284	162	113	150
290	160	112	150
293	162	112	147
290	161	114	150
298	162	113	148
312	161	104	149
316	163	102	145
319	162	104	148
324	163	100	148
320	163	108	145
326	162	105	148
328	159	108	153
330	161	110	150
333	159	109	155
341	161	104	150
349	161	98	152
348	162	102	150
351	162	101	149
354	162	96	151
352	164	103	149
352	163	100	148
354	160	99	152
358	161	93	149
358	163	93	148
356	162	95	148
352	164	97	146
353	163	97	149
357	166	94	145
358	166	91	141
351	164	99	145
348	164	101	147
349	165	99	147
350	163	100	146
345	162	107	149
343	161	109	150
342	160	105	149
340	161	107	151
348	163	98	149
349	163	95	148
342	161	104	152
341	161	105	151
331	165	119	146
332	159	116	155
340	159	108	155
340	162	108	150
335	164	116	150
341	162	106	148
339	164	109	148
334	167	117	143
344	165	106	150
340	164	108	147
344	164	103	146
339	164	109	142
342	163	107	148
336	164	115	147
341	165	107	148
337	163	113	148
337	164	113	147
335	166	113	144
346	163	105	149
348	166	102	147
348	160	104	151
341	165	110	144
346	162	105	151
352	162	101	149
355	166	96	142
360	162	92	148
361	161	94	150
354	166	102	142
356	164	100	144
359	159	94	152
359	164	95	143
360	161	96	149
358	162	96	149
354	163	99	147
358	162	99	148
357	164	97	144
363	167	89	140
362	164	91	145
357	166	95	143
362	164	92	145
357	163	94	146
357	160	101	150
354	162	98	148
355	165	99	144
362	160	94	148
358	162	96	148
361	161	97	148
357	162	98	144
361	159	91	152
361	160	95	149
354	163	103	145
355	161	97	148
355	163	102	147
356	164	98	144
361	159	94	150
354	160	99	148
356	161	96	144
362	156	96	151
357	159	96	149
358	155	99	152
354	157	100	149
359	153	101	152
359	157	98	149
358	154	98	148
363	152	100	148
362	153	96	148
361	153	101	147
360	151	101	149
359	150	104	153
357	148	105	151
362	146	100	152
361	145	100	154
360	146	101	150
360	145	102	152
361	144	100	151
362	146	100	149
362	147	101	146
357	147	106	145
358	149	103	141
363	144	102	147
363	142	100	150
362	142	101	149
360	140	103	152
358	141	108	153
367	144	97	145
360	142	104	149
364	141	99	152
358	141	105	151
364	142	99	151
364	141	100	150
363	142	99	150
361	141	101	150
362	142	102	148
360	144	102	148
359	145	104	147
360	147	103	144
360	142	103	150
358	141	106	151
360	140	103	156
360	145	103	146
359	145	105	147
357	143	106	151
362	144	102	149
362	144	100	147
361	142	101	152
359	143	105	150
365	140	96	154
362	141	100	150
359	142	105	151
360	139	104	153
363	142	99	149
364	143	98	148
362	144	101	145
361	142	104	146
363	141	99	147
359	141	103	147
360	138	106	149
359	134	104	154
362	131	100	154
364	132	99	151
363	128	103	152
362	126	105	149
359	125	106	148
368	119	99	151
365	115	100	156
364	112	102	154
362	112	104	152
366	105	103	156
361	103	109	156
367	98	101	159
364	94	104	158
371	93	98	156
366	90	101	156
365	84	104	161
365	83	104	159
367	80	103	161
368	76	101	162
368	76	101	159
365	76	105	160
367	74	105	163
369	76	99	160
368	72	108	166
364	74	104	166
364	76	105	163
374	74	93	162
367	79	103	159
364	77	106	160
363	87	106	149
367	81	101	158
367	86	100	154
364	81	106	161
369	85	98	160
367	89	101	159
366	97	102	152
367	96	101	156
364	97	104	159
366	101	100	160
364	102	101	159
366	110	97	152
367	115	97	150
364	119	100	149
361	120	105	151
358	122	105	151
363	126	101	149
359	127	103	149
365	131	101	144
364	135	99	148
360	137	105	146
362	136	99	152
364	141	97	149
359	145	104	146
361	147	100	146
357	151	107	145
359	153	101	145
360	153	102	147
360	155	100	148
356	162	107	144
356	165	101	142
356	166	103	141
355	165	101	147
361	168	97	145
352	175	105	137
357	176	96	140
361	180	98	139
358	179	98	140
359	182	97	139
358	184	96	140
357	184	96	142
362	190	93	138
361	193	90	137
357	195	95	136
357	201	97	131
357	197	96	140
357	203	96	135
354	203	95	138
357	206	95	136
355	209	94	134
361	212	89	133
357	214	91	132
357	216	90	134
357	218	91	131
354	217	93	129
356	216	91	132
354	216	91	132
354	217	94	131
349	218	96	130
350	217	97	130
352	216	96	131
355	217	92	132
363	219	85	130
363	217	84	134
364	217	85	133
362	217	86	133
362	217	88	133
366	217	84	133
362	220	88	129
364	217	83	133
360	219	89	130
359	219	89	129
354	219	96	130
354	216	94	132
358	215	89	134
367	215	79	133
366	219	80	129
367	220	79	126
363	217	85	128
356	212	95	133
363	213	86	131
363	210	89	134
364	208	88	137
362	211	90	132
367	207	87	138
368	209	85	136
367	207	84	138
370	208	80	138
361	208	91	136
358	211	94	132
360	209	91	136
353	207	96	139
356	215	95	128
355	210	93	134
360	213	88	133
357	211	92	135
361	214	87	133
357	214	92	134
359	216	88	132
356	216	93	132
361	219	85	131
353	221	95	129
357	219	90	132
357	220	89	132
357	219	90	132
356	222	90	131
353	220	92	135
355	221	88	132
352	223	90	133
349	222	92	133
349	227	92	129
351	223	92	133
352	226	87	130
351	230	92	127
347	233	94	123
353	234	88	122
352	235	87	120
351	236	88	119
348	235	92	121
351	235	86	121
348	234	92	123
345	233	92	125
350	238	86	120
350	238	84	119
348	240	90	118
343	241	90	116
347	243	87	116
346	242	87	115
344	240	88	119
340	245	93	111
336	242	95	115
342	248	89	106
334	244	97	111
341	246	90	107
337	242	92	115
340	242	93	114
339	242	93	112
338	245	93	113
343	244	89	110
339	242	92	115
341	242	92	116
339	245	93	113
330	244	104	114
343	243	89	113
344	244	88	113
349	243	83	115
344	244	88	114
345	246	88	111
341	244	90	115
