1.00
1.14
1.06
1.11
1.10
1.09
1.10
1.07
1.07
1.08
1.12
1.12
1.09
1.07
1.07
1.07
1.11
1.13
1.08
1.08
1.09
1.09
1.05
1.07
1.06
1.06
1.07
1.07
1.07
1.06
1.07
1.11
1.08
1.10
1.05
1.12
1.13
1.13
1.13
1.10
1.14
1.14
1.10
1.12
1.14
1.15
1.15
1.13
1.16
1.11
1.11
1.13
1.12
1.13
1.13
1.12
1.10
1.10
1.07
1.11
1.08
1.12
1.11
1.10
1.11
1.06
1.08
1.08
1.07
1.08
1.06
1.05
1.04
1.02
1.02
1.01
1.02
0.99
0.95
0.99
0.98
1.02
0.98
1.02
0.99
0.99
1.00
0.96
0.93
0.95
0.95
0.93
0.93
0.92
0.89
0.95
0.90
0.87
0.84
0.83
0.83
0.96
0.96
0.92
0.95
0.95
0.91
0.87
0.87
0.84
0.84
0.82
0.81
0.80
0.75
0.80
0.80
0.75
0.73
0.68
0.74
0.89
0.90
0.87
0.91
0.91
0.91
0.92
0.86
0.90
0.83
0.80
0.83
0.79
0.81
0.84
0.83
0.83
0.79
0.85
0.81
1.02
1.05
1.03
0.95
1.00
1.02
1.04
1.03
1.03
1.04
1.04
1.07
1.09
1.11
1.06
1.10
1.13
1.11
1.14
1.11
1.12
1.15
1.16
1.12
1.19
1.18
1.19
1.18
1.14
1.21
1.11
1.15
1.18
1.17
1.18
1.16
1.14
1.17
1.14
1.18
1.09
1.09
1.08
1.08
1.04
1.07
1.04
1.06
1.05
1.05
1.04
1.04
1.02
1.01
1.02
1.02
0.98
0.96
0.94
0.96
0.96
0.97
0.93
0.94
0.92
0.93
0.90
0.89
0.88
0.84
0.87
0.84
0.86
0.83
0.86
0.87
0.86
0.86
0.86
0.85
0.99
0.98
0.97
0.98
1.00
0.97
0.99
1.01
0.98
0.97
0.99
0.97
0.99
0.99
0.98
0.94
0.95
0.90
0.91
0.89
1.01
0.95
0.91
0.94
0.90
0.92
0.93
0.92
0.96
0.94
1.00
0.95
0.98
0.95
0.98
0.95
0.92
0.93
0.94
0.96
1.04
1.00
0.99
1.00
0.97
0.98
1.01
0.99
0.99
0.99
0.97
0.97
0.96
0.94
0.94
0.95
0.93
0.92
0.89
0.84
0.92
0.86
0.89
0.88
0.83
0.84
0.87
0.87
0.86
0.83
0.84
0.80
0.80
0.77
0.77
0.79
0.75
0.70
0.71
0.74
0.87
0.90
0.87
0.85
0.87
0.88
0.88
0.83
0.81
0.85
0.82
0.82
0.81
0.77
0.74
0.75
0.75
0.72
0.70
0.74
0.96
0.88
0.83
0.79
0.81
0.80
0.80
0.81
0.80
0.78
0.76
0.77
0.72
0.76
0.70
0.70
0.75
0.76
0.68
0.75
0.90
0.93
0.96
0.94
0.99
0.92
0.87
0.90
0.97
0.93
0.93
0.92
0.93
0.96
0.91
0.92
0.90
0.90
0.86
0.88
1.03
0.98
0.94
0.95
0.96
1.03
1.00
1.01
1.04
1.01
1.09
1.07
0.98
0.80
0.85
0.85
0.76
0.86
0.81
0.87
0.82
0.91
0.83
0.92
0.88
0.87
0.87
0.90
0.84
0.86
0.88
0.79
0.82
0.85
0.78
0.79
0.81
0.85
0.78
0.75
0.96
0.96
0.92
0.94
0.97
0.93
0.99
1.00
0.91
0.89
0.88
0.88
0.90
0.89
0.86
0.88
0.84
0.86
0.88
0.82
0.96
0.99
0.95
0.99
1.00
0.96
0.98
0.97
0.92
0.98
0.97
0.97
0.95
0.96
0.96
0.92
0.97
0.95
0.97
0.99
1.06
1.01
1.01
1.03
1.07
1.07
1.00
1.02
1.00
0.96
1.01
0.98
1.00
1.01
1.03
1.04
1.02
1.03
0.99
0.94
0.99
0.99
0.97
0.99
1.00
0.94
0.95
0.93
0.98
0.93
1.00
0.97
1.00
0.97
0.97
0.94
0.96
0.97
0.97
0.95
0.94
1.03
0.98
0.93
0.93
0.99
0.96
0.96
0.98
1.01
1.01
1.07
1.08
1.05
1.09
1.09
1.10
1.13
1.10
1.05
1.20
1.17
1.14
1.15
1.18
1.10
1.21
1.16
1.15
1.06
1.11
1.12
1.12
1.09
1.07
1.01
1.07
1.09
1.07
0.97
0.98
0.98
1.01
0.98
0.96
0.92
0.91
0.92
0.83
0.88
0.84
0.82
0.84
0.75
0.83
0.82
0.80
0.76
0.80
0.73
0.89
0.76
0.79
0.84
0.76
0.78
0.79
0.76
0.74
0.73
0.71
0.73
0.64
0.69
0.71
0.67
0.65
0.66
0.62
0.56
0.84
0.89
0.91
0.85
0.81
0.89
0.77
0.76
0.78
0.79
0.76
0.72
0.78
0.76
0.66
0.66
0.63
0.61
0.65
0.60
0.77
0.76
0.70
0.71
0.63
0.59
0.58
0.56
0.55
0.57
0.52
0.56
0.57
0.56
0.55
0.60
0.59
0.57
0.57
0.59
0.86
0.89
0.80
0.87
0.84
0.80
0.87
0.80
0.88
0.82
0.78
0.81
0.76
0.79
0.73
0.75
0.76
0.77
0.81
0.76
0.97
0.96
0.97
0.96
0.99
0.99
0.96
0.96
1.00
0.92
0.92
0.94
0.95
0.95
0.94
0.99
0.97
1.00
1.00
0.99
1.04
1.10
1.09
1.07
1.06
1.09
1.05
1.11
1.06
1.04
1.05
1.01
1.03
1.04
1.00
0.96
0.92
0.90
0.83
0.78
0.84
0.85
0.94
0.87
0.84
0.92
0.84
0.84
0.87
0.86
0.88
0.85
0.85
0.91
1.12
1.13
1.12
1.13
1.03
1.04
0.91
0.73
0.59
0.66
0.61
0.65
0.65
0.61
0.60
0.62
0.67
0.65
0.73
0.65
0.64
0.61
0.72
0.66
0.63
0.68
0.85
0.80
0.86
0.77
0.84
0.86
0.86
0.77
0.79
0.86
0.85
0.83
0.79
0.86
0.87
0.82
0.85
0.77
0.80
0.86
0.94
0.97
1.01
1.00
0.94
0.98
0.99
1.04
0.95
1.04
0.94
1.02
0.91
1.02
1.00
0.94
1.00
1.00
1.01
1.02
1.02
1.03
1.01
1.04
1.04
1.01
1.00
0.99
1.01
1.03
1.00
0.99
1.02
1.02
0.98
0.97
0.99
0.99
0.99
0.98
1.05
1.02
1.02
1.03
0.98
1.00
0.99
0.99
0.98
0.98
0.97
0.94
0.97
0.97
0.95
0.95
0.95
0.97
0.93
0.91
1.03
1.04
1.07
1.00
0.95
0.98
0.98
0.96
1.04
1.05
1.03
0.99
0.97
0.99
0.88
0.92
0.86
0.96
0.86
0.93
1.09
1.08
1.10
1.14
1.17
1.14
1.09
1.12
1.09
1.11
1.07
1.05
1.08
1.10
1.09
1.09
1.04
1.09
1.09
1.07
0.97
1.07
1.01
1.09
1.04
1.06
1.06
1.04
1.05
1.06
1.00
0.95
0.91
0.89
0.89
0.88
0.84
0.82
0.79
0.76
0.71
0.72
0.71
0.59
0.77
0.90
0.91
0.91
0.91
0.88
0.89
0.87
0.87
0.83
0.83
0.82
0.74
0.75
0.71
0.70
0.83
0.80
0.79
0.77
0.72
0.65
0.62
0.54
0.38
0.38
0.32
0.23
0.27
0.24
0.10
0.11
0.12
0.19
0.14
0.25
0.23
0.34
0.38
0.45
0.48
0.43
0.56
0.47
0.48
0.45
0.48
0.47
0.56
0.58
0.56
0.52
0.54
0.56
0.53
0.58
0.63
0.65
0.67
0.65
0.67
0.63
0.69
0.66
0.67
0.67
0.66
0.63
0.66
0.66
0.59
0.61
0.62
0.59
0.59
0.59
0.77
0.66
0.59
0.49
0.49
0.46
0.43
0.39
0.40
0.27
0.19
0.26
0.24
0.26
0.38
0.38
0.43
0.39
0.24
0.06
0.12
0.08
0.11
0.08
0.12
0.16
0.16
0.12
0.17
0.16
0.16
0.19
0.16
0.14
0.17
0.16
0.17
0.14
0.16
0.15
0.41
0.41
0.39
0.42
0.42
0.38
0.42
0.41
0.42
0.38
0.42
0.38
0.42
0.42
0.39
0.38
0.39
0.44
0.42
0.45
0.65
0.62
0.61
0.65
0.65
0.64
0.62
0.67
0.65
0.64
0.60
0.62
0.70
0.65
0.64
0.65
0.61
0.67
0.66
0.65
0.78
0.80
0.80
0.77
0.81
0.80
0.74
0.73
0.79
0.79
0.75
0.83
0.78
0.79
0.80
0.75
0.80
0.80
0.83
0.78
1.02
0.93
0.97
0.95
0.97
0.98
1.05
1.02
0.97
0.98
0.88
0.86
0.93
0.91
0.93
0.85
0.87
0.98
1.03
1.01
0.96
1.00
0.94
0.97
0.96
0.93
0.87
1.00
0.97
1.01
0.97
0.98
0.99
1.00
1.04
0.92
0.97
1.00
1.01
1.03
1.04
1.04
1.03
1.01
1.05
1.01
1.02
1.02
1.03
1.05
1.06
1.03
1.02
0.99
1.00
1.01
1.04
1.01
1.07
1.02
1.02
1.11
1.07
1.09
1.08
1.04
1.09
1.03
1.10
0.92
0.99
1.08
1.05
1.07
1.05
1.08
1.00
1.04
1.09
1.12
1.07
1.10
1.07
0.99
1.14
1.00
1.06
1.00
1.06
1.05
1.08
1.05
1.16
0.97
1.06
1.12
1.13
0.97
1.07
1.12
1.06
1.08
1.06
1.06
1.13
1.12
1.05
1.03
1.09
1.14
1.06
1.05
1.11
1.05
1.11
1.05
1.08
1.06
1.12
1.02
1.05
1.08
1.10
1.08
0.95
1.09
1.14
1.07
1.10
1.06
1.08
1.05
0.93
1.02
1.10
1.08
1.11
1.08
1.12
1.04
1.12
1.18
1.13
1.11
1.08
1.04
1.08
1.06
1.05
1.10
1.14
1.11
1.09
1.11
1.07
1.08
1.13
1.11
1.02
1.04
1.10
1.07
1.04
1.09
1.03
1.03
1.05
1.01
1.07
1.07
1.05
1.04
1.06
0.96
1.10
1.02
0.92
0.97
0.87
0.89
0.90
0.90
0.90
1.03
1.13
1.11
1.08
1.10
1.04
1.05
1.14
1.10
1.04
0.99
1.07
1.07
0.96
1.05
1.07
1.11
1.10
1.07
1.13
1.08
1.08
1.14
1.01
1.10
1.10
1.05
1.14
1.06
1.10
1.15
1.11
1.11
1.08
1.13
1.06
1.15
1.07
1.03
0.99
1.10
1.08
1.10
1.02
1.12
1.01
1.02
1.12
1.10
1.10
1.12
1.06
1.14
1.08
1.07
1.04
1.01
1.12
1.06
1.12
1.08
1.09
1.15
1.08
1.08
1.13
1.01
0.96
0.90
1.02
0.90
0.99
0.90
0.89
0.96
0.86
0.91
0.96
0.87
0.97
0.93
0.97
0.91
0.90
0.84
0.93
0.90
1.13
0.85
0.95
0.86
0.97
0.88
0.90
0.90
0.95
0.95
1.03
1.07
0.96
0.86
0.94
0.87
1.04
0.90
0.96
0.92
0.86
0.86
1.04
0.89
0.94
0.93
0.97
0.86
0.93
0.91
0.99
0.95
0.87
0.86
0.90
0.93
0.83
0.84
0.89
0.87
0.92
0.83
0.86
0.90
0.86
0.88
0.92
0.83
0.86
0.89
0.97
0.96
0.93
0.94
0.95
1.01
0.96
0.93
0.94
0.98
0.87
0.92
0.94
0.94
0.91
0.95
0.92
0.97
0.92
0.83
0.97
0.95
1.02
1.03
1.01
0.99
1.01
1.01
0.92
0.99
1.00
1.00
1.01
0.97
0.92
1.00
1.03
0.97
1.01
0.95
1.04
1.00
0.99
0.97
0.99
1.01
1.04
1.01
0.99
1.01
0.95
1.00
1.04
1.02
1.03
0.99
0.98
1.01
0.99
1.03
1.01
1.07
1.08
1.02
1.01
1.06
1.00
1.06
1.07
1.01
1.04
1.01
1.07
1.06
1.07
0.98
1.02
1.08
1.04
1.02
1.06
1.11
1.09
1.09
1.07
1.02
1.01
1.05
1.05
1.09
1.10
1.04
1.02
1.02
1.07
1.07
1.06
1.09
1.08
1.06
1.09
1.03
1.11
1.03
1.06
1.08
1.05
1.08
1.08
1.06
1.06
1.05
1.01
1.00
1.05
1.08
1.06
1.08
1.06
1.06
1.07
1.10
1.02
1.07
1.03
1.03
1.09
1.01
1.08
1.11
1.09
1.13
1.08
1.04
1.08
1.04
1.08
1.06
1.08
1.11
1.05
1.12
1.07
1.10
1.03
1.11
1.08
1.04
1.02
1.06
1.05
1.08
1.05
1.12
1.08
1.01
1.05
1.10
1.09
1.05
1.06
1.04
1.09
1.03
1.08
1.10
1.05
1.07
1.04
1.03
1.09
1.06
1.10
1.11
1.13
1.09
1.09
1.03
1.00
1.06
1.02
1.09
1.09
1.08
1.07
1.03
1.04
1.07
1.09
1.08
1.11
1.02
1.14
1.07
1.09
1.04
1.12
1.09
1.10
1.06
1.04
1.10
0.98
1.10
1.03
1.05
1.04
1.08
1.11
1.05
1.08
1.13
1.08
1.08
1.08
1.10
1.08
1.07
1.08
1.04
1.08
1.13
1.09
1.14
1.12
1.04
1.12
1.11
1.07
1.13
1.14
1.11
1.13
1.11
1.12
1.12
1.13
1.04
1.10
1.06
1.09
1.11
1.11
1.06
1.06
1.10
1.09
1.10
1.07
1.10
1.12
1.06
1.07
1.13
1.12
1.09
1.12
1.15
1.06
1.14
1.13
1.10
1.10
1.12
1.11
1.11
1.12
1.10
1.11
1.14
1.11
1.08
1.12
1.08
1.05
1.06
1.03
1.12
1.12
1.10
1.09
1.13
1.13
1.13
1.08
1.04
1.10
1.14
1.10
1.09
1.10
1.09
1.12
1.12
1.06
1.11
1.10
1.09
1.13
1.09
1.12
1.08
1.08
1.07
1.10
1.13
1.10
1.07
1.09
1.11
1.11
1.07
1.13
1.11
1.07
1.09
1.06
1.03
1.05
1.03
1.15
1.06
1.12
1.12
1.08
1.14
1.14
1.11
1.14
1.13
1.14
1.10
1.10
1.13
1.11
1.02
1.14
1.15
1.08
1.11
1.11
1.14
1.10
1.09
1.11
1.11
1.06
1.09
1.11
1.11
1.06
1.14
1.14
1.11
1.10
1.13
1.06
1.08
1.12
1.06
1.12
1.11
1.15
1.07
1.04
1.10
1.13
1.02
1.14
1.10
1.13
1.12
1.08
1.11
1.16
1.14
1.10
1.17
1.06
1.10
1.09
1.08
1.10
1.10
1.05
1.14
1.09
1.10
1.05
1.10
1.13
1.12
1.09
1.11
1.02
1.08
1.07
1.12
1.16
1.12
1.04
1.07
1.08
1.08
1.08
1.08
1.08
1.12
1.09
1.13
1.10
1.14
1.07
1.06
1.11
1.08
1.06
1.14
1.13
1.08
1.06
1.04
1.09
1.05
1.13
1.11
1.14
1.11
1.09
1.12
1.11
1.08
1.06
1.07
1.08
1.11
1.07
0.99
1.10
1.07
1.12
1.16
1.12
1.14
1.05
1.14
1.09
1.10
1.15
1.12
1.13
1.07
1.04
1.14
1.11
1.09
1.10
1.12
1.09
1.07
1.14
1.05
1.13
1.07
1.15
1.13
1.11
1.12
1.11
1.15
1.17
1.16
1.08
1.04
1.09
1.09
1.09
1.09
1.09
1.12
1.12
1.08
1.08
1.13
1.13
1.10
1.15
1.10
1.14
1.13
1.12
1.13
1.09
1.11
1.09
1.06
1.11
1.11
1.14
1.09
1.14
1.12
1.12
1.12
1.13
1.14
1.13
1.12
1.11
1.14
1.14
1.11
1.13
1.13
1.13
1.11
1.08
1.10
1.09
1.18
1.06
1.07
1.11
1.10
1.11
1.12
1.08
1.09
1.12
1.09
1.14
1.11
1.15
1.10
1.15
1.12
1.15
1.10
1.12
1.08
1.08
1.09
1.15
1.15
1.12
1.16
1.09
1.10
1.10
1.15
1.10
1.09
1.06
1.14
1.11
1.03
1.10
1.15
1.12
1.15
1.13
1.07
1.07
1.11
1.07
1.05
1.10
1.08
1.12
1.09
1.08
1.05
1.02
1.10
1.09
1.06
1.08
1.11
1.10
1.10
1.10
1.14
1.14
1.09
1.14
1.12
1.11
0.98
1.08
1.09
1.10
1.11
1.10
1.06
1.12
1.10
1.11
1.10
1.11
1.15
1.09
1.12
1.12
1.04
1.14
1.12
1.12
1.13
1.08
1.10
1.06
1.15
1.10
1.14
1.09
0.96
0.85
0.84
0.67
0.72
0.72
0.76
0.67
0.61
0.62
0.61
0.51
0.46
0.52
0.55
0.39
0.54
0.67
0.63
0.65
0.69
0.58
0.54
0.53
0.55
0.62
0.55
0.61
0.53
0.68
0.80
0.89
0.93
1.19
1.22
1.20
1.11
1.15
1.10
1.05
1.22
1.20
1.20
1.25
1.23
1.20
1.20
1.15
1.21
1.23
1.18
1.09
1.15
1.26
1.16
1.12
1.10
1.17
1.19
1.21
1.20
1.21
1.15
1.20
1.22
1.12
1.14
1.15
1.15
1.16
1.17
1.18
1.17
1.16
1.17
1.16
1.13
1.10
1.15
1.14
1.12
1.16
1.17
1.15
1.17
1.10
1.12
1.13
1.12
1.10
1.14
1.15
1.06
1.14
1.14
1.15
1.14
1.15
1.13
1.15
1.12
1.13
1.12
1.08
1.11
1.10
1.14
1.15
1.13
1.11
1.15
1.11
1.16
1.10
1.11
1.09
1.10
1.09
1.11
1.06
1.13
1.12
1.12
1.12
1.12
1.09
1.10
1.16
1.13
1.10
1.11
1.10
1.13
1.10
1.11
1.16
1.06
1.13
1.09
1.13
1.11
1.03
1.10
1.04
1.06
1.12
1.11
1.12
1.10
1.12
1.12
1.14
1.13
1.09
1.13
1.10
1.16
1.08
1.08
1.09
1.04
1.09
1.13
1.09
1.12
1.15
1.14
1.05
1.08
1.11
1.15
1.13
1.09
1.12
1.08
1.12
1.11
1.12
1.11
1.11
1.13
1.16
1.17
1.12
1.15
1.13
1.10
1.10
1.07
1.12
1.13
1.09
1.11
1.11
1.07
1.12
1.18
1.14
1.10
1.15
1.10
1.15
1.13
1.07
1.13
1.09
1.09
1.06
1.10
1.15
1.06
1.04
1.05
1.09
1.04
1.14
1.08
1.06
1.14
1.10
1.11
1.11
1.13
1.10
1.11
1.09
1.12
1.07
1.10
1.11
1.11
1.07
1.07
1.10
1.11
1.14
1.09
1.11
1.10
1.07
1.12
1.07
1.12
1.16
1.10
1.12
1.11
1.11
1.12
1.15
1.15
1.14
1.17
1.14
1.14
1.14
1.13
1.13
1.08
1.15
1.12
1.09
1.11
1.06
1.08
1.08
1.14
1.09
1.10
1.13
1.11
1.09
1.13
1.12
1.10
1.12
1.14
1.13
1.13
1.16
1.12
1.11
1.13
1.11
1.11
1.11
1.09
1.08
1.15
1.11
1.12
1.09
1.13
1.16
1.08
1.09
1.13
1.13
1.10
1.14
1.08
1.14
1.08
1.10
1.11
1.13
1.13
1.09
1.10
1.10
1.09
1.11
1.14
1.12
1.17
1.11
1.11
1.13
1.12
1.11
1.10
1.08
1.16
1.11
1.15
1.11
1.06
1.11
1.11
1.12
1.11
1.08
1.09
1.14
1.09
1.05
1.17
1.07
1.08
1.09
1.11
1.14
1.09
1.11
1.00
1.11
1.04
1.14
1.10
1.15
1.11
1.18
1.10
1.07
1.13
1.13
1.10
1.09
1.11
1.09
1.11
1.05
1.13
1.04
1.11
1.13
1.13
1.12
1.10
1.13
1.08
1.12
1.14
1.14
1.07
1.13
1.05
1.09
1.08
1.09
1.12
1.04
1.11
1.10
