0.402580
0.041112
0.040987
0.040965
0.040452
0.042804
0.039381
0.039523
0.040052
0.040054
0.039876
0.039829
0.039875
0.039910
0.039980
0.040078
0.040070
0.040094
0.039955
0.040012
0.068010
0.039443
0.039557
0.039480
0.039363
0.039485
0.039461
0.039311
0.039564
0.039487
0.039407
0.039407
0.039475
0.039493
0.039677
0.039375
0.039521
0.039460
0.039500
0.039815
0.072875
0.039492
0.039436
0.039262
0.039524
0.039505
0.039391
0.039303
0.039451
0.039455
0.039432
0.039285
0.039542
0.039540
0.039392
0.039517
0.039310
0.039303
0.039261
0.039268
0.072925
0.039301
0.039130
0.039321
0.039300
0.039434
0.039437
0.039451
0.039459
0.039113
0.039388
0.039194
0.040090
0.039696
0.039806
0.039901
0.039849
0.039755
0.039861
0.039994
0.073264
0.039752
0.040067
0.039954
0.039719
0.039667
0.039804
0.039720
0.039753
0.039840
0.039792
0.039668
0.039540
0.039578
0.039649
0.039588
0.039644
0.039670
0.039623
0.039476
0.072801
0.040791
0.039720
0.039551
0.039473
0.039716
0.039472
0.039383
0.039406
0.039626
0.039442
0.039513
0.039507
0.039528
0.039635
0.039572
0.040645
0.039591
0.039386
0.039502
0.072973
0.039423
0.039511
0.039838
0.039503
0.040479
0.040739
0.040726
0.040500
0.040771
0.040609
0.040622
0.040558
0.040456
0.040557
0.040555
0.040503
0.040417
0.040245
0.040649
0.074196
0.040761
0.040707
0.040533
0.040521
0.040748
0.040861
0.040493
0.040623
0.040760
0.040592
0.040552
0.040556
0.040581
0.040600
0.040617
0.040594
0.040775
0.040652
0.040788
0.074332
0.040630
0.040696
0.040573
0.040587
0.040635
0.040744
0.040735
0.040935
0.040921
0.040869
0.041105
0.040746
0.040822
0.048606
0.040646
0.040714
0.040220
0.040452
0.040619
0.074361
0.040486
0.040548
0.040713
0.040791
0.040516
0.040731
0.040719
0.040541
0.040870
0.040681
0.040591
0.040718
0.040843
0.040777
0.040926
0.040561
0.040848
0.040711
0.040823
0.074548
0.040665
0.040690
0.040730
0.040936
0.040793
0.040702
0.040687
0.040890
0.040068
0.041657
0.040973
0.043133
0.041819
0.041187
0.041065
0.041184
0.040931
0.041048
0.041124
0.074515
0.041027
0.041134
0.040651
0.040876
0.040883
0.041494
0.039326
0.039330
0.039381
0.039285
0.039320
0.039193
0.039440
0.039671
0.039543
0.039589
0.039544
0.039488
0.039607
0.072878
0.039483
0.039342
0.039382
0.039295
0.039277
0.039721
0.039446
0.039336
0.039689
0.039302
0.039221
0.039658
0.039462
0.039505
0.039449
0.039351
0.039514
0.039475
0.039406
0.072809
0.039428
0.039465
0.039337
0.039663
0.039456
0.039423
0.039513
0.039861
0.039584
0.039536
0.039505
0.039924
0.039698
0.039666
0.039580
0.039441
0.039634
0.039657
0.039634
0.073240
0.039604
0.039814
0.039610
0.039661
0.039556
0.040094
0.040090
0.040088
0.040153
0.039967
0.040273
0.039997
0.040051
0.039916
0.040015
0.039930
0.039852
0.039792
0.039866
0.073579
0.039789
0.039812
0.039817
0.039704
0.039850
0.039862
0.039772
0.040880
0.040864
0.040931
0.040975
0.040931
0.040798
0.040985
0.040759
0.040932
0.040881
0.040876
0.040846
0.074751
0.041065
0.041048
0.041078
0.041003
0.041057
0.041054
0.040918
0.040957
0.040960
0.041123
0.041032
0.040959
0.040939
0.041126
0.041103
0.041264
0.040907
0.041096
0.041181
0.074511
0.040925
0.040959
0.041002
0.040874
0.041072
0.040970
0.040898
0.041065
0.040999
0.041142
0.041088
0.041099
0.041058
0.041186
0.040925
0.041012
0.040992
0.041228
0.041234
0.075151
0.041164
0.041091
0.040956
0.040961
0.040653
0.040954
0.040986
0.041061
0.041137
0.041005
0.041176
0.040997
0.040867
0.040704
0.040344
0.040739
0.040447
0.040485
0.040406
0.074152
0.040417
0.040398
0.041051
0.039432
0.039454
0.039370
0.039467
0.039398
0.039326
0.039253
0.039476
0.039319
0.039376
0.039212
0.039289
0.039206
0.039424
0.039703
0.039307
0.072902
0.039343
0.039212
0.039402
0.039182
0.039704
0.039085
0.039227
0.039508
0.040176
0.039332
0.039264
0.039352
0.039265
0.039260
0.039442
0.039235
0.039334
0.039289
0.039319
0.072571
0.039401
0.039383
0.039468
0.039312
0.039274
0.039323
0.039251
0.039331
0.039572
0.039237
0.039499
0.039325
0.039181
0.039415
0.039241
0.039276
0.039381
0.039203
0.039484
0.073108
0.039350
0.039287
0.039446
0.039404
0.039559
0.039644
0.040715
0.039374
0.039646
0.039483
0.039781
0.039448
0.039607
0.039685
0.039412
0.039985
0.039742
0.039622
0.039547
0.073072
0.039545
0.039651
0.039693
0.039762
0.039661
0.039551
0.039550
0.039625
0.039506
0.039732
0.040573
0.039608
0.039556
0.039872
0.039525
0.039856
0.039719
0.039767
0.039940
0.072726
0.039384
0.039418
0.039671
0.040268
0.039989
0.040145
0.040979
0.041196
0.041265
0.040986
0.040919
0.040761
0.040718
0.041060
0.041014
0.041134
0.040930
0.040793
0.040745
0.074624
0.040801
0.040707
0.040952
0.040979
0.040874
0.040914
0.040835
0.041106
0.040817
0.040759
0.040832
0.041023
0.040971
0.040806
0.040883
0.040796
0.040713
0.042992
0.041263
0.072973
0.039427
0.039158
0.039170
0.039285
0.039095
0.039081
0.039004
0.039271
0.038950
0.039038
0.038943
0.039007
0.038857
0.038943
0.039002
0.038919
0.039010
0.039123
0.039004
0.072524
0.038815
0.038730
0.038871
0.039015
0.038811
0.038968
0.038968
0.038861
0.038684
0.038731
0.038876
0.039350
0.039349
0.039334
0.039366
0.039376
0.039301
0.039253
0.039281
0.072726
0.039349
0.039414
0.039478
0.040122
0.039823
0.039714
0.040515
0.040736
0.040709
0.040464
0.040621
0.040841
0.040791
0.041173
0.041164
0.041152
0.041092
0.041070
0.041093
0.074905
0.041028
0.048534
0.041880
0.039546
0.046348
0.039072
0.039123
0.039090
0.039158
0.039049
0.039043
0.039096
0.039126
0.047245
0.038892
0.039211
0.039255
0.039148
0.039168
0.072887
0.038966
0.039145
0.039142
0.039124
0.038983
0.039419
0.039642
0.039581
0.039604
0.039693
0.039676
0.039622
0.039629
0.039595
0.039961
0.040810
0.040682
0.040673
0.040645
0.074424
0.041131
0.040980
0.040964
0.040882
0.040810
0.040888
0.040947
0.040844
0.040818
0.042437
0.040915
0.040692
0.040766
0.040808
0.040869
0.040731
0.040708
0.040893
0.040775
0.074578
0.041149
0.040747
0.040818
0.040834
0.040919
0.040878
0.040850
0.040666
0.040776
0.040713
0.040892
0.040622
0.040744
0.040809
0.040792
0.041050
0.040543
0.040523
0.040418
0.073852
0.040277
0.040262
0.040418
0.040478
0.040385
0.040299
0.040385
0.040393
0.041212
0.041055
0.039285
0.039423
0.039349
0.039494
0.039681
0.039674
0.039621
0.039831
0.040114
0.073703
0.040341
0.042342
0.041082
0.040866
0.040965
0.040812
0.040802
0.041034
0.041170
0.041359
0.040915
0.040874
0.040697
0.040787
0.040815
0.041025
0.040687
0.040812
0.040959
0.074044
0.040841
0.040690
0.040635
0.040639
0.040632
0.040786
0.040672
0.040616
0.040803
0.040648
0.040452
0.040748
0.040726
0.040626
0.040708
0.040529
0.040560
0.040404
0.040459
0.074260
0.040727
0.040577
0.040717
0.040527
0.040468
0.040702
0.040665
0.040999
0.041616
0.041766
0.041522
0.041666
0.041571
0.041761
0.041481
0.041659
0.041546
0.041765
0.041737
0.075500
0.041701
0.041465
0.041811
0.041620
0.041733
0.041471
0.041670
0.041564
0.041460
0.041734
0.041753
0.042002
0.041776
0.041962
0.041566
0.041610
0.041645
0.041689
0.042280
0.075631
0.041903
0.041587
0.042361
0.040198
0.040273
0.040336
0.040300
0.040552
0.040391
0.040425
0.040371
0.040303
0.040413
0.040298
0.040294
0.041961
0.041204
0.040753
0.041923
0.075493
0.041788
0.041770
0.041899
0.041638
0.041928
0.041626
0.041641
0.041698
0.041611
0.041870
0.041852
0.041647
0.041808
0.041543
0.041640
0.041270
0.041352
0.041002
0.041503
0.075481
0.041676
0.041533
0.041624
0.041814
0.041919
0.041797
0.041517
0.041872
0.041588
0.041833
0.041479
0.041083
0.041215
0.041000
0.041412
0.041006
0.041351
0.041565
0.041672
0.075055
0.041168
0.041565
0.041296
0.041784
0.041140
0.041461
0.041228
0.041446
0.041053
0.041219
0.041024
0.040974
0.040750
0.040776
0.040547
0.040710
0.040856
0.040743
0.040907
0.074917
0.040874
0.040862
0.040616
0.040513
0.040833
0.041091
0.041370
0.041209
0.041209
0.041305
0.041516
0.041252
0.041206
0.041502
0.041221
0.041071
0.040971
0.041101
0.041301
0.075060
0.040044
0.040099
0.040797
0.040880
0.040981
0.041050
0.040964
0.040784
0.041133
0.040584
0.040699
0.058381
0.040879
0.041190
0.058822
0.040323
0.060403
0.039278
0.057190
0.057355
0.057203
0.057148
0.057195
0.057094
0.039129
0.056717
0.039059
0.038958
0.038757
0.038633
0.038604
0.056364
0.038658
0.038555
0.038655
0.038551
0.038713
0.038656
0.038680
0.072390
0.038687
0.038786
0.038828
0.038914
0.038709
0.038892
0.038733
0.038602
0.038962
0.038730
0.038716
0.038602
0.038638
0.038749
0.038814
0.039213
0.037990
0.039267
0.039516
0.073277
0.039567
0.039750
0.040557
0.040409
0.040312
0.040332
0.040226
0.039558
0.039998
0.039968
0.039977
0.039930
0.057861
0.040110
0.040177
0.039930
0.039743
0.039815
0.040059
0.057645
0.039808
0.039678
0.039773
0.057728
0.039909
0.039820
0.040962
0.040332
0.045273
0.042498
0.038366
0.038614
0.038733
0.039300
0.039871
0.039956
0.039709
0.039672
0.039894
0.073627
0.039786
0.039996
0.039811
0.039681
0.039785
0.039615
0.040314
0.038262
0.038141
0.038262
0.038370
0.038111
0.038077
0.038281
0.038162
0.038192
0.038129
0.038186
0.038235
0.071722
0.038322
0.038374
0.038250
0.038368
0.038100
0.038326
0.038184
0.038176
0.038096
0.038120
0.038176
0.038182
0.038258
0.038814
0.038870
0.038843
0.038647
0.038787
0.038783
0.072248
0.038668
0.038829
0.038886
0.038987
0.039825
0.039907
0.039728
0.039854
0.039671
0.039927
0.039636
0.038289
0.038236
0.038379
0.038486
0.038664
0.038638
0.038614
0.038813
0.072422
0.038789
0.038861
0.038666
0.038736
0.038713
0.038756
0.038735
0.039165
0.038777
0.038886
0.038814
0.039186
0.044573
0.042912
0.044561
0.041225
0.041975
0.038753
0.038770
0.072382
0.038681
0.038786
0.038694
0.038729
0.038861
0.038662
0.038599
0.038697
0.038756
0.038697
0.039431
0.043228
0.044181
0.039882
0.041430
0.041477
0.039826
0.039668
0.039689
0.073703
0.039953
0.042085
0.039983
0.039863
0.039936
0.039960
0.043718
0.043999
0.042086
0.039766
0.042790
0.044887
0.040231
0.040452
0.044932
0.041631
0.041433
0.042779
0.043057
0.073951
0.044959
0.040386
0.043577
0.040373
0.040815
0.040464
0.040116
0.040460
0.042720
0.041250
0.040224
0.040227
0.040213
0.040161
0.040272
0.040360
0.040452
0.040455
0.041613
0.079298
0.040397
0.043530
0.039426
0.039481
0.039511
0.039508
0.039531
0.039693
0.039012
0.038597
0.038618
0.038707
0.038666
0.038815
0.038599
0.038615
0.038729
0.039171
0.038655
0.072418
0.038786
0.038680
0.038776
0.038884
0.038819
0.038761
0.038788
0.038639
0.038683
0.038691
0.038651
0.038769
0.038839
0.038658
0.039554
0.039038
0.038220
0.038299
0.038310
0.074379
0.038258
0.038288
0.038320
0.038253
0.038201
0.038125
0.038242
0.038135
0.038213
0.038212
0.038333
0.038158
0.038246
0.038343
0.038041
0.038168
0.038212
0.038198
0.038213
0.071556
0.038211
0.038110
0.038041
0.038095
0.038289
0.038334
0.038299
0.038014
0.038089
0.038202
0.038262
0.038291
0.038280
0.038112
0.038249
0.038151
0.038232
0.038236
0.038092
0.071882
0.038125
0.037993
0.039227
0.040672
0.038179
0.038182
0.038234
0.038273
0.038230
0.038074
0.038180
0.038142
0.038206
0.038120
0.038034
0.038272
0.038259
0.038128
0.038167
0.071870
0.038172
0.038375
0.038253
0.038093
0.038212
0.038211
0.038115
0.039444
0.041321
0.040849
0.039658
0.042441
0.039805
0.039878
0.039953
0.041199
0.039947
0.038126
0.038216
0.071703
0.038247
0.038116
0.038103
0.038091
0.037982
0.037980
0.038201
0.038099
0.038142
0.038156
0.038239
0.038126
0.038074
0.038083
0.038233
0.038127
0.038349
0.038148
0.037935
0.071816
0.039149
0.038092
0.038104
0.038149
0.038007
0.038099
0.038108
0.038121
0.038244
0.038329
0.038021
0.038237
0.037972
0.038241
0.038011
0.038181
0.038047
0.038087
0.038131
0.071829
0.038133
0.038012
0.038230
0.038036
0.038062
0.038102
0.038041
0.038069
0.038082
0.037991
0.038149
0.038083
0.038131
0.038180
0.038199
0.038225
0.038096
0.038300
0.038005
0.071670
0.038200
0.038205
0.038325
0.038111
0.038098
0.038224
0.038128
0.038127
0.038090
0.038201
0.038117
0.038199
0.038148
0.038175
0.037986
0.038137
0.038034
0.038155
0.038214
0.071679
0.038099
0.038342
0.038101
0.038167
0.038449
0.038206
0.040353
0.040196
0.038119
0.038059
0.038229
0.038171
0.038157
0.038059
0.038164
0.038130
0.038376
0.038130
0.038477
0.071535
0.038284
0.038390
0.038238
0.038236
0.038290
0.038072
0.038208
0.038181
0.038250
0.038183
0.038166
0.038177
0.038238
0.038166
0.038232
0.038345
0.038182
0.038217
0.038171
0.071778
0.038165
0.038321
0.039864
0.044105
0.038241
0.038220
0.038093
0.038000
0.038155
0.038380
0.038126
0.038185
0.038710
0.038691
0.038731
0.038858
0.038740
0.038786
0.038641
0.073564
0.039753
0.038561
0.038202
0.038070
0.038221
0.038120
0.038136
0.038104
0.038152
0.038175
0.038190
0.038111
0.038085
0.038194
0.038122
0.038223
0.038226
0.038208
0.037951
0.071542
0.038097
0.038369
0.038143
0.038234
0.038241
0.038223
0.038179
0.038218
0.038063
0.038064
0.038133
0.038071
0.038235
0.038168
0.039029
0.038103
0.038178
0.038168
0.038189
0.072003
0.038737
0.038547
0.038602
0.038816
0.038953
0.038748
0.038702
0.038977
0.038849
0.038541
0.038666
0.038761
0.038729
0.038733
0.038612
0.038642
0.038776
0.038699
0.038672
0.072179
0.038647
0.038561
0.038604
0.038750
0.038797
0.038659
0.038604
0.038775
0.038733
0.038966
0.038671
0.038735
0.038666
0.038630
0.038724
0.038718
0.038757
0.038224
0.038198
0.071662
0.038239
0.038184
0.038176
0.038217
0.038206
0.038192
0.038128
0.038150
0.038160
0.038015
0.038142
0.038080
0.038346
0.038082
0.038176
0.038152
0.038053
0.038138
0.038194
0.071832
0.038120
0.038136
0.038133
0.038162
0.038094
0.038130
0.037958
0.038096
0.038170
0.038100
0.039484
0.045793
0.039114
0.038175
0.038112
0.038139
0.038193
0.038059
0.038190
0.071613
0.038364
0.038243
0.038267
0.038230
0.038378
0.038699
0.038851
0.038555
0.038636
0.038822
0.038363
0.038282
0.038267
0.038155
0.038209
0.038196
0.038063
0.038175
0.038049
0.073167
0.038223
0.038177
0.038434
0.038186
0.038342
0.038379
0.038140
0.038155
0.038137
0.043868
0.038743
0.038678
0.038689
0.038599
0.038738
0.038616
0.038740
0.041684
0.038793
0.072185
0.039054
0.038651
0.038818
0.038774
0.038681
0.038540
0.038798
0.038564
0.038620
0.038802
0.038723
0.038592
0.038644
0.038810
0.038672
0.038670
0.038641
0.038613
0.038558
0.072000
0.038661
0.038780
0.038694
0.038702
0.038690
0.038821
0.038690
0.038760
0.038638
0.038752
0.038451
0.039177
0.039842
0.038692
0.038703
0.038688
0.038864
0.039667
0.040522
0.071555
0.038146
0.038193
0.038145
0.038122
0.038268
0.038252
0.038055
0.038213
0.038312
0.038117
0.038066
0.038185
0.038323
0.038069
0.038115
0.038052
0.038136
0.038033
0.038115
0.071539
0.038080
0.038048
0.038208
0.037905
0.038104
0.038147
0.038188
0.038122
0.038097
0.038160
0.038132
0.038277
0.038254
0.038225
0.038355
0.038086
0.038095
0.038177
0.038222
0.071572
0.038142
0.038170
0.037956
0.038230
0.038156
0.038153
0.038176
0.038139
0.038163
0.038095
0.037976
0.038094
0.038191
0.038194
0.038268
0.038403
0.038798
0.038775
0.039737
0.074063
0.038226
0.038214
0.038032
0.038155
0.038212
0.038200
0.038095
0.038282
0.038195
0.038235
0.038126
0.038359
0.038181
0.038040
0.038140
0.038130
0.038100
0.038158
0.038196
0.071567
0.038230
0.038268
0.038149
0.038697
0.038688
0.038833
0.038707
0.038767
0.038737
0.038610
0.038802
0.038684
0.039320
0.043974
0.044727
0.042731
0.046387
0.038788
0.040030
0.072165
0.038790
0.038913
0.038757
0.038927
0.038755
0.038710
0.038741
0.039479
0.044592
0.039791
0.040124
0.044794
0.039721
0.044477
0.038727
0.038682
0.038849
0.038897
0.039862
0.080075
0.048889
0.041706
0.038160
0.038240
0.038098
0.038178
0.038232
0.038065
0.038207
0.038110
0.039244
0.038182
0.038108
0.038124
0.038159
0.038282
0.038356
0.038169
0.038157
0.071559
0.038115
0.038171
0.038159
0.038173
0.038513
0.038156
0.038059
0.038231
0.038132
0.038110
0.037986
0.038195
0.038479
0.038232
0.038215
0.038245
0.038168
0.038197
0.038000
0.071989
0.038210
0.038325
0.038152
0.038141
0.038157
0.038299
0.038157
0.038896
0.038651
0.038665
0.038660
0.039676
0.040794
0.039718
0.039875
0.039776
0.039792
0.039856
0.039754
0.073682
0.039814
0.044073
0.044054
0.040062
0.043558
0.039999
0.039843
0.039795
0.039669
0.042940
0.039744
0.044013
0.041111
0.039957
0.042122
0.043774
0.039896
0.039715
0.039797
0.076174
0.044110
0.039915
0.040603
0.042685
0.044565
0.040809
0.040266
0.040190
0.043988
0.043380
0.044161
0.044049
0.040375
0.044125
0.044517
0.044878
0.040303
0.046412
0.039377
0.073000
0.039459
0.038557
0.038653
0.038560
0.038541
0.038623
0.038704
0.038711
0.038629
0.038685
0.038656
0.038608
0.038795
0.038624
0.038620
0.038729
0.038600
0.038735
0.038628
0.072198
0.038641
0.038769
0.038620
0.038624
0.038613
0.038571
0.038735
0.038628
0.038651
0.038645
0.038851
0.038828
0.038672
0.038831
0.038602
0.038559
0.038748
0.038576
0.038692
0.072149
0.038595
0.038824
0.038710
0.038639
0.038696
0.038711
0.038637
0.038765
0.038687
0.038624
0.038677
0.038583
0.038716
0.038818
0.038899
0.038820
0.038592
0.038718
0.038658
0.072204
0.038592
0.038644
0.038625
0.038656
0.038742
0.039655
0.038274
0.038286
0.038105
0.038135
0.038124
0.038275
0.038039
0.038293
0.038082
0.038210
0.038016
0.038137
0.038312
0.071576
0.038265
0.038148
0.038221
0.038237
0.038188
0.038219
0.038357
0.038131
0.038011
0.038242
0.038231
0.038278
0.038129
0.038263
0.038102
0.038232
0.038143
0.038191
0.038118
0.071849
0.038160
0.038275
0.038173
0.038156
0.038201
0.038140
0.038182
0.038187
0.038220
0.038254
0.038070
0.038221
0.038154
0.038304
0.038218
0.038151
0.038045
0.038162
0.038208
0.071652
0.038234
0.038204
0.038336
0.038193
0.038132
0.038191
0.038208
0.038333
0.039702
0.039644
0.038253
0.038164
0.038147
0.038437
0.038656
0.038770
0.038768
0.038660
0.038682
0.072405
0.038587
0.038804
0.038725
0.038691
0.038679
0.038804
0.038643
0.038784
0.038568
0.038896
0.038644
0.038765
0.038567
0.038756
0.038597
0.038760
0.038552
0.038783
0.038771
0.072308
0.038944
0.038824
0.038733
0.038636
0.038650
0.038867
0.038702
0.038776
0.038910
0.038665
0.038780
0.038777
0.039691
0.041016
0.039780
0.039861
0.039767
0.043702
0.040160
0.072095
0.038645
0.038740
0.038683
0.038673
0.038665
0.038769
0.038755
0.038769
0.038775
0.038657
0.056486
0.038796
0.038717
0.038693
0.038563
0.038774
0.038843
0.038731
0.038713
0.072397
0.038769
0.038766
0.038936
0.039033
0.038812
0.038687
0.038766
0.038707
0.038657
0.038651
0.038861
0.038566
0.038609
0.038868
0.038746
0.038869
0.038592
0.038747
0.038725
0.072144
0.038690
0.038726
0.038534
0.038581
0.038669
0.038725
0.038581
0.038765
0.038662
0.038611
0.038586
0.038731
0.038695
0.038661
0.038631
0.038792
0.038613
0.038792
0.038605
0.072251
0.038893
0.038735
0.039807
0.041953
0.039275
0.039054
0.038307
0.038223
0.038202
0.038105
0.038294
0.038136
0.038265
0.038218
0.038174
0.038148
0.038208
0.038145
0.038352
0.071737
0.038329
0.038245
0.038242
0.038381
0.038170
0.040885
0.041236
0.041762
0.038702
0.038609
0.038692
0.038679
0.038682
0.039001
0.039583
0.043012
0.039828
0.044051
0.043970
0.073532
0.039840
0.040744
0.040176
0.039818
0.039973
0.039845
0.042851
0.045488
0.044613
0.045137
0.041002
0.040449
0.043979
0.040228
0.043926
0.041611
0.040236
0.040259
0.041904
0.075191
0.040306
0.040244
0.041541
0.041149
0.040515
0.040378
0.041483
0.040482
0.043692
0.040310
0.040213
0.040540
0.040251
0.040358
0.040439
0.041232
0.042374
0.044248
0.040356
0.074365
0.040468
0.040414
0.040557
0.040182
0.044924
0.040358
0.040188
0.040237
0.040703
0.040492
0.040207
0.040270
0.044828
0.040470
0.040167
0.040307
0.043495
0.040296
0.043175
0.074044
0.044280
0.041943
0.040344
0.041095
0.044168
0.040171
0.044446
0.041834
0.043714
0.040491
0.040337
0.040514
0.040315
0.042076
0.044996
0.039667
0.039744
0.039998
0.039629
0.073888
0.039860
0.043156
0.044381
0.040735
0.040013
0.040058
0.039829
0.043097
0.041802
0.039810
0.045647
0.044480
0.043182
0.044761
0.042026
0.039973
0.039573
0.039667
0.039678
0.073127
0.039813
0.038929
0.039112
0.040254
0.039803
0.041060
0.042415
0.043119
0.039774
0.039848
0.039981
0.039759
0.040672
0.039777
0.039842
0.043875
0.041891
0.041506
0.042685
0.073722
0.039821
0.043120
0.041727
0.039909
0.043757
0.043628
0.040278
0.039832
0.042887
0.039893
0.041252
0.038614
0.038623
0.038584
0.038736
0.038652
0.038864
0.038621
0.038904
0.072139
0.038651
0.038683
0.038857
0.038773
0.038559
0.038750
0.038636
0.038570
0.038901
0.038740
0.038846
0.038951
0.038829
0.038589
0.038621
0.038619
0.038682
0.038670
0.038579
0.072355
0.038765
0.038758
0.038718
0.038706
0.038705
0.038679
0.039021
0.038635
0.038620
0.038768
0.038701
0.039042
0.038770
0.038867
0.038624
0.038698
0.038722
0.038729
0.038723
0.073883
0.038212
0.038159
0.038164
0.038120
0.038206
0.038203
0.038001
0.038193
0.038115
0.038068
0.038101
0.038165
0.038177
0.038252
0.037980
0.038129
0.038320
0.038215
0.038157
0.071722
0.038158
0.038229
0.038156
0.038126
0.038137
0.038205
0.038134
0.038207
0.038170
0.038117
0.038111
0.038288
0.038240
0.038082
0.038053
0.038235
0.038021
0.038228
0.038137
0.071713
0.038063
0.038237
0.038370
0.038306
0.038269
0.037934
0.038131
0.038269
0.038222
0.038166
0.038249
0.038268
0.038274
0.038167
0.038180
0.038085
0.038092
0.038097
0.038178
0.071891
0.038130
0.038233
0.038174
0.038433
0.038222
0.038244
0.038136
0.038209
0.038434
0.038651
0.038994
0.038769
0.040213
0.041218
0.039820
0.039929
0.040573
0.043086
0.043105
0.076880
0.045418
0.041539
0.039736
0.039763
0.039852
0.039862
0.044070
0.043267
0.044566
0.044362
0.039448
0.038977
0.039016
0.039126
0.038962
0.038220
0.038148
0.038203
0.038344
