241	195	191	105
239	197	195	102
241	195	192	104
237	198	199	107
240	191	195	110
236	195	196	108
240	193	194	107
237	192	195	111
236	198	197	104
239	195	195	104
239	194	194	105
240	194	193	109
242	191	189	106
242	199	188	102
237	193	199	108
240	193	190	105
238	193	195	111
238	190	194	110
240	198	192	104
238	193	197	108
241	192	189	108
238	198	197	104
240	190	195	111
241	196	188	106
239	194	194	105
238	197	196	103
240	197	194	105
239	194	196	105
240	195	192	104
243	196	189	107
237	193	198	107
240	196	193	106
239	189	197	107
241	197	190	103
239	191	195	108
239	194	194	105
239	195	197	107
238	198	195	102
241	191	196	112
243	189	188	113
244	191	189	108
241	197	195	105
238	192	194	106
241	198	197	103
237	192	197	105
238	197	201	108
241	193	193	105
244	197	194	106
243	195	190	103
245	189	193	112
245	196	191	102
239	193	200	105
243	197	195	104
243	196	197	104
243	198	197	101
245	200	197	102
245	193	195	105
243	199	201	102
252	197	190	101
248	196	197	105
247	198	198	100
245	200	204	101
251	197	196	102
251	195	198	104
251	194	197	105
253	200	196	103
255	198	197	99
256	203	198	99
256	203	200	95
257	195	200	103
255	202	200	100
259	199	200	101
256	196	206	106
259	202	200	95
260	201	201	100
261	201	201	100
262	201	203	101
264	195	199	107
270	200	192	103
265	203	202	97
267	199	201	103
266	201	203	99
265	205	206	98
268	195	204	105
271	203	200	99
270	201	204	98
267	206	203	100
270	199	206	100
275	200	201	101
272	206	205	95
274	202	205	100
274	202	205	95
275	206	206	95
274	207	206	92
277	204	204	101
272	198	211	106
279	199	200	99
279	205	200	98
281	199	199	104
281	202	200	97
280	205	203	97
280	204	207	97
281	205	206	97
281	199	212	103
280	202	210	103
283	205	208	96
285	207	208	95
286	207	204	94
287	204	206	102
285	202	212	97
287	205	209	96
288	204	213	95
289	205	209	100
288	201	211	103
286	205	217	97
291	201	211	97
293	202	209	100
294	201	209	98
296	202	208	100
296	202	207	105
293	201	214	101
295	199	215	102
297	198	211	105
298	198	214	102
299	201	210	105
300	202	212	98
302	199	208	103
305	196	206	107
306	195	205	107
303	195	213	106
309	197	201	108
306	197	209	103
307	197	206	109
312	191	202	107
314	192	196	110
310	197	207	104
310	196	208	110
311	195	207	102
313	191	202	114
314	195	203	109
312	192	206	107
314	196	202	106
313	195	204	108
314	195	207	104
312	198	207	103
314	197	205	106
318	196	204	105
315	200	204	101
312	197	205	107
316	197	206	105
312	191	204	112
316	196	202	110
316	194	199	109
311	201	205	102
316	197	199	104
313	196	202	108
313	195	202	108
315	192	199	109
313	199	202	104
313	199	203	104
312	194	197	106
312	199	204	105
313	194	202	110
311	195	199	104
310	196	207	107
309	195	202	109
309	195	203	106
311	193	197	112
309	196	200	106
307	195	204	109
311	194	196	110
308	194	197	111
308	196	197	108
305	198	203	107
306	195	200	107
304	197	200	108
304	199	201	104
303	195	199	106
301	199	199	106
299	196	207	109
302	193	201	108
301	196	199	104
296	201	204	105
295	194	207	105
295	197	203	110
296	197	199	104
292	193	204	117
296	198	198	105
290	197	206	108
289	195	203	108
288	199	204	103
288	194	201	115
292	191	195	109
286	197	201	108
282	193	207	108
281	200	209	104
281	197	204	106
281	195	200	111
281	196	204	104
279	196	202	106
280	199	201	104
278	197	203	103
278	198	198	107
280	197	200	105
278	197	199	107
276	198	203	103
274	199	203	106
275	198	201	110
275	200	200	106
276	193	197	111
278	197	195	110
272	191	199	115
274	195	195	111
274	201	199	103
270	198	200	107
271	197	200	107
266	198	201	111
268	195	203	105
263	200	207	106
269	200	197	104
266	199	201	107
268	200	196	103
262	198	203	108
261	200	205	104
260	199	206	104
259	197	204	107
264	197	195	109
260	200	200	104
264	195	191	113
257	200	200	103
260	198	199	107
255	190	202	107
258	197	194	114
258	200	195	107
256	198	201	105
257	202	194	104
256	195	197	112
257	198	195	108
251	199	200	106
254	196	195	108
251	201	197	105
256	193	193	111
251	195	197	111
256	194	188	112
249	194	195	113
253	192	189	114
250	196	190	109
251	198	191	108
247	194	195	108
248	196	190	111
251	192	183	110
241	199	196	104
243	197	196	104
244	197	189	106
248	198	188	106
242	199	189	104
247	197	188	105
238	194	189	108
243	196	188	113
240	196	190	109
244	197	187	105
240	196	187	107
239	195	188	107
241	193	183	110
243	197	182	105
243	196	185	107
243	197	181	103
244	196	181	105
246	194	177	107
247	195	178	106
244	196	179	106
245	196	180	104
247	201	175	98
248	196	177	105
249	198	173	103
251	196	171	105
250	196	171	106
250	197	172	102
251	196	170	103
251	195	170	104
253	195	167	105
255	191	164	110
258	194	164	104
258	195	165	105
260	199	163	99
260	195	158	104
258	193	160	105
258	192	163	108
260	199	162	100
259	194	160	104
262	191	159	111
263	191	159	110
263	196	159	102
262	190	153	112
265	195	156	104
266	195	152	103
266	193	152	107
268	198	148	104
266	195	151	106
265	195	151	105
266	192	152	108
267	196	149	104
269	198	146	102
269	194	145	109
267	193	146	109
271	191	142	110
270	195	140	105
270	193	141	106
270	192	137	109
270	195	136	105
268	194	137	107
269	188	136	112
268	194	134	105
273	191	123	109
269	194	124	98
268	196	125	90
271	193	122	97
270	193	123	97
270	195	116	90
269	195	121	98
267	194	123	96
270	196	113	88
270	194	118	86
270	193	118	99
270	192	116	105
270	193	115	105
271	193	112	102
272	194	111	102
273	191	109	106
273	196	109	98
274	196	105	100
275	192	105	105
277	193	101	104
277	193	99	104
277	190	99	107
278	190	96	105
280	193	94	101
280	189	92	109
283	189	85	107
287	187	81	110
284	188	81	108
287	191	78	106
288	194	74	102
287	192	74	103
290	194	70	102
288	190	70	105
292	190	64	106
289	190	67	106
290	189	65	105
290	189	64	105
291	190	61	102
291	190	62	103
290	188	63	104
290	188	61	104
290	190	60	103
287	192	64	99
287	191	64	101
289	186	62	105
289	188	63	103
289	186	62	105
287	186	64	106
288	188	65	102
288	188	64	102
288	188	64	102
289	184	63	105
289	185	64	105
286	186	67	103
288	183	66	105
288	185	66	103
287	187	66	102
289	187	64	99
290	187	64	100
289	187	65	102
288	184	65	103
288	187	66	100
289	184	64	103
288	186	66	101
289	188	65	100
290	189	64	98
290	188	64	99
290	186	65	101
289	183	65	104
290	185	64	102
290	186	64	99
289	188	65	98
289	188	66	98
289	185	65	100
292	185	62	102
290	187	65	99
290	187	66	98
290	186	66	100
289	188	67	98
290	189	66	97
290	188	66	96
291	186	65	100
290	185	67	104
292	185	65	101
291	186	65	101
292	187	64	101
292	187	65	102
291	187	65	102
293	188	64	101
292	187	65	100
291	187	66	105
293	187	64	103
294	186	63	108
292	188	67	100
293	187	65	107
291	188	67	105
294	185	65	110
293	188	65	107
292	187	66	110
293	189	65	106
295	186	64	111
293	187	65	111
291	189	69	109
293	190	66	108
294	190	67	109
292	191	66	110
293	192	67	108
289	190	71	111
295	192	63	110
293	189	66	114
295	189	64	115
295	189	63	114
295	187	64	117
295	187	64	118
294	190	66	115
293	189	68	118
295	189	68	120
297	191	69	118
297	190	69	119
296	194	73	116
296	193	75	119
296	195	77	118
297	195	80	117
295	195	85	117
299	193	83	118
296	192	89	121
296	194	91	120
296	194	95	121
299	199	95	116
297	195	99	122
297	198	102	119
300	197	102	120
297	197	111	121
296	197	116	121
295	193	120	125
297	199	119	119
295	197	124	121
295	198	125	121
295	195	125	125
297	200	126	117
298	199	128	121
296	195	132	126
298	198	134	123
298	190	135	132
299	192	135	133
301	194	141	129
299	195	142	128
299	194	148	127
300	194	148	126
300	192	156	130
298	197	156	124
301	196	157	126
304	195	158	128
302	197	160	125
303	196	164	126
300	193	166	132
303	194	167	130
301	195	172	129
303	199	173	123
305	199	175	122
303	195	176	129
304	195	179	126
303	196	184	125
306	195	182	125
305	194	191	127
309	192	190	125
308	192	185	123
306	195	190	123
307	195	192	121
309	194	194	120
307	196	192	121
306	197	197	114
308	198	193	110
309	197	190	110
306	197	197	112
309	195	192	114
305	198	195	110
306	198	200	110
304	198	200	113
306	198	198	111
305	200	197	108
302	199	208	112
301	201	206	108
308	198	199	114
302	199	203	114
306	191	200	121
310	196	195	118
310	200	197	112
312	203	192	113
311	201	193	111
312	201	193	116
315	199	190	117
315	202	190	112
320	200	185	118
316	202	192	114
322	204	183	116
322	198	183	121
324	204	181	118
329	204	173	117
330	202	170	120
336	201	166	124
339	202	160	124
341	201	162	126
347	201	152	126
351	199	145	132
356	197	142	134
358	201	140	130
360	201	132	128
364	201	132	131
369	198	126	134
371	195	123	139
370	202	123	131
375	201	114	135
375	202	116	132
375	197	115	138
377	196	113	140
379	201	102	134
381	204	104	131
385	209	98	124
384	204	104	130
388	200	93	133
388	202	95	130
389	207	92	125
389	206	89	127
390	198	90	132
390	198	87	133
391	204	86	127
388	206	91	123
386	198	93	130
387	204	92	123
387	201	88	127
390	203	84	124
390	204	87	120
389	203	85	122
387	198	91	125
388	200	85	123
384	197	92	125
384	203	90	117
384	201	91	120
382	200	93	121
377	198	99	123
377	197	97	122
378	203	97	111
380	201	92	117
378	204	96	111
377	201	96	116
378	201	93	115
378	199	92	118
378	199	91	118
376	200	92	116
377	201	92	114
377	203	91	111
376	201	90	111
374	200	93	111
376	200	87	111
376	200	86	115
374	205	88	104
374	205	89	104
376	203	84	105
375	204	85	103
374	207	88	100
377	207	81	102
376	201	83	106
374	203	85	104
373	204	85	102
374	202	84	103
374	199	81	107
375	204	83	100
374	202	81	101
375	203	81	99
374	201	80	98
374	201	80	98
374	198	79	103
374	202	79	94
371	201	82	94
371	199	81	95
370	199	83	97
368	200	83	95
369	201	82	91
370	202	80	92
367	197	82	98
367	196	82	98
366	199	83	91
368	198	81	94
368	198	80	95
367	198	82	94
365	199	84	92
366	197	82	93
365	198	85	93
365	196	83	92
364	196	84	92
363	195	85	92
365	196	83	89
364	193	83	93
365	196	81	88
366	195	80	89
366	193	78	92
364	194	82	89
364	193	81	89
364	193	80	88
363	194	80	87
363	191	81	88
362	191	81	87
363	192	79	87
360	191	82	87
360	190	82	87
358	192	84	85
359	194	82	81
358	190	83	86
357	195	85	78
353	195	86	79
355	193	84	80
352	191	87	83
356	193	83	78
350	192	87	80
351	187	85	84
353	192	84	80
349	193	87	77
349	189	86	81
351	190	82	79
353	190	79	79
351	189	81	79
353	192	78	76
349	192	81	76
352	193	77	73
349	192	79	74
352	193	74	73
351	191	74	73
347	190	78	74
344	190	80	71
347	193	76	70
344	192	80	70
347	196	75	65
349	194	72	68
342	189	78	73
337	188	85	73
337	188	81	75
337	192	81	69
342	191	76	67
336	189	80	70
333	193	82	68
335	191	81	66
332	185	80	73
331	189	81	69
328	188	85	70
327	187	83	71
323	189	88	69
322	189	87	68
321	188	87	68
320	190	89	64
318	191	87	65
317	189	87	66
314	190	89	68
312	188	92	68
310	190	91	65
308	189	93	66
305	188	96	65
303	187	97	67
301	188	98	65
299	190	99	61
297	190	100	60
297	188	97	64
293	190	100	59
289	191	102	60
292	187	99	64
286	187	103	64
287	184	100	68
283	185	103	66
280	185	104	67
282	186	104	63
279	187	107	62
275	189	106	61
275	188	104	62
271	187	107	64
267	185	110	65
264	184	113	68
264	186	111	64
263	186	109	66
261	186	108	65
259	184	111	66
259	182	108	68
256	181	112	69
254	187	109	67
250	187	113	64
249	191	114	61
247	188	115	61
245	192	114	61
242	190	117	62
240	187	118	64
239	190	116	60
239	191	114	59
238	188	113	61
235	190	116	57
233	189	118	63
230	188	120	65
228	189	120	62
229	187	116	61
226	187	117	63
226	186	115	65
224	190	115	63
230	189	108	65
224	191	111	65
226	187	108	66
221	192	111	65
237	190	98	67
218	188	111	68
222	188	110	72
212	187	117	70
209	187	118	77
208	188	119	73
207	186	115	73
208	184	113	78
201	188	122	73
196	188	123	72
191	188	129	74
191	184	127	84
192	186	124	76
188	185	125	81
186	186	126	78
187	184	123	84
187	186	123	80
185	189	126	78
185	189	124	78
187	190	122	78
187	187	118	81
187	190	117	78
185	187	119	83
184	189	120	80
185	192	118	79
185	183	117	87
185	188	115	84
184	187	116	86
183	189	118	84
183	189	116	84
183	191	115	82
183	190	117	86
183	188	116	88
183	191	114	86
181	189	117	88
181	189	118	91
182	192	114	88
180	189	119	92
181	193	115	89
180	188	116	96
181	196	115	88
182	191	113	97
181	189	114	96
183	190	110	98
182	188	112	99
181	188	113	102
182	190	112	99
183	188	112	105
181	193	116	98
182	190	114	105
183	190	113	105
183	186	113	113
183	186	115	114
184	185	115	117
183	184	115	118
186	186	110	120
185	188	112	117
184	188	116	118
184	185	115	125
187	188	112	121
186	190	114	116
185	188	116	122
187	184	111	129
184	187	113	127
184	187	115	130
182	182	117	137
180	186	122	130
181	188	116	129
211	187	88	138
207	198	88	123
217	202	80	118
221	198	74	125
221	199	76	122
223	194	72	131
223	194	73	130
224	197	70	132
226	195	68	134
227	196	68	135
227	199	75	131
229	195	72	136
229	191	77	138
230	199	75	137
233	193	76	143
232	189	80	145
234	193	80	145
233	194	83	143
231	192	92	148
234	194	92	145
234	193	96	147
235	189	93	153
227	195	107	149
231	196	108	147
227	197	115	147
214	195	132	151
206	185	145	160
182	187	172	159
179	186	179	160
182	187	179	162
178	185	184	164
179	187	186	161
176	186	192	163
180	187	186	162
180	187	189	164
180	188	194	164
181	185	196	168
177	189	215	161
178	188	212	164
178	185	219	166
180	191	219	159
179	191	226	155
181	193	226	156
180	188	236	158
179	187	240	155
175	194	245	155
186	191	236	152
179	193	247	151
182	192	250	152
180	193	257	151
186	202	255	146
179	198	265	144
179	198	284	145
177	201	285	142
178	204	283	137
177	206	296	141
176	206	313	139
173	211	335	135
172	208	345	148
177	217	341	132
181	204	338	143
180	216	347	131
175	217	365	127
168	218	378	137
177	214	364	139
173	214	373	134
166	215	386	136
168	212	388	140
169	214	391	136
176	215	380	133
173	215	383	143
176	213	381	138
167	207	411	145
175	204	390	147
177	203	378	149
235	218	350	141
188	215	376	139
183	210	392	139
175	217	409	143
171	202	412	151
172	197	417	153
167	189	435	170
175	187	422	171
163	194	452	163
169	189	455	165
166	187	447	168
172	182	453	177
165	184	447	170
173	191	454	162
165	180	464	172
177	199	454	157
161	194	467	163
179	184	451	174
189	185	447	175
167	182	462	175
183	165	459	192
156	176	486	175
169	173	478	181
143	166	503	185
152	172	493	189
163	173	466	189
170	175	479	174
158	176	481	178
172	172	476	180
158	172	474	182
173	181	466	173
173	163	460	188
151	179	468	171
167	179	419	176
169	188	434	165
174	179	412	172
224	234	423	118
224	226	426	124
211	205	431	152
177	186	454	161
159	183	475	167
163	178	480	170
148	174	494	179
161	187	473	165
164	193	442	152
166	178	445	171
169	168	457	184
169	183	452	169
164	171	469	181
164	180	479	172
156	184	494	171
158	170	493	187
152	182	493	171
173	197	479	157
161	177	489	180
165	186	481	171
164	191	491	165
146	175	462	178
164	176	477	180
120	183	439	168
162	170	399	179
172	191	350	153
174	173	339	170
175	162	343	185
176	170	351	175
174	162	353	183
171	178	360	167
170	164	365	179
173	168	364	175
172	171	366	168
173	175	364	164
174	155	354	187
174	167	356	176
183	160	344	180
177	174	354	168
176	170	359	171
172	165	368	179
170	171	368	172
167	179	376	163
171	172	368	171
175	161	351	182
184	169	335	174
172	161	369	185
171	169	369	173
174	160	358	184
179	169	347	172
180	169	346	167
182	173	348	170
175	155	364	193
175	159	359	184
174	165	354	177
171	162	362	183
170	170	373	174
176	180	359	163
177	167	351	172
175	182	363	161
178	167	356	174
176	168	354	176
175	153	357	189
176	166	356	181
173	169	370	176
166	156	372	190
173	174	373	167
174	176	365	166
175	168	367	171
173	162	366	182
179	168	352	175
173	163	363	179
180	177	346	165
181	161	348	176
170	183	375	160
179	167	349	169
178	165	357	175
174	180	365	163
173	175	378	169
184	145	331	198
185	154	341	191
176	172	356	169
180	164	344	177
171	171	370	172
174	174	354	170
170	155	370	189
170	171	369	173
169	160	367	183
172	170	365	168
176	172	346	168
178	159	350	187
174	172	354	172
170	163	373	182
170	170	374	173
176	165	356	178
172	171	364	173
168	172	368	171
171	162	372	184
177	172	358	170
175	155	360	191
167	169	376	174
171	168	367	176
173	166	359	180
179	162	357	181
175	173	358	170
172	167	369	177
172	166	369	176
173	172	368	171
174	161	360	182
172	171	362	175
173	162	361	180
167	176	373	166
171	162	369	177
172	169	366	173
168	181	373	162
171	164	368	178
169	176	375	169
174	161	360	182
172	173	357	169
172	165	364	180
172	169	369	173
174	169	367	169
172	157	365	188
169	169	373	173
170	171	369	170
177	167	360	172
180	161	348	181
173	173	360	171
172	175	366	166
178	169	349	172
175	155	366	186
174	167	360	173
172	168	368	175
174	173	360	169
173	166	360	177
172	167	366	177
171	166	371	177
172	178	369	163
177	159	359	179
173	176	363	168
173	158	364	187
170	174	364	165
180	153	338	191
175	170	359	174
171	163	364	182
175	168	355	176
175	172	355	165
176	173	367	165
177	169	356	171
175	164	359	179
172	169	363	173
172	155	361	189
175	166	359	174
175	170	356	173
176	156	358	188
178	168	348	172
178	161	356	183
175	172	354	171
174	165	361	178
171	171	366	172
169	160	366	183
179	173	352	165
178	163	355	180
177	163	357	180
172	161	361	183
176	167	360	176
174	165	358	177
170	179	375	165
167	160	371	186
165	171	381	173
170	177	366	166
174	162	367	180
174	169	357	173
174	166	364	179
174	168	362	172
176	171	355	175
176	165	355	176
175	168	360	175
169	166	381	176
166	177	379	165
173	166	361	176
173	174	363	169
170	157	366	186
167	174	375	172
170	174	369	169
174	164	364	178
173	184	367	159
176	164	362	172
175	172	359	169
175	158	362	189
178	176	354	168
172	163	367	179
177	168	351	178
175	157	362	187
179	173	354	166
180	167	354	176
175	167	362	175
175	178	359	160
174	156	364	187
163	175	385	168
175	164	361	177
173	177	371	167
172	165	366	175
174	172	351	170
173	167	372	177
175	166	360	175
173	172	361	174
173	151	355	195
174	165	353	181
175	164	355	178
174	168	364	176
168	178	378	160
173	159	364	187
173	173	359	168
176	162	365	183
173	166	365	177
171	168	363	175
179	167	354	175
179	168	354	175
172	167	368	174
175	172	360	170
177	167	346	175
171	167	373	177
169	170	376	172
177	177	358	166
178	162	361	177
177	181	359	160
181	159	352	185
178	166	351	175
173	174	365	169
179	171	357	169
177	164	361	178
174	169	363	176
172	169	371	175
173	164	362	182
171	170	367	175
172	155	355	188
171	172	362	171
169	156	370	188
172	167	366	179
174	169	361	173
174	174	359	165
174	161	356	183
172	173	361	171
175	157	361	185
169	175	363	167
171	161	371	184
168	179	379	165
173	168	365	176
175	167	358	177
178	169	349	171
181	164	347	179
173	163	359	181
176	166	357	178
170	166	367	178
169	174	377	168
172	165	366	178
178	176	347	166
178	165	353	170
174	167	361	174
178	166	347	176
172	165	366	179
183	166	343	178
173	166	358	178
170	165	369	181
171	168	364	174
178	160	355	182
173	173	358	167
174	160	369	184
172	170	360	172
174	170	367	168
172	162	373	182
171	172	365	170
171	154	367	192
175	174	357	167
174	167	372	178
172	168	366	173
174	173	357	166
173	156	365	189
172	183	368	158
179	163	351	178
173	172	364	174
177	157	349	187
179	175	350	161
175	166	371	173
179	166	362	180
178	174	357	171
180	160	348	178
172	178	370	164
181	163	350	179
180	170	354	174
176	157	356	185
168	167	373	177
171	171	369	171
173	159	365	186
168	170	371	174
171	165	361	179
179	167	346	177
177	161	360	180
175	171	358	167
172	165	369	182
178	178	357	164
177	167	363	177
173	166	364	175
171	171	364	172
171	160	367	185
176	174	353	169
177	173	362	168
170	166	376	178
170	175	364	166
167	162	377	181
170	176	367	168
176	161	359	182
165	166	385	180
173	177	368	167
179	164	354	179
177	164	358	182
177	161	354	179
172	177	362	165
177	179	356	158
175	168	365	174
175	170	361	169
178	156	352	184
176	171	360	175
177	166	360	175
173	169	366	173
172	182	366	157
176	163	360	180
176	171	358	172
173	157	359	185
175	166	355	176
177	171	353	171
176	170	363	173
175	153	358	193
177	170	351	173
177	154	358	189
172	167	360	178
174	166	360	174
171	164	361	184
175	173	357	170
174	164	364	179
171	174	367	170
171	166	366	179
175	170	362	171
177	172	359	166
176	166	362	171
178	164	358	177
177	177	353	165
174	162	366	179
179	175	346	167
176	164	362	173
173	166	364	178
171	175	367	167
169	167	372	174
171	168	365	176
179	162	346	182
176	160	362	186
176	168	361	175
175	170	355	169
176	173	360	168
178	167	356	176
179	167	354	174
178	168	353	173
173	178	358	163
178	166	359	176
174	177	361	167
178	164	347	177
171	164	370	181
172	172	366	170
180	164	341	176
174	172	356	169
175	173	369	170
179	168	345	172
174	158	362	187
165	186	373	151
173	171	362	171
179	171	346	170
178	166	359	176
169	170	373	176
175	168	363	177
176	169	361	176
174	170	366	174
175	160	358	184
175	166	356	178
176	164	356	178
172	179	362	165
176	161	361	185
173	162	372	184
173	173	364	169
171	162	365	180
173	168	364	177
174	168	351	174
177	171	358	168
178	172	357	169
174	146	365	201
185	164	347	184
175	162	349	181
176	163	357	180
171	173	363	169
171	165	377	178
170	168	379	174
171	182	371	158
178	168	359	174
176	167	357	177
171	176	366	165
175	163	355	180
178	174	355	170
170	163	370	178
165	179	374	163
172	168	370	175
172	158	369	184
167	170	375	175
170	172	363	171
175	159	348	185
176	166	360	174
177	166	366	180
173	166	374	178
170	176	374	167
175	178	361	161
177	167	351	176
177	165	357	175
177	177	357	166
175	160	364	183
174	172	358	167
179	162	352	178
173	167	363	174
177	175	345	168
173	181	367	160
176	167	363	176
176	172	346	169
169	158	380	188
162	168	377	170
172	164	359	179
170	165	365	180
173	170	362	170
172	166	364	173
169	170	365	172
170	165	363	178
168	167	367	176
180	169	345	171
177	165	354	171
170	171	368	170
166	168	373	174
165	176	377	164
172	177	360	164
174	159	354	185
176	169	357	174
174	170	352	173
170	170	360	174
174	175	358	166
171	167	364	176
163	164	374	179
168	170	364	175
162	153	374	191
169	163	362	182
157	176	380	166
168	164	360	178
175	166	350	175
169	165	360	178
163	163	370	179
165	158	370	187
158	161	368	183
136	164	405	180
141	175	402	168
149	158	389	186
115	164	429	176
93	172	443	171
173	166	383	180
175	157	377	191
157	169	379	174
180	163	357	181
176	166	357	178
191	154	350	189
192	165	348	176
197	154	348	194
217	165	326	178
219	161	325	187
251	178	291	163
225	173	290	168
256	169	276	179
227	168	291	177
259	159	288	190
233	176	300	167
267	163	274	185
200	166	326	179
197	157	349	189
166	159	376	188
150	166	392	185
155	176	381	172
155	175	384	172
149	166	388	181
109	193	437	156
102	176	444	175
152	184	422	164
130	187	414	162
0	211	404	145
112	198	427	150
155	176	430	176
109	195	460	154
105	193	442	159
107	194	442	157
97	206	453	142
137	198	443	150
115	197	424	153
126	214	447	136
118	206	445	144
122	211	433	138
110	203	437	147
113	206	440	137
113	197	441	151
135	201	407	147
148	200	392	147
146	203	399	142
154	207	389	138
148	204	401	141
157	204	398	141
161	208	384	135
157	201	377	142
89	195	340	149
89	203	341	140
91	210	337	126
77	209	346	129
84	207	337	131
91	202	327	136
94	203	318	134
94	206	297	136
158	206	266	134
173	200	246	138
173	200	221	150
177	192	173	158
185	200	172	149
183	198	179	151
198	199	164	150
188	197	178	152
212	200	154	146
215	197	154	152
220	199	151	145
224	199	147	143
226	201	149	137
229	198	150	141
230	201	151	135
231	195	148	145
231	197	152	141
232	197	154	140
234	195	153	144
236	197	156	141
238	192	158	144
240	198	155	138
240	196	161	140
244	198	158	137
245	194	157	140
246	200	156	133
249	193	157	141
253	198	158	134
254	193	154	141
257	195	151	135
258	189	151	144
260	198	154	130
262	199	152	129
265	197	151	130
268	196	148	128
270	196	146	131
271	195	147	130
271	193	151	133
275	191	145	134
278	195	145	127
275	199	150	121
276	200	150	118
277	194	151	127
277	198	151	119
276	187	152	131
278	194	156	122
276	197	158	119
274	199	160	113
279	198	158	110
274	196	166	112
276	200	165	107
273	197	167	107
274	199	166	105
273	194	168	109
270	193	173	109
273	194	170	107
273	189	169	110
272	190	171	108
272	188	172	111
271	191	173	105
272	196	175	99
269	190	177	105
271	195	174	100
273	189	174	104
269	198	179	92
268	194	179	100
268	189	180	99
268	191	181	101
270	189	177	102
271	191	177	95
269	194	180	95
270	192	178	96
266	191	184	103
270	184	178	104
271	190	179	101
270	197	180	95
271	191	175	95
267	196	184	97
269	188	176	103
270	194	178	96
267	192	180	99
271	189	176	101
270	187	175	105
269	191	177	99
265	191	183	101
269	193	177	97
267	188	177	104
271	190	171	99
267	190	178	100
268	188	175	103
268	192	176	98
265	188	178	101
269	189	176	104
266	186	175	103
269	188	172	103
269	187	170	104
270	187	171	100
263	193	179	95
269	190	174	103
265	191	175	99
269	190	171	102
267	190	175	101
269	193	172	101
262	181	179	106
267	186	176	110
263	185	178	103
268	188	173	98
268	192	173	102
265	189	176	99
270	190	169	101
266	191	174	102
265	188	172	102
267	186	173	109
267	185	172	108
266	186	172	102
265	188	176	108
265	189	174	102
265	191	174	105
269	185	169	107
264	186	173	101
268	185	172	113
265	186	172	107
266	189	172	101
265	193	176	101
265	184	175	107
266	188	173	107
265	190	174	102
263	186	176	105
268	192	169	105
264	188	174	101
263	189	177	102
264	185	173	103
268	189	171	108
266	189	170	101
266	188	172	105
267	191	169	101
267	190	170	102
265	189	173	100
261	189	180	103
266	188	171	104
263	187	174	104
266	187	174	106
265	189	175	103
264	187	176	107
266	187	174	103
265	193	174	98
267	190	171	103
263	185	175	103
264	192	178	100
264	183	173	107
266	191	176	104
266	189	172	103
267	189	171	101
266	193	173	96
267	190	172	102
267	188	172	101
264	183	176	113
265	184	174	105
269	191	171	105
269	185	168	106
266	193	174	100
266	187	174	104
266	195	176	95
267	192	174	99
265	187	176	106
268	189	173	101
265	194	179	100
266	187	177	105
265	189	180	104
267	190	179	97
267	191	177	97
266	194	179	97
268	194	181	96
267	192	180	99
267	191	184	97
264	195	187	96
268	190	182	98
267	193	181	99
269	190	181	102
272	191	179	100
267	191	184	98
271	195	181	95
269	195	184	94
