0.400542
0.039295
0.040033
0.039118
0.039076
0.038997
0.038973
0.039213
0.039116
0.039244
0.039305
0.039088
0.039153
0.039229
0.039216
0.039270
0.039235
0.039363
0.039138
0.039317
0.067290
0.039166
0.039295
0.039285
0.039155
0.039103
0.039444
0.039039
0.039419
0.039183
0.039265
0.039124
0.039118
0.039182
0.039313
0.039084
0.039314
0.039326
0.039262
0.039179
0.073121
0.039288
0.039303
0.039389
0.038258
0.038222
0.038454
0.038277
0.038486
0.038458
0.039001
0.039304
0.038968
0.039140
0.039595
0.039272
0.039237
0.039440
0.045423
0.039408
0.073032
0.039239
0.039453
0.039273
0.039511
0.039088
0.039163
0.039298
0.039223
0.039332
0.039327
0.039131
0.039215
0.040260
0.039310
0.039289
0.038788
0.039299
0.039163
0.039153
0.072777
0.039200
0.039230
0.039141
0.038850
0.039200
0.039352
0.039217
0.039305
0.039249
0.038877
0.039392
0.039366
0.039121
0.039283
0.039505
0.039339
0.039367
0.039054
0.038632
0.073481
0.039287
0.039304
0.039330
0.039246
0.039205
0.039296
0.039358
0.039385
0.038195
0.039171
0.039260
0.038608
0.039400
0.039506
0.039308
0.039170
0.038496
0.038364
0.039253
0.073029
0.039309
0.039210
0.039331
0.039327
0.039097
0.039219
0.039209
0.039297
0.039382
0.039391
0.039271
0.039120
0.039171
0.039335
0.039196
0.038452
0.038636
0.038556
0.039310
0.073144
0.039560
0.039273
0.039309
0.039232
0.038459
0.038445
0.038473
0.039444
0.036899
0.037703
0.037013
0.036899
0.036869
0.036849
0.036942
0.036855
0.036853
0.036965
0.036912
0.070366
0.036887
0.037084
0.037053
0.036976
0.036809
0.036841
0.037600
0.037701
0.036913
0.036783
0.037533
0.036831
0.037801
0.037015
0.037852
0.037807
0.036882
0.036870
0.036784
0.071047
0.037749
0.036791
0.037643
0.037794
0.037861
0.037755
0.037749
0.037832
0.037980
0.037751
0.037666
0.037713
0.037704
0.037632
0.036881
0.037741
0.037729
0.037714
0.037834
0.071203
0.037766
0.037758
0.037748
0.037663
0.037721
0.037620
0.037845
0.037841
0.037799
0.037598
0.037695
0.037699
0.037571
0.037670
0.037625
0.037593
0.037781
0.037574
0.037605
0.071186
0.037579
0.037486
0.037651
0.037543
0.037552
0.037507
0.037435
0.037460
0.037601
0.037488
0.037515
0.037530
0.037719
0.037673
0.037545
0.037569
0.037658
0.037668
0.038200
0.071661
0.038270
0.038387
0.039277
0.039065
0.038886
0.039201
0.038994
0.039280
0.039015
0.039013
0.039091
0.038981
0.038916
0.039122
0.039051
0.038997
0.039033
0.039084
0.038957
0.072615
0.039012
0.039033
0.038984
0.038866
0.038910
0.038884
0.038969
0.038764
0.039199
0.039040
0.039009
0.038851
0.038941
0.039126
0.038991
0.038920
0.038964
0.038878
0.038737
0.073080
0.038666
0.038966
0.038753
0.038876
0.038811
0.038852
0.038933
0.040073
0.039052
0.038713
0.038758
0.038969
0.038797
0.038790
0.037425
0.038722
0.039195
0.038737
0.038996
0.072747
0.038807
0.038943
0.038894
0.038935
0.039208
0.038820
0.038753
0.039062
0.039019
0.038531
0.039069
0.039004
0.038978
0.039319
0.039025
0.038993
0.039096
0.039128
0.039124
0.073083
0.039126
0.038932
0.039180
0.039121
0.039124
0.039229
0.039441
0.039288
0.039006
0.039211
0.039133
0.039084
0.038998
0.040297
0.037669
0.037725
0.037641
0.037612
0.037695
0.071149
0.037745
0.037697
0.037685
0.037655
0.037653
0.037777
0.037601
0.037837
0.037588
0.037799
0.037722
0.037791
0.037714
0.037701
0.037651
0.037841
0.037742
0.037873
0.037777
0.071210
0.037754
0.037817
0.037706
0.037794
0.037866
0.037732
0.037812
0.037785
0.037736
0.037826
0.037748
0.037786
0.037725
0.037753
0.037746
0.037689
0.037769
0.037674
0.037766
0.071288
0.037719
0.037753
0.037826
0.037765
0.037684
0.037813
0.038031
0.037832
0.037828
0.038395
0.038377
0.039178
0.038388
0.039482
0.039568
0.039397
0.039247
0.039538
0.039363
0.072901
0.039507
0.039394
0.039137
0.039445
0.039432
0.039379
0.039284
0.039339
0.039269
0.039215
0.039196
0.039319
0.039158
0.039243
0.039618
0.039062
0.037658
0.038299
0.038326
0.072435
0.039571
0.039207
0.039327
0.039162
0.039277
0.038796
0.039244
0.039191
0.039137
0.039101
0.039057
0.039158
0.039508
0.039850
0.039219
0.039250
0.038909
0.039253
0.039059
0.072912
0.039018
0.039032
0.039084
0.038982
0.038965
0.038711
0.038778
0.039216
0.038877
0.038870
0.039050
0.039076
0.038960
0.039026
0.039055
0.038853
0.039076
0.039082
0.038986
0.072876
0.039184
0.038757
0.039010
0.038941
0.038941
0.039174
0.039432
0.038775
0.039018
0.038959
0.038960
0.038952
0.039004
0.039187
0.038877
0.038921
0.037803
0.037474
0.037290
0.070820
0.037440
0.037317
0.037794
0.038095
0.037795
0.037937
0.038135
0.037882
0.038200
0.038043
0.039150
0.039091
0.037935
0.037930
0.038033
0.038134
0.038078
0.037999
0.038078
0.071693
0.038172
0.038131
0.039156
0.041475
0.040667
0.044180
0.040984
0.040806
0.040970
0.040576
0.041419
0.042263
0.041603
0.045770
0.042145
0.040762
0.042025
0.046034
0.039095
0.072750
0.039005
0.039017
0.039101
0.039090
0.039150
0.039185
0.039189
0.038209
0.038227
0.038398
0.038397
0.038478
0.038339
0.038451
0.038343
0.038565
0.038271
0.038346
0.038510
0.071908
0.038342
0.038623
0.038357
0.038429
0.038215
0.037779
0.037799
0.037875
0.036989
0.037066
0.037265
0.037084
0.037774
0.037268
0.038504
0.038417
0.038436
0.038275
0.038320
0.072425
0.044485
0.045099
0.040645
0.046126
0.039058
0.045935
0.042264
0.039536
0.039361
0.045143
0.045423
0.039278
0.045032
0.045851
0.046300
0.038556
0.038191
0.038102
0.038266
0.071898
0.038239
0.038116
0.038037
0.038099
0.038148
0.038318
0.038152
0.038348
0.037969
0.038096
0.038150
0.038208
0.038150
0.037975
0.037996
0.038014
0.037989
0.037986
0.037932
0.071330
0.037941
0.037866
0.037921
0.038224
0.038025
0.037916
0.037797
0.037736
0.037705
0.038046
0.037699
0.037275
0.037223
0.037301
0.037380
0.037150
0.039117
0.041101
0.043264
0.072873
0.044409
0.044088
0.047868
0.043712
0.044776
0.049176
0.047591
0.043792
0.044915
0.043926
0.044657
0.041325
0.050541
0.048155
0.043649
0.041188
0.044486
0.050125
0.043478
0.077327
0.041787
0.048943
0.049524
0.045667
0.041518
0.041584
0.052506
0.040771
0.040965
0.039776
0.039838
0.039878
0.039693
0.042865
0.041762
0.039033
0.039171
0.038812
0.039080
0.072218
0.039081
0.038909
0.038912
0.038981
0.038911
0.038843
0.038652
0.038738
0.039447
0.039325
0.039172
0.040112
0.039022
0.039250
0.039036
0.039061
0.038764
0.038999
0.038733
0.072798
0.044513
0.037941
0.037929
0.037944
0.037816
0.037962
0.037915
0.038100
0.038179
0.038163
0.038128
0.038426
0.038406
0.038658
0.038655
0.038612
0.039019
0.038839
0.038859
0.072530
0.039336
0.039667
0.039935
0.039707
0.039715
0.039740
0.039820
0.040727
0.042420
0.040040
0.039940
0.039877
0.039820
0.039863
0.039878
0.039905
0.040041
0.040098
0.039903
0.074296
0.041017
0.045507
0.049694
0.040929
0.048414
0.041391
0.043083
0.041105
0.051129
0.049733
0.040916
0.050266
0.043602
0.044206
0.051404
0.050321
0.041128
0.040955
0.041255
0.075079
0.041415
0.049416
0.045388
0.049595
0.044173
0.049263
0.051112
0.040197
0.040176
0.040380
0.040215
0.040155
0.040228
0.040308
0.040071
0.039869
0.039786
0.039827
0.039626
0.073313
0.039539
0.040127
0.041739
0.042601
0.047961
0.047198
0.038675
0.038474
0.038379
0.038206
0.038324
0.038235
0.038125
0.038155
0.037914
0.037914
0.038340
0.038919
0.039175
0.072888
0.039413
0.039180
0.039575
0.039303
0.039130
0.039162
0.039227
0.039153
0.039254
0.039335
0.039263
0.039226
0.038699
0.038272
0.038124
0.038357
0.038299
0.038608
0.038803
0.072150
0.038965
0.038866
0.039153
0.039011
0.039129
0.039056
0.039196
0.039180
0.039402
0.039060
0.039114
0.038986
0.038920
0.039025
0.038802
0.038988
0.038879
0.038919
0.038588
0.072104
0.038671
0.038633
0.038574
0.038841
0.038841
0.039083
0.038906
0.038830
0.038928
0.038788
0.038914
0.038810
0.038882
0.038984
0.038835
0.038918
0.038801
0.038889
0.039004
0.072439
0.038985
0.038721
0.041815
0.054123
0.049651
0.039612
0.039444
0.039612
0.040002
0.039742
0.039775
0.039912
0.039782
0.039462
0.039670
0.039599
0.039541
0.039618
0.039644
0.074219
0.040615
0.040842
0.040827
0.040808
0.044905
0.040705
0.043453
0.044601
0.043833
0.049352
0.043163
0.050557
0.049095
0.047409
0.048940
0.048687
0.049321
0.048318
0.047637
0.082331
0.046083
0.044973
0.042821
0.044637
0.048799
0.043787
0.045006
0.047721
0.045316
0.041106
0.048815
0.047723
0.043942
0.041785
0.041226
0.043882
0.040925
0.041277
0.041075
0.081295
0.049402
0.046949
0.041122
0.048781
0.049489
0.041062
0.047098
0.046525
0.044012
0.048097
0.050671
0.046861
0.044059
0.050426
0.050741
0.045518
0.046130
0.046181
0.045941
0.080962
0.042513
0.051471
0.051201
0.048067
0.049410
0.049819
0.045804
0.053771
0.042542
0.043953
0.044544
0.044985
0.043514
0.044244
0.042769
0.039733
0.039666
0.039457
0.039439
0.073197
0.040959
0.041091
0.041240
0.050059
0.051271
0.041257
0.051475
0.043071
0.044404
0.043776
0.043426
0.044415
0.050130
0.041228
0.041095
0.041073
0.041199
0.041046
0.040991
0.075358
0.041249
0.041151
0.041107
0.041036
0.041149
0.041370
0.041311
0.041282
0.041370
0.041457
0.041136
0.040978
0.041254
0.041072
0.041346
0.041169
0.041224
0.041053
0.041337
0.075081
0.041003
0.041137
0.041004
0.040900
0.041220
0.041914
0.040936
0.040792
0.040895
0.040993
0.041001
0.040838
0.040823
0.040865
0.041073
0.039160
0.039196
0.039016
0.038877
0.072582
0.039531
0.039417
0.039451
0.040693
0.040534
0.040745
0.040618
0.040451
0.040483
0.040305
0.040570
0.040446
0.040497
0.040550
0.040631
0.040601
0.039556
0.039566
0.039546
0.072980
0.039418
0.039370
0.039637
0.039524
0.039523
0.039303
0.039476
0.039411
0.039329
0.040570
0.040181
0.040293
0.040306
0.040293
0.040358
0.039963
0.040334
0.040354
0.040289
0.074443
0.040155
0.040356
0.040305
0.040147
0.038735
0.038709
0.038554
0.038729
0.038814
0.038569
0.038572
0.038487
0.038728
0.038629
0.038865
0.038555
0.038747
0.038934
0.038876
0.072144
0.038538
0.038612
0.038671
0.038682
0.038494
0.038746
0.038592
0.038654
0.038795
0.039101
0.039233
0.039128
0.039245
0.040094
0.040267
0.040211
0.040421
0.040391
0.040259
0.074170
0.040476
0.040327
0.040514
0.040490
0.040752
0.040636
0.040861
0.041025
0.040581
0.040557
0.040679
0.040833
0.040696
0.040472
0.040801
0.040526
0.039137
0.040608
0.040951
0.074847
0.040938
0.040795
0.040818
0.040795
0.040556
0.041011
0.040877
0.040615
0.041001
0.040721
0.040786
0.041786
0.039006
0.039039
0.039249
0.040123
0.039834
0.039572
0.039449
0.073077
0.039598
0.040149
0.040433
0.040629
0.040401
0.040421
0.041558
0.039010
0.038881
0.038766
0.038885
0.038824
0.038982
0.038828
0.038896
0.038877
0.038831
0.038929
0.038826
0.072468
0.039064
0.038946
0.039132
0.038917
0.038791
0.038948
0.039267
0.039246
0.039112
0.038942
0.039280
0.039135
0.039198
0.039179
0.039149
0.039014
0.039205
0.039100
0.039071
0.072550
0.039424
0.039814
0.039947
0.039794
0.039769
0.039844
0.039964
0.040080
0.040413
0.041277
0.041193
0.041019
0.041309
0.041364
0.041276
0.041329
0.041543
0.041069
0.041348
0.075109
0.041428
0.041487
0.041385
0.041537
0.041162
0.041160
0.041327
0.041379
0.041667
0.041196
0.041389
0.041022
0.040956
0.041009
0.041165
0.040875
0.040780
0.040680
0.040743
0.074337
0.040723
0.040486
0.040371
0.040993
0.040888
0.041038
0.040896
0.040781
0.040980
0.041134
0.040594
0.040967
0.040805
0.040727
0.041046
0.039114
0.039597
0.040517
0.040823
0.074400
0.039953
0.039661
0.039769
0.040010
0.039866
0.039657
0.039951
0.039787
0.039802
0.039765
0.040094
0.040141
0.040211
0.040051
0.040518
0.037740
0.037797
0.037813
0.037843
0.071598
0.037838
0.038008
0.037822
0.037960
0.038096
0.037909
0.038207
0.038282
0.038218
0.038331
0.038281
0.038397
0.038286
0.038265
0.038362
0.038394
0.039066
0.039481
0.039729
0.071306
0.037897
0.037925
0.037071
0.037024
0.038160
0.037381
0.037307
0.043553
0.044265
0.037990
0.037846
0.037710
0.037923
0.037824
0.037766
0.037793
0.037654
0.037784
0.037676
0.071246
0.037752
0.038204
0.037762
0.037660
0.037607
0.037885
0.037692
0.037731
0.037734
0.037735
0.037756
0.037583
0.037635
0.037689
0.037579
0.037717
0.038453
0.037710
0.037729
0.071347
0.037572
0.037610
0.037582
0.037652
0.037694
0.038523
0.037750
0.037607
0.037604
0.037790
0.038413
0.038830
0.038924
0.038881
0.038676
0.038721
0.039031
0.038774
0.038790
0.072579
0.038795
0.038786
0.038736
0.038588
0.037200
0.038722
0.038856
0.038762
0.038823
0.038755
0.038808
0.038882
0.038850
0.038733
0.038783
0.038683
0.038719
0.038875
0.039006
0.072509
0.038724
0.039141
0.038790
0.038771
0.038721
0.038876
0.038877
0.038791
0.039052
0.037774
0.037750
0.037606
0.037749
0.038150
0.037820
0.039257
0.038838
0.039127
0.037253
0.070573
0.037188
0.037071
0.037154
0.037468
0.037108
0.037087
0.037110
0.037106
0.037183
0.037065
0.037251
0.037167
