1.00
1.04
1.03
0.99
1.04
0.96
0.86
0.84
0.85
0.83
0.86
0.74
0.62
0.70
0.73
0.68
0.67
0.64
0.61
0.64
0.67
0.73
0.76
0.74
0.71
0.73
0.73
0.72
0.71
0.68
0.70
0.67
0.66
0.69
0.66
0.66
0.66
0.67
0.69
0.70
0.70
0.87
0.86
0.82
0.78
0.74
0.74
0.69
0.66
0.60
0.62
0.62
0.62
0.62
0.60
0.56
0.56
0.52
0.51
0.50
0.51
0.72
0.70
0.75
0.78
0.79
0.80
0.83
0.83
0.85
0.83
0.86
0.84
0.79
0.78
0.78
0.76
0.74
0.75
0.75
0.73
0.93
0.92
0.91
0.91
0.90
0.88
0.90
0.90
0.87
0.88
0.90
0.91
0.88
0.90
0.92
0.83
0.81
0.75
0.69
0.62
0.63
0.58
0.48
0.41
0.37
0.42
0.43
0.42
0.41
0.31
0.33
0.29
0.33
0.40
0.41
0.46
0.44
0.43
0.40
0.37
0.71
0.68
0.63
0.66
0.61
0.65
0.67
0.64
0.60
0.63
0.67
0.69
0.74
0.80
0.85
0.88
0.87
0.85
0.86
0.87
0.95
0.94
0.94
0.96
0.94
0.94
0.94
0.92
0.89
0.88
0.83
0.90
0.84
0.83
0.85
0.94
0.87
0.93
0.88
0.87
0.90
0.90
0.91
0.90
0.92
0.90
0.88
0.88
0.85
0.88
0.90
0.87
0.88
0.92
0.89
0.90
0.88
0.83
0.76
0.75
0.78
0.74
0.77
0.75
0.74
0.74
0.71
0.69
0.72
0.83
0.79
0.79
0.83
0.78
0.60
0.46
0.48
0.55
0.64
0.60
0.68
0.62
0.61
0.63
0.61
0.63
0.67
0.62
0.68
0.74
0.75
0.76
0.79
0.81
0.87
0.85
0.89
0.90
0.95
0.93
1.14
1.13
1.03
1.06
1.04
1.04
1.02
0.97
0.87
0.82
0.74
0.73
0.75
0.79
0.81
0.80
0.82
0.90
0.92
0.87
0.90
0.97
0.97
0.94
0.92
0.81
0.89
0.95
0.90
1.01
0.94
0.90
0.91
0.92
0.96
0.98
0.97
1.00
1.01
0.96
0.92
0.96
0.97
0.86
0.87
0.80
0.85
0.85
0.93
0.91
0.93
1.00
0.97
1.10
1.19
1.03
1.00
1.02
1.04
1.06
1.00
1.01
1.05
1.06
1.06
1.09
1.02
0.93
0.87
0.87
0.87
0.84
0.83
0.83
0.80
0.81
0.85
0.87
0.88
0.86
0.92
0.93
0.93
0.91
0.93
0.99
1.00
1.03
1.03
1.00
0.92
0.93
0.24
0.15
0.05
0.08
0.08
0.03
0.04
0.11
0.22
0.19
0.13
0.19
0.24
0.18
0.26
0.22
0.21
0.25
0.29
0.29
0.27
0.28
0.27
0.28
0.27
0.28
0.25
0.29
0.54
0.53
0.53
0.54
0.57
0.50
0.57
0.55
0.48
0.48
0.53
0.52
0.48
0.49
0.47
0.51
0.55
0.52
0.51
0.52
0.80
0.80
0.79
0.78
0.75
0.81
0.82
0.82
0.85
0.78
0.77
0.79
0.78
0.76
0.81
0.81
0.83
0.80
0.80
0.80
0.89
0.91
0.90
0.89
0.89
0.89
0.87
0.88
0.93
0.88
0.84
0.88
0.92
0.92
0.91
0.89
0.90
0.94
0.90
0.91
0.97
0.95
0.99
1.00
0.97
1.00
0.96
0.96
1.00
0.95
0.97
0.96
1.00
0.97
1.01
0.97
0.92
0.95
0.98
0.96
1.00
0.99
1.00
0.99
1.01
0.96
1.00
0.99
0.98
1.00
0.96
0.96
0.98
0.96
0.94
0.95
0.93
0.98
0.98
1.00
0.99
1.00
1.00
1.02
0.99
0.98
0.98
0.99
0.98
0.97
0.97
1.00
0.98
0.99
0.99
1.00
0.98
0.96
0.94
0.96
0.96
0.98
0.99
1.03
0.97
1.02
0.99
0.98
0.99
1.01
1.00
0.97
0.99
1.00
0.99
1.00
1.01
1.02
0.99
0.98
1.02
1.01
1.02
1.00
0.99
1.04
1.02
1.03
1.00
0.99
1.00
1.02
1.02
1.00
0.98
1.00
1.04
1.00
1.00
1.02
1.02
1.01
0.96
0.98
0.96
0.98
1.01
0.98
1.00
0.99
1.02
0.99
0.95
1.01
1.01
1.01
0.99
1.02
1.04
1.00
0.99
1.00
0.96
1.00
0.99
0.98
0.96
0.95
1.01
0.98
0.95
0.98
1.00
0.98
0.99
1.00
0.97
0.99
1.01
1.01
0.99
1.04
1.01
1.05
1.04
1.02
1.01
1.00
1.02
1.00
0.98
0.96
1.02
0.99
0.99
1.01
1.00
0.97
1.07
1.03
0.99
0.98
1.02
1.01
1.00
1.03
1.02
0.99
1.01
0.96
1.06
1.01
1.05
1.03
0.98
1.00
1.01
1.03
1.02
1.00
1.02
1.03
1.03
1.04
1.00
1.05
1.05
1.03
1.03
1.03
0.99
1.02
1.03
1.05
1.03
1.02
1.01
1.03
1.02
1.03
1.02
1.04
1.01
1.06
1.04
1.01
1.01
0.97
1.01
1.01
1.02
0.98
1.03
1.00
1.03
1.03
0.97
1.01
1.00
1.00
1.05
1.00
1.05
1.04
1.02
1.01
0.99
1.01
0.98
1.04
1.06
1.05
1.03
1.02
1.03
1.03
1.00
1.02
1.03
1.03
1.01
1.04
1.03
1.02
1.04
0.98
1.01
1.01
1.04
1.04
1.04
1.04
1.02
1.04
1.04
1.03
1.02
1.05
1.01
1.07
1.03
1.01
1.05
1.01
0.99
1.04
1.03
1.02
1.07
1.03
1.03
1.04
1.04
1.04
1.02
1.04
0.98
1.03
1.05
1.02
1.03
1.04
1.01
1.04
0.99
0.98
1.02
1.01
0.96
0.99
0.95
0.96
1.01
0.96
0.97
0.99
0.99
1.03
1.05
1.04
1.00
1.03
1.05
1.06
1.04
1.04
1.02
1.07
1.04
0.95
1.03
1.02
1.05
1.05
1.02
1.04
1.05
1.05
1.02
1.04
1.03
1.01
1.04
1.01
1.01
1.02
0.99
1.02
1.02
1.06
1.05
1.07
1.01
1.00
1.00
1.02
1.01
1.01
1.04
1.03
0.99
0.98
1.04
1.01
1.02
0.98
1.00
1.03
1.01
0.98
1.03
1.01
1.02
1.04
1.03
1.06
0.99
1.01
0.99
1.00
1.01
1.02
1.03
1.05
1.02
1.01
1.02
1.04
1.05
1.04
1.03
1.05
1.01
1.00
1.05
1.05
1.02
1.00
1.00
1.02
1.01
1.02
1.01
1.02
1.01
1.02
1.04
1.02
1.00
0.99
1.02
0.98
1.01
0.98
1.01
1.03
1.02
1.00
1.06
1.02
0.99
1.00
1.01
1.01
1.01
1.03
1.01
1.04
1.04
0.99
1.03
0.98
1.03
0.92
1.01
1.02
1.02
1.04
1.01
1.02
1.02
1.01
0.99
0.99
1.00
1.01
1.05
0.99
1.01
1.04
1.05
1.05
1.05
1.02
1.00
1.01
1.04
1.03
1.01
1.05
1.01
1.00
1.02
1.02
1.03
0.99
1.00
1.00
1.02
1.03
1.02
1.05
1.00
1.01
1.01
0.99
0.99
1.05
1.07
1.04
1.03
1.06
1.03
0.99
1.04
0.98
1.07
1.05
1.01
1.05
1.02
1.02
1.06
1.04
1.05
1.05
1.02
1.06
1.01
1.01
1.01
1.02
1.03
1.04
1.05
1.06
1.04
1.00
1.04
1.04
1.03
1.01
1.04
1.04
1.02
1.03
1.01
1.01
1.03
1.00
1.01
1.04
1.00
1.01
1.01
1.01
1.01
1.05
1.02
1.03
1.03
1.06
1.02
1.04
1.04
1.02
1.00
1.01
0.98
1.03
1.04
1.05
1.01
0.99
0.96
1.14
0.26
0.06
0.05
0.16
0.12
0.12
0.09
0.18
0.10
0.20
0.21
0.21
0.25
0.28
0.31
0.30
0.25
0.23
0.22
0.22
0.22
0.23
0.19
