1.00
0.99
1.01
1.01
1.01
0.99
1.02
0.99
1.00
1.02
0.99
1.00
1.01
1.02
0.97
1.04
1.00
0.99
1.00
1.02
0.99
0.95
0.91
0.91
0.95
0.94
0.94
0.94
0.97
0.98
0.96
0.94
0.93
0.91
0.93
0.94
0.92
0.92
0.90
0.89
0.88
0.91
0.91
0.91
0.91
0.91
0.92
0.95
0.90
0.91
0.91
0.88
0.87
0.93
0.89
0.89
0.87
0.88
0.88
0.89
0.90
0.87
0.87
0.90
0.86
0.89
0.87
0.86
0.87
0.86
0.87
0.86
0.88
0.88
0.91
0.90
0.90
0.89
0.88
0.85
0.84
0.90
0.81
0.81
0.78
0.80
0.79
0.71
0.71
0.68
0.72
0.65
0.60
0.59
0.61
0.56
0.58
0.55
0.56
0.54
0.54
0.64
0.61
0.60
0.59
0.60
0.54
0.53
0.47
0.51
0.45
0.46
0.47
0.49
0.47
0.43
0.45
0.41
0.43
0.40
0.40
0.61
0.64
0.61
0.56
0.61
0.55
0.52
0.60
0.55
0.52
0.61
0.53
0.57
0.56
0.49
0.61
0.59
0.64
0.62
0.66
0.83
0.86
0.83
0.81
0.84
0.84
0.86
0.82
0.80
0.81
0.80
0.82
0.84
0.80
0.81
0.79
0.82
0.81
0.83
0.81
0.82
0.81
0.81
0.81
0.81
0.80
0.77
0.82
0.81
0.76
0.77
0.77
0.76
0.77
0.74
0.79
0.80
0.76
0.78
0.75
0.85
0.85
0.85
0.86
0.87
0.85
0.88
0.85
0.88
0.86
0.86
0.88
0.88
0.87
0.89
0.91
0.87
0.90
0.90
0.89
0.94
0.95
0.94
0.91
0.89
0.91
0.89
0.94
0.91
0.91
0.90
0.88
0.90
0.93
0.92
0.90
0.90
0.88
0.88
0.89
0.96
0.94
0.93
0.95
0.94
0.97
0.92
0.93
0.94
0.92
0.92
0.94
0.94
0.93
0.93
0.95
0.94
0.93
0.92
0.91
0.95
0.96
0.95
0.93
0.92
0.91
0.92
0.95
0.98
0.97
0.90
0.96
0.92
0.90
0.89
0.87
0.88
0.88
0.86
0.87
0.86
0.92
0.88
0.93
0.89
0.93
0.92
0.93
0.92
0.90
0.92
0.93
0.98
0.96
0.90
0.95
0.95
0.93
0.97
0.96
0.98
0.93
0.95
0.93
0.95
0.95
0.95
0.95
0.98
0.95
0.99
0.95
0.97
0.96
0.99
0.99
0.94
0.99
0.96
0.98
1.00
1.03
1.03
1.03
1.01
0.95
1.03
1.02
1.00
1.01
1.02
1.03
1.02
1.03
1.07
1.07
1.06
1.05
1.04
1.08
1.05
1.06
1.05
1.04
1.04
1.05
1.04
1.02
0.97
0.99
0.98
0.98
0.99
1.02
0.98
1.00
1.01
1.00
1.00
0.99
0.94
0.99
0.98
0.95
0.92
0.90
0.91
0.94
0.90
0.91
0.95
0.95
0.90
0.91
0.95
0.98
0.94
0.96
0.99
1.01
1.05
1.00
1.03
1.02
1.00
1.04
1.03
1.05
1.04
1.09
1.06
1.03
1.03
1.05
1.01
1.02
1.03
1.03
1.03
1.01
1.03
1.05
1.07
1.00
1.02
0.98
0.93
0.92
0.90
0.89
0.89
0.89
0.85
0.86
0.91
0.89
0.88
0.90
0.90
0.89
0.90
0.91
0.88
0.93
0.89
0.91
0.89
0.89
0.87
0.87
0.86
0.82
0.83
0.84
0.86
0.81
0.86
0.85
0.85
0.83
0.86
0.92
0.86
0.86
0.82
0.86
0.80
0.81
0.83
0.75
0.74
0.77
0.69
0.71
0.74
0.71
0.68
0.67
0.65
0.64
0.78
0.70
0.73
0.72
0.69
0.63
0.60
0.60
0.63
0.68
0.59
0.63
0.60
0.56
0.58
0.60
0.57
0.53
0.54
0.51
0.68
0.72
0.66
0.65
0.64
0.54
0.56
0.52
0.48
0.45
0.47
0.45
0.49
0.40
0.31
0.43
0.42
0.40
0.36
0.23
0.40
0.37
0.30
0.36
0.37
0.26
0.29
0.43
0.10
0.16
0.11
0.06
0.07
0.34
0.33
0.19
0.26
0.24
0.46
0.51
0.60
0.59
0.61
0.64
0.57
0.60
0.56
0.58
0.57
0.59
0.63
0.60
0.58
0.57
0.59
0.60
0.58
0.64
0.58
0.61
0.86
0.80
0.83
0.80
0.83
0.79
0.78
0.76
0.79
0.85
0.80
0.83
0.86
0.87
0.80
0.80
0.79
0.83
0.83
0.83
0.93
0.94
0.91
0.91
0.91
0.95
0.96
0.95
0.93
0.93
0.95
0.95
0.96
0.93
0.93
0.91
0.91
0.97
0.93
0.98
1.03
1.01
1.01
1.02
0.97
0.95
0.99
0.99
1.01
0.98
0.95
0.96
1.00
1.06
1.00
1.05
0.94
0.95
1.03
1.02
1.03
1.03
1.08
1.04
1.02
1.07
1.05
1.06
1.07
1.08
1.03
1.06
1.04
0.99
1.06
1.08
1.08
1.10
1.02
1.00
1.05
1.03
1.05
1.07
1.11
1.03
1.11
1.05
1.09
1.12
1.10
1.02
1.03
1.12
1.07
1.08
1.09
1.10
1.07
1.08
1.10
1.06
1.08
1.04
1.09
1.14
1.06
1.13
1.09
1.11
1.08
1.06
1.07
1.07
1.06
1.13
1.09
1.09
1.07
1.13
1.05
1.04
1.10
1.07
1.05
1.12
1.13
1.12
1.08
1.04
1.13
1.13
1.14
1.08
1.06
1.02
1.00
1.09
1.06
1.05
1.04
1.04
1.07
1.08
1.12
1.12
1.09
1.11
1.04
1.02
1.11
1.06
1.11
1.05
1.00
1.06
1.09
1.03
1.03
1.07
1.04
1.04
1.02
1.06
1.05
1.05
1.00
1.02
1.00
1.06
1.03
1.06
0.96
1.01
0.98
1.04
0.97
0.98
0.96
0.96
1.02
1.04
1.01
0.98
1.01
0.97
0.97
1.00
0.94
0.95
0.96
0.96
0.93
0.94
0.96
0.93
0.94
0.94
0.94
0.93
1.04
1.02
1.04
1.10
1.08
1.08
1.04
1.01
1.09
1.09
1.08
1.12
1.10
1.09
1.06
1.09
1.13
1.11
1.07
1.11
1.09
1.06
1.12
1.14
1.09
1.15
1.13
1.14
1.11
1.09
1.11
1.03
1.10
1.03
1.10
1.04
1.06
1.10
1.02
1.04
1.07
1.06
1.07
1.09
1.09
1.06
1.05
1.10
1.05
1.03
1.06
1.10
1.09
1.11
1.04
1.11
1.04
1.04
1.08
1.05
1.09
1.08
1.13
1.08
1.07
1.12
1.09
1.02
1.08
1.05
1.10
1.12
1.10
1.08
1.12
1.09
1.13
1.06
1.08
1.08
1.11
1.14
1.12
1.13
1.12
1.12
1.09
1.16
1.11
1.14
1.11
1.20
1.11
1.08
1.09
1.15
1.14
1.12
1.07
1.04
1.12
1.10
1.13
1.13
1.13
1.11
1.09
1.10
1.05
1.11
1.06
1.03
1.05
1.01
1.00
1.06
0.95
1.02
0.96
1.05
1.06
1.00
0.99
1.02
1.01
1.07
1.09
1.02
0.98
1.03
1.05
1.11
1.09
1.13
1.10
1.12
1.13
1.10
1.12
1.07
1.14
1.12
1.16
1.18
1.10
1.04
1.13
1.09
1.15
1.09
1.09
1.12
1.12
1.16
1.17
1.16
1.13
1.09
1.14
1.13
1.13
1.18
1.16
1.18
1.15
1.23
1.17
1.19
1.22
1.27
1.22
1.21
1.22
1.17
1.18
1.21
1.24
1.22
1.19
1.24
1.13
1.17
1.10
1.13
1.16
1.13
1.13
1.11
1.18
1.10
1.11
1.16
1.12
1.14
1.12
1.17
1.16
1.10
1.17
1.12
1.09
1.13
1.14
1.11
1.08
1.13
1.10
1.14
1.15
1.15
1.07
1.09
1.11
1.12
1.14
1.11
1.14
1.05
1.12
1.08
1.06
1.13
1.16
1.13
1.08
1.12
1.10
1.11
1.07
1.07
1.11
1.14
1.12
1.14
1.15
1.06
1.15
1.15
1.12
1.10
1.11
1.09
1.10
1.14
1.09
1.08
1.09
1.11
1.08
1.11
1.09
1.12
1.14
1.14
1.08
1.03
1.13
1.10
1.15
1.08
1.14
1.09
1.06
1.05
1.06
1.08
1.13
1.13
1.11
1.09
1.08
1.15
1.15
1.04
1.10
1.07
1.08
1.14
1.09
1.06
1.08
1.10
1.04
1.16
1.08
1.12
1.15
1.10
1.12
1.08
1.08
1.06
1.07
1.17
1.09
1.08
1.07
1.07
1.14
1.10
1.10
1.08
1.09
1.07
1.13
1.07
1.11
1.12
1.06
1.13
1.07
1.08
1.12
1.12
1.17
1.05
1.10
1.13
1.07
1.13
1.11
1.12
1.08
1.15
1.14
1.11
1.06
1.09
1.07
1.11
1.11
1.11
1.04
1.04
1.12
1.15
1.11
1.14
1.15
1.12
1.06
1.09
1.11
1.05
1.08
1.08
1.08
1.11
1.12
1.11
1.16
1.06
1.16
1.13
1.13
1.05
1.08
1.05
1.15
1.13
1.08
1.13
1.17
1.18
1.15
1.12
1.08
1.14
1.09
1.11
1.08
1.09
1.10
1.11
1.08
1.08
1.13
1.09
1.15
1.10
1.07
1.07
1.11
1.12
1.10
1.12
1.06
1.10
1.12
1.11
1.07
1.11
1.05
1.13
1.05
1.15
1.07
1.10
1.13
1.11
1.11
1.12
1.15
1.08
1.12
1.09
1.10
1.11
1.13
1.10
1.09
1.10
1.07
1.13
1.10
1.05
1.13
1.08
1.13
1.09
1.09
1.10
1.09
1.09
1.10
1.13
1.08
1.09
1.13
1.07
1.10
1.09
1.11
1.08
1.10
1.10
1.14
1.15
1.09
1.10
1.16
1.10
1.08
1.10
1.09
1.12
1.08
1.13
1.14
1.08
1.13
1.11
1.09
1.09
1.15
1.11
1.09
1.12
1.11
1.10
1.04
1.11
1.11
1.11
1.10
1.11
1.13
1.07
1.14
1.06
1.07
1.10
1.08
1.09
1.12
1.08
1.12
1.16
1.12
1.13
1.10
1.14
1.15
1.12
1.14
1.05
1.07
1.11
1.15
1.05
1.10
1.05
1.08
1.16
1.10
1.12
1.04
1.13
1.13
1.07
1.11
1.12
1.08
1.11
1.05
1.07
1.08
1.13
1.10
1.12
1.08
1.08
1.06
1.12
1.07
1.11
1.09
1.12
1.08
1.06
1.14
1.11
1.14
1.10
1.14
1.12
1.11
1.13
1.10
1.12
1.09
1.08
1.13
1.14
1.11
1.15
1.10
1.10
1.11
1.07
1.09
1.08
1.14
1.09
1.10
1.11
1.18
1.14
1.12
1.12
1.10
1.08
1.09
1.08
1.12
1.09
1.11
1.11
1.11
1.05
1.11
1.06
1.14
1.13
1.09
1.08
1.13
1.08
1.14
1.13
1.12
1.10
1.13
1.10
1.15
1.11
1.13
1.07
1.14
1.14
1.13
1.07
1.15
1.11
1.16
1.11
1.10
1.05
1.11
1.12
1.10
1.14
1.16
1.10
1.13
1.17
1.12
1.13
1.07
1.13
1.12
1.11
1.12
1.11
1.10
1.14
1.10
1.11
1.11
1.13
1.12
1.14
1.10
1.11
1.13
1.12
1.14
1.04
1.13
1.10
1.02
1.11
1.06
1.11
1.10
1.05
1.14
1.12
1.09
1.09
1.07
1.09
1.10
1.09
1.13
1.09
1.11
1.11
1.13
1.06
1.13
1.15
1.12
1.14
1.10
1.14
1.09
1.11
1.13
1.08
1.08
1.08
1.15
1.15
1.12
1.12
1.15
1.07
1.12
1.13
1.10
1.10
1.13
1.12
1.11
1.07
1.11
1.07
1.11
1.12
1.08
1.10
1.13
1.10
1.11
1.07
1.09
1.10
1.08
1.11
1.13
1.12
1.12
1.13
1.09
1.06
1.06
1.11
1.11
1.06
1.07
1.11
1.11
1.13
1.09
1.10
1.10
1.12
1.06
1.08
1.09
1.07
1.15
1.10
1.13
1.14
1.13
1.06
1.11
1.12
1.10
1.11
1.10
1.14
1.04
1.09
1.07
1.13
1.05
1.06
1.08
1.14
1.13
1.09
1.10
1.12
1.06
1.16
1.12
1.11
1.14
1.16
1.14
1.15
1.15
1.07
1.10
1.07
1.09
1.04
1.13
1.16
1.08
1.14
1.09
1.15
1.13
1.14
1.11
1.13
1.13
1.08
1.08
1.08
1.11
1.13
1.09
1.14
1.09
1.10
1.14
1.13
1.10
1.06
1.10
1.07
1.11
1.10
1.11
1.06
1.08
1.07
1.10
1.14
1.11
1.10
1.07
1.12
1.10
1.09
1.14
1.08
1.12
1.09
1.04
1.12
1.12
1.09
1.12
1.12
1.06
1.09
1.10
1.05
1.08
1.14
1.08
1.11
1.06
1.12
1.07
