442	207	40	127
441	207	40	124
444	208	37	129
442	208	40	124
443	208	38	129
440	206	44	128
442	207	42	127
444	207	39	126
444	207	38	125
444	207	40	125
444	207	40	129
445	206	38	128
444	206	39	128
445	207	39	124
445	207	39	130
444	206	39	127
445	206	39	128
446	205	38	128
445	207	39	128
443	209	42	124
446	207	38	126
446	207	38	128
444	206	40	128
445	206	40	129
446	205	38	129
444	206	40	127
444	204	39	129
444	205	39	127
444	205	41	131
443	205	41	129
444	205	39	129
444	207	39	129
443	205	41	128
444	205	39	129
444	205	39	128
443	204	40	130
445	204	37	129
444	205	38	130
444	203	36	130
443	206	38	129
442	205	39	128
443	205	38	128
444	206	34	125
444	201	33	129
445	203	32	128
442	200	34	131
442	199	33	131
442	199	34	131
443	199	33	130
442	200	33	129
443	200	34	129
442	196	35	132
442	199	36	127
442	194	36	133
444	196	35	130
442	194	36	131
443	196	36	127
444	195	34	128
444	194	35	129
443	193	36	131
445	194	34	129
444	194	35	129
445	191	36	131
445	187	34	136
447	190	33	131
446	189	36	133
447	189	35	133
447	191	35	130
447	191	36	130
447	193	36	128
448	193	36	127
446	192	38	129
447	191	37	129
448	191	37	129
448	191	36	128
448	189	38	130
448	188	37	131
448	189	36	130
446	189	39	129
447	187	38	132
448	187	36	134
448	188	37	131
445	189	41	131
447	187	37	134
448	188	36	132
448	188	35	132
447	188	37	130
446	186	37	134
445	186	40	133
446	184	37	136
446	185	37	134
445	183	38	134
444	183	40	136
444	183	38	134
445	180	35	137
444	184	35	131
442	183	37	132
443	181	35	134
442	184	34	129
441	180	34	133
441	180	33	132
440	183	32	128
440	181	32	131
438	185	34	125
437	183	34	128
436	181	35	131
435	182	35	131
436	181	35	132
435	181	33	133
433	181	36	129
432	180	35	134
431	182	36	129
432	183	33	130
430	182	35	129
426	181	38	130
426	182	37	131
427	183	35	129
425	181	35	129
422	182	38	129
421	182	38	131
428	185	34	127
422	183	36	130
420	184	35	127
419	182	34	129
417	181	35	127
416	183	37	126
413	180	36	129
414	181	33	127
411	181	38	126
409	181	38	127
406	182	41	125
408	182	37	127
407	182	37	126
407	181	37	126
404	183	38	123
402	183	40	123
402	185	40	120
401	180	38	126
400	180	38	125
396	182	43	121
399	184	38	120
398	184	39	121
397	182	39	122
394	183	43	122
399	184	36	124
395	180	41	126
401	185	32	122
398	180	38	124
397	182	39	124
397	181	38	126
394	184	43	119
397	182	39	121
398	181	39	124
397	181	40	123
398	181	39	124
401	179	37	124
400	183	39	121
402	184	38	121
402	180	39	125
406	183	34	122
403	181	39	122
403	180	40	125
408	179	35	126
408	179	35	124
407	181	39	123
410	182	36	122
411	180	36	124
411	177	36	127
413	174	37	130
412	177	36	126
415	177	35	127
413	173	38	129
413	174	40	129
414	173	39	131
415	175	41	128
418	172	37	132
420	172	36	131
423	172	32	132
422	175	35	129
423	176	36	126
425	173	34	130
426	171	33	133
425	176	37	126
428	174	35	128
428	172	35	133
427	172	36	132
430	173	35	128
430	175	37	130
430	177	39	126
432	175	37	129
434	178	35	126
435	171	36	133
437	176	36	128
438	173	36	130
440	173	36	130
442	175	36	128
444	175	37	126
446	176	38	127
448	174	39	128
451	177	37	125
453	178	37	123
454	177	40	126
458	176	38	128
461	177	37	126
465	178	37	124
470	173	35	129
471	181	35	125
475	180	35	126
478	182	38	120
480	179	39	123
483	181	40	122
486	177	38	127
487	179	39	126
490	177	41	126
492	179	40	126
494	180	41	125
496	181	42	124
500	178	39	128
502	178	39	128
503	179	40	125
506	181	38	124
506	179	40	126
508	177	40	129
510	178	40	129
510	177	41	130
512	178	40	130
511	179	44	127
513	178	40	129
514	178	40	130
514	180	40	127
514	177	41	130
515	179	39	129
515	178	39	130
515	179	39	128
515	179	38	129
514	176	40	131
515	175	36	133
515	179	38	127
514	176	39	130
514	174	37	131
513	177	38	128
512	177	40	128
511	176	41	128
509	178	42	128
510	178	41	127
509	176	40	130
507	175	40	131
505	176	43	130
508	176	40	131
507	174	41	132
506	176	41	133
506	177	42	127
503	177	46	129
502	174	47	129
502	176	46	130
500	174	50	128
503	176	43	128
505	177	41	129
504	173	41	133
504	177	42	130
507	175	38	131
505	174	39	133
504	176	41	132
506	177	38	134
506	178	39	131
507	179	39	132
507	177	39	135
507	176	39	135
509	180	37	131
508	180	39	130
506	176	42	135
509	178	38	134
508	176	40	134
509	175	37	136
508	174	37	134
507	177	39	131
509	177	36	131
506	178	41	131
507	175	39	132
508	177	38	130
506	172	41	134
507	173	40	134
508	175	38	132
507	172	41	133
506	172	43	132
508	169	40	135
507	171	42	132
506	170	44	134
507	167	42	136
508	173	43	130
509	171	43	131
515	169	34	134
516	166	33	135
518	171	29	132
517	169	30	133
517	166	29	138
518	165	27	140
514	169	33	136
516	166	31	137
516	166	29	138
517	167	28	137
516	165	28	139
517	162	27	143
515	160	28	145
515	156	28	150
514	165	29	143
513	166	29	140
511	169	29	138
510	168	30	137
508	167	31	142
507	171	31	136
502	175	36	132
502	171	35	133
500	172	33	135
498	169	37	136
494	168	40	137
494	165	37	138
491	169	38	136
488	169	40	135
488	166	38	137
485	168	39	135
482	166	42	137
481	168	40	136
483	174	37	127
479	177	37	125
478	174	37	126
475	174	37	131
474	173	39	129
474	177	38	126
473	170	35	133
468	172	40	132
468	174	40	130
467	169	39	135
465	174	40	132
463	177	40	128
463	177	40	127
462	181	40	122
460	176	40	127
459	175	41	128
459	178	41	125
458	179	40	126
455	175	44	129
454	176	43	129
454	182	40	124
454	179	39	126
452	177	43	127
450	179	42	127
450	178	41	125
450	177	41	128
449	178	43	128
448	180	43	125
448	181	41	123
448	180	42	126
447	180	44	123
446	179	44	127
445	179	46	124
444	179	47	126
443	178	48	125
442	175	49	129
442	178	48	127
441	178	49	125
443	180	46	124
444	178	46	127
445	179	44	127
445	176	44	131
446	177	44	129
447	177	43	128
446	177	46	129
447	181	45	123
447	182	46	121
449	181	43	124
449	178	44	127
451	181	42	123
451	177	41	129
452	179	42	128
453	177	42	128
454	177	40	129
454	177	40	129
455	180	40	126
454	179	41	126
455	178	41	127
456	176	40	129
459	178	37	125
460	177	37	125
461	177	36	125
460	172	38	127
462	173	35	131
462	174	35	127
463	178	32	126
464	174	32	128
464	169	33	130
463	174	36	132
465	173	32	125
464	176	35	127
464	169	35	133
465	170	34	131
465	171	34	131
466	169	33	131
465	174	34	131
467	177	29	123
467	174	30	127
465	176	33	125
466	174	29	128
466	177	28	125
465	173	30	128
464	171	30	132
463	172	32	131
463	172	33	132
463	171	30	129
463	173	26	128
475	171	28	129
471	172	32	128
468	173	34	128
460	173	42	128
455	172	49	129
454	170	49	129
457	167	48	133
458	172	45	127
455	169	48	132
459	171	43	126
467	173	33	128
466	174	34	125
468	172	30	126
471	173	27	125
472	171	24	126
473	177	23	122
472	176	23	122
469	182	26	119
470	181	24	115
469	187	24	112
469	181	22	115
469	185	22	113
464	189	26	107
462	196	27	100
460	191	29	104
458	181	31	116
459	187	27	111
457	192	31	105
456	191	30	106
455	192	32	105
455	194	31	102
456	193	29	105
456	193	28	102
456	198	28	99
454	193	30	105
453	198	30	101
454	201	29	96
453	191	28	108
451	194	28	107
452	198	29	101
450	191	29	108
450	194	29	107
449	193	30	107
449	193	29	107
449	197	28	104
447	190	28	111
446	195	29	105
446	197	29	104
442	183	32	118
441	179	30	124
441	179	33	124
438	182	32	120
439	188	32	113
437	187	32	114
437	190	32	111
437	190	30	110
437	187	30	114
437	188	29	113
434	183	32	119
435	186	32	115
435	185	30	118
435	187	30	115
435	193	30	109
436	194	28	107
436	198	28	104
436	201	27	102
436	202	28	100
435	203	29	99
437	206	27	96
437	196	28	107
437	201	29	101
438	204	30	97
439	205	30	96
438	206	33	94
438	201	34	99
439	204	35	95
440	205	36	93
438	203	41	93
437	198	45	96
436	205	48	90
439	209	49	84
443	214	45	78
441	202	48	90
443	211	48	82
444	213	48	79
445	213	48	77
445	219	49	72
432	198	60	79
437	196	60	93
445	207	53	83
446	211	54	76
449	213	51	75
451	218	51	70
451	217	52	70
452	213	53	74
451	215	55	72
455	217	53	70
456	221	54	66
445	201	55	69
455	216	59	69
461	219	55	66
459	221	59	62
455	220	66	61
459	214	62	67
454	213	70	69
462	220	62	60
459	220	68	59
452	217	79	61
462	216	66	61
446	214	83	62
460	216	74	59
468	217	64	58
471	219	62	54
466	218	71	55
473	220	61	50
466	216	71	54
472	220	66	49
471	222	66	43
461	219	75	48
470	218	72	49
463	217	76	49
465	212	80	57
475	230	84	46
463	220	84	49
471	211	80	61
437	223	92	64
472	217	92	57
460	209	94	60
471	223	100	55
452	213	110	63
455	208	118	67
467	210	108	65
474	215	98	60
463	203	96	74
474	194	88	80
486	215	88	61
470	205	96	68
475	207	96	69
480	212	96	63
473	209	93	59
480	207	85	68
492	206	81	71
480	204	87	68
489	210	84	64
478	204	90	68
484	207	91	66
473	199	93	71
480	202	92	72
492	204	89	70
475	199	94	72
480	205	103	69
484	205	99	71
472	197	105	75
481	203	104	71
495	207	96	69
476	201	104	75
492	200	95	77
477	198	99	79
479	198	103	80
483	201	103	76
465	197	112	80
475	207	114	72
454	197	125	81
477	214	117	61
453	226	133	47
457	204	129	51
460	208	133	60
466	219	120	59
471	195	109	68
473	195	114	82
486	199	109	78
467	216	118	63
469	216	120	61
469	218	119	57
476	196	128	66
451	198	136	77
471	214	124	60
437	210	141	71
475	208	126	69
462	213	129	63
472	217	122	58
438	223	122	56
462	194	119	69
474	200	115	75
483	206	109	72
466	214	121	64
463	222	128	53
469	197	122	64
478	201	111	75
464	198	109	78
474	198	118	81
478	196	122	78
467	200	120	78
479	214	113	60
465	218	123	58
472	199	116	66
476	197	115	79
479	197	115	82
470	197	113	79
482	191	103	88
482	197	111	82
476	184	97	94
478	191	113	85
482	194	107	86
486	201	102	78
473	174	96	75
479	202	108	73
482	173	92	73
489	170	80	80
499	198	68	73
481	184	82	67
485	186	82	64
477	196	90	53
473	198	92	50
488	192	83	54
484	191	86	57
472	191	100	55
469	190	98	57
469	208	115	69
466	177	109	81
472	175	107	84
484	172	98	97
501	164	78	115
464	189	85	129
507	157	72	121
488	176	70	103
495	166	81	113
499	164	80	116
466	190	72	146
496	159	84	122
504	174	77	108
491	162	80	118
506	159	73	121
499	155	67	123
500	173	80	107
481	158	90	119
495	152	85	129
495	157	87	122
490	150	88	131
497	149	81	133
505	174	76	107
479	159	91	118
486	147	98	133
493	168	89	121
491	154	94	126
503	173	81	109
479	153	84	121
482	172	106	105
472	153	114	124
488	147	96	133
507	163	78	113
489	151	77	122
491	144	91	134
503	149	78	132
514	140	62	140
502	140	61	140
503	144	76	135
503	141	78	137
502	138	76	144
499	142	81	138
497	140	86	140
496	143	83	138
513	142	68	137
493	135	81	146
490	141	92	139
475	143	108	137
469	145	113	134
469	141	119	138
462	140	127	139
467	143	117	135
468	143	119	138
464	142	122	137
466	140	120	140
469	143	118	136
468	143	117	138
464	143	122	138
456	142	132	136
463	144	126	133
469	143	119	137
466	143	120	136
463	140	127	138
462	143	127	134
462	142	125	135
463	145	128	134
464	147	123	132
468	148	120	130
459	143	129	137
465	144	123	136
459	148	129	131
459	144	130	136
457	142	131	137
460	144	128	135
464	145	124	134
472	149	117	130
478	148	108	132
485	144	96	137
494	150	89	130
501	153	78	129
504	152	74	128
499	157	58	119
507	158	63	122
501	161	55	109
507	159	56	118
516	156	48	123
505	159	50	121
512	160	53	119
503	159	56	122
505	160	68	121
494	165	59	115
501	164	65	116
494	168	82	112
496	167	79	113
493	174	85	107
500	177	77	101
478	176	94	104
490	178	95	101
491	183	93	97
474	185	106	95
488	183	99	98
467	192	115	89
467	173	96	82
475	177	84	81
478	189	81	63
473	190	87	62
481	190	81	64
477	186	81	68
483	185	77	69
485	188	73	68
490	193	68	62
495	194	64	63
501	194	58	60
490	191	68	66
495	191	63	71
481	195	76	65
495	196	62	65
491	200	64	60
500	198	58	68
487	201	68	62
499	203	56	60
501	205	56	67
495	203	61	65
499	204	55	64
499	207	56	65
494	201	61	71
496	213	59	58
494	214	61	56
492	221	65	48
493	216	63	55
493	220	64	51
492	223	68	48
493	223	65	49
492	223	64	49
490	223	67	49
489	224	66	47
487	226	74	47
487	228	70	45
484	229	74	43
482	235	72	36
480	241	71	29
477	240	75	30
475	237	76	35
473	241	82	32
492	247	75	26
477	240	75	27
474	247	76	23
491	249	75	25
475	249	77	24
471	249	82	24
467	250	85	22
475	251	90	21
474	250	88	20
471	252	84	20
468	252	83	21
466	254	87	17
476	253	82	19
473	254	85	18
470	255	85	19
470	255	84	19
463	256	89	17
476	255	89	18
477	255	92	18
463	257	90	16
463	257	90	16
476	256	95	19
464	255	90	20
466	256	88	19
465	256	88	18
466	254	88	20
470	257	84	17
466	256	88	19
467	258	86	18
466	255	91	20
466	257	92	18
465	255	102	20
464	256	106	20
464	255	105	20
465	255	109	20
468	254	115	22
460	254	117	21
467	252	119	23
457	247	126	30
459	242	126	34
466	230	118	46
474	221	111	55
462	219	128	55
467	211	128	63
445	200	132	71
456	206	138	66
422	195	132	76
463	214	122	69
424	203	127	66
454	201	127	68
454	203	127	67
456	206	136	65
433	192	112	74
448	193	121	77
439	188	98	77
465	208	90	73
462	207	73	73
472	208	83	70
467	207	70	72
464	202	67	66
475	215	61	63
486	228	58	62
477	221	64	56
489	236	67	44
486	230	73	46
481	221	76	53
479	215	77	61
478	208	76	68
476	206	78	70
476	207	79	69
479	206	74	69
481	207	71	66
480	203	73	72
480	203	75	71
483	202	72	73
483	203	70	69
481	201	71	70
481	202	69	62
487	206	65	68
486	199	63	70
493	208	62	70
478	202	71	64
477	198	69	63
483	209	73	66
488	200	61	71
489	201	60	60
492	214	66	62
478	214	73	62
489	203	63	70
493	199	68	79
472	195	81	79
477	193	79	75
475	193	76	65
484	219	72	60
486	193	68	64
491	216	72	63
476	189	77	65
484	212	84	69
468	186	86	67
471	215	96	63
472	191	84	65
475	208	78	50
469	214	86	38
466	213	89	39
466	214	88	38
482	210	75	44
481	209	76	47
480	207	77	46
478	208	79	46
471	213	88	38
466	209	95	46
466	218	93	35
478	217	82	35
472	217	92	35
469	218	97	30
469	213	103	41
464	219	115	35
468	220	111	37
471	224	100	34
470	222	104	35
472	222	104	36
473	224	102	34
470	225	109	34
469	223	111	33
474	226	104	33
472	228	110	30
473	227	113	29
476	226	111	33
472	228	113	28
475	223	110	36
476	226	110	36
473	224	114	52
481	200	103	60
487	201	99	69
502	204	86	72
501	217	90	59
501	215	89	61
499	218	91	59
500	217	88	58
494	222	95	41
490	219	99	56
490	218	101	48
486	216	103	57
488	215	101	53
487	215	100	57
492	221	93	37
491	216	95	43
489	217	100	43
490	213	103	48
488	215	102	46
488	214	103	49
487	208	104	62
487	211	106	56
491	207	101	64
485	206	111	67
487	206	108	67
490	201	104	74
486	201	112	75
486	203	105	71
488	203	105	68
488	200	108	72
487	203	108	71
487	200	109	75
490	198	102	75
490	197	105	76
490	197	102	75
489	197	107	76
485	200	106	71
491	198	103	73
490	195	102	78
494	197	96	75
491	196	102	78
486	195	104	78
484	196	109	78
483	196	105	76
488	196	104	78
485	203	99	72
484	197	103	79
483	193	101	83
483	193	104	83
478	202	105	75
484	208	103	66
475	213	116	62
479	213	112	61
480	214	114	59
478	213	114	61
480	213	110	60
475	214	118	58
475	212	118	64
483	212	107	62
485	212	103	60
486	209	104	68
479	210	107	65
487	207	101	71
484	208	100	69
486	207	100	71
487	206	100	71
483	209	102	68
476	214	109	60
481	212	104	64
482	211	104	64
486	209	99	67
482	207	105	70
477	209	110	66
475	208	110	68
482	208	102	68
489	203	94	74
493	203	92	74
475	200	102	78
483	206	99	71
481	210	101	67
491	209	89	67
470	210	107	68
481	212	92	63
487	211	83	67
491	210	78	68
496	213	73	63
473	222	73	56
490	213	86	65
470	216	105	61
482	216	108	58
462	215	117	58
471	209	117	65
450	194	113	71
456	190	106	77
465	193	90	74
469	197	88	64
474	206	94	67
472	205	107	70
475	206	115	70
461	197	103	77
466	196	92	80
463	196	95	79
463	204	101	71
468	202	88	72
469	201	88	72
468	199	90	74
464	200	93	73
466	205	91	68
463	204	98	69
462	202	97	69
459	203	102	70
460	205	100	69
458	206	102	66
455	205	107	68
456	205	112	68
458	208	117	64
439	204	109	66
442	201	107	73
441	192	115	82
441	196	114	79
437	191	116	86
437	191	115	83
444	198	114	80
445	208	107	68
446	211	99	68
448	208	104	73
444	210	102	70
442	210	86	70
446	214	66	65
445	215	63	62
446	220	62	55
443	217	65	55
429	196	66	67
428	191	74	89
447	217	66	86
423	185	75	98
446	216	62	95
427	183	68	102
421	182	75	105
420	179	75	109
415	178	79	113
416	177	76	113
435	213	68	103
423	188	64	102
419	190	65	102
418	182	65	112
416	182	66	112
415	187	67	106
415	186	67	109
415	183	64	113
415	188	64	109
412	184	65	113
412	184	66	114
410	184	67	117
409	184	66	118
409	181	65	126
408	181	65	126
418	190	53	120
418	189	52	123
418	190	52	124
417	189	51	127
416	190	52	128
420	191	47	126
421	193	47	122
420	192	48	124
424	197	45	119
431	209	38	106
431	204	39	113
431	199	36	117
429	196	40	121
429	193	39	124
429	193	39	125
428	190	41	129
429	191	38	128
431	192	36	127
429	188	39	130
432	190	35	129
432	190	34	128
434	190	31	127
433	192	33	126
435	191	30	128
434	191	32	127
435	190	29	129
437	190	28	128
435	189	30	130
435	193	29	125
435	189	30	131
436	186	30	134
437	186	28	134
437	185	28	135
439	188	25	131
440	187	24	132
439	189	26	129
439	187	26	130
438	186	27	134
438	189	28	130
439	187	27	132
440	185	26	134
440	188	25	131
437	185	30	135
438	185	29	134
436	189	30	129
437	191	28	127
436	190	30	129
435	187	30	134
434	187	31	133
434	188	31	133
432	187	31	134
430	189	33	133
429	193	34	128
429	190	34	130
427	191	34	131
428	188	34	134
426	187	35	137
425	188	37	134
425	190	37	132
425	187	37	136
425	188	37	133
424	189	36	133
425	188	35	133
423	187	35	136
422	192	38	128
422	188	33	134
421	188	36	136
419	189	37	133
418	190	36	131
418	192	33	130
416	192	34	132
413	190	35	135
410	194	37	128
409	194	37	128
405	192	40	132
404	190	40	134
402	191	39	132
402	194	37	129
399	192	37	131
398	194	38	130
395	194	38	129
394	195	39	127
394	195	38	130
393	196	38	127
391	194	40	130
389	190	39	135
389	192	38	132
386	195	42	128
387	199	37	125
386	196	37	129
385	197	37	129
384	199	35	126
383	195	36	130
382	195	35	131
381	197	35	131
380	196	35	131
379	198	34	129
378	198	34	129
377	199	33	127
375	199	34	124
374	199	34	124
372	200	36	123
370	199	37	126
371	198	33	128
368	201	35	126
366	198	39	129
363	200	40	130
363	199	39	130
361	202	40	127
361	203	38	125
360	202	39	126
363	202	45	124
353	203	47	125
358	200	56	127
349	202	50	126
355	204	53	124
351	204	47	123
365	199	47	127
351	203	47	125
349	204	47	123
353	207	49	118
348	208	51	119
346	208	51	119
344	205	49	122
339	206	54	123
346	207	55	122
345	202	50	127
338	204	56	125
333	204	62	122
336	202	57	126
334	203	58	124
334	202	58	122
333	202	60	123
333	201	60	124
335	199	57	124
337	199	53	124
337	199	53	124
335	200	54	122
336	199	52	124
336	198	51	125
336	200	53	123
337	201	52	122
332	202	56	122
333	200	54	124
331	200	55	124
331	200	55	124
332	200	53	124
333	200	50	124
332	200	53	123
330	199	54	123
329	198	55	124
329	199	52	125
331	198	48	123
333	196	44	124
334	198	43	125
334	198	42	125
330	198	50	125
333	202	45	119
330	200	50	122
331	202	49	121
333	205	48	119
338	205	42	118
330	202	52	121
330	205	54	121
326	203	59	122
330	203	54	122
321	202	65	125
323	202	62	125
326	204	60	122
332	203	51	121
324	207	61	119
327	206	58	123
333	204	51	122
328	206	56	121
330	206	55	121
337	207	48	120
326	201	57	124
333	205	50	121
329	204	57	121
330	202	56	123
338	205	48	118
332	200	50	122
332	203	53	121
339	203	45	121
339	200	43	123
343	204	40	120
341	201	40	121
340	202	44	123
337	200	49	123
339	202	48	119
342	202	45	119
342	203	45	121
340	200	48	122
343	201	45	123
339	197	49	127
342	201	46	121
344	202	46	121
345	203	45	120
344	201	47	124
342	203	50	120
342	202	52	123
345	203	50	122
347	202	48	124
349	202	47	126
349	206	49	121
349	200	50	127
350	204	50	124
350	203	51	126
349	206	57	122
352	205	53	125
352	204	56	125
355	208	55	121
356	206	53	123
362	206	51	123
361	204	53	126
366	208	50	123
371	211	44	119
373	217	45	116
371	213	49	120
377	216	43	118
377	214	45	122
380	218	41	121
382	221	39	120
382	213	36	129
381	213	33	131
382	219	34	128
382	226	30	125
380	222	29	124
379	230	25	127
378	233	23	125
363	242	35	119
371	239	27	125
367	243	29	123
367	245	27	124
367	245	26	127
367	251	26	126
369	247	24	131
369	250	26	132
368	262	27	123
368	264	28	124
370	267	25	125
368	268	26	128
367	273	29	130
366	273	28	130
366	276	29	131
364	281	29	129
364	282	29	131
362	289	30	126
362	291	30	127
360	292	32	128
359	296	30	127
358	297	30	127
356	301	32	126
355	302	31	129
354	303	31	129
352	305	30	130
351	308	30	129
350	315	30	127
350	313	30	129
349	319	29	125
350	319	30	129
350	319	29	130
350	324	31	127
351	329	30	127
352	328	30	129
349	330	33	128
349	335	35	127
349	335	34	129
349	335	34	131
349	337	35	130
350	344	33	124
351	346	34	126
352	346	33	124
351	350	34	123
351	352	35	121
352	355	33	120
350	351	33	123
350	354	34	126
349	360	33	119
350	359	33	119
348	360	36	120
348	358	36	123
349	358	36	122
350	364	33	119
350	366	34	115
350	365	35	118
350	359	35	120
353	365	33	118
352	359	34	124
354	358	34	121
354	354	35	125
357	355	34	124
356	351	35	124
358	348	36	126
356	341	40	131
358	338	41	130
362	339	38	127
361	334	42	127
363	334	41	123
358	332	47	119
356	321	51	130
356	315	52	132
353	309	59	132
354	309	61	128
356	303	63	131
359	302	63	126
362	302	64	123
371	312	63	108
380	317	58	99
384	315	59	97
383	317	62	92
384	313	61	92
383	310	60	94
383	307	60	96
384	305	56	97
388	307	52	91
391	306	48	89
392	304	47	93
395	300	43	92
395	297	45	95
394	294	46	95
397	293	43	93
394	286	53	99
391	288	59	92
386	286	67	92
390	287	67	91
380	278	81	97
381	274	85	92
381	274	97	81
379	267	103	86
383	272	97	82
386	267	97	84
384	271	98	79
383	263	101	88
385	265	100	86
384	260	99	91
391	273	88	79
390	279	94	72
390	282	93	69
390	276	93	76
393	272	75	89
393	262	68	100
394	265	68	97
396	261	65	102
399	253	58	110
393	242	62	123
393	238	61	128
394	238	60	126
398	256	55	109
401	253	52	111
397	243	56	121
396	242	57	124
395	239	58	121
394	259	66	103
397	251	59	109
398	243	56	118
397	242	56	119
396	242	65	119
397	239	58	121
397	242	59	117
397	240	59	119
400	242	56	123
406	238	48	123
408	235	41	128
409	237	36	127
408	231	38	130
408	238	38	123
411	250	34	110
411	249	35	113
412	245	34	118
411	239	38	121
410	237	39	128
408	235	46	129
410	232	45	133
415	257	43	107
422	265	38	97
422	269	39	95
424	272	38	91
427	274	38	88
428	276	39	87
427	275	43	88
429	274	41	88
428	274	45	87
430	276	43	87
433	276	40	87
432	275	42	88
433	277	43	85
433	275	43	87
434	277	43	83
434	273	42	88
433	274	41	83
437	274	37	89
434	270	41	92
440	278	34	86
422	257	43	90
430	260	42	87
429	262	42	83
432	265	38	84
433	268	37	76
435	280	36	66
441	282	28	62
442	283	28	61
442	286	32	60
441	284	30	62
444	284	29	60
444	285	28	61
444	285	30	60
444	284	30	62
443	285	32	60
442	283	30	60
441	282	28	62
439	278	25	64
437	282	26	61
436	289	25	61
435	280	24	60
436	280	23	61
437	283	23	58
437	283	23	57
437	284	24	57
438	294	23	65
439	275	23	67
439	275	24	65
440	275	25	64
443	274	23	64
444	275	23	62
445	275	24	63
446	275	25	61
445	275	28	64
444	274	30	64
445	275	29	62
445	276	28	60
446	278	27	59
445	273	27	63
444	273	26	62
445	271	25	63
443	274	26	61
443	272	25	60
443	273	24	60
445	276	23	56
445	271	24	59
447	272	23	61
447	269	24	61
450	268	23	65
451	267	24	62
451	271	28	67
453	268	26	60
454	267	28	60
453	267	29	61
453	267	31	63
454	268	30	59
454	268	31	61
455	267	31	62
453	266	33	61
451	267	36	60
452	266	35	63
450	266	38	66
446	265	40	78
444	270	44	92
443	258	47	106
443	261	51	102
440	259	57	102
434	249	67	112
430	243	76	115
433	244	76	117
435	250	77	110
433	246	82	114
432	246	84	115
435	243	82	120
432	246	87	116
432	245	88	118
433	244	88	120
438	252	81	112
437	248	83	117
437	247	83	119
438	248	82	117
438	247	83	119
437	248	84	117
439	247	83	118
444	252	75	115
443	254	77	113
442	251	78	116
444	254	77	113
444	251	77	114
449	257	73	110
444	250	75	115
447	250	73	116
446	252	73	113
448	250	67	115
449	256	64	109
444	249	66	114
446	245	61	123
445	243	60	124
447	240	54	128
447	245	53	122
447	247	53	119
445	240	53	126
446	234	53	131
447	234	48	131
446	234	45	133
446	237	42	131
446	233	41	134
446	230	38	137
445	230	37	137
444	232	39	136
444	234	38	132
442	233	38	133
442	231	37	136
442	233	36	136
441	232	38	136
442	233	39	135
442	231	38	136
442	235	40	133
442	233	41	134
442	232	43	135
442	233	44	135
440	231	49	137
439	231	52	136
439	232	57	133
440	235	59	128
439	235	61	131
440	242	61	122
439	243	65	121
442	249	62	116
447	259	58	105
450	271	55	93
447	270	60	93
450	263	56	101
450	269	56	94
449	269	55	94
448	267	56	98
447	268	58	93
449	266	53	97
449	268	52	96
444	262	59	102
444	270	60	91
446	271	57	92
448	273	53	91
452	275	47	90
446	269	52	98
449	274	50	93
444	272	56	92
445	276	55	89
446	275	52	91
447	276	51	90
450	276	47	90
449	274	48	92
450	275	49	90
450	275	49	91
451	274	49	90
450	275	50	90
447	272	56	91
449	274	54	90
450	273	52	91
450	273	51	92
449	275	52	90
449	274	51	94
450	277	52	90
451	278	53	94
455	281	51	89
454	277	55	96
455	275	51	97
452	280	55	91
453	283	54	85
454	284	49	86
454	282	46	91
455	283	43	92
456	280	42	95
455	281	42	93
457	281	41	93
457	273	38	101
456	276	37	97
457	274	36	96
455	273	36	96
454	273	37	95
456	269	37	96
456	268	38	99
456	263	40	103
458	263	40	101
459	266	41	98
456	263	44	101
456	258	44	105
455	261	46	101
454	259	48	102
450	257	52	103
448	257	56	100
448	256	56	102
445	257	60	99
447	257	56	100
447	256	55	103
447	253	54	105
445	253	56	106
447	251	49	109
445	254	51	106
447	253	47	108
445	250	49	112
443	247	53	114
443	241	53	120
436	228	63	132
439	234	63	125
443	251	60	110
443	251	61	112
441	248	65	114
448	260	58	102
447	258	60	105
447	264	62	98
447	258	60	104
446	259	64	105
446	263	64	101
449	262	61	101
450	261	58	101
451	259	58	101
452	261	56	102
449	258	58	104
448	258	60	103
447	254	61	106
445	255	62	103
445	260	61	102
448	256	57	102
442	262	63	98
441	260	64	101
441	260	63	104
443	264	58	100
444	267	55	100
444	274	54	95
445	274	51	96
443	274	52	97
444	271	49	101
444	275	49	98
442	275	50	99
441	272	51	101
439	270	53	103
441	275	51	98
443	278	49	94
442	276	50	96
443	276	50	94
440	277	55	92
439	275	57	92
442	276	54	91
439	271	60	96
440	271	61	93
440	269	60	94
438	270	63	94
437	269	64	94
439	272	63	89
437	272	66	92
437	270	66	96
438	273	64	91
438	273	63	92
437	273	63	94
438	278	60	90
439	275	58	94
437	277	59	93
441	277	53	92
438	272	55	97
437	278	55	93
437	279	53	91
438	277	52	95
438	278	52	94
437	274	54	96
437	278	54	92
437	276	54	94
436	275	54	93
438	275	52	94
435	274	55	94
432	274	58	94
433	277	55	92
434	272	52	94
436	277	51	91
433	273	55	94
434	276	57	91
436	275	56	91
436	275	57	90
437	275	56	87
436	277	60	86
435	278	62	85
433	275	62	87
431	270	63	91
431	270	61	92
434	271	55	92
432	270	55	96
430	271	56	94
426	272	59	92
428	273	56	94
429	274	53	93
426	275	55	94
428	277	54	92
428	280	56	92
431	280	54	94
432	280	58	93
435	282	60	90
433	286	63	88
435	287	62	86
438	292	56	81
437	288	55	88
433	287	56	91
434	291	53	88
430	290	53	90
429	286	50	92
424	285	51	97
422	286	49	94
422	284	45	98
419	285	45	96
416	285	47	96
418	283	43	97
419	286	41	95
418	283	42	96
418	283	43	95
417	284	44	94
419	280	40	97
418	277	39	100
419	277	39	100
418	277	41	100
419	274	40	102
418	276	43	101
418	276	44	101
418	277	45	102
418	281	45	97
420	283	44	96
419	282	45	96
420	280	44	99
423	283	41	97
423	278	42	98
422	280	42	95
421	277	45	99
423	278	44	96
423	279	46	95
426	279	44	95
427	280	46	94
430	279	44	95
428	282	47	94
429	279	45	97
430	276	43	100
429	280	42	97
429	279	42	96
428	278	42	97
429	280	41	96
431	283	38	93
432	281	35	95
428	281	37	95
429	278	34	97
425	278	36	94
423	274	37	96
421	274	39	93
419	274	39	90
418	265	38	99
415	267	41	93
415	257	41	100
410	258	46	102
407	258	50	101
410	266	45	94
415	253	42	108
411	261	47	99
414	266	43	94
415	273	40	88
419	271	38	91
420	273	37	90
422	269	37	96
423	269	37	97
425	270	35	95
424	269	37	98
428	270	33	96
428	271	34	96
428	270	35	98
429	271	36	96
429	273	35	93
430	271	35	96
429	272	37	96
429	272	35	96
429	272	36	95
430	275	35	91
431	275	34	92
430	268	36	99
431	269	36	99
429	266	40	103
431	272	39	98
432	276	41	94
434	275	40	98
431	278	45	95
433	278	46	96
432	281	50	95
434	282	48	93
434	282	47	96
433	281	48	97
430	282	50	97
432	281	48	96
430	281	51	100
432	280	51	98
432	283	51	94
434	285	49	92
438	283	46	93
437	284	49	94
437	284	54	91
436	284	56	90
436	284	53	92
437	284	50	94
436	287	49	92
436	285	47	97
433	284	50	96
435	290	48	92
435	288	48	93
436	287	47	93
435	287	49	93
434	288	52	92
436	292	49	88
436	291	46	92
436	289	46	93
433	286	47	97
431	286	47	97
435	285	44	98
432	286	47	97
432	288	46	95
432	287	44	96
431	289	43	94
429	287	44	93
427	284	45	96
426	287	44	96
427	284	41	96
423	284	42	99
423	285	39	98
420	279	39	101
419	285	38	97
418	284	36	95
418	285	35	97
420	282	34	97
415	283	41	99
416	280	40	100
418	285	38	96
417	284	39	95
419	285	36	95
419	286	36	95
421	281	34	97
416	282	41	101
418	286	35	96
418	286	35	94
416	286	33	96
411	283	37	100
409	285	35	96
406	282	38	97
405	281	38	95
404	277	38	100
406	280	35	97
404	280	37	99
406	280	37	99
408	282	36	97
410	283	35	98
412	281	36	101
414	282	35	100
417	284	33	99
417	286	36	98
417	283	38	99
419	283	38	100
419	285	39	97
421	283	39	98
422	284	38	96
422	281	39	100
424	282	37	98
422	280	39	100
421	282	41	98
423	280	39	101
422	279	40	101
424	275	39	104
424	275	40	104
424	280	39	98
425	278	38	99
425	276	39	103
426	276	40	102
424	280	42	97
423	280	43	96
422	277	44	99
422	276	44	99
423	273	42	103
422	276	43	98
421	277	42	98
420	275	44	99
419	272	45	100
419	273	44	100
419	271	43	101
419	275	43	96
419	273	43	98
416	270	46	102
419	269	43	103
419	272	43	100
419	274	43	96
420	272	42	98
419	273	43	97
417	270	45	100
418	271	45	99
419	270	42	99
421	268	40	100
421	270	40	101
419	271	43	98
419	273	44	96
419	274	46	95
419	275	48	96
421	277	45	97
421	276	45	97
419	274	46	99
419	271	44	102
418	272	44	100
415	273	45	101
417	273	41	100
417	272	39	101
417	273	38	101
418	274	37	100
417	275	39	100
417	275	39	99
419	275	38	99
417	272	41	102
418	277	40	96
418	274	40	99
417	273	41	99
416	273	43	99
416	277	43	96
417	277	41	97
416	275	42	98
415	277	43	96
414	276	46	97
414	278	44	96
414	278	44	96
416	275	41	99
419	272	38	102
416	274	41	102
418	276	39	98
419	277	37	98
419	275	37	99
417	275	40	100
416	276	42	98
418	278	38	98
416	277	41	98
416	277	41	97
418	279	39	96
418	278	38	98
418	276	38	101
417	279	40	98
416	281	41	96
415	280	43	97
415	281	42	96
417	278	38	99
417	278	36	101
417	278	35	100
416	278	34	99
415	277	36	100
415	279	36	98
415	278	35	98
416	281	35	95
416	277	34	98
414	281	36	97
415	278	35	98
413	280	37	96
414	280	34	94
413	278	34	99
412	277	35	98
411	276	36	97
410	275	38	99
409	272	39	101
410	271	36	103
410	275	35	101
409	275	38	101
410	275	36	101
409	273	37	104
410	279	36	98
411	279	36	96
410	279	35	97
410	276	37	99
409	279	34	92
407	273	37	98
406	273	36	98
403	276	39	90
401	274	37	89
400	269	38	92
397	268	41	91
394	268	44	87
395	270	43	81
389	269	49	79
383	269	54	76
383	271	53	73
381	270	55	70
374	274	60	59
371	277	63	54
372	281	61	45
369	266	57	43
369	262	60	52
388	260	51	55
386	239	42	51
385	247	32	47
383	253	31	49
381	248	32	53
381	246	32	57
379	244	34	56
379	245	32	53
377	246	35	53
379	247	34	45
380	248	33	54
380	244	34	43
396	268	26	49
388	230	18	49
401	262	25	54
389	230	30	62
395	217	24	60
398	222	22	62
399	217	20	59
399	223	20	55
398	223	19	50
397	231	17	50
396	226	19	48
394	227	18	46
394	227	14	43
391	226	12	44
386	230	15	42
385	237	18	42
384	223	18	45
381	214	23	45
417	145	32	46
376	221	37	54
361	258	36	45
439	259	46	54
432	261	56	58
363	252	60	53
363	231	53	61
365	228	42	68
370	229	34	66
368	232	35	61
368	234	34	58
368	235	34	57
366	234	36	58
364	235	38	56
367	235	36	57
368	236	35	54
368	236	35	55
370	236	34	55
370	237	33	53
373	236	30	54
373	236	32	53
373	234	32	55
374	235	31	55
376	234	30	56
377	235	29	55
382	233	24	56
380	235	27	54
381	236	27	53
384	238	24	50
386	237	21	51
387	233	23	55
389	230	21	59
389	229	23	58
395	229	17	56
395	226	19	57
398	222	20	53
399	222	25	46
400	223	23	40
401	222	22	40
401	222	24	39
402	220	26	41
404	217	25	44
405	218	23	43
405	217	24	45
405	217	27	49
409	216	23	53
411	215	20	54
406	215	19	51
408	214	21	49
409	216	23	49
409	215	24	50
410	214	24	54
414	213	21	56
414	213	22	55
415	212	21	58
412	213	26	57
413	213	25	57
413	215	26	54
412	217	28	50
414	216	28	53
416	217	29	53
414	211	33	60
419	211	29	60
415	208	35	60
418	206	34	64
420	205	35	61
416	204	40	61
419	204	41	60
418	207	44	56
414	201	51	60
417	199	49	63
417	197	49	64
417	196	53	66
418	197	54	65
419	197	55	66
420	197	56	64
421	199	59	61
420	199	60	62
422	199	61	61
423	197	60	62
423	199	63	62
425	199	62	60
425	197	64	62
427	197	64	62
427	196	68	64
428	197	70	62
430	197	67	61
430	196	69	61
433	196	65	61
434	194	70	63
436	194	78	65
439	194	71	65
441	194	69	65
445	196	61	63
447	194	56	64
451	193	55	68
455	194	53	67
459	196	52	65
464	196	49	66
469	196	47	66
472	197	49	65
477	196	48	65
482	196	47	64
488	195	42	65
489	198	43	61
492	196	44	61
496	196	42	61
499	197	43	60
503	197	40	60
504	199	41	56
507	198	42	57
509	200	42	54
513	199	39	55
514	200	41	54
516	197	41	56
518	198	39	56
518	198	39	55
519	198	42	54
520	198	41	52
520	198	43	54
522	200	41	51
521	199	43	52
521	201	43	52
522	202	42	49
522	202	40	49
522	200	38	51
520	197	38	55
521	199	37	53
520	199	38	53
520	200	35	53
519	201	36	51
518	200	33	52
517	201	32	53
516	201	30	53
514	203	32	50
512	205	29	49
511	204	28	51
509	204	26	52
507	205	26	52
506	207	25	49
503	210	25	48
500	211	26	47
499	212	22	48
496	214	23	49
494	214	21	49
491	217	21	46
489	217	20	48
487	217	21	48
485	219	21	48
483	218	21	50
482	219	20	50
481	222	20	47
479	223	21	46
477	223	23	46
478	222	20	48
477	223	21	48
478	223	20	48
479	223	20	47
478	223	22	48
480	223	20	48
479	222	24	49
476	224	28	43
476	222	29	45
477	221	30	47
478	220	31	46
478	220	33	46
480	220	33	45
482	218	32	47
482	217	35	47
483	215	35	48
484	214	36	49
487	213	36	48
488	213	37	48
491	212	36	49
492	212	37	47
494	212	36	47
496	211	37	48
499	210	38	48
502	211	38	47
504	211	39	45
509	212	36	46
513	210	35	47
513	212	37	46
517	212	36	45
519	212	36	46
520	212	38	46
521	212	39	47
524	215	41	44
528	216	39	43
529	216	44	44
532	215	50	48
533	214	53	49
530	213	48	48
534	213	58	50
537	212	55	49
531	211	61	49
537	212	58	51
535	216	57	43
540	212	55	49
540	212	51	49
542	212	54	49
538	214	51	42
542	214	54	45
535	213	63	46
541	212	56	51
533	215	63	50
540	213	54	47
534	213	59	48
538	214	53	45
537	214	53	46
537	214	49	45
536	214	49	46
529	214	51	44
533	214	49	46
527	215	49	46
531	214	46	46
524	215	50	51
528	214	46	47
523	213	47	51
527	214	44	48
522	214	45	48
516	215	46	47
523	214	42	49
516	214	49	52
521	212	42	54
515	215	45	49
521	212	36	53
515	214	40	52
511	218	44	48
513	216	38	49
517	217	30	50
509	216	37	51
513	214	29	55
508	215	31	53
505	212	32	55
506	215	29	54
500	216	31	51
502	221	27	46
496	219	31	47
490	220	36	47
492	221	32	44
490	220	31	47
489	218	29	49
487	219	28	47
485	221	29	43
481	222	33	43
482	220	29	45
481	220	28	46
479	221	28	43
480	220	26	45
478	221	26	43
476	219	27	45
474	217	27	47
473	214	27	50
474	214	24	50
473	216	24	49
472	217	23	48
471	218	23	46
469	218	23	47
467	218	23	47
465	215	24	49
464	215	23	50
463	216	23	49
463	218	21	45
459	216	24	47
458	216	24	46
444	245	20	51
455	213	24	49
454	213	24	46
453	213	24	46
452	212	26	46
451	212	26	46
451	210	25	45
451	205	25	44
450	208	26	38
450	207	25	35
450	206	24	33
451	209	22	34
450	207	22	34
448	206	25	33
446	205	26	32
449	209	22	33
448	207	21	33
445	206	23	31
444	206	23	27
446	210	21	27
445	208	21	25
444	208	23	21
444	212	22	17
442	209	25	20
441	211	23	20
440	209	24	20
440	213	21	19
440	210	21	18
440	213	19	18
438	210	22	20
437	215	22	17
437	211	21	18
437	215	19	15
436	213	20	16
436	211	18	19
435	213	17	17
434	213	17	16
433	215	16	16
431	215	16	14
430	216	14	15
428	216	14	15
426	215	12	16
425	215	10	16
424	218	9	14
422	219	8	14
421	219	7	14
419	220	8	12
417	221	7	13
416	223	7	14
415	223	6	14
414	224	6	14
413	225	5	14
412	224	5	14
412	226	4	14
411	225	4	15
412	241	4	15
423	258	4	16
421	258	5	15
412	243	7	14
394	223	8	14
371	209	9	12
377	231	11	13
352	241	13	17
355	239	14	19
355	239	16	20
355	240	16	20
352	239	19	19
351	240	19	19
352	239	19	18
352	239	17	20
351	238	18	20
352	240	17	18
352	239	17	19
351	240	18	19
351	239	18	19
352	239	16	19
353	239	16	19
352	239	16	20
352	239	15	19
351	239	16	20
352	240	15	19
351	239	16	20
351	240	16	20
352	239	16	19
352	239	15	19
351	240	16	20
352	239	16	20
352	239	16	20
352	239	15	20
351	240	15	20
351	239	16	20
352	239	16	20
352	240	15	20
352	239	16	21
351	239	15	21
352	239	15	20
351	239	17	21
352	240	16	20
352	239	18	20
352	240	17	20
352	239	17	20
352	239	18	20
353	240	17	19
351	239	19	20
354	240	17	19
353	240	18	19
352	239	21	20
355	240	18	19
352	239	19	19
352	239	22	20
351	239	22	20
352	239	23	20
352	240	25	20
351	239	26	20
352	240	27	20
352	239	25	20
352	239	27	20
352	239	26	20
352	239	26	20
352	239	24	20
351	239	26	20
351	239	27	20
351	239	28	20
351	239	25	20
351	239	26	21
352	239	23	21
352	239	22	20
352	239	21	20
352	239	21	20
353	239	19	20
352	240	18	19
353	240	17	19
352	239	16	20
352	240	16	20
352	239	16	21
352	239	20	25
349	238	22	29
345	231	27	35
345	178	30	31
340	175	34	30
338	174	41	30
338	176	38	29
337	175	39	30
337	177	44	27
338	188	55	24
333	177	57	26
336	175	51	29
337	175	50	28
332	178	52	25
337	179	48	23
327	170	52	19
331	171	56	24
322	168	64	25
320	177	70	26
324	173	69	24
314	177	74	17
315	176	79	17
304	173	89	19
307	169	88	22
307	166	85	24
306	160	86	32
309	167	77	40
300	165	85	39
