0.400300
0.037954
0.037612
0.037653
0.037580
0.037679
0.041494
0.036921
0.036938
0.036749
0.036778
0.036885
0.036957
0.036577
0.036746
0.036466
0.036924
0.037066
0.037541
0.037083
0.065750
0.037194
0.037735
0.037401
0.037514
0.036773
0.037558
0.036566
0.037539
0.041398
0.044376
0.040201
0.042604
0.040467
0.042620
0.037714
0.038920
0.037690
0.042638
0.043158
0.073984
0.037760
0.042808
0.039928
0.040896
0.043330
0.042728
0.046400
0.040965
0.043259
0.043073
0.040899
0.042645
0.044488
0.043629
0.041930
0.044380
0.040992
0.042754
0.045358
0.076719
0.044946
0.038995
0.042472
0.041374
0.043793
0.044077
0.045498
0.042816
0.045234
0.044496
0.040481
0.041873
0.040812
0.039672
0.037492
0.037740
0.037675
0.037775
0.037518
0.076397
0.036977
0.038123
0.037796
0.037953
0.037730
0.037969
0.037050
0.036721
0.036711
0.036508
0.036547
0.036964
0.036909
0.036427
0.036183
0.037086
0.037057
0.036817
0.036524
0.070503
0.036635
0.036599
0.036572
0.036837
0.036687
0.036743
0.036577
0.036940
0.036746
0.036870
0.036806
0.036842
0.036791
0.036835
0.036896
0.037009
0.036829
0.036217
0.037035
0.069979
0.038260
0.038100
0.036625
0.036881
0.037385
0.036730
0.036652
0.036875
0.036564
0.036771
0.036762
0.039239
0.037660
0.042628
0.038447
0.037282
0.036507
0.037949
0.037736
0.071760
0.037698
0.039299
0.037511
0.038023
0.038018
0.037661
0.037858
0.038272
0.036337
0.037278
0.040986
0.044495
0.037425
0.037387
0.037171
0.037534
0.037865
0.037661
0.037543
0.072094
0.037307
0.037593
0.037368
0.037552
0.037368
0.037526
0.037575
0.039017
0.043931
0.038631
0.044113
0.043216
0.043824
0.042387
0.041911
0.043782
0.042868
0.043236
0.041978
0.077309
0.039044
0.045525
0.041691
0.042101
0.042117
0.043461
0.042652
0.044613
0.042769
0.046696
0.037857
0.037880
0.038377
0.039129
0.037540
0.038467
0.038518
0.038579
0.037974
0.072242
0.037783
0.037588
0.036856
0.039351
0.036812
0.037040
0.036923
0.036927
0.036743
0.036951
0.037058
0.037101
0.037083
0.037090
0.036937
0.037256
0.036932
0.037126
0.036859
0.070968
0.036868
0.037115
0.036948
0.037333
0.037226
0.037389
0.037173
0.036651
0.036555
0.036615
0.036610
0.036650
0.036840
0.037043
0.036838
0.037146
0.036981
0.036943
0.036744
0.070509
0.036925
0.037115
0.037032
0.037117
0.037592
0.037086
0.037071
0.037275
0.037312
0.037806
0.037614
0.037865
0.037526
0.037922
0.037491
0.037736
0.037595
0.037632
0.037761
0.073116
0.042839
0.045125
0.043940
0.039226
0.043035
0.043593
0.042310
0.041655
0.040222
0.043392
0.042986
0.040934
0.038595
0.042609
0.042504
0.043988
0.044652
0.039361
0.041745
0.075142
0.038597
0.041056
0.043824
0.040401
0.041581
0.042351
0.043116
0.045796
0.041294
0.043718
0.042137
0.043277
0.040012
0.043561
0.043147
0.043083
0.044625
0.037897
0.037741
0.071777
0.039130
0.037074
0.037647
0.036997
0.037812
0.037742
0.037764
0.037193
0.037168
0.037079
0.037389
0.036868
0.037303
0.038015
0.037266
0.037095
0.037832
0.037117
0.036848
0.070630
0.036912
0.037277
0.037796
0.037863
0.036902
0.037865
0.037677
0.037069
0.037763
0.038272
0.036991
0.037203
0.037172
0.037202
0.037190
0.037202
0.036913
0.037114
0.037062
0.070780
0.037024
0.037083
0.037033
0.036980
0.036989
0.037193
0.036984
0.037833
0.043625
0.036560
0.036204
0.036360
0.037062
0.037231
0.037032
0.037026
0.037145
0.037160
0.036965
0.071071
0.037190
0.037133
0.037049
0.037626
0.036248
0.037173
0.036291
0.036378
0.036995
0.037125
0.036172
0.037264
0.037045
0.037019
0.036891
0.037081
0.036900
0.037046
0.037075
0.070797
0.036456
0.036575
0.036396
0.037293
0.036458
0.037147
0.037069
0.037217
0.037069
0.037229
0.037204
0.037020
0.037051
0.037148
0.037149
0.036492
0.036553
0.038211
0.036983
0.071003
0.036782
0.036609
0.036297
0.036551
0.036269
0.036416
0.037052
0.037026
0.037932
0.037524
0.036694
0.036905
0.036422
0.036521
0.037131
0.037326
0.037309
0.037328
0.037152
0.070946
0.037060
0.037123
0.036958
0.037131
0.036871
0.037011
0.036677
0.036886
0.036858
0.037241
0.036437
0.036755
0.036490
0.036832
0.036499
0.036776
0.036602
0.036886
0.036938
0.070839
0.036738
0.037089
0.036893
0.036858
0.037034
0.036903
0.036663
0.036894
0.036790
0.036969
0.036807
0.036827
0.036842
0.036901
0.036668
0.036917
0.036727
0.037032
0.036828
0.071291
0.037222
0.037235
0.037118
0.038368
0.042948
0.044673
0.036964
0.037244
0.039199
0.037215
0.037756
0.041042
0.040910
0.041977
0.039627
0.042171
0.042699
0.044265
0.040729
0.075175
0.037491
0.037530
0.037164
0.037444
0.037019
0.037232
0.037063
0.037388
0.037075
0.037673
0.039952
0.037271
0.037236
0.037076
0.037157
0.037308
0.037306
0.037579
0.037342
0.071190
0.037525
0.037554
0.037480
0.037598
0.037638
0.037402
0.037555
0.037604
0.037498
0.037587
0.037450
0.037522
0.037400
0.037569
0.037290
0.037435
0.037355
0.037385
0.037350
0.071449
0.037306
0.037446
0.037356
0.037686
0.037468
0.037558
0.037450
0.038930
0.037839
0.037332
0.037360
0.037351
0.037452
0.037627
0.037444
0.037543
0.037340
0.037491
0.037405
0.071350
0.037533
0.037472
0.037376
0.037410
0.038164
0.041744
0.042173
0.043087
0.042166
0.042573
0.047132
0.040950
0.047836
0.047031
0.059317
0.039001
0.038677
0.039059
0.038825
0.072342
0.039753
0.039992
0.040006
0.042337
0.038273
0.038546
0.038623
0.038654
0.038575
0.038968
0.038782
0.038825
0.038790
0.039058
0.042753
0.038874
0.042103
0.043205
0.042283
0.076547
0.043854
0.044373
0.041368
0.040451
0.043854
0.041871
0.044216
0.038999
0.044703
0.044758
0.045045
0.039640
0.043265
0.043922
0.042156
0.041211
0.041655
0.042676
0.044416
0.078254
0.039601
0.041506
0.043401
0.044884
0.044360
0.039144
0.042805
0.043490
0.044068
0.038627
0.038692
0.038442
0.038709
0.038523
0.038510
0.038472
0.043616
0.041859
0.050327
0.078151
0.040319
0.040071
0.038193
0.039366
0.044910
0.042767
0.044131
0.045240
0.043047
0.041723
0.043228
0.041532
0.042013
0.043241
0.046015
0.050308
0.049081
0.051321
0.050809
0.083083
0.038903
0.042414
0.042139
0.042657
0.045438
0.043918
0.042840
0.041806
0.041007
0.042492
0.062291
0.041895
0.045029
0.042637
0.044597
0.044919
0.045711
0.042993
0.043212
0.078035
0.038928
0.040435
0.042059
0.042551
0.039101
0.042151
0.043597
0.038704
0.042986
0.043278
0.043693
0.040862
0.042289
0.041229
0.045476
0.044721
0.041245
0.043697
0.040947
0.080226
0.042204
0.043162
0.043928
0.042683
0.039898
0.060132
0.045053
0.045004
0.039870
0.040900
0.039292
0.042141
0.044811
0.043505
0.042611
0.044665
0.046763
0.045151
0.040910
0.077127
0.038818
0.041791
0.038804
0.044926
0.044391
0.042130
0.044581
0.043736
0.043883
0.041302
0.044425
0.043023
0.043996
0.043293
0.043058
0.043645
0.038935
0.041119
0.040777
0.077170
0.039000
0.041939
0.041347
0.042045
0.039067
0.043450
0.042023
0.041472
0.042497
0.041504
0.044549
0.044590
0.044614
0.044147
0.038999
0.041771
0.038125
0.038486
0.038049
0.071784
0.038924
0.039615
0.038666
0.038730
0.037764
0.038054
0.037778
0.037069
0.037397
0.037718
0.043438
0.045836
0.042368
0.037331
0.037047
0.036863
0.036968
0.037004
0.037209
0.070192
0.036607
0.036657
0.036574
0.036572
0.036893
0.036563
0.036630
0.036556
0.036777
0.036700
0.036642
0.036624
0.036677
0.036639
0.036713
0.036813
0.036891
0.036968
0.036972
0.070545
0.036933
0.036955
0.036838
0.036884
0.037092
0.036973
0.037029
0.037038
0.036902
0.036741
0.036839
0.036982
0.036820
0.037615
0.036847
0.036841
0.036872
0.036779
0.036692
0.070425
0.036742
0.036820
0.037260
0.036985
0.039068
0.040671
0.042959
0.037889
0.037458
0.038861
0.044010
0.045269
0.044507
0.039065
0.045219
0.043256
0.038121
0.037142
0.037212
0.070966
0.037124
0.038294
0.041699
0.043017
0.043769
0.042204
0.043076
0.043506
0.044355
0.040908
0.041700
0.044041
0.042900
0.042623
0.041472
0.044267
0.043485
0.041566
0.043809
0.076829
0.038226
0.038339
0.038205
0.038154
0.038151
0.038175
0.038290
0.038166
0.038255
0.038464
0.037725
0.037482
0.037427
0.037304
0.037211
0.037402
0.037184
0.037434
0.037152
0.071622
0.037575
0.037507
0.037638
0.037676
0.037558
0.037543
0.037312
0.037582
0.038524
0.042819
0.039594
0.043868
0.042177
0.038418
0.038296
0.043410
0.042536
0.043983
0.037078
0.070793
0.037302
0.037341
0.037302
0.037295
0.037294
0.037347
0.037194
0.037113
0.037096
0.037213
0.037178
0.037145
0.037645
0.037170
0.037272
0.037464
0.037385
0.037174
0.037294
0.070928
0.037324
0.037950
0.037170
0.037426
0.037669
0.037482
0.036945
0.037931
0.037216
0.037053
0.036983
0.037147
0.037169
0.037154
0.037615
0.036592
0.036767
0.036749
0.036661
0.070735
0.036773
0.036790
0.036997
0.037343
0.037241
0.038628
0.043786
0.037180
0.037163
0.037236
0.037287
0.037115
0.036701
0.036652
0.036659
0.036765
0.037048
0.041958
0.036796
0.070446
0.036598
0.036657
0.036849
0.036998
0.036821
0.036879
0.036831
0.036674
0.036768
0.036724
0.037445
0.037194
0.037151
0.037019
0.037350
0.037110
0.037108
0.037240
0.037118
0.071154
0.037967
0.037702
0.037207
0.037783
0.038078
0.037476
0.037447
0.037138
0.037046
0.037269
0.037913
0.037981
0.038205
0.040496
0.037192
0.037251
0.037158
0.037107
0.037174
0.071545
0.037119
0.037070
0.038243
0.040978
0.037177
0.037201
0.037394
0.037442
0.037398
0.037363
0.037307
0.037225
0.037304
0.037312
0.037810
0.039209
0.043430
0.039194
0.043607
0.077651
0.037328
0.037267
0.037403
0.037391
0.037327
0.037542
0.037391
0.037468
0.037301
0.037226
0.037544
0.037388
0.037480
0.037388
0.036978
0.036888
0.036830
0.037035
0.036738
0.070477
0.041357
0.041553
0.043727
0.037315
0.037325
0.037656
0.037314
0.037549
0.037218
0.037362
0.037434
0.038222
0.040927
0.043799
0.042460
0.040822
0.040684
0.041894
0.044939
0.076629
0.044753
0.043260
0.040297
0.042062
0.042424
0.042587
0.043003
0.042854
0.043356
0.038873
0.042521
0.042136
0.043165
0.041272
0.043614
0.041902
0.042653
0.041449
0.043393
0.077743
0.039001
0.040349
0.043556
0.041435
0.042896
0.044801
0.043723
0.042162
0.044269
0.044474
0.042965
0.043889
0.042614
0.043481
0.042841
0.042648
0.041853
0.041865
0.042630
0.077090
0.044470
0.041997
0.044442
0.042881
0.041742
0.043742
0.043395
0.042299
0.042932
0.043349
0.043681
0.043031
0.043642
0.043072
0.043332
0.042715
0.042377
0.043247
0.043639
0.077984
0.045637
0.038762
0.038582
0.038942
0.039057
0.040722
0.038102
0.038217
0.038538
0.038359
0.038330
0.038487
0.038175
0.038370
0.037906
0.037126
0.036896
0.036937
0.036867
0.071299
0.041696
0.045095
0.037637
0.038024
0.036960
0.037787
0.036918
0.036796
0.036923
0.036777
0.036777
0.036668
0.036711
0.036648
0.036457
0.037969
0.038748
0.037637
0.037191
0.071322
0.037858
0.037883
0.038708
0.037189
0.037264
0.037101
0.037227
0.037227
0.037858
0.037192
0.037937
0.037977
0.037949
0.037795
0.039076
0.041511
0.037312
0.037202
0.037498
0.071411
0.037289
0.037222
0.037269
0.037170
0.037356
0.037067
0.037186
0.037197
0.037018
0.037026
0.036915
0.036981
0.037000
0.037000
0.037142
0.036970
0.036949
0.036951
0.037548
0.071173
0.037556
0.037572
0.037574
0.038818
0.041166
0.043229
0.040810
0.041492
0.041529
0.043179
0.051745
0.038287
0.039313
0.043720
0.049962
0.042965
0.042146
0.042890
0.042005
0.076278
0.042810
0.039031
0.042089
0.040655
0.044557
0.043581
0.044243
0.047152
0.038169
0.038327
0.038361
0.039052
0.042478
0.041116
0.041848
0.042711
0.044471
0.043905
0.042243
0.077706
0.039076
0.042645
0.042255
0.042703
0.043438
0.042224
0.042544
0.041168
0.041301
0.044208
0.043167
0.040874
0.044499
0.038623
0.038003
0.037993
0.038913
0.037961
0.038886
0.071963
0.038172
0.038933
0.042285
0.044696
0.045254
0.043039
0.041221
0.043782
0.043823
0.037257
0.037253
0.037349
0.037147
0.037632
0.041076
0.042893
0.042639
0.043145
0.038455
0.076484
0.038381
0.038558
0.040134
0.037162
0.036789
0.036836
0.036651
0.036642
0.037428
0.037323
0.037231
0.037132
0.037481
0.036556
0.036612
0.037402
0.037555
0.039093
0.037140
0.070603
0.036802
0.036777
0.036932
0.036843
0.036833
0.036976
0.036844
0.036815
0.036797
0.036838
0.036967
0.036767
0.036861
0.037036
0.037019
0.036976
0.036973
0.037157
0.036899
0.070822
0.036893
0.037078
0.036704
0.036793
0.036869
0.036618
0.037225
0.036958
0.036818
0.036752
0.036664
0.036825
0.036757
0.036959
0.036857
0.037701
0.036706
0.036998
0.036928
0.070518
0.036815
0.036903
0.036802
0.036691
0.039000
0.036773
0.038924
0.036789
0.038988
0.036731
0.039294
0.039354
0.039536
0.039930
0.046776
0.038736
0.038606
0.038527
0.040155
0.081110
0.038574
0.038735
0.038394
0.038766
0.038479
0.038322
0.038302
0.038370
0.038515
0.038126
0.037881
0.037838
0.037844
0.037774
0.037582
0.037918
0.038034
0.038310
0.038491
0.071947
0.038032
0.038048
0.038126
0.037589
0.037549
0.037659
0.037178
0.037130
0.037261
0.037064
0.036994
0.037386
0.037414
0.037359
0.037462
0.038196
0.043929
0.038391
0.038785
0.072337
0.038795
0.038939
0.039080
0.038890
0.039061
0.038941
0.038930
0.040029
0.048973
0.048291
0.049558
0.038365
0.038169
0.038178
0.038136
0.038424
0.038281
0.037986
0.038361
0.072303
0.038535
0.038177
0.038285
0.038294
0.038196
0.038116
0.038080
0.038056
0.038388
0.038471
0.038277
0.039140
0.038383
0.038561
0.038434
0.038352
0.038249
0.038050
0.037987
0.071966
0.037974
0.037992
0.038131
0.039187
0.042238
0.043571
0.044950
0.043945
0.044059
0.043999
0.041627
0.044811
0.045924
0.045281
0.046890
0.047199
0.044980
0.042765
0.045905
0.078241
0.040296
0.044721
0.047838
0.048592
0.044268
0.047284
0.042469
0.041774
0.043333
0.042175
0.044688
0.044115
0.042838
0.047013
0.044739
0.043140
0.044598
0.045574
0.041672
0.078500
0.039527
0.044604
0.039387
0.045228
0.043916
0.042377
0.040401
0.042358
0.043453
0.040586
0.043775
0.042875
0.044846
0.042708
0.044478
0.043920
0.043626
0.039362
0.041831
0.076336
0.038942
0.044138
0.041242
0.043959
0.044312
0.042467
0.042025
0.043989
0.043941
0.043079
0.043121
0.042920
0.044398
0.045390
0.042585
0.042165
0.043397
0.042880
0.039768
0.077239
0.043523
0.043622
0.042666
0.044056
0.042415
0.043303
0.042214
0.046568
0.048003
0.045213
0.046941
0.046952
0.039526
0.039826
0.040017
0.039282
0.036927
0.036691
0.036878
0.070966
0.037012
0.037231
0.037234
0.037237
0.037382
0.037384
0.037725
0.037483
0.037325
0.036486
0.036545
0.037550
0.036513
0.036517
0.036685
0.037249
0.037697
0.037333
0.036588
0.070189
0.036686
0.036661
0.036582
0.037343
0.036557
0.038127
0.036755
0.036598
0.037241
0.037316
0.036700
0.036811
0.037341
0.037383
0.037293
0.037228
0.037286
0.037251
0.036568
0.070387
0.036676
0.036517
0.036769
0.036607
0.036649
0.036538
0.036581
0.036641
0.036829
0.036618
0.036680
0.036752
0.036676
0.037000
0.037428
0.037483
0.036584
0.037442
0.037425
0.071153
0.037278
0.037355
0.037287
0.037691
0.037840
0.037810
0.037752
0.037838
0.037560
0.037836
0.037687
0.037409
0.037490
0.037721
0.037422
0.037540
0.037790
0.037975
0.037134
0.070970
0.037326
0.037332
0.037835
0.044737
0.041991
0.037204
0.037174
0.037164
0.037216
0.037119
0.037289
0.037244
0.037452
0.037502
0.037242
0.037284
0.037246
0.037299
0.038093
0.071283
0.041999
0.042520
0.042246
0.041620
0.044690
0.038265
0.038219
0.037380
0.037478
0.037295
0.037325
0.039026
0.037700
0.037695
0.037821
0.037686
0.037597
0.037589
0.038772
0.076595
0.038625
0.038937
0.041528
0.040897
0.042723
0.043551
0.045706
0.038873
0.039153
0.041562
0.041042
0.038347
0.041754
0.039519
0.042856
0.038331
0.041688
0.041702
0.042004
0.078721
0.039465
0.046019
0.038779
0.038950
0.038988
0.039079
0.038836
0.045496
0.042527
0.043562
0.041610
0.045367
0.042122
0.045130
0.044428
0.042310
0.041546
0.042005
0.043413
0.076730
0.038879
0.042448
0.043865
0.038637
0.038595
0.038603
0.037565
0.039078
0.037827
0.037566
0.037098
0.037495
0.037305
0.037517
0.037383
0.037198
0.037198
0.037194
0.037210
0.071743
0.038480
0.041767
0.037090
0.036652
0.036936
0.036529
0.036601
0.036553
0.036758
0.037017
0.036823
0.036688
0.036572
0.036493
0.036664
0.036563
0.036869
0.036835
0.036968
0.070804
0.036544
0.036535
0.036920
0.036437
0.036616
0.036500
0.036456
0.037032
0.036847
0.036924
0.036727
0.036762
0.036811
0.036637
0.039165
0.036978
0.037079
0.037164
0.036813
0.071344
0.037119
0.036994
0.038922
0.038193
0.055754
0.037518
0.037550
0.037332
0.037361
0.054947
0.037150
0.037259
0.037045
0.037082
0.037082
0.037092
0.037075
0.037285
0.037144
0.036089
0.054954
0.037273
0.055183
0.054876
0.037048
0.036833
0.036824
0.036847
0.037217
0.037332
0.037699
0.038704
0.038222
0.038642
0.036718
0.038986
0.036829
0.036968
0.037083
0.070883
0.037586
0.037134
0.037634
0.037349
0.037280
0.037421
0.037985
0.037513
0.037669
0.037143
0.038906
0.044231
0.037036
0.036959
0.037070
0.037090
0.036913
0.036772
0.036745
0.070575
0.036711
0.036707
0.036961
0.040205
0.037615
0.037553
0.037335
0.037922
0.037481
0.037310
0.037577
0.037493
0.037325
0.037143
0.036583
0.036539
0.036720
0.036611
0.036757
0.070798
0.036663
0.036779
0.036816
0.036819
0.036748
0.036872
0.036742
0.036607
0.036682
0.036411
0.036516
0.036915
0.036771
0.036680
0.036567
0.036653
0.036833
0.036962
0.036575
0.070517
0.037541
0.037426
0.037239
0.037481
0.037415
0.037457
0.036665
0.036939
0.036607
0.036706
0.036691
0.036601
0.037143
0.037351
0.037425
0.037296
0.037266
0.037403
0.037348
0.070966
0.037437
0.037489
0.037230
0.037289
0.037233
0.037381
