1.00
0.93
0.76
0.69
0.63
0.56
0.51
0.55
0.53
0.58
0.58
0.52
0.50
0.50
0.51
0.50
0.52
0.51
0.49
0.49
0.48
0.68
0.72
0.71
0.65
0.67
0.68
0.67
0.60
0.65
0.66
0.70
0.68
0.69
0.65
0.69
0.69
0.64
0.59
0.52
0.37
0.53
0.49
0.45
0.42
0.46
0.50
0.51
0.60
0.60
0.50
0.52
0.39
0.31
0.34
0.31
0.22
0.25
0.26
0.24
0.29
0.49
0.57
0.64
0.74
0.76
0.73
0.76
0.70
0.74
0.76
0.85
0.78
0.83
0.75
0.80
0.81
0.89
0.77
0.77
0.59
0.74
0.75
0.79
0.67
0.70
0.66
0.61
0.52
0.51
0.45
0.34
0.37
0.37
0.37
0.41
0.41
0.52
0.53
0.54
0.50
0.78
0.77
0.76
0.76
0.74
0.73
0.75
0.79
0.83
0.79
0.83
0.83
0.78
0.77
0.80
0.86
0.86
0.77
0.74
0.70
0.86
0.80
0.80
0.72
0.69
0.68
0.66
0.70
0.75
0.73
0.62
0.58
0.58
0.63
0.67
0.68
0.67
0.61
0.60
0.63
0.84
0.79
0.81
0.91
0.90
0.90
0.89
0.85
0.75
0.78
0.75
0.75
0.77
0.74
0.78
0.80
0.73
0.75
0.71
0.81
0.93
0.93
0.85
0.84
0.84
0.88
0.79
0.80
0.78
0.71
0.71
0.75
0.82
0.91
1.00
1.02
1.02
1.04
1.00
1.03
1.02
1.03
1.08
1.03
1.01
1.04
1.05
1.04
1.07
1.05
1.02
1.02
0.97
0.99
0.93
0.93
1.01
0.96
1.01
1.03
0.97
0.99
1.12
1.10
1.11
1.12
1.13
1.12
1.12
1.15
1.12
1.14
1.08
1.10
1.06
1.08
1.11
1.04
0.97
1.01
0.98
0.86
0.85
0.81
0.77
0.77
0.75
0.70
0.59
0.60
0.59
0.55
0.53
0.53
0.57
0.53
0.55
0.55
0.53
0.54
0.75
0.86
0.74
0.82
0.82
0.92
0.92
0.98
0.93
0.91
0.88
0.83
0.78
0.81
0.79
0.68
0.73
0.67
0.69
0.72
0.90
0.96
0.94
0.90
0.94
0.89
0.92
0.98
0.93
0.88
0.88
0.93
0.94
1.14
1.15
1.20
1.18
1.21
1.23
1.17
1.19
1.14
1.08
1.05
1.05
0.98
0.84
0.92
0.89
0.92
0.89
0.94
0.94
0.89
0.95
0.89
0.90
0.87
0.83
0.88
0.84
0.86
0.71
0.69
0.67
0.76
0.72
0.86
0.85
0.88
0.83
0.93
0.98
0.93
0.90
0.96
1.00
0.92
0.99
1.02
1.06
1.07
1.07
1.02
1.09
1.07
1.04
1.04
0.93
1.00
1.00
0.92
0.81
0.79
0.77
0.74
0.72
0.81
0.83
0.80
0.87
0.78
0.68
0.51
0.45
0.45
0.36
0.39
0.56
0.62
0.73
0.83
0.88
0.88
0.90
0.96
0.89
0.80
0.83
0.89
1.03
1.01
0.85
0.75
0.61
0.61
0.69
0.73
0.69
0.67
0.58
0.59
0.54
0.54
0.54
0.57
0.50
0.42
0.49
0.36
0.49
0.59
0.52
0.45
0.42
0.32
0.56
0.69
0.70
0.77
0.76
0.94
1.10
1.18
1.16
1.20
1.25
1.15
1.17
1.22
1.17
1.14
1.19
1.14
1.16
1.21
1.11
1.10
1.06
1.08
1.09
1.05
0.94
1.02
0.99
1.09
1.01
0.92
0.96
0.99
0.96
0.94
0.90
0.87
0.98
0.85
0.85
0.82
0.88
0.81
0.85
0.82
0.82
0.68
0.72
0.51
0.48
0.45
0.50
0.58
0.73
0.69
0.77
0.81
0.84
0.74
0.85
0.90
0.84
0.85
0.96
1.00
1.00
0.99
1.01
1.04
1.05
1.01
0.97
0.90
0.87
0.87
0.75
0.68
0.57
0.55
0.57
0.73
0.81
0.83
0.82
0.79
0.86
1.00
1.05
1.10
1.18
1.25
1.25
1.25
1.23
1.28
1.29
1.29
1.30
1.32
1.36
1.27
1.31
1.36
1.33
1.34
1.23
1.36
1.32
1.28
1.31
1.30
1.28
1.30
1.11
1.11
1.07
1.16
1.11
1.20
1.16
1.14
1.18
1.24
1.19
1.24
1.24
1.25
1.28
1.26
1.24
1.28
1.27
1.23
1.17
1.13
1.09
1.05
0.81
0.98
0.97
0.92
0.92
0.84
0.72
0.70
0.74
0.74
0.75
0.77
0.82
0.85
0.86
0.86
0.95
0.94
1.02
0.99
1.03
0.99
1.01
0.99
1.08
1.12
1.06
1.05
1.06
1.07
1.08
1.11
1.13
1.17
1.11
1.15
1.14
1.16
1.17
1.11
1.05
1.03
0.98
1.00
0.97
0.99
0.98
0.90
0.87
0.82
0.78
0.78
0.71
0.74
0.75
0.74
0.81
0.80
0.91
0.98
0.99
0.94
0.92
0.92
0.88
0.95
1.01
0.96
1.02
0.91
0.94
0.93
0.94
0.91
1.04
1.12
1.18
1.20
1.13
1.15
1.14
1.09
1.00
0.85
0.71
0.65
0.63
0.67
0.55
0.58
0.54
0.52
0.46
0.36
0.36
0.38
0.57
0.53
0.36
0.31
0.25
0.19
0.24
0.30
0.26
0.37
0.46
0.48
0.54
0.43
0.46
0.47
0.54
0.62
0.62
0.63
0.86
0.85
0.83
0.89
0.87
0.88
0.89
0.84
0.75
0.71
0.68
0.68
0.71
0.65
0.63
0.66
0.65
0.65
0.77
0.67
1.01
1.06
1.05
1.04
1.04
1.01
0.94
1.06
1.08
1.05
1.09
0.97
1.06
0.93
0.93
0.93
0.86
0.86
0.76
0.73
0.81
0.87
0.91
0.96
0.95
0.95
0.90
0.86
0.87
0.87
0.87
0.85
0.85
0.87
0.92
0.89
0.86
0.88
0.71
0.88
0.95
0.73
0.67
0.68
0.70
0.76
0.75
0.74
0.69
0.62
0.48
0.51
0.55
0.56
0.52
0.57
0.61
0.69
0.67
0.71
0.90
0.86
0.88
0.77
0.83
0.89
0.84
0.88
0.87
0.81
0.86
0.93
0.93
0.76
0.62
0.63
0.64
0.80
0.86
0.71
0.95
0.95
0.96
0.96
1.01
1.00
0.99
0.91
0.92
0.92
0.89
0.86
0.91
0.93
1.00
0.92
0.99
0.95
0.95
0.97
0.92
0.88
0.84
0.67
0.68
0.67
0.58
0.56
0.51
0.54
0.55
0.49
0.59
0.60
0.53
0.55
0.46
0.45
0.44
0.46
0.84
0.81
0.76
0.76
0.75
0.68
0.74
0.78
0.68
0.73
0.69
0.75
0.81
0.80
0.87
0.90
0.94
0.84
0.87
0.92
1.06
1.11
1.06
1.03
0.92
0.90
1.02
1.02
1.08
1.02
0.97
1.07
1.10
1.09
1.19
1.22
1.15
1.14
1.11
1.03
0.99
1.02
0.92
0.80
0.84
0.76
0.85
0.82
0.83
0.75
0.76
0.78
0.78
0.77
0.70
0.80
0.78
0.81
0.83
0.95
1.03
1.08
1.03
1.08
1.12
1.08
1.04
1.07
1.02
1.03
1.03
1.03
0.98
0.91
0.94
0.88
0.83
0.82
0.87
0.83
0.81
0.69
0.88
0.89
0.88
0.95
0.98
0.92
0.88
0.85
0.85
0.84
0.82
0.74
0.71
0.66
0.68
0.68
0.67
0.68
0.82
0.87
0.89
0.93
0.92
0.95
0.93
0.92
0.89
0.88
0.90
1.00
0.99
1.00
0.96
1.00
1.10
1.15
1.10
1.18
1.19
1.02
1.17
1.21
1.17
1.15
1.19
1.08
1.18
1.05
1.11
1.10
1.11
1.11
1.08
1.09
1.05
1.23
1.18
1.21
1.15
1.21
1.23
1.17
1.15
1.16
1.05
1.06
1.01
1.14
1.06
1.07
1.11
1.10
1.01
0.90
0.87
0.86
0.89
0.86
0.87
0.84
0.82
0.81
0.70
0.77
0.77
0.67
0.68
0.66
0.65
0.62
0.55
0.53
0.75
0.56
0.62
0.63
0.64
0.62
0.73
0.70
0.68
0.77
0.65
0.64
0.63
0.62
0.64
0.61
0.70
0.69
0.71
0.58
0.60
0.74
0.64
0.56
0.56
0.45
0.62
0.61
0.53
0.53
0.48
0.44
0.55
0.57
0.65
0.63
0.66
0.69
0.66
0.76
0.70
0.72
0.68
0.60
0.58
0.51
0.52
0.54
0.51
0.43
0.28
0.42
0.33
0.29
0.31
0.23
0.22
0.24
0.30
0.34
0.36
0.32
0.29
0.31
0.39
0.35
0.53
0.50
0.49
0.55
0.50
0.53
0.71
0.70
0.67
0.72
0.67
0.79
0.76
0.70
0.72
0.73
0.77
0.77
0.88
0.61
0.97
1.01
1.06
0.94
0.84
0.60
0.65
0.68
0.67
0.58
0.48
0.46
0.40
0.36
0.32
0.33
0.29
0.38
0.59
0.60
0.58
0.68
0.42
0.48
0.42
0.43
0.55
0.45
0.47
0.50
0.53
0.57
0.50
0.55
0.57
0.55
0.66
0.71
0.74
0.80
0.95
1.06
1.04
1.06
0.98
1.06
1.05
0.98
0.88
0.82
0.75
0.83
0.90
0.86
0.85
0.83
0.74
0.77
0.82
0.80
0.82
0.81
0.87
0.86
0.80
0.83
0.81
0.85
0.87
0.85
0.84
0.84
0.87
0.82
0.84
0.81
0.77
0.71
0.65
0.67
0.85
0.83
0.79
0.80
0.77
0.76
0.67
0.78
0.80
0.93
0.92
0.95
1.06
1.01
0.96
0.88
0.91
0.90
0.83
0.89
0.98
1.01
1.01
0.99
1.01
0.99
1.04
0.99
0.94
0.89
0.81
0.83
0.81
0.76
0.80
0.89
0.89
0.78
0.83
0.91
1.05
1.00
1.05
1.08
1.15
1.11
1.10
1.09
1.16
1.11
1.16
1.17
1.17
1.10
1.23
1.15
1.16
1.21
1.21
1.01
1.14
1.04
1.04
1.01
1.02
0.97
0.93
0.99
1.01
0.93
0.86
0.86
0.86
0.85
0.87
0.93
0.89
0.92
0.93
0.86
0.85
0.89
1.02
1.00
1.03
1.04
0.78
0.84
0.76
0.83
0.85
0.97
0.83
0.66
0.93
0.92
0.86
0.86
0.91
0.94
0.97
0.93
0.95
0.96
0.90
0.95
0.95
0.93
0.93
0.99
0.91
0.90
0.95
0.82
0.90
0.82
0.95
1.00
0.97
1.13
1.17
1.09
1.13
1.07
0.95
0.91
1.03
1.02
0.95
0.94
0.81
0.98
0.80
0.91
0.93
1.03
0.96
0.86
0.95
0.87
0.84
0.86
0.78
0.65
0.65
0.66
0.72
0.81
0.90
0.82
0.85
0.85
0.86
0.83
0.78
0.73
0.76
0.74
0.67
0.66
0.82
0.86
0.87
0.89
0.87
0.81
0.75
0.79
0.62
0.71
0.68
0.72
0.72
0.79
0.79
0.87
0.89
0.87
0.87
0.87
1.00
0.96
1.07
1.07
1.05
1.00
1.07
1.04
0.91
0.84
0.86
0.80
0.75
0.75
0.72
0.72
0.70
0.58
0.62
0.69
0.72
0.51
0.70
0.54
0.62
0.55
0.58
0.64
0.65
0.68
0.67
0.63
0.56
0.58
0.57
0.56
0.56
0.54
0.49
0.58
0.77
0.72
0.76
0.70
0.63
0.70
0.69
0.67
0.69
0.68
0.70
0.64
0.61
0.64
0.82
0.86
0.88
0.85
0.88
0.73
0.78
0.72
0.87
0.93
0.98
0.87
0.81
0.84
0.74
0.66
0.67
0.65
0.65
0.75
0.75
0.73
0.63
0.61
0.53
0.58
0.65
0.74
0.66
0.65
0.79
0.79
0.91
0.97
1.00
1.03
1.04
0.93
1.05
0.94
0.94
0.94
0.94
0.90
0.80
0.78
0.85
0.83
0.84
0.86
0.82
0.80
0.77
0.81
0.80
0.83
0.87
0.83
0.92
0.94
0.93
0.99
0.87
0.89
0.95
0.83
0.89
0.96
0.95
1.00
0.99
0.99
1.01
1.02
0.95
1.10
1.10
1.08
1.13
1.13
1.09
1.07
1.06
1.06
1.07
0.98
0.92
0.94
0.89
0.87
0.88
0.81
0.88
0.80
0.83
0.87
0.79
0.91
0.92
0.79
1.00
0.80
0.93
0.88
0.85
0.94
0.90
0.92
0.76
0.78
0.68
0.56
0.57
0.58
0.50
0.56
0.62
0.51
0.52
0.48
0.46
0.48
0.49
0.52
0.52
0.54
0.81
0.74
0.80
0.71
0.75
0.73
0.77
0.64
0.75
0.78
0.64
0.68
0.63
0.81
0.79
0.77
0.81
0.86
0.93
0.90
0.99
0.97
0.96
0.94
0.94
0.98
0.88
0.87
0.85
0.72
0.77
0.72
0.69
0.68
0.70
0.69
0.71
0.60
0.74
0.73
0.76
0.73
0.74
0.79
0.77
0.71
0.81
0.77
0.76
0.80
0.80
0.81
0.83
0.81
0.86
0.84
0.79
0.81
0.79
0.73
0.84
0.85
0.88
0.77
0.83
0.88
0.84
0.88
0.93
0.97
0.98
1.01
0.96
0.91
0.98
0.90
0.95
0.88
0.87
0.89
0.91
0.94
0.94
0.93
0.94
0.90
0.83
0.86
0.87
0.94
0.91
0.90
0.87
0.95
0.86
0.80
0.80
0.79
0.99
0.98
1.03
0.99
1.03
1.00
0.98
0.90
0.96
0.93
0.89
1.05
1.07
1.04
1.04
1.12
1.12
1.15
1.15
1.12
1.12
1.14
1.11
1.11
1.10
1.04
0.99
0.98
0.93
0.90
0.91
0.84
0.82
0.85
0.73
0.74
0.70
0.65
0.69
0.63
0.63
0.64
0.67
0.74
0.69
0.55
0.48
0.49
0.59
0.61
0.57
0.56
0.53
0.57
0.54
0.51
0.51
0.51
0.53
0.53
0.58
0.62
0.76
0.85
0.91
0.95
0.94
1.01
1.04
0.97
0.79
0.59
0.54
0.46
0.42
0.43
0.46
0.48
0.51
0.61
0.68
0.74
0.80
0.95
0.96
0.93
0.91
0.88
0.89
0.89
0.85
0.79
0.87
0.81
0.75
0.73
0.77
0.71
0.72
0.70
0.70
0.79
0.85
0.70
0.72
0.85
0.83
0.77
0.75
0.68
0.74
0.80
0.77
0.74
0.79
0.79
0.80
0.86
0.81
0.78
0.82
0.85
0.94
0.93
0.89
0.86
0.90
0.93
0.88
0.84
0.82
0.80
0.79
0.82
0.78
0.75
0.74
0.71
0.70
0.68
0.61
0.61
0.70
0.82
0.81
0.86
0.87
0.90
0.92
0.91
0.89
0.88
0.81
0.78
0.82
0.76
0.79
0.67
0.55
0.42
0.47
0.48
0.68
0.61
0.55
0.54
0.61
0.65
0.70
0.70
0.74
0.69
0.67
0.67
0.61
0.59
0.58
0.59
0.60
0.73
0.74
0.82
0.93
1.03
1.06
1.04
1.06
1.00
1.03
1.07
1.01
1.07
0.99
0.99
0.93
0.93
0.93
0.91
0.88
0.86
0.91
0.88
0.89
0.94
0.91
0.94
0.81
0.84
0.86
0.81
0.80
0.72
0.72
0.66
0.56
0.53
0.55
0.62
0.65
0.68
0.67
0.69
0.85
0.83
0.80
0.82
0.79
0.83
0.82
0.75
0.62
0.53
0.57
0.63
0.74
0.80
0.80
0.88
0.89
0.90
0.89
0.87
0.97
0.99
1.00
1.00
1.01
1.00
1.04
0.98
1.02
1.01
1.03
0.99
1.02
0.92
0.90
0.88
0.96
0.82
0.67
0.76
0.92
0.86
0.87
0.82
0.89
0.86
0.80
0.77
0.78
0.79
0.85
0.84
0.80
0.84
0.88
0.86
0.87
0.83
0.82
0.89
0.96
0.95
0.82
0.80
0.69
0.69
0.75
0.80
0.79
0.88
0.74
0.75
0.75
0.78
0.81
0.71
0.61
0.60
0.76
0.76
0.78
0.75
0.71
0.66
0.69
0.61
0.68
0.60
0.67
0.61
0.56
0.59
0.47
0.61
0.62
0.67
0.77
0.82
0.84
0.77
0.85
0.76
0.76
0.65
0.68
0.70
0.59
0.58
0.63
0.62
0.68
0.77
0.79
0.88
0.75
0.72
0.80
0.75
0.85
0.78
0.98
0.96
1.01
1.09
1.14
1.25
1.22
1.19
1.11
1.14
1.13
1.07
1.10
1.14
1.12
1.10
1.10
1.04
1.07
1.11
0.98
0.99
1.04
0.99
0.76
1.01
1.05
1.01
1.01
1.07
1.07
0.97
0.95
0.96
0.91
0.98
0.88
0.89
0.75
0.76
0.76
0.67
0.67
0.68
0.73
0.71
0.65
0.71
0.73
0.78
0.79
0.81
0.74
0.77
0.75
0.85
0.85
0.87
0.83
0.83
0.91
0.81
0.86
0.79
0.62
0.72
0.63
0.61
0.53
0.54
0.52
0.63
0.65
0.63
0.71
0.70
0.70
0.77
1.02
1.04
1.22
1.17
1.19
1.21
1.12
1.08
1.06
1.00
0.96
0.95
0.85
0.87
0.81
0.78
0.76
0.84
0.86
0.80
0.87
0.79
0.80
0.78
0.85
0.89
0.87
0.97
0.93
0.94
1.02
0.87
0.78
0.88
0.93
0.90
0.89
0.91
0.97
0.96
0.93
0.95
0.87
0.88
0.90
0.87
0.96
0.93
0.95
0.91
0.96
0.88
0.94
0.98
0.97
0.99
0.97
0.95
0.94
0.83
0.82
0.81
0.78
0.76
0.71
0.62
0.49
0.44
0.38
0.31
0.27
0.30
0.38
0.32
0.29
0.33
0.32
0.36
0.42
0.59
0.60
0.77
0.97
0.76
0.56
0.55
0.65
0.58
0.64
0.63
0.70
0.67
0.87
0.92
0.91
0.99
1.00
0.97
0.96
0.99
1.03
1.04
1.02
0.91
0.87
0.87
0.95
0.91
0.94
0.84
0.80
0.74
0.75
0.55
0.34
0.44
0.54
0.62
0.65
0.56
0.55
0.59
0.64
0.68
0.63
0.66
0.76
0.67
0.63
0.60
0.74
0.69
0.71
0.70
0.71
0.76
0.75
0.91
0.91
0.93
0.87
0.80
0.85
0.92
0.98
0.94
0.93
0.80
0.69
0.64
0.72
0.81
0.83
0.75
0.85
0.82
0.82
0.97
0.86
0.70
0.59
0.53
0.51
0.53
0.57
0.50
0.39
0.34
0.33
0.35
0.36
0.36
0.33
0.34
0.34
0.32
0.37
0.36
0.32
0.36
0.29
0.35
0.34
0.47
0.44
0.59
0.56
0.58
0.58
0.60
0.58
0.59
0.59
0.53
0.54
0.57
0.46
0.55
0.48
0.43
0.49
0.43
0.55
0.64
0.58
0.55
0.60
0.58
0.58
0.57
0.56
0.52
0.47
0.50
0.49
0.55
0.55
0.48
0.33
0.26
0.28
0.37
0.43
0.48
0.50
0.45
0.47
0.44
0.49
0.46
0.50
0.46
0.46
0.47
0.51
0.48
0.46
0.52
0.44
0.46
0.46
0.44
