254	93	57	75
252	92	61	76
252	90	62	78
252	92	62	76
251	92	61	77
252	93	60	76
252	94	60	77
251	92	61	78
251	93	61	79
251	93	62	79
251	93	63	80
253	95	61	79
254	95	62	79
252	94	64	79
253	95	60	76
254	94	59	77
254	92	61	80
256	91	62	81
259	89	63	80
262	89	62	79
264	88	61	80
264	92	64	80
263	92	66	80
263	92	64	80
264	94	63	82
263	95	66	83
262	97	68	84
263	98	69	82
265	99	65	82
265	99	67	84
265	99	70	84
265	100	68	82
261	102	69	83
260	102	67	84
255	105	70	80
252	105	71	83
251	106	69	81
246	109	70	81
242	111	70	77
240	114	64	77
237	113	63	78
234	116	63	76
232	116	63	76
232	116	62	77
232	116	61	78
235	118	58	72
233	118	63	74
236	117	59	72
239	120	58	70
241	118	59	73
244	120	57	70
248	121	57	70
251	122	57	68
254	122	56	71
256	123	58	69
262	125	56	69
265	127	55	67
271	130	53	68
273	131	54	66
276	132	56	66
280	135	54	64
283	134	55	66
286	135	52	64
290	137	48	62
293	138	47	59
295	139	48	60
296	138	47	59
295	140	48	59
297	138	46	58
295	136	49	61
297	138	46	59
297	138	47	59
298	139	45	59
298	139	46	59
299	141	44	58
298	142	47	58
298	142	47	57
298	143	45	58
297	141	46	60
295	143	49	59
295	144	49	60
294	142	49	61
291	143	53	60
291	143	53	59
290	143	56	60
293	143	53	60
294	143	54	60
293	142	55	60
294	142	55	61
295	143	56	59
294	143	59	61
297	141	57	62
297	140	58	66
296	139	61	65
299	141	58	64
300	139	58	65
301	143	59	59
301	146	62	56
302	143	60	60
303	139	62	62
303	142	63	58
304	137	66	62
306	141	64	58
308	141	64	57
307	137	67	62
310	138	66	60
311	138	65	60
312	137	66	61
313	138	65	61
313	137	67	60
316	139	64	58
315	139	66	57
316	137	65	59
317	136	64	61
317	138	63	59
317	140	63	56
315	142	64	53
315	144	64	49
316	142	64	51
317	138	61	58
313	139	64	54
311	139	65	53
311	138	64	55
310	140	64	52
309	142	66	49
310	143	64	48
310	142	64	50
311	143	62	48
310	144	64	46
309	147	65	44
310	146	64	43
311	147	65	43
311	148	65	41
312	148	65	43
313	149	63	43
311	148	64	43
311	149	64	41
312	148	64	42
314	149	62	40
314	149	64	42
316	150	62	41
317	152	62	39
319	151	63	40
322	152	63	40
326	151	63	43
327	151	63	42
329	152	62	42
332	152	62	42
333	152	63	42
335	154	62	40
336	153	62	41
337	155	61	39
336	153	62	40
337	152	61	43
337	152	61	42
338	151	62	43
339	152	62	42
339	152	63	42
341	153	60	42
342	153	60	40
343	153	60	42
342	152	62	42
344	153	58	41
343	153	61	41
344	152	60	42
344	152	61	42
345	152	61	42
345	152	62	42
347	153	61	43
349	153	62	42
349	152	62	43
350	154	61	41
352	154	60	42
352	154	61	42
354	153	59	42
356	153	58	42
358	154	56	41
358	153	57	42
359	153	56	44
358	153	59	46
359	151	60	48
361	152	58	47
360	153	60	45
364	156	58	42
364	154	58	44
367	154	55	47
366	154	54	48
368	156	52	48
369	158	49	47
368	157	50	48
365	157	53	49
365	157	53	47
366	157	54	47
362	158	56	47
360	158	58	46
356	158	61	49
356	158	62	51
355	158	59	53
353	160	60	52
353	161	62	53
353	162	59	53
353	163	58	55
352	163	59	62
352	165	58	64
352	166	59	65
353	167	57	65
353	167	57	63
352	167	58	65
354	168	57	63
353	168	57	66
354	168	57	67
355	167	56	65
356	169	55	61
358	169	54	60
357	171	54	58
359	171	53	56
357	171	57	60
358	171	56	66
363	173	54	54
363	175	57	50
369	179	53	42
373	179	49	42
372	180	52	41
373	181	52	40
374	181	53	41
378	182	50	39
378	182	51	40
380	183	50	39
380	183	49	39
382	185	45	39
378	185	49	39
376	186	49	39
377	187	47	38
374	187	48	39
373	187	47	39
372	187	46	39
368	187	47	38
366	187	47	38
363	186	47	39
361	186	46	38
360	186	45	38
359	186	43	38
357	186	42	37
357	186	41	37
359	185	41	38
361	186	36	37
361	186	33	38
357	187	34	38
353	187	36	37
351	188	36	37
348	188	36	38
345	189	37	38
342	189	39	37
341	189	37	37
340	189	36	36
341	188	34	37
340	187	35	38
339	186	35	38
340	186	33	36
339	186	33	36
339	186	32	36
339	187	32	36
338	186	32	37
337	186	32	34
337	186	29	35
337	185	28	36
335	184	29	36
333	183	29	37
333	183	29	34
332	183	27	35
333	182	25	38
337	181	23	36
338	180	21	36
336	180	20	35
334	180	22	34
333	180	23	34
333	180	23	34
333	179	22	35
335	178	18	36
335	177	19	36
336	177	17	36
337	175	15	38
338	176	14	39
338	176	12	35
338	177	13	31
336	176	14	32
329	176	19	33
330	176	19	31
330	176	16	32
329	176	16	34
319	172	20	37
329	175	17	38
332	174	16	37
324	171	14	39
322	169	13	40
325	169	13	40
320	167	14	43
321	168	14	44
322	168	14	41
322	167	14	40
320	167	17	38
318	166	20	38
318	167	21	37
314	167	26	37
312	167	30	39
310	168	31	39
307	168	34	38
305	167	35	39
301	167	39	38
299	167	39	38
296	167	42	36
295	166	43	37
293	166	47	37
291	165	47	39
290	165	48	37
289	164	48	38
287	164	50	39
286	164	48	38
284	164	51	37
282	163	53	37
282	163	52	37
280	163	54	36
280	163	54	35
279	162	55	37
280	162	56	37
279	162	57	36
277	162	59	35
278	162	58	36
277	162	61	35
275	162	63	35
275	163	63	35
275	164	66	35
274	165	70	35
272	165	73	36
272	166	73	36
272	166	73	34
271	167	72	34
272	166	70	35
273	167	67	34
272	168	67	34
272	168	68	35
273	168	68	35
273	169	71	34
277	169	65	33
276	169	66	35
279	170	65	34
279	170	64	34
280	170	66	34
282	170	63	35
283	172	63	33
284	171	65	34
288	171	64	33
289	171	65	34
296	171	59	34
296	170	64	34
301	171	65	33
302	171	71	34
306	170	71	35
310	171	68	34
314	170	68	34
317	170	69	35
321	169	68	35
323	169	68	35
326	169	68	35
328	169	70	35
333	170	67	35
337	170	67	34
340	169	67	35
344	169	68	35
347	170	68	35
351	169	67	36
354	170	67	35
356	171	67	36
356	171	71	36
360	171	68	37
362	172	65	37
366	172	61	37
366	171	62	38
370	172	62	38
372	172	61	38
378	172	58	38
379	171	60	39
383	171	58	39
385	170	59	39
386	170	62	39
389	170	63	39
391	170	63	39
392	170	67	38
394	170	69	40
399	170	69	39
404	171	68	39
409	170	68	41
414	171	66	40
420	171	66	39
422	171	67	38
424	171	68	39
427	172	69	39
427	172	71	39
430	171	69	41
434	172	67	40
436	174	68	38
440	173	68	41
442	173	69	40
445	174	68	40
446	174	71	40
447	172	72	42
447	173	74	42
446	173	78	41
445	173	83	40
444	171	85	40
445	170	87	41
447	169	89	42
446	168	93	42
444	168	95	43
443	169	97	41
458	168	90	43
468	169	77	41
476	170	70	40
481	170	67	42
483	172	69	42
485	173	69	39
489	172	69	42
490	170	71	45
494	168	68	46
498	167	68	47
501	166	69	48
509	168	64	44
511	169	64	41
517	169	60	41
516	167	63	44
520	168	62	43
515	162	67	50
514	162	71	50
512	161	76	51
514	160	77	51
517	159	78	51
521	160	77	48
525	161	77	47
530	160	76	47
533	160	77	52
538	163	78	44
542	160	75	48
547	161	76	49
549	160	78	51
551	159	80	54
556	159	76	54
556	158	79	55
559	157	78	54
560	156	81	58
559	154	86	67
558	153	89	74
565	154	83	65
566	153	84	69
571	153	81	72
575	153	79	73
578	154	80	73
580	152	79	76
583	154	80	73
584	155	82	73
587	155	81	74
593	155	77	70
596	155	73	66
598	155	72	66
596	154	74	61
596	152	75	56
595	150	76	53
595	149	76	49
594	147	77	47
596	144	73	47
592	142	74	47
594	141	72	47
590	138	74	51
590	136	74	53
588	133	76	55
591	132	74	52
591	128	73	57
591	125	73	54
590	122	75	48
591	117	74	50
590	115	75	48
590	110	77	50
590	108	76	48
594	104	71	49
588	100	80	55
591	96	74	58
591	93	74	57
590	89	76	58
589	86	79	53
590	84	78	51
591	82	75	48
592	80	72	46
589	75	75	50
590	72	73	50
587	68	76	53
587	64	74	55
588	63	72	51
585	59	74	51
587	57	71	52
584	54	73	51
582	50	75	56
581	49	74	53
582	46	72	54
583	46	71	52
582	44	72	53
580	43	73	53
579	42	74	56
578	42	76	53
578	41	74	55
579	41	74	53
579	41	72	54
579	40	72	53
578	40	75	55
579	39	74	56
579	40	75	53
579	40	74	55
581	40	72	55
583	40	71	55
583	40	71	55
584	41	71	55
584	41	69	54
586	42	68	53
582	42	70	53
582	42	66	54
583	44	62	49
582	43	60	52
579	44	61	51
576	43	62	53
573	44	63	52
571	43	64	55
568	44	64	53
567	44	64	52
564	45	63	48
560	44	64	50
557	44	63	52
551	46	66	49
548	45	64	54
544	48	65	47
541	49	62	46
535	48	63	51
529	50	64	48
523	50	65	50
518	52	66	49
514	52	66	48
512	53	63	47
509	54	61	45
503	54	64	49
501	54	62	49
496	54	64	50
493	54	64	51
490	54	63	51
486	54	64	51
482	54	64	52
478	54	64	52
474	54	65	55
470	54	67	52
468	55	67	50
467	55	62	48
464	56	67	46
463	55	63	47
460	56	65	44
461	57	60	43
458	57	62	44
456	58	63	41
453	58	63	43
450	57	65	44
449	59	64	41
452	60	58	41
447	58	62	45
447	59	62	42
448	59	59	45
447	59	58	48
451	60	53	43
449	61	55	39
451	62	53	38
453	62	51	39
451	62	52	38
455	64	49	36
455	63	49	38
458	64	46	38
459	65	44	38
459	66	45	39
457	65	46	38
458	66	44	36
455	65	45	37
455	65	46	36
455	65	44	36
456	65	42	36
457	64	38	36
458	64	35	36
461	64	30	36
461	64	31	36
461	63	30	37
456	62	34	38
455	63	34	36
456	63	33	37
457	62	31	37
455	62	33	38
454	63	33	37
455	63	31	36
456	64	28	36
457	65	25	35
459	66	20	36
461	68	17	36
462	70	17	36
463	71	18	35
463	72	19	36
462	73	22	36
461	74	22	35
460	75	25	37
458	77	29	34
457	79	29	36
456	81	31	36
455	83	32	36
454	84	33	37
454	85	33	36
453	86	35	37
453	88	36	35
451	89	37	35
451	90	38	34
450	91	38	35
449	92	38	33
448	92	38	32
447	93	39	33
445	93	39	32
444	93	38	32
442	94	39	33
440	93	40	33
440	94	38	32
438	92	41	33
436	91	43	32
433	90	49	33
434	88	44	33
434	87	43	33
433	86	45	33
431	85	46	34
430	85	49	32
429	84	50	34
427	83	52	34
427	83	52	34
427	83	52	33
428	84	50	33
427	83	50	34
426	83	51	34
426	83	51	34
426	83	51	35
426	84	50	33
427	84	49	35
426	84	50	36
427	85	49	34
427	85	49	35
428	84	49	35
427	85	51	35
428	83	49	34
428	84	51	34
430	82	49	34
431	80	49	35
432	80	48	36
432	79	49	34
432	78	50	34
433	77	49	34
434	77	48	35
434	77	49	34
435	76	50	35
434	76	50	35
434	76	50	35
434	75	49	35
433	75	50	35
433	75	50	35
433	76	50	34
433	75	51	36
433	76	50	34
433	75	52	36
433	76	52	36
433	77	54	35
433	77	52	34
434	77	52	35
434	79	51	34
435	78	52	34
435	77	53	36
436	77	52	37
436	78	55	37
437	79	55	36
437	80	56	35
438	82	54	34
438	81	54	37
438	83	55	36
439	84	54	36
437	85	57	34
437	84	56	36
436	84	57	36
437	84	56	36
437	83	57	39
436	83	58	37
436	82	57	38
437	81	56	37
438	82	57	36
439	81	56	37
437	81	60	37
440	80	58	37
441	79	58	38
440	80	59	38
441	79	59	39
442	77	58	41
441	76	59	41
441	75	58	42
441	75	58	39
442	73	57	41
440	72	59	41
440	70	59	43
440	70	59	41
439	68	59	41
441	66	57	42
440	65	59	42
441	63	59	45
441	63	60	44
442	61	60	45
443	60	61	45
445	60	59	45
446	59	59	44
448	58	60	44
448	57	62	43
450	56	61	44
452	55	61	44
454	55	59	45
456	55	59	44
454	55	59	43
453	54	61	44
453	53	60	45
452	54	60	44
449	54	60	43
446	53	59	44
446	52	59	45
441	52	60	46
440	53	59	45
436	51	60	47
434	52	61	43
431	51	62	46
429	51	61	47
425	52	61	43
422	52	63	44
422	52	60	43
418	51	60	46
414	52	62	43
410	51	64	45
407	50	63	45
403	51	62	45
398	50	62	44
396	48	62	48
393	48	62	47
389	49	62	44
387	49	61	44
385	49	62	45
384	49	61	45
381	49	61	45
379	48	61	45
375	47	64	47
372	47	63	47
372	47	60	45
366	47	64	44
364	47	62	44
361	46	62	44
357	46	64	43
353	45	63	44
350	45	61	42
347	45	59	43
344	45	60	42
341	45	60	41
339	44	60	45
336	43	60	46
333	44	61	46
330	44	61	43
325	44	64	41
322	42	65	42
319	42	63	41
313	42	64	39
310	43	63	39
306	43	61	38
304	44	60	37
300	43	58	39
297	42	57	40
293	41	57	43
289	40	59	44
284	41	61	45
281	39	61	47
276	40	62	45
273	42	64	43
268	42	65	42
267	43	63	42
263	44	64	43
257	43	66	44
254	45	63	41
250	45	62	42
248	45	60	45
243	46	61	44
238	46	61	45
234	47	62	45
230	47	62	45
228	47	60	45
224	47	59	46
220	47	63	45
215	47	63	45
211	46	63	45
206	46	65	45
202	46	65	44
201	45	63	45
198	46	62	44
194	45	64	45
192	46	61	46
189	46	61	44
186	45	61	45
181	44	63	45
178	45	62	44
175	44	60	43
172	44	59	43
167	44	62	44
162	44	61	45
159	44	61	43
154	44	60	45
150	43	58	46
144	43	60	47
142	43	56	44
134	42	60	45
130	41	60	45
125	39	61	45
121	38	61	45
117	37	62	46
113	37	61	45
109	38	61	43
105	37	62	46
100	36	61	45
97	35	59	47
93	36	58	47
88	36	59	48
81	37	60	47
77	38	60	46
72	38	61	46
69	40	59	45
64	39	60	46
61	40	59	46
57	39	61	47
54	39	60	47
52	39	59	47
51	38	59	47
48	38	60	48
48	38	58	48
46	38	60	47
45	37	60	48
45	37	60	45
44	38	60	46
44	39	59	45
44	38	58	46
43	38	59	47
44	39	59	47
42	39	59	48
41	41	59	47
41	42	60	45
41	41	60	47
40	43	60	46
39	43	60	46
39	44	59	45
39	44	59	45
40	44	58	46
39	45	59	46
41	45	58	45
40	46	60	46
40	47	60	44
38	48	61	46
40	49	59	44
40	49	59	44
38	50	61	46
38	51	60	45
39	53	61	45
39	54	60	44
38	55	60	45
38	56	62	44
39	56	61	45
39	57	61	45
41	59	60	43
41	59	60	45
43	60	60	43
44	60	59	42
45	60	59	43
44	62	60	41
46	61	60	42
47	61	59	42
48	62	58	40
50	64	56	39
50	64	57	37
52	64	57	40
52	64	58	38
53	64	56	39
55	63	55	40
55	64	57	38
56	64	56	41
57	65	56	36
58	66	55	39
58	66	55	35
58	66	55	37
59	66	54	35
58	66	55	38
59	66	54	37
60	66	53	37
59	67	55	36
58	67	55	35
60	68	53	34
60	68	54	34
59	68	55	33
60	69	55	32
60	68	54	36
60	68	55	34
60	69	55	32
61	69	53	31
60	70	55	30
60	71	54	32
61	72	52	35
60	74	53	33
60	76	54	34
59	79	53	32
58	80	54	30
57	82	55	31
58	83	54	30
58	86	53	30
57	87	56	30
58	89	55	28
59	90	55	32
60	93	54	31
61	95	54	30
61	97	54	29
61	98	56	30
60	100	57	29
62	103	55	31
63	106	55	28
62	108	57	28
64	111	55	31
64	114	56	30
63	117	57	29
64	120	56	29
66	123	55	30
66	125	55	28
68	128	55	30
69	130	55	28
72	133	54	28
72	136	58	27
74	138	58	28
77	140	58	28
77	142	61	30
78	145	60	28
79	146	59	29
78	147	60	28
78	150	60	28
79	151	61	29
79	154	59	28
78	156	60	27
78	159	60	28
79	162	59	29
80	164	58	31
77	167	60	30
79	170	59	29
78	174	60	29
78	177	60	28
79	181	59	30
78	184	60	28
78	187	59	30
79	189	55	29
79	192	57	29
79	195	56	29
79	198	58	29
81	202	57	31
79	205	58	30
81	208	57	33
84	212	53	31
82	216	56	29
81	219	55	31
80	222	57	29
81	223	55	32
82	227	54	29
82	229	55	30
82	232	56	30
82	235	55	32
83	238	54	30
81	241	57	31
81	244	55	30
80	245	54	31
79	247	54	33
78	250	54	32
77	253	54	31
77	254	54	31
76	256	54	32
77	256	54	32
75	258	56	32
76	261	56	31
76	261	57	32
78	262	55	33
78	263	56	33
80	264	54	33
81	264	55	33
82	265	54	33
83	265	55	32
84	265	55	32
85	266	55	32
88	265	53	32
88	266	55	32
89	266	58	32
92	265	56	32
95	264	55	33
97	264	56	33
100	265	58	33
103	264	56	34
108	264	56	32
110	264	57	34
113	264	59	34
117	264	59	33
124	263	58	34
130	262	56	35
135	260	58	36
140	260	59	35
145	260	58	34
153	259	56	36
159	259	57	36
166	258	58	34
171	257	60	35
178	257	60	34
184	257	59	36
192	257	59	37
200	257	59	35
207	258	58	34
213	257	61	36
219	258	62	36
226	258	63	40
232	258	64	38
239	259	63	37
244	259	64	38
249	260	66	37
255	258	65	40
258	257	66	40
263	256	65	39
269	256	64	37
273	256	63	37
277	256	66	37
283	256	65	38
290	257	64	40
296	256	64	40
300	257	67	41
305	258	67	42
310	258	67	40
315	258	67	40
319	256	68	41
323	254	68	41
327	254	69	39
330	254	70	38
331	253	71	39
334	255	71	40
337	256	70	40
339	258	71	39
342	260	72	40
345	260	71	42
348	261	70	41
351	262	69	41
