227	82	54	198
226	75	51	207
226	76	48	204
225	78	48	199
225	77	45	200
225	78	44	198
223	82	46	193
224	77	45	197
223	75	45	199
222	77	48	198
222	78	45	196
222	73	45	202
221	77	47	200
221	79	44	195
220	75	47	201
221	76	45	197
221	80	44	194
221	78	42	195
221	77	43	195
220	80	44	193
218	80	46	191
215	80	50	192
217	77	43	196
210	78	53	192
206	79	53	190
202	79	55	192
199	79	57	192
199	80	53	182
198	80	52	181
197	80	53	178
196	83	53	173
191	80	58	177
202	85	49	186
198	82	52	186
198	85	50	175
198	83	49	170
191	84	57	167
189	82	59	164
196	98	61	164
197	93	55	171
198	95	51	161
194	100	56	141
182	105	72	127
189	123	70	109
185	124	72	103
186	127	67	95
186	129	64	92
186	130	65	94
186	132	66	91
189	134	63	90
182	138	72	84
185	137	70	86
166	138	83	75
182	149	79	73
172	143	83	73
212	179	76	58
178	153	74	46
173	154	70	47
176	154	65	48
176	155	65	47
173	157	70	49
140	139	75	40
165	170	77	37
220	192	63	31
220	182	63	39
177	161	58	46
175	156	59	48
173	157	60	55
170	154	66	54
184	158	57	58
181	157	50	59
179	157	54	58
241	178	43	45
230	178	39	45
229	178	42	46
245	181	38	41
233	178	41	37
224	182	47	31
231	179	47	34
221	179	55	37
228	181	58	33
219	184	63	31
219	177	65	36
217	178	72	34
218	182	66	30
220	177	63	35
221	178	61	33
221	178	62	34
218	177	61	36
221	178	64	34
221	178	63	34
220	178	65	36
219	177	66	38
220	179	65	34
222	179	62	34
219	177	65	38
219	178	65	32
222	178	64	30
221	174	66	36
218	174	60	35
219	172	58	40
220	171	53	40
221	170	45	37
222	169	51	34
219	168	53	34
223	167	58	30
219	168	64	25
218	166	64	23
221	165	61	28
220	165	64	25
223	164	61	25
216	163	67	26
219	163	64	21
221	163	63	24
222	160	63	26
219	159	56	24
223	159	53	21
223	159	51	25
222	159	47	22
220	159	48	17
223	160	43	21
223	160	46	18
237	166	51	12
233	167	51	13
242	166	47	11
190	160	45	14
233	163	48	15
232	166	53	12
227	163	54	16
226	163	58	15
225	163	61	16
224	162	62	14
217	162	67	17
220	162	62	14
217	162	62	15
213	163	63	15
210	162	62	16
209	163	63	14
205	164	63	16
202	163	60	14
196	164	59	12
193	164	61	13
189	163	62	12
185	163	62	13
181	163	61	13
180	164	61	12
172	164	59	12
169	166	61	12
163	166	64	13
158	166	64	12
159	162	61	13
199	159	66	19
195	168	58	14
255	194	59	16
251	192	55	20
244	192	54	18
245	191	49	18
247	190	44	20
243	192	44	14
245	191	40	15
243	190	38	12
241	190	41	16
236	189	43	12
239	190	39	12
240	188	37	12
238	187	38	11
239	187	36	13
239	189	36	11
239	187	35	13
238	187	37	13
239	186	36	12
241	184	33	14
239	184	30	15
239	184	32	14
239	184	30	11
240	184	26	14
238	184	27	17
239	183	25	15
238	185	28	14
236	184	25	15
234	186	24	19
235	185	21	21
235	185	16	22
236	182	15	25
234	179	17	27
232	178	21	27
230	174	24	30
228	175	27	27
226	177	27	25
226	179	27	22
224	178	25	20
223	179	26	21
222	178	25	20
222	179	24	20
220	178	27	17
216	178	31	18
218	176	29	16
219	178	26	12
218	177	27	13
217	178	26	13
215	179	28	10
214	180	29	9
214	181	29	9
213	181	29	9
212	182	28	8
212	182	27	8
209	185	29	6
208	185	28	6
206	186	30	6
206	186	27	6
206	186	24	6
207	188	21	6
207	187	18	5
209	183	16	7
208	169	18	6
208	167	18	7
204	186	16	7
207	188	14	5
199	180	13	6
188	163	13	8
204	182	11	9
202	181	11	10
200	180	11	11
198	179	11	12
197	175	11	11
195	174	11	10
199	160	13	9
195	161	13	10
186	179	11	11
186	167	11	9
182	173	13	9
174	187	14	9
170	187	15	9
166	185	16	11
164	184	16	11
166	176	14	9
161	183	17	9
163	175	17	11
156	184	18	9
153	183	21	9
155	175	23	10
153	174	26	10
149	175	29	9
144	176	33	9
141	176	36	8
137	175	40	9
133	175	42	8
128	173	47	11
121	173	51	14
115	171	57	16
104	171	62	20
102	172	61	21
98	173	61	19
96	172	59	21
94	168	58	27
89	159	62	34
87	159	59	41
75	253	59	48
83	254	54	55
75	244	57	66
76	141	64	78
62	231	62	82
71	135	68	91
-35	127	79	90
-28	130	84	88
-41	134	106	80
-50	136	114	80
29	187	105	76
-28	139	94	79
-28	136	88	84
49	131	90	91
-33	143	97	78
32	132	100	91
22	130	113	93
1	87	100	106
7	91	93	126
13	84	70	128
18	84	61	126
-21	105	58	124
62	125	65	113
52	104	78	110
39	130	89	100
10	94	106	112
2	85	111	123
16	125	113	104
31	130	99	91
34	131	99	69
29	134	104	76
31	134	100	82
41	134	92	64
39	133	94	70
43	132	90	74
42	133	92	64
46	134	84	69
38	140	80	68
41	133	88	73
40	135	94	79
-23	104	91	84
0	142	100	75
0	133	97	68
0	138	97	56
43	136	93	72
36	134	96	85
38	134	97	81
28	135	108	80
22	135	115	84
25	133	112	90
23	135	117	84
23	137	121	82
26	136	120	82
31	136	116	83
31	140	123	75
35	137	120	83
39	140	122	78
44	139	120	82
47	138	122	80
54	136	117	86
58	137	118	82
63	137	118	83
69	137	116	81
68	136	125	80
74	138	122	73
76	138	125	69
79	137	127	73
86	135	124	80
90	133	122	82
95	135	120	79
98	135	121	76
104	134	116	82
108	134	117	79
109	134	120	78
108	136	127	74
112	135	124	77
119	134	118	78
120	134	121	79
124	133	120	80
125	133	120	79
129	137	120	65
128	136	123	73
131	134	120	80
134	132	116	85
138	133	115	82
137	138	119	72
140	135	116	77
138	137	121	72
138	138	121	70
139	138	120	73
138	139	121	72
137	138	122	73
143	136	115	77
140	138	116	73
135	137	122	74
143	138	114	71
128	140	127	76
134	138	120	85
123	142	131	83
125	137	125	83
122	137	127	85
122	136	126	90
119	136	127	85
124	132	120	95
117	136	127	84
115	139	127	78
115	136	125	86
114	132	125	95
110	139	128	76
104	143	132	61
104	145	129	51
103	149	128	48
108	145	128	59
102	150	128	49
117	153	114	44
120	154	109	42
119	154	110	41
116	156	113	37
116	156	112	37
118	156	110	37
118	155	111	39
118	155	111	39
130	157	102	36
120	154	109	40
117	155	115	40
107	154	123	40
104	153	128	45
97	153	136	45
94	156	140	39
93	156	140	38
94	154	141	41
95	159	137	39
94	159	138	35
93	157	137	35
94	161	138	38
92	157	141	36
96	163	136	34
94	156	133	39
93	158	140	37
94	163	141	33
94	157	140	38
90	157	147	41
93	154	141	41
92	153	138	43
93	151	135	45
93	150	137	47
93	155	138	41
93	155	135	41
93	147	124	49
99	151	124	49
94	152	122	43
98	155	119	42
98	147	119	50
102	159	126	36
94	154	129	41
94	156	125	39
94	156	125	39
93	150	131	46
95	149	122	48
94	150	134	51
94	152	125	42
94	159	141	35
93	157	145	35
93	154	142	39
91	154	132	39
93	153	135	40
91	156	130	35
91	155	133	36
91	152	131	40
93	153	133	40
91	154	131	37
93	151	126	42
94	152	125	41
95	155	127	41
93	154	129	41
92	149	135	46
93	153	130	43
93	152	130	42
93	152	128	41
92	152	134	41
94	153	131	42
91	154	134	38
94	153	130	41
92	153	136	40
93	151	131	43
91	153	138	39
91	151	137	42
92	153	135	40
92	151	135	45
92	152	134	41
92	153	136	40
91	151	138	43
93	156	135	38
93	152	130	43
93	154	131	39
91	152	136	42
92	152	130	41
93	152	131	44
93	152	128	42
92	152	132	43
91	153	132	42
92	150	130	45
93	154	127	40
89	154	135	39
92	151	131	44
91	153	131	42
90	150	133	45
91	150	131	46
91	148	130	49
93	149	129	48
93	150	129	49
92	153	128	43
91	154	132	39
92	153	129	41
91	150	132	46
91	152	132	42
89	155	133	37
90	154	132	40
91	153	131	40
91	152	129	41
91	152	130	41
91	155	130	38
90	152	132	42
90	152	131	41
89	151	131	42
89	154	133	38
91	150	131	45
90	151	131	44
90	151	131	43
91	152	129	43
90	149	131	47
90	148	130	51
90	148	130	49
89	149	132	49
90	148	131	51
91	150	129	48
92	146	127	52
91	150	129	47
89	146	130	53
90	148	130	49
91	151	127	44
89	150	129	43
90	149	130	43
90	147	128	46
90	151	129	41
91	148	126	45
89	147	128	46
90	149	127	44
90	149	128	44
91	146	126	48
91	143	125	56
93	141	123	64
95	139	120	68
92	139	123	69
96	136	116	89
93	136	121	93
91	135	126	88
95	138	118	83
95	140	118	77
96	138	117	78
96	138	118	77
96	139	118	76
95	140	122	73
95	139	123	76
95	140	123	72
95	140	122	71
96	138	121	74
95	140	121	71
96	139	119	71
95	138	121	74
96	138	119	73
96	135	119	81
96	136	118	77
98	138	113	73
97	136	116	76
96	138	117	73
96	140	117	68
96	139	118	70
97	137	116	71
98	138	115	70
96	137	117	72
95	137	119	71
95	137	119	72
98	137	114	72
99	136	114	73
97	139	117	68
96	136	118	73
96	137	117	71
97	139	116	67
97	137	116	70
96	138	118	70
97	137	117	72
98	137	115	72
97	137	116	71
95	139	117	68
97	138	114	70
96	136	117	75
96	138	116	71
96	140	117	64
96	138	117	68
97	137	115	73
99	138	111	72
97	137	115	74
97	135	114	77
97	138	115	73
97	137	116	75
95	137	118	76
94	138	122	74
96	139	117	70
96	138	117	70
96	137	116	72
95	140	118	66
95	139	119	65
96	141	118	56
97	144	117	45
97	144	117	54
96	142	118	55
96	143	119	46
94	147	122	51
94	142	121	54
95	143	120	47
93	148	123	41
94	147	120	38
94	152	121	34
94	149	121	34
94	145	121	41
94	151	121	33
94	150	122	33
94	154	119	31
94	151	120	33
92	149	123	36
94	144	122	43
94	144	121	45
93	145	122	41
93	142	122	45
94	145	121	42
92	144	124	42
91	143	124	43
92	143	125	48
88	149	121	41
92	143	122	43
94	147	119	39
93	145	121	40
90	146	123	44
91	141	123	47
90	142	123	52
93	143	119	43
92	143	122	39
92	143	120	45
93	143	119	43
88	143	127	39
92	144	121	44
93	143	118	41
92	147	121	41
91	143	121	40
90	145	122	44
93	141	119	51
91	141	122	52
90	139	123	56
92	140	120	56
92	142	120	50
91	141	122	49
92	140	119	53
91	143	120	45
92	142	120	47
93	140	119	55
91	141	121	53
93	139	119	58
91	140	122	58
93	141	118	56
93	139	117	58
93	140	119	57
93	142	117	53
93	143	121	51
93	141	121	53
89	141	126	55
93	142	120	56
93	141	122	58
95	141	119	59
95	140	118	60
94	140	122	62
96	144	121	54
97	143	121	57
97	141	121	60
96	140	123	62
97	141	123	60
100	141	121	60
99	141	125	62
101	139	123	67
105	141	121	64
106	142	122	60
110	143	118	59
111	141	120	61
113	141	122	63
117	139	119	65
119	142	119	60
123	141	117	61
125	140	118	61
129	139	115	63
130	138	117	64
135	138	113	64
137	140	114	62
138	138	117	65
142	139	114	65
143	138	114	75
146	138	115	78
149	135	113	79
158	142	107	59
153	144	116	51
154	143	117	48
157	142	116	49
159	142	117	51
161	140	122	54
164	144	118	47
167	142	118	50
169	142	118	49
171	142	118	50
173	146	117	44
178	147	114	43
182	145	111	47
182	144	114	47
186	143	112	50
187	142	113	51
190	144	111	49
190	147	113	43
194	150	110	40
194	146	113	49
197	145	109	55
196	142	112	61
199	146	109	57
197	149	112	50
198	144	113	56
200	145	110	57
200	143	112	60
200	142	111	66
201	140	110	74
203	140	110	71
209	139	103	90
206	137	108	88
211	135	105	93
211	134	106	96
209	132	111	103
212	134	109	90
214	136	107	97
221	136	101	89
219	136	105	87
219	137	109	92
222	135	106	88
224	136	106	88
228	131	101	96
230	137	101	86
231	132	104	78
232	138	102	76
233	138	104	78
235	139	105	77
237	138	103	85
239	139	102	80
239	139	104	84
240	138	103	88
238	140	108	77
239	140	106	80
237	143	112	66
237	144	112	63
238	148	111	51
239	148	111	49
236	150	113	50
236	152	114	44
237	150	114	46
235	151	120	44
236	151	116	48
234	147	119	51
234	146	120	53
235	148	120	50
237	152	117	44
237	151	116	45
236	152	118	43
238	151	117	45
237	151	119	46
236	151	124	45
237	149	122	48
237	149	120	50
238	150	119	47
238	147	119	52
239	149	118	50
237	149	121	48
238	153	119	43
238	151	121	45
240	150	118	48
239	152	119	45
240	150	119	47
239	151	120	46
241	152	117	46
239	150	122	47
239	152	120	45
240	151	119	45
241	152	117	44
241	151	118	46
242	151	118	45
242	151	118	47
243	151	115	46
242	154	119	42
243	153	117	43
243	155	116	41
243	153	114	45
243	152	115	46
241	153	118	43
243	152	115	47
243	152	119	45
244	153	113	45
243	153	115	45
242	152	117	46
243	151	115	47
245	153	111	45
243	153	116	45
244	153	116	44
244	153	112	45
245	151	112	47
245	149	110	52
245	149	110	52
245	151	111	48
247	151	107	48
248	149	105	50
247	148	106	52
248	146	105	52
247	149	107	48
247	150	105	47
248	149	104	50
247	145	103	54
249	138	102	63
250	136	100	68
251	138	100	65
252	137	100	54
252	137	100	54
253	137	101	52
254	139	100	46
254	136	100	53
256	137	95	54
258	133	94	62
259	132	95	63
260	136	97	57
262	135	97	58
263	135	97	60
265	134	96	59
266	135	96	56
268	137	94	55
268	138	99	52
270	137	98	54
272	138	97	52
273	136	99	54
274	136	99	54
277	135	97	56
278	136	98	54
279	136	98	53
280	137	100	53
282	138	97	50
283	140	99	47
284	136	99	54
285	137	99	52
287	137	98	51
288	137	98	51
289	137	101	50
291	138	100	49
291	137	100	50
293	137	99	51
292	140	102	44
294	138	100	47
294	137	101	48
296	138	99	48
296	137	99	49
298	135	94	54
298	138	96	47
297	140	101	43
299	140	99	41
300	140	100	42
301	139	97	45
301	140	96	44
301	139	95	45
302	141	97	44
301	140	98	45
302	139	96	50
303	138	94	53
303	137	94	56
303	138	95	52
302	140	97	48
302	140	98	50
302	139	97	50
304	140	95	49
302	139	97	50
302	137	100	57
302	137	101	58
303	138	99	62
302	143	105	56
303	142	106	56
301	140	107	62
300	138	109	71
301	137	105	78
301	138	105	81
301	135	106	91
302	134	105	97
300	133	109	100
298	134	114	92
297	136	114	94
295	134	116	98
294	136	116	91
294	139	117	92
292	133	120	99
292	136	120	105
292	135	119	99
293	135	118	93
293	137	120	99
294	136	118	94
297	135	112	82
296	137	115	81
297	136	117	89
295	136	119	92
295	137	117	99
299	134	110	103
297	132	113	101
299	138	110	108
302	135	108	103
306	135	103	93
304	135	104	86
296	137	114	92
296	132	113	99
299	135	109	107
294	136	117	88
292	137	119	88
293	137	119	94
295	135	114	83
294	137	115	85
295	139	113	74
294	137	114	80
294	136	118	94
296	136	113	104
293	136	127	97
294	137	122	100
295	135	116	96
297	138	107	116
294	136	117	101
295	136	121	92
294	136	123	100
296	134	115	94
295	137	121	96
296	136	115	87
296	136	118	94
295	136	122	103
297	135	117	98
298	137	114	103
295	134	121	99
294	137	120	99
294	137	121	110
301	136	111	96
298	138	112	94
297	138	115	91
297	137	115	102
295	134	118	100
296	136	113	114
295	136	118	110
295	136	119	107
298	136	113	104
297	135	115	104
298	136	114	99
299	137	112	93
297	138	115	92
297	139	115	83
299	138	109	87
301	138	107	83
299	139	112	80
300	138	110	81
299	139	111	77
300	138	110	81
300	139	110	81
300	139	111	79
300	138	110	82
300	138	109	84
298	137	114	88
299	138	111	88
300	139	110	84
300	139	107	85
298	137	110	91
299	137	110	88
299	138	108	86
298	137	114	89
299	139	109	84
298	137	110	86
297	136	112	88
298	140	109	78
298	140	109	79
299	140	105	75
298	141	108	72
297	140	107	70
297	142	107	64
297	141	108	64
297	141	109	62
297	142	107	56
295	145	111	49
296	142	111	57
296	142	112	59
295	142	114	64
297	143	109	57
296	146	109	47
296	144	110	49
297	143	109	51
297	145	109	47
296	145	111	48
297	143	111	54
297	144	112	52
297	142	113	57
297	140	114	60
298	145	109	49
298	145	113	46
298	145	112	48
296	145	115	47
297	145	113	46
297	144	114	51
298	142	115	54
298	141	116	58
297	146	117	47
299	144	115	50
299	145	114	46
298	144	116	50
298	146	117	45
298	145	120	46
298	146	117	45
299	145	116	45
299	144	119	47
299	148	116	41
300	144	119	46
300	147	114	42
300	146	117	44
300	145	119	46
300	146	116	45
300	143	113	54
299	143	116	54
300	143	111	56
299	142	110	58
299	143	114	51
300	139	111	62
300	140	113	66
299	139	117	68
299	138	115	75
300	137	107	82
300	138	112	79
301	138	107	68
299	138	113	64
298	141	117	59
298	141	124	59
297	139	130	63
297	138	130	65
299	136	120	74
298	137	123	71
299	139	121	68
299	139	128	62
298	138	126	65
297	138	133	65
297	137	128	66
298	138	122	70
298	136	129	67
297	138	126	64
298	138	121	64
298	141	118	61
299	139	116	63
299	139	117	68
298	140	117	61
298	137	121	65
299	137	120	66
299	136	119	67
300	137	116	66
300	137	115	71
299	137	118	69
299	140	120	62
298	139	120	63
300	138	114	64
299	138	118	63
299	137	119	65
299	137	115	72
298	141	115	66
300	139	115	61
301	138	111	62
299	139	113	60
299	138	119	61
297	143	118	56
297	138	116	62
296	138	117	69
297	142	114	57
297	138	110	62
298	139	111	58
297	141	111	56
296	141	110	57
297	144	102	51
297	140	109	59
297	143	98	56
298	140	104	62
297	142	93	69
299	136	96	72
298	137	92	83
304	135	95	82
297	134	98	77
298	140	100	76
296	137	100	81
297	130	106	92
298	136	96	85
307	136	93	79
299	134	93	76
297	136	89	82
300	132	95	88
295	129	104	92
297	134	99	87
297	134	110	85
295	139	109	78
296	136	104	81
296	139	100	78
299	137	97	75
297	138	93	80
298	134	101	82
297	136	91	82
297	136	104	77
297	139	97	77
296	140	111	61
294	139	108	76
297	136	103	80
297	135	97	80
307	132	97	74
297	136	110	81
297	137	109	80
297	137	110	78
297	137	100	79
297	137	96	80
297	135	109	72
297	138	103	76
296	136	110	68
298	137	100	75
297	134	100	73
297	137	91	76
298	131	97	84
306	128	97	78
298	135	108	78
297	130	103	79
295	136	110	78
296	136	127	71
295	139	123	73
297	135	118	50
296	138	125	45
297	141	119	40
300	150	123	30
299	139	123	41
307	141	112	44
299	142	113	41
300	150	112	34
303	143	107	36
296	138	107	35
293	182	107	33
289	178	113	46
290	319	101	36
288	178	106	43
286	174	113	54
275	171	121	39
225	157	117	49
273	178	120	48
330	143	106	58
307	155	124	57
292	146	139	59
290	150	149	73
288	149	153	76
291	155	150	86
300	159	146	78
303	165	146	73
303	169	155	74
301	176	166	63
297	180	181	64
330	187	157	56
345	190	149	57
330	185	161	66
322	198	178	44
321	211	192	42
323	211	193	55
325	216	199	50
324	222	207	55
326	229	213	63
325	236	218	48
322	235	224	55
315	241	243	51
306	245	245	44
308	254	258	58
306	252	273	67
308	251	273	68
