224	107	419	221
213	109	445	222
223	108	443	228
216	104	443	233
222	99	448	245
223	102	440	241
218	106	444	234
222	105	450	237
214	101	444	235
216	101	448	242
211	106	441	234
206	106	438	232
208	106	433	231
202	101	431	233
197	101	434	235
197	109	433	223
196	102	428	232
196	106	432	228
186	106	432	223
185	110	425	219
174	107	436	217
170	108	432	220
176	103	424	224
170	108	421	223
167	110	434	218
166	109	422	216
165	104	415	222
156	102	441	222
158	94	429	229
150	90	447	228
156	86	425	230
148	84	439	231
153	82	446	233
156	80	445	236
161	81	441	240
171	80	423	242
164	86	442	231
173	84	434	231
172	85	436	231
187	90	425	232
179	93	441	230
193	90	440	241
190	97	437	234
196	99	439	227
205	104	436	225
207	103	438	229
212	100	435	228
210	100	430	225
229	102	426	225
223	99	434	228
226	106	433	221
226	103	438	230
227	107	428	221
230	108	421	220
222	111	444	223
216	111	439	222
219	109	436	223
220	114	427	222
215	113	437	222
212	107	444	224
220	111	426	219
221	117	432	215
225	113	436	221
224	128	438	208
234	128	429	208
244	126	428	215
255	124	434	217
272	119	430	226
286	117	428	231
294	107	446	246
306	104	440	244
310	105	457	241
310	104	450	236
323	111	442	224
324	109	447	222
330	106	451	226
342	103	442	231
350	117	433	215
368	114	418	223
380	118	392	230
384	114	383	234
393	113	345	235
394	113	344	260
401	122	344	234
418	124	315	258
417	138	314	221
420	142	326	214
423	150	312	229
419	160	323	206
425	162	323	194
428	158	330	197
432	160	314	232
443	168	293	215
438	156	312	221
438	152	313	215
448	151	308	210
451	152	308	210
444	138	327	249
442	144	324	258
445	139	320	266
441	121	309	292
458	131	307	277
442	122	314	287
454	101	305	317
447	105	319	311
456	108	301	302
443	111	323	290
449	125	302	282
450	120	322	284
439	129	334	256
441	135	330	268
432	143	348	267
437	156	333	233
430	164	344	244
433	169	333	227
421	177	346	174
432	179	335	187
422	178	333	201
420	174	335	216
415	181	334	212
411	183	333	180
408	179	326	187
403	177	335	186
410	173	313	181
405	172	307	189
402	168	315	176
404	162	318	175
399	153	316	183
404	158	314	167
411	153	313	170
405	155	327	162
409	151	322	164
424	149	314	165
431	155	314	154
433	154	313	161
438	159	318	153
439	159	323	148
442	162	323	143
456	160	306	147
456	161	304	149
464	160	308	149
459	166	309	144
465	166	299	147
467	165	299	143
462	165	296	144
468	168	301	146
470	169	283	144
459	164	302	156
467	166	290	143
462	171	288	143
457	167	291	147
459	172	285	141
456	174	282	132
455	176	273	138
456	172	264	144
450	172	264	149
437	186	273	116
436	183	271	123
430	181	268	121
426	180	263	125
425	175	268	131
424	177	256	127
423	180	253	127
415	187	255	105
419	185	244	109
418	184	239	108
416	184	240	107
410	185	246	102
411	183	242	106
417	182	232	107
419	185	230	104
420	188	229	102
426	189	224	102
422	185	229	108
421	186	233	106
426	185	229	108
419	184	235	108
422	185	232	109
424	184	230	110
415	186	241	106
417	184	236	107
411	184	238	109
412	182	237	109
409	179	242	110
407	175	238	119
406	172	232	119
403	173	239	114
400	170	241	116
396	167	249	117
394	166	258	118
391	168	248	115
392	166	227	113
391	169	230	108
392	164	217	115
392	165	202	112
394	159	190	118
396	164	183	109
399	159	169	122
397	164	173	111
396	161	171	114
397	157	165	121
400	159	137	117
406	161	128	116
405	176	122	100
404	174	119	105
406	166	118	110
408	182	112	94
406	177	114	98
410	178	109	95
409	179	109	96
410	179	105	95
413	180	102	93
415	178	102	98
418	180	88	95
424	178	79	100
426	179	73	99
428	177	69	101
481	163	47	110
482	160	43	113
482	164	41	108
475	158	46	113
475	157	44	127
472	159	44	133
465	156	51	136
460	156	55	141
448	153	66	138
447	154	65	135
448	153	62	135
445	156	63	131
443	154	63	133
443	154	61	132
442	157	58	123
436	162	63	116
427	155	70	123
420	153	71	122
424	170	87	110
412	160	101	117
402	161	119	116
399	164	126	113
395	162	137	114
393	166	137	109
394	162	140	113
392	168	138	105
390	166	143	106
389	167	141	105
386	164	144	109
384	166	144	107
385	165	141	109
383	165	136	107
378	162	154	110
376	163	147	107
375	162	148	110
374	163	140	107
372	162	148	112
372	163	144	111
372	162	148	109
373	164	146	109
374	165	145	107
373	165	145	105
372	162	148	109
369	165	151	109
369	166	144	109
367	168	149	107
365	168	151	105
366	169	152	107
365	168	152	108
365	171	145	102
366	171	144	101
367	170	143	107
364	171	147	103
365	173	147	104
367	171	146	109
365	173	141	107
364	177	153	103
364	182	145	100
364	180	160	105
360	182	174	107
364	181	165	106
363	188	158	103
359	187	152	103
359	190	147	99
354	190	146	104
353	188	142	101
349	190	146	98
350	194	136	95
345	194	139	94
343	193	140	94
340	189	136	95
335	190	139	90
332	186	141	91
329	185	141	91
317	181	154	93
319	181	148	89
310	178	146	93
304	176	156	95
295	176	151	92
292	177	153	91
284	176	157	91
277	177	162	89
274	175	160	90
267	178	163	87
263	179	160	86
257	180	165	84
253	184	167	81
251	184	162	80
245	185	160	81
241	188	157	76
237	186	155	80
232	190	158	76
226	188	160	80
224	192	157	77
221	192	154	77
217	195	158	75
216	195	150	76
211	196	157	77
209	198	157	74
208	200	154	72
206	197	151	78
206	200	148	74
203	199	152	74
203	200	147	74
203	200	147	74
201	201	147	72
202	200	146	73
202	202	142	71
201	202	147	70
202	204	140	68
201	204	146	70
201	205	144	69
204	207	140	69
204	209	137	66
205	213	138	62
204	213	139	65
202	214	140	66
204	217	133	64
203	219	132	63
201	222	134	60
200	222	132	61
201	222	126	63
201	224	121	60
199	225	119	61
200	226	113	61
199	227	107	60
199	227	100	63
200	233	94	55
201	230	89	61
204	232	81	60
203	232	79	60
202	234	77	59
204	235	73	58
208	238	70	54
208	238	69	58
209	241	73	54
213	243	68	55
218	245	68	56
214	249	71	54
221	251	69	56
216	257	72	53
216	260	73	52
217	262	74	54
218	267	70	52
218	269	72	53
220	274	70	51
218	278	73	49
218	280	72	51
216	285	75	49
217	286	75	54
216	289	77	52
216	292	79	49
215	292	82	55
215	296	82	53
214	296	84	58
214	298	84	56
214	300	86	59
214	304	86	56
216	307	82	56
218	311	83	50
222	314	78	52
221	317	81	50
222	317	81	50
222	318	79	49
223	318	79	48
222	318	81	47
222	317	81	48
221	317	84	49
221	316	83	49
222	318	82	50
222	317	80	49
222	316	82	52
222	318	82	48
221	317	84	49
221	316	82	49
221	319	83	48
221	317	82	49
220	318	85	50
222	318	82	47
221	318	84	47
221	317	82	48
222	318	83	48
222	317	81	48
223	318	79	48
222	317	79	49
221	318	78	47
222	318	76	50
223	318	73	49
221	318	74	49
222	315	73	53
223	316	66	52
222	317	65	52
221	316	61	51
224	318	56	50
224	317	52	52
223	319	45	49
225	319	35	48
224	319	31	50
225	320	25	50
225	318	18	52
223	314	15	53
218	321	14	49
237	373	19	48
180	426	23	54
213	348	28	51
221	329	32	49
292	313	23	49
291	314	22	48
286	313	25	49
283	313	30	50
273	315	37	49
266	316	47	45
257	316	55	47
247	311	68	54
244	313	70	52
239	312	75	55
230	312	84	53
226	313	89	53
222	313	92	52
223	314	91	51
221	315	93	51
223	316	92	49
221	315	95	51
220	316	95	49
220	316	95	50
217	315	97	49
220	315	97	50
219	315	95	51
223	315	93	49
221	315	94	49
219	315	95	49
222	316	94	50
220	315	96	50
222	315	92	50
221	315	94	51
221	316	93	51
222	316	93	48
221	316	93	50
221	315	94	51
221	315	93	50
222	315	96	50
221	316	94	49
220	315	96	50
221	315	94	49
220	316	95	49
222	316	94	48
221	316	94	50
220	314	97	50
221	315	92	50
222	316	93	48
221	315	94	50
220	315	94	50
222	316	93	48
221	316	95	49
222	315	93	51
221	316	94	50
222	316	92	50
222	316	94	49
221	316	94	48
222	316	93	51
221	315	93	49
223	316	93	50
222	316	93	49
222	316	94	50
220	316	95	49
222	317	96	47
220	316	95	49
222	316	94	48
221	316	94	48
222	315	96	49
220	316	94	48
222	316	93	48
221	316	95	49
223	316	92	49
221	315	95	50
222	315	94	49
221	316	93	50
223	316	93	49
221	316	93	50
221	317	96	49
221	316	93	48
222	317	93	49
221	317	94	48
222	318	94	47
221	318	94	48
222	316	94	48
221	316	94	49
223	317	92	47
222	318	94	46
222	316	94	49
222	318	94	47
222	317	95	46
221	316	97	49
222	317	93	49
223	317	95	47
222	317	95	48
221	317	97	46
221	316	95	49
224	316	95	48
225	315	94	47
227	312	96	49
229	310	94	50
231	308	95	49
234	306	94	48
237	304	91	47
240	300	92	49
243	297	95	49
245	295	95	48
250	295	94	46
253	293	95	46
256	291	101	47
263	289	97	50
266	288	97	50
273	289	92	49
276	290	92	47
280	289	93	47
285	291	92	43
290	291	92	44
295	291	89	44
299	295	90	45
304	295	86	43
309	298	84	45
312	300	87	43
313	302	85	43
316	304	81	42
319	305	79	44
321	307	79	41
325	307	77	44
326	307	76	43
327	306	76	45
328	307	75	44
329	308	73	43
329	308	77	45
330	308	77	48
329	307	78	46
332	308	78	46
332	305	78	44
333	304	82	46
335	303	83	47
340	303	85	45
342	303	81	43
347	304	82	41
349	301	82	41
350	298	85	45
354	298	82	44
353	295	88	48
353	295	89	47
356	296	87	44
356	294	89	46
360	294	86	44
360	294	90	44
362	293	91	46
363	294	92	43
366	294	91	48
370	295	86	44
373	296	86	43
374	294	87	44
379	295	88	42
381	291	89	45
386	289	89	44
386	285	99	49
392	284	95	49
397	282	98	49
401	280	99	48
405	276	100	48
410	274	99	48
415	274	103	46
420	270	103	53
423	266	107	57
426	261	108	68
429	258	113	66
432	257	115	66
435	256	117	64
438	254	118	71
440	256	118	68
443	256	119	67
444	255	123	73
445	254	123	72
446	256	129	68
446	257	133	68
447	259	135	63
450	255	135	72
456	257	134	69
459	256	134	69
467	257	129	70
473	257	123	66
474	259	124	60
478	257	124	61
479	257	123	59
481	256	121	59
483	258	120	57
485	258	119	57
486	260	117	55
487	261	115	54
492	261	104	57
493	261	101	58
494	261	97	57
493	261	93	57
492	260	91	56
492	260	86	54
492	260	82	55
491	260	77	55
492	259	70	55
494	259	61	54
493	258	56	57
497	257	47	60
499	254	38	64
499	252	27	67
491	257	30	65
485	261	30	62
483	263	33	59
491	265	27	60
487	269	25	56
481	274	27	54
474	277	31	53
468	281	31	52
462	286	34	48
458	287	35	49
453	289	39	50
446	293	46	48
444	296	46	49
439	299	48	49
433	301	53	47
427	304	57	46
422	307	62	47
416	310	68	44
414	312	66	44
409	312	67	45
409	313	64	47
407	313	64	48
404	312	62	50
401	311	61	51
399	308	61	53
396	304	59	52
394	301	57	50
391	295	54	49
387	290	52	53
383	288	49	49
380	284	49	49
377	280	51	49
374	276	52	50
372	273	52	51
374	273	49	49
370	272	50	49
367	272	50	48
366	272	49	49
363	271	50	49
361	274	51	42
358	274	49	51
357	275	48	49
355	277	48	44
352	278	48	48
350	279	47	50
348	279	46	52
345	281	46	49
343	281	47	49
340	281	49	52
338	280	49	51
336	281	48	52
334	282	48	52
332	280	51	53
331	282	50	52
330	283	49	53
325	282	55	55
320	282	58	56
313	283	63	55
312	284	64	57
311	283	64	58
309	283	64	61
313	285	60	59
313	285	57	63
313	286	55	65
318	288	46	67
320	289	47	65
323	289	37	69
327	292	33	69
330	291	30	71
333	291	28	73
338	290	25	71
341	293	27	70
344	294	27	71
347	295	27	71
349	295	33	70
354	295	31	72
355	297	38	70
363	296	38	76
369	298	35	73
373	299	34	74
378	299	33	76
358	300	28	73
361	302	30	74
367	304	39	76
362	304	42	70
361	305	49	70
363	307	56	66
364	305	64	80
365	305	75	87
368	311	69	76
368	311	83	78
368	311	90	82
370	315	96	75
373	317	100	76
376	319	107	74
378	322	115	74
382	325	114	70
383	324	132	75
384	325	139	73
388	326	151	75
394	327	151	76
398	329	156	76
409	331	147	75
413	331	149	79
421	334	148	74
426	330	149	83
434	331	149	79
440	333	151	81
447	333	153	85
452	332	153	85
452	336	164	82
458	337	166	85
458	341	174	76
470	341	168	73
480	342	169	80
487	345	168	70
493	346	170	71
499	348	176	69
506	348	178	71
510	351	180	67
519	351	178	69
520	351	185	69
527	351	181	69
529	352	187	66
535	355	189	66
543	353	180	64
544	354	188	66
551	353	183	63
549	351	187	65
556	351	183	64
550	349	190	63
551	349	188	66
553	348	184	69
553	351	181	65
548	350	185	69
544	352	188	67
547	358	185	64
549	359	180	65
552	361	174	65
550	364	180	63
549	365	180	63
541	364	188	64
541	362	188	67
544	361	180	65
544	361	173	65
538	359	174	67
535	359	174	67
531	355	174	71
531	356	167	68
523	349	167	75
514	340	169	83
508	334	170	87
504	325	164	96
496	319	167	105
493	321	159	100
478	317	172	105
467	319	177	101
457	314	181	107
454	303	178	117
450	295	178	126
447	289	183	128
446	286	178	131
443	282	181	132
440	278	186	136
440	279	178	133
435	271	190	140
431	268	193	148
429	267	190	147
405	258	190	151
418	263	198	135
381	257	230	142
394	245	218	152
372	250	224	144
385	255	212	138
351	250	217	139
366	255	205	138
373	244	220	149
371	253	219	142
369	258	224	137
369	246	220	153
368	230	221	172
388	214	195	187
363	206	206	206
373	200	208	208
323	193	242	225
260	164	252	258
263	159	279	261
264	163	279	257
270	163	271	253
270	166	265	255
269	158	262	258
274	164	257	260
274	161	253	258
282	164	240	253
286	164	231	255
284	170	230	248
290	165	221	256
291	166	220	259
293	165	222	259
297	165	206	254
296	161	205	264
301	166	189	258
302	159	192	272
304	158	184	271
312	152	192	276
306	153	184	277
311	154	185	275
311	150	186	280
320	146	173	287
317	145	168	288
358	186	184	279
324	183	225	241
321	166	210	261
325	153	185	275
340	151	221	268
324	157	245	264
327	163	260	231
329	159	258	246
327	167	274	219
332	164	264	206
328	193	282	188
327	181	289	195
288	154	255	236
294	149	234	244
306	153	206	239
331	165	265	226
323	168	281	227
324	170	294	228
323	171	278	235
324	175	284	222
327	167	280	236
326	160	242	253
333	167	203	257
382	168	215	235
334	180	221	244
344	175	238	246
341	177	209	250
342	176	232	245
445	170	191	235
343	184	145	238
486	248	178	240
473	166	194	237
469	168	204	242
479	192	192	234
485	226	181	242
500	173	145	264
496	189	160	284
505	160	151	261
518	172	128	242
532	182	150	241
516	192	178	255
535	165	147	251
544	175	135	228
551	173	148	243
554	174	163	236
559	175	171	239
570	166	172	248
578	168	168	244
584	166	167	240
598	163	159	251
597	165	163	243
605	163	161	243
606	163	159	239
609	165	164	247
613	168	156	241
614	167	157	246
622	169	148	257
621	174	148	237
628	174	146	223
642	177	132	211
664	184	112	182
647	181	126	186
646	178	125	196
642	178	131	191
655	180	118	190
609	188	137	216
613	168	160	252
623	166	147	249
644	169	130	232
641	164	130	240
639	158	135	252
610	184	90	235
616	207	83	212
573	241	122	175
560	295	145	125
562	307	137	108
555	310	148	98
556	308	148	102
560	309	145	94
563	308	142	100
557	307	149	95
562	305	147	97
567	304	144	95
567	302	143	94
567	299	146	99
575	298	136	96
576	297	127	96
580	297	124	86
588	296	113	88
601	296	99	88
601	292	79	95
606	294	89	88
605	295	69	88
614	294	79	98
603	295	73	94
609	296	61	90
613	300	54	90
613	303	49	90
610	302	53	90
608	305	55	89
605	305	54	90
602	305	55	90
602	304	53	89
600	306	51	86
597	303	53	86
593	300	56	89
590	302	54	87
586	299	58	87
582	299	54	86
578	297	54	90
576	301	50	89
534	297	63	92
550	300	62	91
534	300	67	96
514	302	74	94
511	286	67	91
512	293	77	85
454	315	96	95
450	333	86	80
457	343	70	78
454	327	65	79
456	329	53	79
488	347	54	75
455	328	51	88
465	333	62	89
455	334	72	88
457	343	66	79
453	341	65	75
457	343	55	77
457	328	50	61
461	326	39	54
455	333	39	54
448	336	43	48
446	345	45	48
447	339	44	48
448	341	49	44
446	353	43	34
373	332	36	34
440	300	42	40
435	297	43	49
431	295	34	50
423	295	31	56
425	292	28	57
423	290	38	61
373	337	44	57
419	343	38	59
409	343	33	66
408	336	37	56
394	338	33	54
382	344	27	46
375	342	23	49
370	340	20	51
367	320	21	53
357	326	22	51
357	321	23	47
348	312	30	45
345	320	30	41
345	317	30	34
348	309	25	32
349	319	24	28
351	315	20	22
350	318	20	19
351	319	18	16
347	317	18	13
348	319	16	10
346	316	14	12
344	312	15	15
341	310	16	15
337	310	12	16
334	309	14	17
331	309	16	20
332	308	20	18
328	308	22	21
327	308	18	21
327	309	20	21
329	308	21	22
333	309	21	21
334	309	20	18
337	309	19	19
338	306	19	19
339	303	21	20
341	301	21	22
341	299	18	24
338	297	18	25
338	294	17	27
338	294	15	29
339	294	12	29
337	294	15	28
338	293	14	29
340	293	13	30
340	292	14	29
343	290	12	30
343	288	10	28
346	293	11	27
346	292	11	24
350	292	12	24
356	294	11	26
355	292	14	27
361	291	14	28
365	288	14	28
405	285	20	23
442	270	23	22
442	270	25	20
444	270	26	20
447	271	25	20
448	271	26	20
450	271	25	20
450	271	26	20
451	270	26	21
452	271	26	20
453	272	25	19
455	272	24	19
455	272	24	20
456	272	24	20
456	273	26	20
457	274	25	20
458	275	25	20
458	276	26	19
459	276	26	20
460	279	24	19
461	281	25	19
461	282	24	20
460	283	28	20
461	285	30	18
462	286	32	17
459	285	33	18
461	285	26	17
462	285	23	17
462	285	23	17
462	284	22	18
462	284	22	18
461	283	23	20
461	283	22	19
460	283	23	20
460	283	22	20
458	283	23	20
457	282	22	20
456	282	23	20
455	282	22	21
454	282	22	21
452	281	22	22
449	280	23	22
447	280	23	22
442	279	25	21
439	279	24	20
434	279	24	19
427	278	25	19
422	277	25	19
415	276	25	19
408	276	25	18
400	274	26	18
392	273	25	18
384	273	24	18
378	272	24	18
372	271	24	18
366	270	25	19
363	270	24	18
360	269	23	17
359	268	22	18
356	267	23	18
355	268	23	18
354	268	25	19
352	270	25	19
