0.391635
0.037872
0.037669
0.037750
0.038118
0.038124
0.038801
0.038921
0.038880
0.038654
0.038766
0.038764
0.039012
0.038767
0.039048
0.038719
0.038879
0.038989
0.038910
0.038778
0.067444
0.038775
0.038861
0.038903
0.038684
0.038857
0.038932
0.038690
0.038775
0.038962
0.038754
0.038824
0.038643
0.038947
0.038995
0.039006
0.039178
0.038985
0.038873
0.039047
0.072912
0.038836
0.038906
0.038838
0.038796
0.039113
0.039082
0.039051
0.038250
0.038477
0.038456
0.038545
0.039487
0.039942
0.039840
0.039800
0.039794
0.039673
0.039458
0.039565
0.073137
0.039387
0.039478
0.039369
0.039747
0.039563
0.039370
0.039150
0.039132
0.039150
0.039122
0.039328
0.039542
0.039058
0.039314
0.039043
0.038916
0.038985
0.039028
0.039172
0.072781
0.039148
0.038956
0.039147
0.038772
0.039006
0.038743
0.038854
0.038788
0.037341
0.054810
0.037219
0.037239
0.037326
0.037677
0.037666
0.037600
0.037407
0.037383
0.037471
0.070817
0.037357
0.037267
0.037401
0.037429
0.037385
0.039176
0.037219
0.037246
0.037114
0.037241
0.037415
0.037487
0.037552
0.037450
0.037647
0.037752
0.037745
0.037527
0.037572
0.070961
0.037531
0.037656
0.037366
0.037382
0.037208
0.037128
0.037259
0.036437
0.037299
0.037457
0.035919
0.037374
0.037706
0.037389
0.037530
0.037491
0.037543
0.037395
0.037546
0.071217
0.037834
0.037936
0.037832
0.037796
0.037850
0.037643
0.037708
0.037768
0.037649
0.037662
0.037555
0.037282
0.037481
0.037479
0.038134
0.037782
0.037835
0.036519
0.037874
0.071617
0.037925
0.036927
0.038938
0.039007
0.039133
0.038829
0.038813
0.038851
0.038883
0.043243
0.038839
0.039150
0.038928
0.038880
0.038852
0.038994
0.038765
0.038972
0.038737
0.072343
0.038700
0.038812
0.038728
0.038990
0.038928
0.038734
0.038831
0.038875
0.038910
0.038940
0.039066
0.038904
0.038822
0.039010
0.039033
0.038955
0.038913
0.038961
0.038962
0.072546
0.039058
0.039017
0.039228
0.038923
0.038753
0.039033
0.039057
0.038986
0.038750
0.038996
0.038848
0.039018
0.039174
0.037962
0.038146
0.038045
0.038756
0.038212
0.042551
0.085673
0.037765
0.038303
0.043000
0.038305
0.037874
0.038214
0.038028
0.037960
0.038015
0.038083
0.037949
0.038965
0.037573
0.037797
0.037505
0.037859
0.037641
0.037932
0.038577
0.072209
0.039505
0.037270
0.037160
0.054917
0.037673
0.037730
0.037559
0.037253
0.037583
0.037447
0.037395
0.037489
0.037478
0.037556
0.040740
0.039413
0.039065
0.038676
0.038448
0.073176
0.039482
0.039368
0.038148
0.039432
0.039134
0.039854
0.039871
0.039487
0.039436
0.039865
0.039544
0.042282
0.039831
0.040205
0.040282
0.040363
0.040034
0.041247
0.039287
0.073010
0.039058
0.039293
0.038999
0.039100
0.038899
0.039179
0.039205
0.039457
0.039353
0.039257
0.039113
0.038980
0.039080
0.040513
0.037534
0.037565
0.037580
0.037478
0.037386
0.071082
0.037241
0.037246
0.037292
0.037334
0.037231
0.037529
0.037512
0.037653
0.036159
0.037435
0.037649
0.037498
0.037378
0.037659
0.037675
0.037563
0.037969
0.037463
0.037598
0.071313
0.037459
0.037413
0.037636
0.037755
0.037424
0.037436
0.037499
0.037591
0.037599
0.037905
0.039165
0.038179
0.038244
0.038079
0.038016
0.037987
0.039121
0.039003
0.038917
0.072745
0.039138
0.038791
0.039247
0.039303
0.038957
0.039030
0.039294
0.039398
0.039076
0.039208
0.039275
0.039136
0.039027
0.039559
0.038682
0.039526
0.039824
0.039994
0.039452
0.073299
0.039485
0.039307
0.039433
0.039470
0.039223
0.039245
0.039206
0.038858
0.039083
0.039110
0.039172
0.039444
0.039007
0.038962
0.039602
0.038772
0.037357
0.037429
0.037402
0.070770
0.037452
0.037364
0.037598
0.037631
0.037980
0.038276
0.038221
0.038267
0.038183
0.038090
0.039428
0.045531
0.041775
0.039410
0.044814
0.044197
0.039515
0.046796
0.043775
0.075318
0.037514
0.037653
0.037648
0.037689
0.037595
0.037631
0.037495
0.037548
0.037591
0.037627
0.037570
0.037555
0.037527
0.037524
0.037591
0.037689
0.037651
0.037679
0.037704
0.071182
0.037826
0.037954
0.037782
0.037902
0.038068
0.038770
0.038852
0.038525
0.038597
0.038526
0.038389
0.038553
0.038186
0.038117
0.038075
0.037475
0.037589
0.037733
0.037596
0.071253
0.037679
0.049168
0.043902
0.043540
0.037818
0.037888
0.037941
0.037860
0.037835
0.037782
0.037679
0.037643
0.037611
0.037455
0.037591
0.037725
0.037741
0.038249
0.038256
0.071737
0.038037
0.037922
0.038028
0.038142
0.038534
0.038167
0.038004
0.038090
0.037884
0.037889
0.037897
0.037988
0.038177
0.038152
0.038231
0.038741
0.038195
0.038147
0.038329
0.072080
0.038550
0.038511
0.038307
0.038284
0.038192
0.039240
0.041709
0.045024
0.041962
0.039290
0.042329
0.041030
0.039099
0.038900
0.041831
0.044296
0.040613
0.041302
0.039419
0.072984
0.039127
0.041657
0.040506
0.039252
0.039832
0.042623
0.041634
0.042039
0.042277
0.041287
0.046100
0.045364
0.039189
0.045059
0.037712
0.037732
0.037799
0.037778
0.037753
0.071203
0.037884
0.037784
0.037687
0.037879
0.037905
0.037853
0.037908
0.038554
0.037935
0.038091
0.038285
0.038380
0.038192
0.038275
0.038293
0.038278
0.038121
0.038342
0.038614
0.071945
0.038416
0.038391
0.038446
0.039331
0.038637
0.038470
0.038807
0.038567
0.038604
0.038297
0.038317
0.038555
0.038535
0.038812
0.038898
0.038783
0.038939
0.038543
0.038591
0.072435
0.038952
0.038912
0.039796
0.039999
0.039330
0.039184
0.038467
0.038321
0.038208
0.038175
0.038209
0.038134
0.038174
0.039295
0.045172
0.044204
0.041927
0.040994
0.044477
0.077992
0.039165
0.041299
0.045098
0.044334
0.039190
0.043795
0.040666
0.039181
0.043694
0.044814
0.041437
0.039184
0.045307
0.038935
0.043049
0.045384
0.039377
0.044144
0.039854
0.076030
0.039781
0.041181
0.042138
0.041257
0.039788
0.045388
0.045122
0.059660
0.043318
0.038361
0.038365
0.038451
0.037659
0.037776
0.037638
0.037992
0.037932
0.037561
0.037440
0.071177
0.037679
0.037644
0.037865
0.037970
0.037779
0.037752
0.037760
0.037740
0.037871
0.037643
0.037639
0.038212
0.038116
0.038245
0.037970
0.038152
0.038028
0.038113
0.038053
0.071319
0.037792
0.037778
0.037648
0.037868
0.037921
0.038052
0.038130
0.037968
0.038727
0.041245
0.038083
0.038067
0.038208
0.041199
0.041830
0.039051
0.045290
0.042501
0.038913
0.077679
0.039124
0.041545
0.041181
0.038916
0.039239
0.043294
0.039591
0.037828
0.038116
0.038006
0.037985
0.038011
0.038027
0.038111
0.038077
0.038115
0.038061
0.038150
0.038418
0.071762
0.038251
0.041496
0.039827
0.044138
0.039250
0.043078
0.045520
0.045194
0.041012
0.039610
0.039649
0.039494
0.040983
0.039553
0.044383
0.058191
0.047733
0.048073
0.047133
0.057430
0.039377
0.039987
0.039567
0.039141
0.040028
0.047940
0.048024
0.041556
0.044824
0.041134
0.047579
0.046686
0.043985
0.042745
0.044039
0.044744
0.045382
0.044763
0.038900
0.072874
0.039244
0.039714
0.039238
0.040130
0.039809
0.044016
0.043073
0.047296
0.044303
0.046896
0.046353
0.039967
0.045222
0.038937
0.039244
0.039571
0.039798
0.045275
0.041682
0.073644
0.040069
0.044039
0.043965
0.043691
0.044271
0.038901
0.038877
0.038956
0.038843
0.038069
0.038058
0.038013
0.037994
0.038058
0.037985
0.037857
0.038075
