0.419843
0.039330
0.039368
0.039407
0.039239
0.040303
0.040260
0.040592
0.040238
0.040169
0.040122
0.040230
0.040241
0.040292
0.040373
0.040439
0.040288
0.040304
0.040246
0.040165
0.068477
0.040106
0.043899
0.040325
0.041606
0.041522
0.041113
0.040426
0.040262
0.040438
0.040370
0.040370
0.040094
0.040095
0.039678
0.040082
0.040076
0.040354
0.040568
0.040215
0.074219
0.040155
0.040107
0.040181
0.040032
0.039983
0.039878
0.040102
0.040000
0.040186
0.039936
0.039944
0.039878
0.039863
0.039739
0.039895
0.040005
0.040014
0.040132
0.040122
0.080939
0.039888
0.045799
0.047426
0.042915
0.039911
0.040128
0.045782
0.039916
0.042532
0.042598
0.043063
0.046122
0.039927
0.042758
0.042621
0.046059
0.045986
0.043545
0.039515
0.073860
0.039250
0.039460
0.039947
0.039748
0.039747
0.039919
0.047068
0.044183
0.042208
0.046544
0.046891
0.047006
0.038633
0.038575
0.038600
0.038663
0.038478
0.038632
0.038566
0.072578
0.038396
0.038632
0.038452
0.038555
0.038490
0.038616
0.037997
0.038245
0.038042
0.038232
0.037899
0.038167
0.037777
0.037789
0.037849
0.038002
0.037915
0.037693
0.037837
0.071788
0.037659
0.037723
0.037850
0.037739
0.037796
0.037772
0.037654
0.037596
0.037614
0.036072
0.037514
0.037427
0.037399
0.037593
0.037514
0.037498
0.037468
0.037397
0.037665
0.071417
0.037662
0.037460
0.037630
0.037554
0.037749
0.038171
0.038249
0.038034
0.038049
0.038002
0.040698
0.038141
0.038148
0.038214
0.038168
0.038040
0.038291
0.039194
0.039482
0.073295
0.039400
0.039280
0.039358
0.039511
0.039428
0.039503
0.039657
0.039430
0.039656
0.039518
0.039742
0.039718
0.039619
0.039692
0.039549
0.039653
0.039756
0.039777
0.039821
0.073943
0.039667
0.039572
0.039840
0.039572
0.039754
0.040131
0.039771
0.039973
0.039837
0.039813
0.039960
0.039692
0.039929
0.039708
0.039504
0.039936
0.039850
0.039726
0.039940
0.074163
0.040024
0.039871
0.040004
0.039984
0.040124
0.039953
0.039915
0.039836
0.039831
0.039772
0.039728
0.039920
0.039825
0.039991
0.040127
0.039922
0.039901
0.040174
0.039699
0.073990
0.039899
0.039892
0.039663
0.039796
0.039751
0.039865
0.039757
0.039587
0.039829
0.039758
0.039664
0.039893
0.039942
0.039986
0.039761
0.039920
0.039998
0.039704
0.039976
0.074117
0.040506
0.040299
0.040432
0.040434
0.040302
0.040126
0.040235
0.040251
0.039964
0.039946
0.039968
0.040016
0.039977
0.039978
0.039975
0.040137
0.039709
0.039551
0.039924
0.073708
0.039738
0.039588
0.039708
0.039349
0.039544
0.039658
0.039516
0.040042
0.039666
0.039571
0.039581
0.039790
0.039748
0.039662
0.039815
0.039557
0.039659
0.039695
0.039390
0.073599
0.041358
0.039865
0.039727
0.039566
0.039708
0.039506
0.039658
0.039493
0.039538
0.039436
0.039484
0.039599
0.039459
0.039668
0.038038
0.037823
0.037919
0.037752
0.037964
0.071991
0.037998
0.037853
0.037860
0.037954
0.037951
0.037925
0.037978
0.037827
0.038069
0.037891
0.037822
0.037934
0.037851
0.037909
0.037902
0.037845
0.038010
0.037892
0.037846
0.071697
0.037929
0.038047
0.038082
0.038105
0.038106
0.038108
0.038227
0.038229
0.038121
0.038227
0.038206
0.038088
0.038161
0.038266
0.038314
0.038210
0.038251
0.038208
0.038221
0.072069
0.038363
0.043964
0.038898
0.038328
0.038398
0.038575
0.038477
0.038681
0.039236
0.039068
0.040009
0.039997
0.039944
0.039954
0.039908
0.039932
0.040039
0.040199
0.040083
0.073916
0.040222
0.040082
0.040116
0.040000
0.039175
0.039128
0.039088
0.039113
0.039044
0.039226
0.039147
0.039154
0.039118
0.039574
0.040140
0.040012
0.039852
0.039960
0.039906
0.073940
0.039947
0.040141
0.039750
0.040039
0.039855
0.039915
0.039856
0.039372
0.040002
0.039917
0.039945
0.039900
0.039740
0.039871
0.039985
0.039895
0.039956
0.039737
0.039956
0.073960
0.039829
0.039783
0.039782
0.039723
0.039737
0.039564
0.039665
0.038023
0.038074
0.038142
0.037919
0.037973
0.037904
0.038258
0.038583
0.038602
0.039436
0.039727
0.039644
0.074032
0.039611
0.039671
0.039884
0.039402
0.039646
0.039651
0.039866
0.039669
0.039680
0.039522
0.039491
0.039829
0.038040
0.039733
0.039484
0.039776
0.039684
0.039702
0.039757
0.073709
0.039555
0.039586
0.039644
0.039516
0.039667
0.039571
0.039443
0.039675
0.039475
0.039623
0.039438
0.039531
0.039552
0.039824
0.039586
0.039562
0.039759
0.039042
0.038252
0.072166
0.038030
0.037985
0.038234
0.038077
0.038019
0.037997
0.038207
0.038069
0.038325
0.038529
0.038521
0.038553
0.039636
0.045919
0.039719
0.039269
0.039438
0.039393
0.039709
0.073725
0.039602
0.039985
0.039560
0.039969
0.039791
0.039579
0.039468
0.039674
0.040704
0.038786
0.039520
0.039412
0.038369
0.038270
0.038651
0.038614
0.038426
0.038365
0.038401
0.072298
0.038394
0.038814
0.038446
0.038587
0.038662
0.038838
0.038958
0.039866
0.039550
0.039624
0.039817
0.039901
0.039949
0.039740
0.039999
0.039468
0.039922
0.039821
0.039666
0.073757
0.039736
0.039707
0.040016
0.038359
0.038036
0.037978
0.038258
0.038210
0.038084
0.038074
0.038210
0.038182
0.038161
0.038135
0.038083
0.038188
0.038187
0.038172
0.038324
0.072119
0.038278
0.038345
0.038290
0.038346
0.038420
0.038196
0.038364
0.038304
0.038261
0.038139
0.038299
0.038416
0.038299
0.038227
0.038300
0.038286
0.038389
0.038271
0.038243
0.072072
0.038198
0.038245
0.038357
0.039152
0.038315
0.038222
0.038190
0.038337
0.038378
0.038087
0.038173
0.038260
0.038290
0.038185
0.038153
0.038249
0.038153
0.038276
0.038304
0.071981
0.038238
0.038192
0.038724
0.039074
0.038553
0.038239
0.038106
0.038242
0.038378
0.038095
0.038133
0.038114
0.038019
0.038084
0.038002
0.038033
0.038096
0.038150
0.037950
0.071622
0.038102
0.038366
0.037988
0.037980
0.037905
0.037883
0.038028
0.038060
0.037825
0.037934
0.037875
0.037981
0.037738
0.037879
0.037876
0.037665
0.037934
0.037891
0.037751
0.071483
0.037897
0.037715
0.037717
0.037760
0.037703
0.037832
0.037736
0.037659
0.037765
0.037734
0.037612
0.037766
0.037590
0.037503
0.037548
0.037579
0.037529
0.037574
0.037636
0.071486
0.037831
0.037608
0.037639
0.037889
0.037812
0.037672
0.037920
0.037826
0.037958
0.037605
0.037769
0.037872
0.039819
0.039521
0.039385
0.039445
0.039393
0.039429
0.039690
0.073381
0.039491
0.039699
0.039923
0.039860
0.039694
0.039664
0.039677
0.039873
0.039674
0.039747
0.039793
0.039848
0.038902
0.038622
0.038762
0.039593
0.039461
0.041688
0.038660
0.072816
0.039193
0.039655
0.039649
0.039682
0.039771
0.039889
0.039784
0.039803
0.039760
0.039788
0.040061
0.040020
0.039963
0.039743
0.039898
0.039717
0.039727
0.039668
0.039726
0.073278
0.039838
0.039835
0.039733
0.040309
0.038077
0.038077
0.038050
0.038186
0.038044
0.038102
0.038078
0.038070
0.038055
0.038066
0.038008
0.038208
0.038057
0.037997
0.037894
0.071820
0.037980
0.038109
0.038025
0.038017
0.037933
0.037799
0.038000
0.037839
0.038012
0.037948
0.037870
0.037834
0.037738
0.037675
0.037712
0.037777
0.037845
0.037689
0.037803
0.071309
0.037919
0.038470
0.038441
0.038350
0.038437
0.038393
0.038558
0.038460
0.038516
0.038673
0.038537
0.038514
0.038431
0.038433
0.038523
0.038518
0.038554
0.038476
0.039604
0.073803
0.039630
0.039717
0.039426
0.039613
0.039613
0.039580
0.039594
0.039646
0.039745
0.039696
0.038195
0.039419
0.039768
0.040135
0.038553
0.038589
0.038644
0.038762
0.039706
0.073584
0.039548
0.039905
0.039623
0.039626
0.039749
0.039767
0.039794
0.039663
0.039669
0.039751
0.039698
0.039800
0.039873
0.039933
0.039776
0.039624
0.039786
0.039840
0.039863
0.073638
0.039682
0.039707
0.039381
0.039354
0.039403
0.039343
0.039659
0.039444
0.039313
0.039311
0.041458
0.039568
0.039454
0.039464
0.039632
0.039131
0.039286
0.039414
0.039511
0.073261
0.039539
0.039433
0.039385
0.039742
0.039587
0.039222
0.039457
0.039355
0.039369
0.039287
0.039721
0.039609
0.039311
0.039495
0.039639
0.039716
0.039603
0.039610
0.039594
0.073618
0.039350
0.039311
0.039598
0.039384
0.039404
0.039420
0.039681
0.039503
0.039755
0.039410
0.039438
0.039649
0.040184
0.038480
0.038389
0.038697
0.038481
0.038476
0.038621
0.072378
0.038457
0.038592
0.038663
0.038443
0.038482
0.039049
0.039528
0.037977
0.038232
0.038132
0.038072
0.038095
0.038206
0.038053
0.038039
0.038071
0.038090
0.037963
0.038215
0.071728
0.038070
0.038120
0.037935
0.038088
0.038139
0.037937
0.038146
0.037906
0.037934
0.037983
0.037990
0.037970
0.038020
0.037834
0.038018
0.037938
0.037919
0.038063
0.037852
0.071545
0.037931
0.037840
0.037868
0.038000
0.037868
0.037916
0.037907
0.037842
0.038072
0.037835
0.038085
0.038002
0.038072
0.038000
0.037984
0.037930
0.037929
0.037994
0.037807
0.071866
0.037737
0.037816
0.037833
0.037960
0.038370
0.038529
0.038679
0.038941
0.039725
0.039500
0.039486
0.039335
0.039449
0.039532
0.039115
0.038525
0.038615
0.038495
0.038595
0.072222
0.038432
0.038452
0.041246
0.039414
0.039570
0.039479
0.039418
0.039510
0.039575
0.039578
0.039530
0.039467
0.039433
0.039452
0.039456
0.039322
0.039438
0.039401
0.039223
0.073029
0.039267
0.038892
0.039359
0.039656
0.039328
0.039165
0.039262
0.040240
0.043134
0.043275
0.043072
0.038227
0.038048
0.038422
0.039340
0.045279
0.042961
0.039553
0.040909
0.076755
0.039360
0.041952
0.042824
0.043823
0.041650
0.040975
0.043913
0.041057
0.040923
0.042508
0.042295
0.040730
0.042261
0.044794
0.040863
0.041161
0.041109
0.044305
0.043440
0.077680
0.039684
0.043113
0.043130
0.041116
0.041636
0.040998
0.040887
0.039165
0.039122
0.039244
0.039131
0.039168
0.038404
0.038136
0.038278
0.038213
0.038250
0.038483
0.038177
0.072022
0.038255
0.038221
0.038201
0.038058
0.038142
0.038342
0.038199
0.038236
0.038296
0.038242
0.038194
0.038351
0.038327
0.038269
0.038516
0.038261
0.037972
0.037794
0.037756
0.071557
0.037828
0.037920
0.037872
0.037832
0.037785
0.037876
0.037764
0.037862
0.037693
0.037852
0.037822
0.037932
0.037917
0.037822
0.037939
0.037737
0.037745
0.037884
0.038000
0.071521
0.037791
0.037856
0.037818
0.038021
0.037836
0.039984
0.037914
0.037964
0.037837
0.038013
0.038229
0.038049
0.038040
0.038068
0.038186
0.038101
0.038113
0.038147
0.038026
0.072032
0.038088
0.038178
0.038129
0.038138
0.038224
0.038140
0.038061
0.038105
0.038138
0.038144
0.038091
0.037971
0.037931
0.037837
0.037929
0.037950
0.037880
0.037949
0.038047
0.071807
0.037882
0.037850
0.038136
0.037953
0.037956
0.037950
0.037967
0.037941
0.038044
0.037997
0.038141
0.038142
0.038098
0.038069
0.037992
0.038169
0.038184
0.037911
0.038066
0.071776
0.038493
0.038465
0.039374
0.043121
0.038387
0.038457
0.038408
0.038573
0.038607
0.039554
0.043738
0.041102
0.037967
0.038138
0.037937
0.038082
0.038067
0.038155
0.038220
0.071959
0.038095
0.038228
0.037977
0.038118
0.038138
0.038204
0.038280
0.038273
0.038253
0.038173
0.038311
0.038365
0.038351
0.038468
0.038368
0.038398
0.038388
0.038363
0.038505
0.072198
0.038322
0.038332
0.038317
0.038247
0.038152
0.037989
0.038119
0.038090
0.037885
0.037993
0.038037
0.038080
0.038023
0.038149
0.038054
0.037913
0.038151
0.037914
0.037930
0.071643
0.038152
0.038336
0.038589
0.038599
0.038803
0.038181
0.038016
0.038116
0.037940
0.038124
0.038029
0.038008
0.038315
0.038154
0.037995
0.038224
0.038051
0.038198
0.039530
0.071787
0.038110
0.037998
0.037992
0.038072
0.037856
0.037934
0.038055
0.037911
0.038084
0.037897
0.038151
0.038147
0.038035
0.037830
0.038005
0.038601
0.038683
0.038049
0.038167
0.071749
0.037993
0.038111
0.038033
0.038141
0.038756
0.038756
0.038643
0.038929
0.038745
0.038736
0.038630
0.056441
0.038522
0.038418
0.038604
0.038834
0.038959
0.039081
0.039220
0.072909
0.039073
0.039031
0.039282
0.038931
0.039375
0.038769
0.038682
0.038731
0.038844
0.039163
0.039199
0.039256
0.039421
0.039520
0.039690
0.039405
0.039191
0.038889
0.038887
0.072490
0.038563
0.038647
0.038471
0.038347
0.038319
