227	68	109	68
223	70	111	69
221	68	111	72
218	71	113	71
213	74	114	69
211	73	114	73
209	76	110	70
202	75	116	73
200	79	114	71
193	78	117	77
188	82	120	73
184	86	117	70
179	85	118	73
174	87	116	73
170	88	117	75
165	85	116	81
163	84	114	79
156	88	121	72
153	86	115	73
150	85	117	72
146	86	114	71
141	86	116	71
139	88	114	68
135	88	115	68
131	89	111	67
131	87	108	69
127	90	110	66
124	91	111	67
123	91	110	68
121	92	110	65
121	93	108	65
119	93	110	64
119	91	110	65
122	92	105	65
121	92	108	63
122	90	107	63
123	89	107	63
124	88	108	63
126	89	105	61
127	90	107	60
129	89	106	60
130	89	105	61
132	87	105	62
131	89	107	61
133	89	107	62
135	88	106	61
139	89	102	60
141	89	102	61
140	87	105	61
146	89	99	60
146	87	103	61
146	89	105	59
150	88	101	61
151	88	101	58
153	87	101	60
156	87	96	57
154	85	101	60
156	86	98	59
155	87	99	59
151	85	103	60
151	88	102	56
149	85	102	59
150	85	100	58
151	87	98	57
149	87	101	57
150	88	99	55
149	87	100	58
147	87	102	59
146	89	105	57
144	88	105	58
143	90	106	56
142	89	103	59
144	89	99	58
142	87	100	62
143	87	97	61
140	86	102	61
142	88	98	60
142	86	97	61
141	87	98	62
141	87	98	61
144	88	94	60
143	88	95	59
142	88	97	60
143	89	97	59
142	88	99	58
140	87	101	61
141	88	99	60
141	87	100	60
142	89	99	59
141	89	103	58
142	88	100	60
141	89	102	59
142	88	101	59
143	89	101	60
146	88	97	60
145	87	99	61
147	89	98	59
151	90	94	57
151	90	94	58
157	91	87	54
154	89	92	57
160	91	83	55
161	90	82	57
153	89	93	57
159	92	86	53
152	88	93	61
149	87	97	61
146	90	100	58
143	87	105	62
143	86	105	63
144	89	103	60
142	87	105	63
142	87	105	64
143	88	103	63
143	87	102	63
141	87	106	65
143	90	104	59
139	89	107	63
140	90	107	63
141	91	106	61
142	88	103	64
142	90	105	62
140	91	108	60
142	89	104	62
141	90	106	62
143	90	106	62
145	92	104	57
144	92	106	59
146	89	102	65
146	89	102	64
148	90	101	63
147	88	103	65
147	90	104	62
149	89	100	65
151	90	96	63
152	90	96	64
151	88	98	66
150	88	100	66
149	89	100	66
150	88	101	68
151	89	101	65
151	89	102	65
154	88	99	65
150	91	106	63
152	89	103	65
152	90	103	64
153	88	102	67
153	90	102	64
155	90	100	65
151	90	105	64
151	90	104	64
149	90	107	65
150	89	107	68
149	89	110	67
149	90	111	66
149	90	110	65
150	90	108	65
147	91	114	64
148	89	113	67
149	88	109	69
150	89	109	69
148	91	113	65
148	89	111	66
149	91	111	63
147	92	112	61
145	93	118	60
146	90	114	64
146	89	113	65
148	90	110	65
145	91	112	64
147	91	111	65
147	91	111	64
149	93	109	63
146	91	114	65
145	92	113	64
145	93	115	62
144	94	116	61
143	96	117	59
145	96	116	58
143	95	118	60
146	94	112	62
144	95	117	61
143	94	116	62
147	95	113	61
144	96	119	60
144	96	116	60
145	96	118	61
143	97	118	61
145	97	117	60
144	98	119	58
145	97	116	60
147	99	114	57
144	99	120	57
145	99	119	56
145	98	116	57
146	100	115	56
147	101	114	56
146	102	117	56
147	102	117	55
146	103	120	54
144	103	126	54
146	103	120	52
148	104	119	51
147	103	121	52
147	103	123	53
147	103	125	54
150	104	122	51
152	104	121	52
151	104	123	53
152	105	120	52
151	104	124	52
152	104	128	52
153	105	135	50
154	104	132	52
154	103	130	55
156	104	134	51
158	104	129	53
158	105	131	51
160	104	129	52
159	103	135	53
161	104	131	51
164	104	128	51
166	104	126	51
168	104	123	51
166	103	127	52
169	103	125	53
170	102	126	55
171	103	125	53
175	104	122	51
176	106	120	48
177	105	122	51
179	105	120	51
182	105	118	50
180	105	123	50
184	105	122	51
187	108	122	45
189	108	123	46
193	109	120	44
195	109	120	46
194	109	123	47
197	110	122	45
198	110	122	46
198	110	124	45
201	109	122	47
203	108	121	48
203	108	124	49
204	108	124	49
204	109	125	47
210	109	121	47
211	109	121	46
209	110	126	46
208	110	129	46
212	110	125	48
222	110	116	46
229	109	111	48
235	108	107	51
235	108	109	51
240	108	105	50
250	108	98	50
253	108	98	51
254	109	101	50
258	109	98	50
267	110	91	49
273	112	89	48
262	108	103	55
270	110	95	51
260	111	109	51
267	111	102	52
266	113	106	50
271	113	103	50
277	114	98	49
283	113	92	50
282	112	94	52
272	113	107	49
271	112	108	53
273	112	107	53
271	112	110	53
273	111	108	54
275	112	108	52
270	110	115	54
272	109	113	57
274	108	110	57
275	107	111	60
277	106	109	64
279	106	108	61
277	107	112	57
280	108	111	56
278	107	111	57
281	107	110	57
280	105	113	58
284	105	110	58
286	102	111	64
288	102	110	64
290	101	112	67
294	99	109	78
293	99	114	66
298	102	113	71
301	102	110	60
299	104	116	59
302	105	115	59
304	105	113	65
305	103	114	70
310	105	112	62
312	107	113	59
314	106	114	57
316	106	116	61
320	108	114	53
321	105	115	61
326	105	113	56
325	105	118	60
331	102	113	58
333	102	114	59
338	101	112	58
341	101	113	57
344	100	114	60
347	100	113	59
352	100	112	56
352	100	118	56
357	100	116	59
359	101	117	60
365	102	115	56
365	103	115	56
369	102	116	61
373	104	114	56
374	104	117	54
378	105	116	53
379	106	116	54
384	106	116	53
384	106	119	54
388	107	116	55
392	108	114	53
393	107	116	57
396	109	116	53
398	109	117	52
403	108	115	57
403	107	117	58
409	108	114	58
410	107	115	59
413	108	114	58
417	109	113	52
416	108	117	56
417	110	118	53
418	110	118	53
421	110	116	53
420	111	118	54
422	110	116	55
423	110	115	52
426	110	115	50
425	109	115	53
425	110	114	55
424	111	115	54
427	110	113	55
425	111	114	52
426	110	115	56
427	112	112	49
428	114	113	46
429	112	112	54
431	113	112	52
431	113	111	56
432	114	109	50
432	114	110	55
435	113	107	58
433	115	110	53
434	116	108	55
434	115	110	55
436	115	109	55
437	116	107	54
436	116	107	56
437	116	107	54
439	116	106	54
438	116	107	55
438	116	109	53
439	116	105	52
440	116	104	54
441	116	104	54
443	115	102	56
445	116	96	54
445	116	99	56
447	115	96	57
446	114	95	60
447	114	96	55
446	113	94	59
449	113	93	57
450	112	90	60
450	112	91	58
449	113	92	58
451	110	88	61
448	109	91	63
448	107	91	66
451	110	87	61
450	108	88	64
449	107	88	65
446	108	90	64
443	106	93	66
445	104	91	69
446	104	88	66
444	103	91	70
450	103	83	67
449	101	85	71
451	100	82	72
452	100	82	71
455	101	79	69
450	100	86	71
453	101	84	71
446	100	93	73
443	99	95	74
442	99	98	76
443	99	97	76
442	98	100	77
441	97	102	79
445	99	97	78
442	99	102	78
440	98	104	79
440	98	105	78
439	99	107	78
439	98	106	78
441	99	105	79
451	98	98	78
447	99	102	78
445	99	105	78
438	100	113	76
440	100	111	78
441	99	110	78
440	98	112	82
445	98	109	80
441	100	113	79
440	101	115	81
442	100	114	80
452	100	103	79
461	101	94	79
459	102	96	77
465	101	92	79
462	102	94	76
461	104	97	75
462	102	96	77
463	101	95	80
459	103	100	78
462	102	96	78
462	101	98	79
456	103	106	77
461	101	101	80
462	106	100	75
462	106	101	75
462	105	101	78
460	105	103	77
465	104	98	79
461	105	103	78
462	106	102	77
463	107	102	76
460	106	105	78
461	105	104	79
463	109	102	74
461	108	104	76
461	107	105	77
460	107	106	77
462	105	103	77
462	106	102	77
460	110	107	72
458	107	109	77
463	113	105	69
463	111	105	72
461	108	107	75
463	107	105	77
462	111	107	72
463	113	107	71
467	111	101	73
462	109	107	75
464	109	104	75
463	111	105	73
467	112	101	72
465	113	105	73
464	112	107	73
463	114	107	71
464	115	106	70
464	115	106	70
466	114	102	71
461	115	109	70
462	116	109	69
464	115	107	70
464	114	106	73
462	117	110	67
462	116	108	69
464	117	108	67
464	116	106	68
463	115	108	68
463	113	107	70
463	113	108	69
467	115	103	67
465	114	105	67
463	112	108	68
467	113	102	67
466	110	104	69
466	109	106	69
460	109	111	70
462	109	108	68
463	107	108	70
468	107	100	70
468	106	99	70
470	108	98	67
466	107	101	67
465	107	105	67
465	106	103	70
468	106	98	69
465	105	102	70
463	106	106	67
464	105	104	68
465	105	102	66
465	105	102	65
467	104	100	67
467	105	100	65
465	104	102	68
466	104	101	65
465	105	104	64
464	104	103	66
467	105	100	63
467	103	101	64
468	103	99	64
468	102	98	65
466	103	99	63
465	103	102	66
465	104	103	59
469	104	98	59
467	102	100	62
469	102	96	63
467	102	99	62
468	104	97	59
470	102	96	62
468	102	98	61
467	102	100	60
468	100	97	63
467	100	99	63
466	102	100	60
469	102	98	59
469	103	96	59
468	102	97	61
469	103	97	60
466	101	100	63
467	103	101	59
469	104	98	59
468	104	100	60
469	105	98	58
469	105	100	58
470	107	95	57
468	106	98	58
467	107	99	57
464	108	99	55
468	109	98	53
468	107	96	54
469	109	95	53
467	107	98	54
467	108	96	53
466	106	97	55
467	106	95	54
466	108	97	52
464	106	97	52
466	106	95	53
468	106	92	52
464	107	95	51
466	106	94	53
466	107	93	51
465	107	94	51
466	107	93	51
462	107	96	51
461	107	98	51
463	106	95	52
464	107	93	50
459	109	99	48
459	109	98	49
461	108	94	50
458	109	98	50
460	109	94	50
461	108	93	52
458	109	95	50
459	108	92	52
459	109	92	50
455	110	96	50
454	110	97	49
456	111	94	48
456	110	94	49
457	111	92	49
456	111	91	48
460	110	88	49
459	111	87	49
460	111	87	49
463	112	82	48
459	112	86	49
460	112	86	49
460	112	85	49
458	113	86	48
459	113	85	47
460	115	83	44
460	114	84	45
456	115	88	44
457	116	86	43
459	115	85	44
458	116	85	43
458	116	87	42
458	114	87	44
455	114	91	42
458	115	86	40
456	115	89	40
456	115	89	38
456	115	88	41
455	116	91	39
457	117	90	40
456	116	90	39
456	116	90	40
453	116	94	40
453	115	93	40
452	115	94	39
454	115	91	40
453	115	93	38
450	114	96	39
451	114	95	39
452	116	94	37
453	117	93	37
448	117	98	40
449	120	97	37
448	122	98	35
447	123	98	37
451	125	93	33
450	125	94	35
446	127	97	36
448	125	94	40
450	128	91	35
447	129	94	34
445	129	96	37
445	131	95	36
445	130	94	39
438	131	101	39
439	131	100	38
438	132	100	38
438	132	99	40
439	133	96	39
441	133	94	41
439	134	96	43
439	136	96	43
438	139	96	41
435	140	100	41
431	140	104	43
435	142	100	42
435	142	98	44
434	143	100	43
436	145	98	42
437	145	96	43
434	145	100	44
431	146	102	44
432	147	101	43
433	148	99	41
429	149	102	43
430	150	99	44
422	152	107	42
426	155	99	38
428	157	95	40
420	160	101	38
418	162	100	38
423	164	94	38
424	166	91	36
423	170	91	36
418	170	94	38
419	172	92	36
418	175	91	37
417	176	90	37
416	177	90	36
412	179	93	36
407	180	96	35
410	183	92	36
410	183	90	38
409	184	91	36
412	187	87	36
408	188	89	35
408	189	88	34
404	190	90	34
407	191	84	37
405	191	87	38
404	194	87	36
400	195	88	36
399	196	89	38
397	198	91	39
398	199	86	39
397	200	86	38
396	201	86	39
392	203	89	39
389	204	91	42
389	206	90	42
384	212	97	40
386	212	88	39
387	213	86	40
380	215	91	42
377	215	94	48
381	217	88	43
379	218	90	42
378	219	91	42
375	220	94	40
373	220	99	40
372	221	103	39
373	221	103	41
373	221	101	43
374	219	98	48
366	217	104	52
368	216	98	54
363	208	100	63
360	229	102	50
359	228	102	48
357	229	103	50
356	231	103	49
355	229	101	54
353	229	101	56
352	231	99	54
351	232	100	54
349	234	102	51
347	234	103	51
347	236	102	51
345	236	104	51
344	237	105	50
343	238	106	47
343	238	105	51
345	240	103	48
350	242	96	47
351	243	95	47
353	243	90	49
351	245	90	47
351	246	90	46
351	248	88	45
351	250	86	43
349	250	87	43
351	252	85	42
346	252	90	41
346	252	89	40
345	251	89	44
344	252	90	42
343	254	92	39
343	254	89	41
345	255	88	43
345	256	87	40
339	255	93	40
344	259	88	36
344	259	87	37
335	257	97	41
339	258	92	38
340	259	90	37
340	261	90	38
340	262	90	36
342	262	87	39
340	264	89	37
339	265	90	37
335	266	93	38
336	267	92	38
333	269	94	38
331	270	94	39
329	272	95	37
320	273	101	37
322	274	100	36
321	273	99	40
329	274	88	41
324	277	92	37
324	276	91	40
321	277	95	40
322	279	94	39
327	279	87	41
317	278	85	43
320	279	94	40
324	278	91	40
324	278	92	42
326	278	91	42
328	277	89	42
328	277	91	44
327	277	92	43
330	277	90	45
330	276	88	46
331	277	89	44
330	275	93	45
329	277	97	42
330	277	98	43
333	275	94	46
334	275	95	46
336	273	83	51
340	273	69	50
339	272	72	56
338	271	74	52
335	268	76	55
337	267	75	54
334	266	75	55
334	264	76	60
333	263	76	61
333	262	73	62
332	260	73	66
330	259	74	67
329	262	75	61
328	259	73	68
327	258	75	68
326	255	75	74
325	254	77	77
324	254	77	75
324	254	75	75
324	253	74	78
323	254	77	75
321	251	78	78
320	255	80	73
318	253	82	75
318	253	83	75
320	253	78	77
318	252	83	76
321	250	78	79
320	249	81	80
319	251	81	79
318	251	83	77
321	247	77	82
321	252	77	75
322	250	74	79
320	248	76	81
323	248	73	81
323	247	71	83
322	247	73	82
322	249	72	79
321	247	75	82
321	249	76	79
321	247	76	81
322	247	75	82
321	245	75	84
322	248	75	80
320	248	77	80
321	247	75	82
320	247	77	81
319	246	79	83
321	246	76	82
320	247	77	81
319	247	78	83
320	248	78	78
319	245	78	82
320	248	77	79
318	244	79	84
319	244	78	85
319	243	78	86
321	244	75	84
321	245	74	82
320	247	78	79
318	245	80	80
320	244	78	82
319	246	78	80
320	246	79	79
317	244	82	82
318	245	81	80
319	243	80	82
317	246	83	77
318	245	82	78
318	248	80	74
316	246	82	78
315	247	84	72
315	244	83	79
315	246	83	73
316	246	82	76
319	246	78	75
318	247	79	75
318	245	77	80
319	245	78	78
317	245	81	80
319	245	79	78
320	246	76	77
319	245	78	79
321	244	77	79
316	249	85	70
316	248	84	73
319	243	80	80
319	245	81	76
318	246	83	75
320	246	80	74
319	246	81	74
320	246	79	74
319	247	81	71
318	246	83	73
316	246	86	73
315	249	87	68
313	249	92	66
316	250	88	66
319	249	83	68
321	246	81	73
318	249	86	65
318	249	86	65
319	249	85	65
319	249	86	65
319	246	85	71
320	249	84	67
319	248	83	68
320	248	81	68
317	248	86	68
317	248	86	65
317	249	87	64
316	250	88	60
317	250	87	58
316	248	92	57
316	249	90	57
314	250	94	55
318	248	87	60
318	247	83	61
318	248	82	58
317	250	84	55
314	250	87	54
313	249	87	55
312	250	86	53
312	249	85	55
312	249	82	60
310	251	86	57
303	252	92	55
302	255	90	51
302	257	90	48
301	254	88	52
296	255	92	49
293	255	95	50
295	251	91	57
295	253	90	53
292	250	91	58
290	251	91	58
288	249	93	60
285	251	95	55
284	253	94	51
280	253	97	51
278	251	98	53
279	249	96	55
275	250	99	57
275	252	97	53
274	254	98	49
275	250	95	53
273	252	98	52
273	248	98	54
272	252	97	51
269	252	102	49
267	250	104	50
267	246	104	55
270	246	96	53
265	249	100	51
265	243	100	57
260	249	105	50
257	249	108	49
252	248	111	49
255	245	107	53
251	247	106	48
250	247	108	49
250	248	107	51
248	248	105	49
249	250	100	51
247	249	92	55
243	251	101	50
238	252	104	48
233	251	114	49
234	251	110	51
230	251	113	53
231	252	108	51
228	252	109	51
226	254	116	49
222	257	120	49
221	256	119	51
220	255	120	52
217	255	122	54
216	255	120	55
215	258	120	52
212	257	121	51
209	256	123	53
206	255	125	52
205	256	126	49
205	256	121	49
203	256	124	49
200	257	126	48
199	256	126	49
199	256	126	50
201	255	123	50
195	255	129	50
197	256	124	49
192	259	132	47
192	258	132	48
190	257	133	50
192	256	131	52
179	255	126	51
185	259	127	45
183	260	130	43
165	258	120	52
173	261	107	51
171	261	107	57
172	260	101	57
169	261	100	56
164	259	106	58
164	258	101	59
162	257	100	58
159	255	99	58
159	256	96	60
156	254	96	60
155	253	93	61
151	251	95	66
149	253	93	62
144	260	98	54
141	259	96	56
138	259	95	54
136	256	93	59
132	257	91	60
130	256	89	60
126	256	90	58
123	256	90	58
122	257	90	57
119	250	89	66
118	252	88	66
116	251	87	68
114	252	87	67
112	249	85	73
108	249	87	72
103	247	89	74
100	246	87	74
97	245	88	75
93	245	88	75
91	244	86	75
88	241	84	79
86	240	83	80
83	240	82	78
79	239	84	79
75	240	86	76
72	240	86	75
69	241	89	74
65	240	93	75
61	239	98	74
57	239	100	75
58	236	96	78
58	235	94	78
56	239	95	73
58	235	88	77
53	235	91	77
53	233	86	78
55	233	81	77
52	233	82	77
55	232	76	79
55	234	76	76
51	233	78	77
52	232	75	79
51	230	76	80
47	231	83	78
46	227	78	84
47	224	76	86
46	225	75	87
46	224	74	87
45	220	74	92
45	219	72	92
44	222	74	88
45	221	73	89
46	220	70	91
44	221	75	89
44	221	75	89
44	221	78	89
44	222	81	88
44	220	80	89
47	221	77	89
45	221	80	89
46	218	79	91
48	217	75	93
47	219	78	90
47	218	80	91
49	219	77	89
49	218	76	89
48	218	78	88
50	216	74	90
51	214	74	91
51	216	76	84
51	214	75	86
55	216	73	81
55	217	74	77
57	215	72	77
57	216	72	76
58	220	71	71
60	217	68	72
59	214	71	74
61	215	70	72
61	216	70	71
61	215	70	71
60	214	70	72
61	215	70	71
60	216	72	68
61	215	71	70
62	215	71	68
63	215	70	67
64	214	70	67
61	214	76	64
63	214	72	62
65	212	72	61
66	212	70	60
66	212	71	57
67	212	70	57
65	209	73	58
66	207	72	58
66	206	74	58
65	204	76	59
65	202	78	60
66	202	73	58
65	201	76	60
65	199	78	62
66	198	75	61
65	198	79	61
66	196	76	62
65	194	77	65
67	194	73	62
67	193	73	62
67	192	76	65
69	192	73	63
70	191	71	67
69	190	73	70
68	191	75	68
70	191	72	66
68	191	73	65
69	190	73	68
70	189	71	71
70	189	70	70
69	188	69	71
69	189	70	68
69	188	69	73
67	187	70	74
69	186	68	74
67	186	68	76
69	185	66	77
68	186	66	76
68	186	66	75
66	186	66	73
68	186	64	75
67	186	63	74
68	185	62	76
67	184	60	76
67	185	60	77
67	185	57	79
67	184	54	80
67	185	54	78
66	185	55	78
66	186	52	78
64	187	50	77
64	187	49	79
64	187	48	79
64	186	47	80
63	186	46	79
63	187	45	81
62	186	46	79
62	187	45	80
65	186	40	80
66	186	38	82
66	185	36	84
64	186	37	83
64	185	35	85
63	185	37	84
62	186	37	83
61	186	38	83
61	186	37	83
61	186	37	84
59	186	40	84
58	186	41	83
57	186	42	83
58	185	41	83
57	183	43	84
56	184	45	81
56	183	45	82
56	181	48	85
55	182	50	81
55	182	52	81
54	180	56	83
54	180	56	82
53	179	59	83
53	179	61	83
53	179	65	81
54	178	64	83
55	178	64	84
55	177	67	86
57	177	66	86
57	177	68	82
58	176	69	82
57	175	72	84
58	175	72	82
59	174	73	80
59	173	75	83
58	171	76	84
58	171	79	83
59	170	78	85
61	169	76	84
60	170	78	83
61	170	78	82
62	170	77	82
59	169	82	83
58	169	84	84
58	170	85	81
54	170	89	81
56	170	86	82
53	171	89	83
52	169	90	83
50	170	93	86
51	168	91	87
51	167	92	85
50	166	94	86
48	166	96	87
46	167	98	82
45	167	105	84
46	166	97	82
45	165	102	82
45	163	98	85
45	162	100	84
47	162	95	87
48	165	93	81
46	163	96	84
47	163	98	83
46	164	99	84
49	165	96	85
48	165	97	85
47	166	100	85
49	167	96	84
46	168	100	84
46	170	101	83
47	170	94	84
46	170	101	86
45	172	97	85
46	172	99	85
44	173	100	86
44	172	99	89
42	172	103	89
41	171	109	90
42	170	104	89
45	172	98	86
43	169	103	91
45	168	97	88
46	166	98	91
44	167	102	90
49	167	95	88
48	169	97	86
47	168	100	87
49	168	99	89
49	169	101	87
51	168	96	90
51	169	95	89
53	170	94	89
55	171	90	86
53	170	93	90
54	170	91	90
54	168	90	93
57	168	84	91
57	168	85	90
55	167	87	93
58	167	86	94
56	169	90	92
58	171	91	88
61	169	89	91
64	167	88	95
66	168	89	91
68	166	91	98
69	165	91	103
72	167	91	98
77	167	88	95
80	164	86	98
82	162	88	100
83	161	87	100
84	158	87	102
86	159	88	99
89	156	88	103
91	156	86	101
93	156	88	98
96	157	88	95
97	153	90	102
102	152	89	101
102	146	98	109
106	128	90	128
111	124	87	133
114	126	85	133
116	126	85	133
121	127	80	132
123	124	81	133
127	118	80	139
131	118	80	141
134	117	79	138
135	141	85	116
139	146	84	107
143	151	84	100
146	151	84	100
149	155	88	93
156	155	83	93
161	153	81	95
164	148	82	101
168	146	84	104
170	146	90	102
175	147	93	99
178	148	92	97
184	150	92	91
188	148	95	98
191	148	95	100
194	148	96	102
193	146	105	106
198	134	102	119
197	115	110	137
204	113	103	137
207	114	101	134
211	111	101	142
216	111	99	141
216	111	108	143
220	112	112	141
225	112	108	142
228	113	112	143
233	112	114	146
235	112	118	149
240	116	120	144
244	116	124	144
250	115	122	145
254	115	119	146
257	114	120	149
262	116	124	144
265	114	127	152
268	117	136	145
272	115	130	149
275	115	135	152
279	116	131	154
281	115	126	157
283	116	134	157
286	118	132	157
289	118	130	161
291	117	127	161
292	117	133	164
294	117	135	162
293	115	141	166
296	118	141	161
299	115	137	164
300	115	140	160
300	118	139	155
301	115	137	161
