611	656	522	106
611	660	506	104
600	653	528	111
597	645	535	117
589	648	545	102
570	636	562	109
560	626	576	106
557	610	581	111
559	592	577	116
562	575	577	114
544	547	605	125
537	532	622	126
537	514	617	130
534	495	631	138
549	504	590	125
576	500	598	115
576	496	575	122
567	489	593	111
581	466	602	127
591	486	633	147
588	482	649	138
606	471	623	165
620	445	594	182
635	468	610	163
644	445	591	132
667	444	574	110
661	444	573	128
659	444	579	106
668	449	564	117
665	441	585	107
703	443	557	126
682	437	533	112
692	441	520	98
677	443	549	119
718	457	549	144
687	452	571	101
708	448	567	122
705	459	558	99
752	463	511	89
754	462	515	92
761	464	499	100
737	478	489	93
710	472	504	104
713	486	529	125
710	464	552	98
673	455	558	101
708	453	551	103
714	445	541	100
706	468	549	97
696	445	557	110
690	435	551	117
679	456	579	135
682	439	584	152
678	438	576	138
683	436	569	130
679	438	570	118
722	461	547	115
692	447	573	142
692	453	573	135
682	450	591	135
705	453	560	131
696	451	578	138
684	451	584	143
682	432	603	168
689	432	590	168
684	433	603	167
682	441	598	158
681	445	602	157
680	463	601	142
684	473	597	129
673	472	623	123
683	455	616	144
688	449	603	150
683	437	618	155
686	431	606	160
692	429	593	137
689	473	607	131
691	425	606	179
689	423	613	175
696	423	603	182
700	426	600	172
715	425	587	184
706	421	600	175
729	430	571	177
721	420	587	178
739	431	571	171
727	419	594	179
733	443	590	176
754	426	567	168
760	438	567	164
770	476	571	127
784	471	561	116
795	445	556	149
797	467	568	137
813	454	554	144
831	461	544	141
841	461	541	139
848	478	545	124
863	481	539	115
869	482	543	108
882	486	539	107
892	481	533	115
903	480	518	112
918	486	510	97
927	475	498	117
935	490	528	143
945	476	506	155
974	492	483	102
966	494	490	93
969	510	512	106
1000	496	483	128
1037	488	450	112
1050	485	437	105
1061	481	433	106
1090	484	446	140
1102	464	415	163
1096	481	450	183
1109	471	445	210
1118	492	456	226
1120	573	444	168
1118	513	460	189
1131	519	430	180
1131	529	417	168
1129	539	421	143
1139	548	409	158
1149	544	378	147
1153	551	376	142
1151	557	379	132
1167	563	368	137
1162	562	380	133
1165	563	384	130
1174	553	387	142
1193	548	372	137
1201	533	377	149
1170	518	383	186
1163	504	364	140
1189	607	364	165
1176	590	330	120
1213	610	351	100
1201	590	347	109
1206	582	367	116
1197	578	380	123
1214	575	383	122
1220	573	381	121
1220	572	393	122
1232	558	400	117
1216	573	375	115
1263	550	403	121
1269	555	407	130
1274	556	419	145
1272	519	436	168
1276	534	439	166
1231	561	418	127
1378	523	382	126
1380	524	394	129
1405	527	379	106
1360	540	346	141
1379	557	335	110
1361	572	326	91
1355	573	315	86
1354	584	299	80
1350	587	305	63
1382	539	304	61
1388	624	289	71
1394	538	279	57
1384	535	280	59
1380	533	281	59
1370	531	286	56
1369	530	287	54
1361	527	280	55
1351	527	286	54
1344	525	276	61
1334	530	272	53
1323	532	263	51
1329	531	251	54
1313	533	253	54
1313	533	246	49
1294	530	250	52
1290	527	255	55
1292	526	263	49
1288	525	266	48
1295	522	254	45
1293	516	256	50
1289	514	263	46
1297	509	266	47
1293	504	273	48
1288	494	287	59
1295	490	277	52
1298	483	277	49
1299	475	272	52
1305	469	269	47
1303	460	277	52
1300	455	291	52
1298	450	295	53
1303	444	295	66
1310	442	288	86
1317	438	266	66
1326	441	253	76
1327	435	252	49
1331	436	242	44
1328	433	249	46
1333	433	237	45
1338	436	229	42
1342	434	222	46
1328	432	235	48
1336	437	229	43
1337	436	230	44
1340	433	225	47
1341	433	221	51
1345	436	218	47
1347	438	209	45
1350	442	203	41
1349	442	205	42
1358	445	191	40
1359	444	188	42
1361	441	187	47
1366	443	178	46
1366	443	180	47
1373	443	173	47
1377	443	167	49
1388	447	155	44
1397	447	142	43
1398	446	141	45
1402	444	136	49
1406	446	132	48
1409	447	129	48
1409	447	131	47
1416	450	124	44
1419	448	122	46
1431	447	109	47
1436	447	103	49
1450	445	89	55
1458	451	80	48
1469	453	68	48
1426	497	77	56
1286	422	78	46
1305	419	75	35
1377	407	72	43
1391	394	73	47
1345	408	64	46
1410	394	72	53
1360	401	70	52
1379	399	62	52
1391	398	56	40
1395	397	50	42
1459	380	45	37
1402	398	48	35
1393	391	54	42
1393	384	55	36
1386	381	56	40
1378	376	58	46
1369	369	67	46
1371	368	62	40
1369	366	54	40
1359	366	47	49
1350	365	50	55
1339	360	59	57
1328	362	62	65
1317	361	62	67
1309	366	60	68
1292	364	71	68
1298	367	61	75
1304	363	47	76
1296	364	54	80
1294	364	49	84
1288	359	53	88
1288	351	40	98
1281	354	39	100
1277	355	52	102
1268	367	49	97
1273	357	37	109
1274	355	29	115
1276	361	37	110
1266	359	33	117
1265	365	31	114
1260	360	28	118
1253	359	37	125
1249	365	38	121
1239	367	32	121
1234	373	39	105
1221	369	53	105
1203	368	53	104
1186	364	45	109
1180	365	33	106
1171	364	31	109
1159	365	34	105
1143	365	26	105
1132	366	27	107
1116	366	23	111
1106	372	22	108
1094	374	23	106
1083	377	25	98
1074	378	20	97
1064	379	22	97
1058	378	32	102
1047	377	30	105
1041	376	35	107
1033	374	26	111
1027	372	31	108
1024	369	32	103
1017	365	45	93
1007	360	41	98
999	358	46	96
995	355	30	103
998	356	30	101
994	357	36	97
977	358	28	101
972	359	30	100
967	360	43	97
949	362	44	95
937	362	55	94
926	362	54	94
916	364	49	97
896	366	49	97
890	365	41	101
879	367	41	99
870	368	37	100
864	370	40	98
856	372	37	105
855	374	32	101
848	374	29	101
846	374	22	99
834	369	27	103
829	369	23	99
820	367	21	98
809	366	23	100
796	366	26	101
787	366	31	101
779	367	28	101
777	367	20	97
769	367	19	99
759	369	21	98
752	373	22	98
746	377	19	101
733	384	25	100
728	389	21	102
714	392	25	104
705	397	26	104
694	400	26	105
684	404	25	106
674	408	25	106
658	412	29	104
653	415	24	105
640	417	31	106
627	420	35	105
622	423	37	104
614	424	32	107
614	427	25	106
611	427	24	105
602	430	28	105
597	433	31	101
592	440	32	93
591	433	28	100
584	434	32	100
580	429	31	104
577	432	31	100
574	442	31	90
571	443	28	89
561	443	32	87
554	440	37	91
550	440	49	85
538	433	56	91
527	436	62	88
514	441	71	83
520	434	58	92
515	437	55	92
512	441	50	89
501	440	55	91
498	436	51	98
491	437	49	100
482	438	46	103
474	439	46	104
465	438	41	110
455	437	35	108
447	436	29	111
435	434	31	119
423	429	32	114
403	431	33	114
390	427	34	117
383	419	26	128
367	414	27	128
350	420	31	125
333	423	32	112
325	428	26	107
310	423	24	109
291	425	28	108
278	425	26	112
263	427	25	111
249	430	25	110
224	434	36	110
217	433	31	116
209	436	28	117
198	445	29	112
189	446	29	116
183	449	25	117
174	454	29	123
166	454	30	127
166	456	24	131
161	457	25	132
156	458	27	127
149	458	29	118
149	458	27	110
145	451	25	112
142	450	28	110
143	445	25	115
139	441	28	117
135	439	29	115
134	437	27	116
134	435	26	117
132	435	27	119
132	434	26	118
129	433	29	120
125	432	26	115
120	430	25	114
116	427	23	112
109	423	24	111
102	414	27	111
94	402	31	113
88	394	28	113
73	387	26	108
68	383	27	104
51	378	35	100
36	368	43	109
19	361	50	114
1	356	64	115
0	351	49	123
0	341	35	126
0	359	29	125
-16	362	42	122
146	514	51	122
322	697	67	120
341	701	68	116
325	699	78	129
320	700	94	148
325	704	96	145
321	696	115	163
318	696	131	159
75	813	122	176
76	479	138	200
68	797	142	227
59	445	158	256
15	447	192	282
19	420	212	320
11	427	202	327
16	427	196	334
22	406	216	335
2	416	215	351
16	418	208	347
7	415	207	358
13	421	213	362
10	434	199	336
46	411	161	340
9	433	197	327
2	402	215	358
2	414	211	351
5	408	219	366
2	412	215	354
5	417	209	343
7	418	207	343
10	437	188	325
8	422	197	338
4	447	206	304
1	436	212	324
5	435	202	332
3	420	211	341
3	416	210	355
9	429	198	332
5	453	204	303
4	431	200	319
5	450	203	307
2	415	215	349
6	410	209	380
6	418	209	359
7	415	207	364
6	426	209	350
3	420	211	348
5	432	208	329
5	465	201	290
2	439	206	304
8	441	206	319
1	405	226	357
5	419	213	338
3	423	214	338
4	435	204	327
3	423	211	345
8	420	200	350
5	406	209	386
6	415	209	369
6	409	211	384
4	413	213	372
2	408	220	375
6	411	211	367
8	406	210	360
4	399	215	366
8	391	212	370
11	384	207	383
10	389	232	351
3	426	219	331
17	411	197	354
10	398	218	375
16	404	208	357
17	406	211	360
10	411	223	359
32	420	201	337
34	417	208	345
68	420	180	330
83	413	172	335
97	410	168	341
110	421	158	325
123	419	150	323
135	420	144	322
149	415	137	331
165	427	125	308
179	421	116	315
195	429	104	307
211	425	96	314
230	399	83	319
238	405	81	332
68	446	103	355
101	433	89	376
108	409	114	403
140	397	104	399
143	407	94	423
170	383	114	438
167	413	106	436
196	395	122	464
201	383	126	506
197	376	130	545
210	367	105	508
243	353	115	506
246	373	105	522
250	370	100	531
270	349	128	540
261	339	159	539
289	353	151	492
293	351	197	473
298	334	162	497
295	363	216	479
248	342	267	486
276	345	275	441
308	363	246	422
352	349	205	440
341	336	225	459
384	342	181	445
352	319	215	464
374	297	206	483
334	279	252	504
353	300	233	493
384	261	237	525
403	268	255	574
395	288	218	566
417	239	247	560
458	259	214	587
467	270	179	692
457	212	157	660
473	243	147	626
471	252	167	688
475	227	186	705
473	215	195	705
484	190	189	789
456	193	169	781
476	184	199	806
495	183	182	800
494	192	190	788
486	198	197	768
500	199	182	761
512	245	156	757
521	209	154	733
528	198	150	782
534	208	142	780
535	195	154	811
537	195	156	814
539	206	168	788
545	237	150	752
544	215	163	764
549	224	162	753
561	237	136	756
568	244	130	749
567	181	138	813
567	191	144	802
563	216	151	777
568	231	151	746
576	245	140	732
571	236	153	725
568	237	163	720
572	227	157	725
577	231	153	737
577	239	156	727
587	228	143	741
580	233	154	729
584	249	153	696
572	254	168	665
587	242	156	678
582	225	156	697
585	269	153	682
582	257	155	690
582	241	161	689
582	236	160	670
588	254	154	709
588	245	154	723
590	236	152	718
579	218	162	742
566	218	181	711
588	262	157	706
610	266	132	681
612	269	132	670
609	264	135	692
605	269	139	693
601	269	142	700
601	272	142	703
595	275	147	679
591	280	155	674
587	274	158	686
584	268	164	711
576	265	175	699
572	273	182	672
580	280	167	667
580	266	167	706
572	271	187	695
576	267	180	710
577	273	181	706
581	302	179	665
583	320	181	651
573	318	201	601
581	329	184	586
579	334	189	597
582	293	176	664
587	284	164	695
586	270	162	720
588	279	164	693
590	274	156	715
593	279	154	703
591	273	165	717
589	269	163	729
590	274	166	712
586	276	186	709
589	280	173	685
586	279	182	705
590	278	170	711
585	255	190	679
587	275	179	647
591	281	165	634
589	272	170	651
589	263	178	692
591	271	179	701
587	272	191	699
585	283	194	708
582	290	208	688
582	297	196	687
576	290	213	706
582	286	197	713
581	293	197	693
585	285	191	708
586	231	181	721
584	252	190	699
584	253	194	696
580	266	206	678
588	284	176	671
585	288	185	693
583	285	195	709
581	239	204	715
582	294	188	687
586	284	181	702
588	286	173	698
583	291	185	690
589	288	169	688
580	287	191	693
589	289	171	697
578	288	200	692
585	292	184	670
590	307	166	670
585	284	174	693
585	295	175	688
583	286	178	672
583	285	189	702
583	281	175	705
588	281	167	706
584	279	185	715
589	278	164	710
592	272	153	717
590	279	161	687
595	275	148	719
590	279	158	720
592	300	159	690
593	281	158	706
592	273	161	719
593	312	164	669
597	280	148	699
596	277	148	702
594	271	152	719
591	282	161	701
596	279	143	701
590	288	166	690
594	274	151	713
593	272	154	702
595	277	143	694
593	271	149	708
593	274	145	702
589	274	163	700
591	278	159	700
593	275	158	702
592	274	162	712
593	272	156	709
589	277	157	701
590	289	163	693
593	297	147	681
592	275	150	703
591	271	151	710
592	271	149	713
593	264	148	727
587	273	173	715
592	273	153	708
592	274	156	706
589	273	162	708
593	280	159	692
591	271	166	721
595	269	161	717
593	291	165	688
591	302	171	675
588	310	177	673
592	303	170	682
589	279	174	705
591	280	175	707
591	281	172	707
590	306	175	681
589	280	173	718
591	290	168	696
593	279	164	710
590	283	173	705
592	307	168	687
592	333	166	653
591	371	166	615
589	363	175	626
590	353	168	635
587	333	176	650
588	374	180	615
587	385	184	598
587	403	181	579
585	390	186	596
588	363	184	622
586	294	173	686
584	280	178	720
584	275	175	718
586	279	172	705
585	278	173	710
584	281	176	709
581	286	184	692
593	301	161	676
589	289	167	689
591	288	163	690
590	318	174	657
588	334	181	645
591	286	169	696
590	288	164	701
587	270	164	721
587	290	181	693
585	290	186	690
580	274	201	712
580	303	186	682
584	282	187	698
579	278	182	697
575	298	197	652
591	295	157	685
589	322	166	652
590	334	166	646
580	298	191	678
581	281	187	696
580	264	185	712
584	272	177	676
575	277	202	666
580	275	192	658
580	265	190	693
581	268	188	675
587	278	176	648
588	268	171	688
583	268	190	708
579	264	200	703
580	253	193	722
573	252	200	722
585	247	180	729
586	224	184	754
587	204	176	775
588	190	182	781
591	217	184	780
591	205	182	774
593	170	189	805
600	226	170	762
605	189	168	791
608	223	165	770
607	256	172	721
608	263	174	711
612	256	167	724
616	255	161	724
617	249	164	750
620	247	157	747
620	243	159	760
617	258	167	718
622	246	155	755
625	252	150	734
625	257	156	698
627	256	153	689
624	255	157	697
626	254	156	687
625	252	157	692
627	256	157	688
629	255	157	670
628	257	156	678
627	256	163	653
625	261	168	686
627	262	160	661
623	258	165	662
626	258	166	700
627	256	160	722
628	257	159	709
632	256	151	718
630	257	153	703
631	256	154	713
633	258	152	681
626	257	162	697
630	254	156	707
629	258	161	688
630	254	157	686
626	252	164	717
634	256	154	720
634	258	150	689
629	257	161	687
629	256	160	717
630	255	163	726
629	251	160	734
631	257	155	702
636	255	148	705
637	259	143	693
633	259	154	668
635	253	147	700
636	257	147	714
631	258	152	711
632	256	152	718
634	255	150	717
628	259	157	715
625	256	168	736
628	247	159	751
627	251	164	746
633	251	152	735
628	258	161	710
630	258	162	726
624	253	174	721
630	259	161	688
631	259	156	693
630	261	163	680
631	258	155	694
632	257	159	685
630	256	158	710
630	257	168	685
631	251	162	721
632	254	155	708
632	256	158	706
634	258	156	699
635	251	149	725
631	255	155	721
634	252	155	722
630	250	165	744
631	252	168	735
633	254	158	706
635	245	154	734
634	255	163	706
630	262	166	684
632	250	155	732
633	257	158	711
632	257	154	718
634	262	157	681
635	257	149	684
634	260	152	667
634	259	158	678
634	264	150	650
635	261	157	647
637	266	147	622
635	269	155	658
634	276	155	628
634	265	154	633
629	284	173	640
634	269	157	663
634	261	157	700
631	259	163	703
633	267	156	686
635	260	152	695
637	260	146	681
639	258	142	706
638	256	145	712
635	255	150	731
625	248	164	749
618	249	168	741
618	244	164	744
617	257	156	724
608	268	161	696
596	264	173	718
585	276	178	711
575	296	186	684
564	314	185	653
542	293	200	686
522	288	226	709
503	290	236	693
490	309	232	673
484	342	239	649
483	347	244	647
475	294	253	701
468	277	233	744
474	267	208	759
472	261	195	763
484	258	183	783
483	264	186	761
491	265	186	769
508	262	200	785
497	277	226	763
536	288	228	752
527	303	261	733
567	270	234	804
572	301	237	734
606	316	183	694
634	329	217	638
658	408	132	593
817	540	135	564
841	566	130	541
865	572	123	527
817	610	163	486
931	544	102	491
929	596	109	485
918	573	142	477
789	441	185	493
923	648	187	442
941	681	222	411
960	474	204	388
959	502	208	366
961	505	243	368
950	515	268	363
964	514	289	368
997	515	266	367
1007	506	293	405
1024	564	277	370
1047	565	271	379
1073	590	274	383
1101	593	297	415
1114	613	338	437
1117	638	388	445
1159	655	397	422
1184	658	419	422
1231	673	389	408
1252	690	407	394
627	826	471	369
1321	760	458	321
1340	819	500	254
1313	798	529	266
1358	835	547	237
