112	163	68	42
112	162	69	46
112	162	67	44
112	162	69	45
111	160	68	46
112	162	69	45
111	162	70	44
111	162	68	44
111	161	67	46
112	161	69	44
112	162	68	43
113	161	67	45
112	163	68	43
113	162	67	45
111	162	67	44
111	162	68	42
112	163	68	45
111	162	68	44
113	163	68	43
110	161	71	45
111	162	71	45
109	161	72	45
113	163	67	45
114	162	72	46
118	158	71	47
125	151	72	47
133	144	72	45
141	135	71	44
149	127	70	44
159	122	69	45
169	115	67	45
175	111	70	46
183	108	68	46
190	111	66	41
198	112	63	43
200	117	63	43
199	124	63	46
193	134	63	54
190	138	62	59
174	142	72	64
185	147	67	54
190	148	63	52
191	147	62	50
193	147	61	47
196	145	59	57
199	144	61	50
203	142	56	52
208	143	52	53
212	144	52	52
216	143	52	52
220	143	53	52
226	141	53	56
231	144	54	53
237	145	55	52
242	146	57	54
247	149	56	47
254	149	55	48
260	147	54	46
266	145	54	47
274	147	51	44
280	145	51	45
283	142	52	50
286	143	55	46
287	142	56	48
284	143	61	48
285	141	59	49
283	144	62	47
280	145	65	47
279	143	67	48
276	145	73	50
274	146	75	50
274	147	79	51
273	149	84	50
269	149	91	48
267	146	97	51
269	145	100	54
266	143	109	56
276	148	97	51
281	150	87	50
287	155	80	48
291	153	80	53
297	157	79	45
300	160	80	40
304	159	81	41
308	163	82	44
312	165	79	47
312	154	86	48
315	155	84	54
321	155	79	55
318	153	90	59
305	146	96	70
315	151	85	66
317	164	77	54
310	170	84	50
307	173	84	38
311	175	80	33
315	176	74	29
317	175	68	29
313	175	71	29
305	172	77	30
307	170	73	29
297	169	82	35
296	164	79	47
294	162	79	48
291	163	80	47
289	163	77	47
286	161	81	49
284	160	83	50
286	158	84	50
288	155	83	52
287	153	83	52
287	153	88	53
288	154	86	53
289	155	85	54
287	156	90	54
288	157	89	52
288	156	87	52
287	158	86	51
289	160	87	48
279	165	97	40
277	166	97	39
275	167	107	37
277	169	108	34
279	166	104	36
280	168	105	34
278	166	108	35
280	164	106	37
280	165	106	35
279	165	109	35
277	164	112	37
254	158	127	48
260	159	130	46
267	157	121	50
267	155	118	52
270	153	113	56
271	151	109	60
275	152	98	58
273	152	99	58
276	150	94	60
278	150	91	63
276	151	94	63
278	153	92	59
279	156	92	58
281	154	90	63
282	157	88	62
283	158	87	62
284	158	88	59
284	160	87	59
285	163	88	58
290	161	83	58
292	164	81	57
294	163	79	56
296	164	71	53
297	162	66	53
296	162	67	53
293	163	75	54
291	163	78	53
290	166	80	49
292	168	78	49
292	168	74	45
288	172	78	41
288	170	75	41
289	171	71	40
288	172	70	36
285	172	74	37
284	172	73	37
285	174	72	36
284	174	78	36
284	175	78	38
284	175	80	38
284	176	78	38
283	176	80	38
283	176	81	38
280	175	86	40
280	173	89	43
274	169	96	46
271	169	101	45
271	164	95	49
271	162	82	50
272	163	82	51
273	164	79	51
275	163	79	52
274	162	79	53
275	162	80	52
274	162	80	51
275	160	80	53
275	161	80	54
275	161	78	55
274	158	79	56
274	161	79	55
274	161	79	54
276	163	76	53
278	161	74	53
281	160	71	55
284	155	67	57
283	153	70	55
280	150	75	56
278	149	78	59
275	150	82	60
273	151	84	55
273	151	86	54
273	153	85	51
271	154	89	52
272	159	83	44
271	160	87	44
271	162	83	43
270	165	88	39
271	166	86	37
272	167	84	37
272	167	83	38
270	167	83	39
269	166	82	42
268	164	81	44
271	165	90	41
268	165	95	38
268	164	90	42
274	159	96	46
271	157	97	52
270	163	87	49
271	166	73	51
275	169	65	47
276	172	66	42
285	173	55	43
286	160	56	57
287	154	56	67
287	152	57	68
285	150	61	71
288	148	59	73
285	148	63	72
284	148	61	68
284	148	61	64
285	146	61	66
284	148	60	63
285	148	59	61
283	148	63	61
278	149	70	59
278	149	70	58
278	149	69	58
275	148	72	58
274	148	73	59
277	149	73	60
279	148	73	61
280	150	73	60
278	152	76	59
275	152	81	60
269	151	90	66
271	147	104	73
269	153	106	69
267	156	110	64
266	157	110	67
266	157	110	64
265	155	103	67
262	145	106	77
260	128	115	92
259	122	116	100
254	154	120	67
259	156	118	63
263	152	113	68
261	136	113	85
256	128	119	94
261	153	112	72
256	144	119	75
247	129	127	92
257	121	118	104
259	120	114	105
259	118	115	106
259	116	116	109
261	123	112	100
261	147	105	77
260	148	105	72
257	157	99	62
259	161	85	60
263	162	80	59
268	161	73	60
274	160	62	61
275	161	58	61
279	161	56	60
279	160	54	63
275	159	58	66
275	161	62	60
286	161	55	58
285	162	57	56
282	162	64	55
279	161	65	55
277	161	70	53
277	161	69	55
275	163	71	53
273	162	74	53
273	164	73	48
272	166	74	45
269	164	80	51
269	166	79	47
269	167	83	50
269	170	81	46
266	167	85	50
266	169	77	46
265	168	79	49
265	167	79	52
264	166	84	53
263	168	82	50
263	170	82	48
261	168	82	54
260	170	81	51
260	171	81	48
261	171	79	51
260	175	84	47
259	171	89	52
259	170	83	54
259	169	84	54
260	171	81	53
260	169	83	54
259	171	81	50
260	169	81	55
258	170	89	55
259	170	89	56
259	171	92	56
260	169	93	59
262	169	91	64
263	170	89	61
264	166	89	65
263	164	94	70
266	164	85	67
263	162	87	76
256	161	92	80
243	162	104	82
253	152	114	90
238	143	132	91
226	137	148	87
245	126	130	97
228	123	148	97
211	116	163	110
240	118	133	106
217	118	156	107
231	117	146	114
209	118	166	112
236	126	137	95
218	120	154	109
225	119	148	116
252	123	131	111
244	122	129	114
232	121	143	113
210	116	164	119
207	115	165	122
206	115	167	122
207	116	165	121
207	118	169	114
209	116	162	119
210	115	165	129
204	115	165	124
209	112	162	124
209	116	164	126
210	114	159	123
210	116	161	121
209	120	163	116
210	118	164	118
207	117	163	115
207	126	163	106
209	123	163	108
207	118	163	115
206	121	164	110
208	116	163	120
210	122	160	112
208	120	162	112
207	121	162	109
207	121	164	114
206	121	166	107
208	121	165	105
211	118	163	118
211	115	166	114
206	118	166	115
204	116	169	117
207	117	165	107
204	121	169	89
208	122	168	79
205	121	164	82
208	121	168	78
209	122	163	79
207	121	164	81
206	121	168	81
205	124	167	79
204	133	173	90
205	122	171	85
207	125	171	80
207	122	170	85
209	119	172	94
206	121	166	99
208	117	164	108
209	115	160	114
211	117	155	115
210	118	160	114
209	118	161	113
209	120	159	114
207	117	166	111
209	119	165	109
207	117	166	111
208	117	169	115
208	119	169	110
208	119	165	109
209	118	162	110
207	119	161	109
207	120	156	112
208	122	147	113
207	120	146	118
207	118	151	117
206	121	154	114
207	122	170	111
210	123	162	111
208	121	154	117
207	120	167	119
210	119	163	120
205	114	174	129
207	113	173	131
208	114	171	128
209	117	169	129
205	117	170	128
208	119	166	130
209	114	167	132
205	115	169	118
207	118	164	123
209	118	165	109
208	118	166	119
211	115	163	121
210	113	161	124
214	116	160	119
211	118	163	121
211	117	166	119
212	120	162	115
209	118	164	113
211	118	162	113
211	120	161	119
212	116	162	116
210	117	162	125
208	119	166	99
210	124	162	75
214	141	158	89
210	122	163	95
206	124	169	72
211	142	162	92
210	128	163	97
211	123	162	91
207	124	168	68
215	143	157	90
212	128	160	104
209	120	164	120
208	116	163	123
209	115	165	124
208	115	165	126
207	115	164	125
211	114	165	130
209	114	162	120
210	117	161	126
209	116	165	116
208	120	162	121
211	114	166	120
208	118	163	98
210	122	165	84
209	121	163	81
209	121	165	90
209	121	166	88
210	119	163	98
211	123	163	79
208	123	164	72
210	122	165	74
209	122	164	77
209	122	162	77
210	123	164	74
209	121	163	77
210	121	164	76
208	123	166	71
209	123	164	70
210	125	164	66
208	124	164	66
208	127	166	63
207	127	166	63
208	127	165	61
208	125	164	66
207	123	167	68
210	126	164	66
207	125	168	68
209	124	167	69
209	124	166	69
207	123	168	70
209	124	167	70
208	122	166	76
210	125	164	70
209	124	163	73
209	125	165	73
210	124	160	76
210	124	161	75
209	123	164	76
208	124	165	75
208	125	164	77
209	124	167	77
209	125	165	82
209	125	163	82
208	124	164	84
208	124	163	83
206	124	166	85
205	123	167	88
208	124	162	85
209	125	160	85
207	124	162	88
207	123	163	89
207	123	163	88
208	121	160	94
207	124	162	89
207	124	164	87
206	123	167	89
206	121	167	90
206	123	165	88
206	124	169	84
205	125	169	86
206	125	168	85
205	123	169	89
204	124	170	90
206	120	169	97
207	120	168	93
204	122	171	92
206	121	167	90
205	121	167	90
204	123	170	86
204	122	169	85
205	124	170	81
204	124	168	80
205	123	169	81
204	123	171	83
204	122	169	82
204	121	170	84
205	123	166	81
205	123	168	80
206	125	168	75
207	122	168	78
207	123	168	78
207	123	169	78
207	121	167	81
207	123	167	79
207	124	167	77
206	123	170	78
208	122	167	80
206	122	168	81
207	120	171	85
205	121	168	82
206	120	172	84
206	120	171	85
204	120	174	86
206	119	172	88
207	118	170	92
206	120	173	92
208	120	172	91
205	120	173	90
208	119	166	93
205	123	169	83
206	122	170	84
209	123	170	80
208	121	166	86
205	123	170	82
206	123	170	86
206	122	169	81
208	122	169	83
207	124	169	81
208	124	170	78
209	123	168	77
210	122	168	83
208	124	170	71
208	124	168	73
207	124	170	74
208	123	170	73
208	124	171	75
209	123	169	79
209	125	171	75
213	125	166	78
212	124	168	84
213	126	168	82
214	126	166	82
212	127	167	81
210	124	167	85
210	126	169	81
207	125	169	81
207	127	168	78
208	126	171	79
206	125	169	81
206	123	171	80
206	125	170	75
206	124	169	75
208	125	168	76
207	127	170	70
205	127	172	71
206	128	171	70
207	126	171	77
208	126	169	80
207	121	171	94
201	124	176	97
201	121	174	100
200	124	178	94
199	123	178	92
199	123	179	92
200	122	178	92
198	123	179	92
197	122	180	92
200	121	177	92
202	121	173	91
200	123	180	86
197	121	179	91
197	121	180	90
197	120	178	94
200	120	177	94
198	119	177	95
196	120	181	96
192	120	185	92
191	120	183	93
198	121	181	89
200	119	175	93
193	119	183	93
195	118	178	98
196	118	182	90
195	120	179	90
198	125	181	62
198	125	182	57
204	136	168	81
206	118	169	98
196	119	180	104
195	123	178	88
198	120	177	100
196	120	175	92
197	122	179	88
196	124	178	85
198	123	179	93
198	120	178	101
204	119	169	106
204	119	170	100
207	120	165	105
205	120	168	95
206	122	169	99
205	121	170	99
207	122	167	102
207	118	165	102
205	121	171	104
208	120	166	109
208	122	166	104
208	118	165	112
207	118	166	113
207	121	167	98
209	121	168	100
206	119	171	101
206	119	170	102
205	122	171	97
207	123	171	92
205	121	172	91
205	124	172	88
204	121	176	97
205	121	169	101
206	120	166	109
204	121	170	100
204	123	171	85
202	123	176	80
203	126	174	60
209	139	158	79
204	121	170	99
201	121	175	94
199	121	179	92
199	120	179	90
198	121	179	87
201	123	179	78
199	122	179	82
200	121	178	84
198	120	181	88
199	121	180	89
197	120	184	87
196	119	181	94
199	119	183	89
197	118	182	95
195	119	185	89
191	120	188	88
192	122	190	87
191	120	190	90
190	121	190	89
193	121	188	87
194	120	186	90
195	120	184	86
192	121	185	86
191	124	189	78
186	121	192	88
190	121	191	89
190	122	186	88
192	124	188	86
194	123	184	86
196	122	183	85
193	123	185	84
194	125	182	76
195	126	181	81
195	124	182	82
194	127	178	71
195	127	180	76
196	123	174	90
193	123	179	88
192	124	182	83
194	126	177	79
194	121	177	103
195	125	174	87
196	122	176	93
195	123	179	85
195	122	178	95
200	123	172	82
198	126	175	73
199	129	171	71
198	126	176	74
197	125	178	75
199	125	174	79
199	126	174	75
198	124	177	77
199	123	175	78
200	123	176	77
202	122	173	77
199	122	176	77
201	121	173	84
200	121	178	79
202	126	173	71
201	123	175	78
201	122	175	78
201	123	176	77
201	124	174	73
201	122	174	79
201	124	174	73
201	123	176	77
199	122	176	80
199	124	179	76
202	121	173	81
202	122	176	82
204	121	175	83
202	122	176	85
202	123	180	82
204	124	175	81
203	122	177	84
202	122	179	84
204	121	181	85
204	123	186	81
205	124	186	79
203	123	195	73
202	124	196	67
202	123	190	64
201	124	195	66
202	122	196	65
202	122	194	64
202	124	195	61
200	124	201	63
201	123	194	64
201	124	191	60
204	127	185	53
203	126	186	56
204	124	187	64
203	125	185	61
203	125	186	63
204	123	186	68
203	126	188	65
203	124	185	69
205	126	183	61
203	124	185	67
203	125	185	66
203	125	184	68
204	126	183	69
203	124	185	76
205	124	182	81
208	124	177	78
205	125	180	75
206	124	178	81
208	120	176	100
205	119	181	104
207	118	175	104
209	121	175	100
208	119	173	104
209	119	171	100
207	120	173	99
207	117	176	106
207	118	172	108
208	119	170	105
209	121	168	100
206	117	170	113
207	120	167	112
208	120	166	108
207	120	168	109
207	119	168	108
208	121	166	100
207	122	170	96
209	121	168	98
205	123	174	91
206	122	174	87
206	121	172	87
206	121	172	89
206	121	178	91
205	124	172	86
207	122	168	94
205	123	175	93
206	123	177	97
205	123	173	96
205	121	173	100
207	121	169	100
205	122	169	102
208	122	169	100
207	118	167	113
206	119	170	107
205	123	170	101
208	120	167	102
204	121	173	101
207	120	168	104
206	122	168	101
207	123	168	99
206	119	165	113
206	120	171	103
204	120	172	107
206	120	171	108
208	120	167	108
206	121	171	107
206	121	169	106
206	118	170	108
205	118	170	113
205	120	172	108
205	120	169	107
205	121	171	103
207	118	169	109
205	122	171	102
206	120	170	104
203	122	174	100
206	121	171	98
205	123	175	92
204	123	174	88
205	122	173	90
203	121	175	91
205	122	173	94
204	122	172	89
205	123	173	82
204	124	175	74
207	123	172	78
205	120	172	85
207	122	173	80
207	122	172	83
207	120	173	90
207	121	174	89
207	120	175	91
205	121	175	96
207	119	174	99
208	120	174	98
205	119	178	104
207	119	176	97
206	121	175	96
206	119	173	99
208	119	170	99
206	122	176	90
204	121	179	96
207	121	173	92
206	124	175	84
205	122	174	89
206	123	173	85
207	122	169	92
205	120	171	98
209	123	166	94
205	121	168	95
206	124	170	88
204	122	174	92
206	123	168	91
204	123	171	91
204	124	174	87
204	123	170	90
205	122	172	92
205	122	171	93
207	123	170	93
207	124	166	88
207	124	168	91
207	123	166	92
205	124	171	90
205	125	169	87
205	123	173	87
204	123	170	84
207	121	173	90
202	121	176	88
204	120	176	87
204	121	175	87
204	123	173	82
204	124	172	83
205	125	173	79
205	125	171	82
205	122	173	84
204	123	172	82
204	122	172	83
204	121	173	82
204	123	176	78
205	124	172	77
205	124	171	75
205	124	175	72
205	125	175	73
207	124	173	74
205	123	175	77
205	122	174	80
205	123	174	79
205	122	175	83
205	122	178	85
204	123	176	83
205	121	177	85
204	122	177	82
206	120	177	85
206	122	175	82
209	122	175	80
207	122	174	81
210	121	175	83
208	120	174	89
207	121	175	88
207	121	176	85
207	121	175	78
208	122	175	77
208	122	174	81
207	120	175	88
207	121	176	85
207	121	176	80
209	121	174	82
209	121	173	89
207	124	176	87
206	123	178	79
207	124	176	76
213	122	166	97
207	122	177	95
209	121	172	94
205	122	177	103
210	121	174	95
207	122	174	96
211	123	174	85
209	125	174	70
207	125	174	76
209	124	172	76
210	124	172	76
210	123	172	80
209	122	173	82
210	123	173	81
209	124	173	77
209	124	172	78
207	124	175	79
208	124	172	81
211	124	172	80
211	124	168	80
210	123	169	81
207	124	172	78
209	123	169	82
209	123	173	80
208	122	173	80
206	122	170	81
206	120	171	84
209	123	173	72
206	124	173	75
206	120	175	81
206	121	174	81
210	122	167	80
214	121	168	86
208	123	170	80
208	122	173	81
208	125	173	70
210	127	169	58
209	124	173	63
208	127	175	58
208	123	174	68
207	125	174	67
208	124	174	75
198	123	180	85
202	122	185	81
201	122	181	91
197	123	181	87
200	121	179	91
203	125	182	87
202	124	178	87
199	122	179	87
202	120	177	92
197	120	180	94
203	118	176	99
198	120	177	102
203	119	174	106
206	117	167	108
201	120	170	109
207	122	165	98
206	117	163	110
205	121	166	100
205	117	161	107
206	117	158	107
203	116	155	110
202	116	160	107
201	117	159	110
196	119	162	101
199	119	159	105
199	117	157	108
198	119	160	95
198	119	163	91
198	121	162	85
195	122	167	88
196	123	168	85
194	119	168	104
195	117	168	113
193	114	167	113
191	115	165	113
190	113	163	118
187	113	163	118
184	116	162	110
177	113	164	113
174	118	161	103
166	120	165	96
162	121	162	84
156	121	167	86
152	123	170	84
149	122	168	83
147	126	172	77
145	122	171	80
148	126	171	73
149	121	169	77
147	129	172	66
148	123	169	73
149	118	167	79
155	118	168	77
154	119	171	76
155	116	178	81
159	118	174	77
163	116	182	80
166	117	183	79
169	116	182	80
171	116	183	78
175	118	178	67
176	122	180	60
178	124	178	55
182	122	179	58
182	121	177	63
187	121	173	61
187	121	171	62
192	121	167	60
192	121	167	54
193	122	164	50
196	123	161	43
212	142	151	63
197	121	161	61
209	124	159	66
188	123	171	76
213	123	152	96
197	120	168	108
210	124	154	141
208	99	154	148
199	123	168	143
191	82	178	162
193	94	179	174
205	121	167	147
200	88	174	160
200	85	169	187
207	90	164	177
200	106	171	164
209	48	152	187
195	47	166	171
197	112	175	157
204	52	158	207
199	48	164	222
196	47	162	242
193	50	167	292
189	53	159	307
187	40	162	330
186	44	156	313
187	43	159	314
173	37	172	324
178	38	153	317
173	22	147	350
173	36	135	332
170	45	143	318
166	48	132	318
163	39	127	332
165	35	113	334
163	27	104	346
156	27	111	342
146	45	129	325
148	42	122	322
104	13	146	328
101	43	152	326
89	41	163	316
69	77	179	294
63	52	180	314
55	60	185	305
45	29	197	314
38	55	196	318
37	79	197	283
32	54	199	307
29	65	196	305
21	76	206	291
