124	95	246	134
124	97	245	132
125	97	250	136
124	96	256	138
127	99	246	138
127	99	242	137
127	101	238	135
123	100	254	139
125	101	250	138
124	102	242	138
117	99	253	140
113	109	255	132
117	107	250	134
114	110	246	132
108	110	249	134
107	114	242	135
105	118	241	132
104	120	236	132
96	127	239	130
95	128	240	130
100	134	223	123
92	138	237	123
93	139	235	121
97	145	226	114
90	144	237	118
86	141	241	122
86	141	244	123
89	143	231	117
91	141	235	116
94	141	230	115
93	134	234	121
90	135	241	121
93	132	235	120
96	131	233	122
92	130	243	120
98	127	230	122
100	123	236	121
102	124	228	117
107	126	228	113
106	117	229	121
110	118	223	115
112	115	226	119
105	110	235	127
113	113	217	118
116	111	221	118
116	113	217	112
114	105	227	119
116	106	226	118
118	103	221	120
119	106	229	116
118	104	223	121
125	105	219	118
123	106	223	116
125	106	216	116
120	103	226	122
121	105	228	118
122	102	224	118
128	102	217	120
126	103	219	118
131	106	210	113
129	103	217	116
133	102	208	118
133	104	208	112
133	104	215	120
135	102	208	116
141	104	197	116
137	105	205	114
145	104	194	116
145	103	194	118
149	103	191	117
148	102	195	117
151	104	191	114
155	100	187	117
160	106	181	113
160	100	184	118
164	104	174	116
164	103	177	114
170	102	167	119
171	103	171	116
174	102	168	117
177	103	161	117
178	104	162	118
180	105	153	117
186	105	146	115
185	103	149	119
185	102	153	119
187	104	138	120
192	105	135	118
190	107	134	119
193	107	129	118
192	108	133	118
194	112	117	114
196	112	113	117
196	112	116	117
196	113	110	117
197	114	112	118
199	114	100	117
201	113	90	121
203	115	85	119
205	121	80	115
207	119	76	119
207	121	71	120
209	123	67	121
268	117	56	132
211	123	59	124
262	119	49	131
259	119	47	132
255	121	50	132
253	120	49	135
251	124	45	133
245	123	46	137
238	128	51	135
237	126	50	134
232	126	49	137
228	125	50	135
226	129	49	134
221	126	54	133
215	126	58	136
210	126	63	136
205	125	70	139
201	126	79	135
197	126	91	137
191	126	100	135
189	124	103	136
188	123	104	138
186	123	109	137
183	124	118	132
179	120	125	139
177	123	124	133
174	121	132	135
181	127	124	129
179	125	129	126
174	128	136	125
174	128	142	125
172	127	141	128
170	127	149	125
168	129	152	123
169	127	156	120
166	127	156	122
165	124	163	126
164	126	167	121
157	128	173	121
159	124	170	123
159	126	175	121
162	131	173	111
159	128	177	115
159	128	176	118
158	128	181	112
154	127	190	123
157	127	180	118
160	132	176	109
156	131	183	112
155	128	183	115
156	130	181	112
152	130	184	115
156	128	177	113
153	131	183	118
154	131	179	112
153	132	177	113
150	126	183	120
154	131	175	114
152	128	180	117
149	129	184	119
158	138	172	103
151	132	179	110
151	133	178	116
153	133	172	114
149	128	176	123
149	130	181	114
149	132	185	119
148	134	179	116
151	134	173	116
146	133	181	125
150	138	181	115
147	142	187	119
150	147	175	110
141	145	198	124
143	144	195	120
146	151	186	118
144	156	190	112
145	157	193	112
139	158	206	113
147	162	190	109
142	161	198	112
141	163	200	109
142	167	197	105
139	166	196	109
137	166	199	110
138	168	199	109
135	169	206	110
136	169	200	112
132	169	209	110
136	168	195	112
129	171	206	119
131	176	209	108
129	178	216	110
130	178	213	111
127	176	219	117
130	177	214	117
132	180	205	112
131	180	211	117
131	182	210	120
133	182	205	113
134	187	204	110
134	187	204	112
134	185	207	119
138	190	198	112
133	189	207	117
132	191	207	114
140	195	197	109
136	195	201	111
138	195	198	111
136	198	202	115
140	202	193	102
138	202	202	107
139	204	197	105
140	202	199	109
145	205	192	104
139	205	201	106
142	203	199	109
138	203	209	110
140	205	207	108
144	207	197	103
145	206	202	104
146	207	194	102
146	210	198	101
145	205	200	106
149	208	198	104
147	207	202	106
151	210	196	100
147	209	201	104
149	208	198	104
152	213	193	98
148	214	199	99
150	213	195	100
150	218	198	93
150	214	197	102
151	215	194	100
151	216	198	104
151	217	199	97
153	218	197	103
151	218	199	102
160	223	191	98
150	223	203	99
155	225	197	93
152	221	207	103
147	224	213	104
155	227	201	97
162	227	194	94
157	224	202	99
157	226	204	97
159	227	201	95
157	225	205	99
156	228	202	94
163	226	197	95
154	226	204	96
161	222	199	103
172	226	188	96
164	224	197	101
164	225	198	98
161	225	205	96
164	226	203	93
173	227	192	91
170	224	196	95
166	222	204	97
171	227	198	91
168	224	199	96
166	224	201	95
176	225	189	90
166	225	205	93
161	220	213	101
157	224	217	94
162	223	213	94
158	225	216	91
161	219	216	97
168	219	205	95
164	223	215	87
168	220	206	89
175	216	195	97
170	216	206	91
167	212	210	93
177	212	193	99
176	202	199	114
178	199	200	102
170	166	214	126
173	153	206	140
171	153	211	141
177	148	200	151
176	151	202	148
180	146	194	153
173	146	207	155
179	143	200	179
179	134	195	220
179	132	193	230
177	131	201	226
173	131	203	231
172	131	200	225
171	124	203	241
168	121	209	238
174	129	198	237
173	128	203	233
175	126	201	244
173	128	201	237
171	123	207	238
170	125	204	238
168	124	206	237
172	127	199	231
175	127	198	238
172	125	201	237
181	127	192	237
176	124	199	241
177	122	195	242
174	128	199	230
174	130	203	235
182	125	191	235
174	124	201	239
168	124	203	236
177	126	192	238
172	119	199	243
184	125	188	244
180	120	193	242
178	127	196	233
180	115	190	248
181	118	188	245
183	118	186	242
178	115	188	249
172	116	193	245
179	115	186	247
165	116	202	242
164	112	196	252
176	119	188	243
172	103	188	259
173	105	184	253
176	112	180	249
174	102	179	259
169	111	188	249
184	109	169	250
171	101	180	260
170	107	184	250
172	107	178	237
168	108	178	250
163	107	182	237
168	108	172	230
175	110	161	215
185	105	144	203
180	110	152	197
177	107	151	196
179	106	152	197
174	111	153	193
178	110	148	189
176	102	149	201
170	99	156	207
182	105	148	191
181	96	146	204
190	97	131	199
189	95	136	200
192	87	131	209
196	86	122	205
195	92	121	198
191	87	129	202
194	85	120	202
194	77	121	208
190	74	122	212
190	76	129	206
189	74	126	202
190	70	130	204
182	73	146	198
189	72	136	199
191	67	137	209
191	69	137	203
193	69	137	201
191	69	142	199
196	66	138	202
193	65	145	202
188	67	152	196
189	67	151	199
191	71	149	192
198	70	145	188
198	71	145	193
196	68	149	194
189	69	160	188
186	67	161	186
185	68	163	186
183	65	171	187
181	74	171	174
221	62	140	197
202	65	159	193
199	71	160	176
196	70	161	184
192	67	177	183
195	69	167	176
240	62	132	186
251	65	122	190
246	69	127	183
233	67	142	189
218	66	161	185
207	72	172	172
244	63	141	186
239	70	148	179
236	68	152	178
223	66	170	184
218	71	174	175
218	69	181	178
221	73	179	172
227	71	175	176
229	75	174	170
243	74	166	171
244	73	167	172
244	74	164	173
248	72	168	175
255	73	163	173
266	73	152	172
273	72	148	171
277	73	147	176
255	80	171	161
258	75	172	171
274	94	151	149
262	78	168	171
277	79	155	170
282	78	148	173
280	80	155	168
282	77	154	175
284	78	156	173
292	84	152	163
282	83	162	168
289	82	159	172
293	87	158	167
284	86	172	167
294	87	164	167
289	88	173	164
297	90	164	164
290	90	172	165
298	90	171	168
294	88	176	172
295	91	178	170
294	91	185	170
305	92	171	169
289	93	196	167
305	92	183	175
308	92	178	171
297	91	194	173
315	95	174	169
306	94	185	169
309	96	186	167
314	94	179	167
314	96	180	167
308	94	188	168
318	95	178	168
319	92	179	174
320	99	176	163
320	94	179	166
319	94	181	171
322	95	179	165
325	94	174	169
324	95	180	166
318	96	184	164
326	101	179	155
319	97	186	160
331	94	172	165
327	96	176	164
329	95	176	165
333	96	172	162
333	97	173	163
333	91	179	169
323	94	190	163
333	95	180	163
336	94	176	166
335	93	177	165
335	97	179	164
336	96	179	166
342	96	180	164
342	97	181	164
339	98	189	162
345	97	184	165
348	98	185	162
352	100	183	160
349	99	187	163
353	96	190	167
359	98	181	159
354	98	192	165
361	99	187	158
358	99	192	162
358	97	200	161
361	102	192	155
364	99	195	163
369	103	198	155
368	103	196	156
371	97	197	165
377	101	194	159
374	102	202	162
378	102	200	161
379	104	201	156
379	104	204	161
383	111	204	147
383	104	207	160
388	104	202	160
388	104	204	163
388	103	206	160
387	103	207	161
386	104	213	160
395	112	204	151
392	104	205	164
395	109	203	158
395	107	205	156
393	105	207	159
395	108	206	161
399	106	206	160
394	106	215	163
399	108	209	152
396	109	215	158
400	106	209	162
397	102	217	173
392	104	223	191
394	103	219	195
379	101	246	254
392	96	220	261
390	96	224	265
379	89	237	287
395	86	214	287
381	67	232	292
392	108	224	267
378	91	242	273
387	94	229	264
389	95	230	258
393	104	224	255
384	86	232	258
383	107	241	256
380	88	235	273
392	104	224	257
393	92	217	222
394	100	218	258
380	77	230	246
377	97	237	260
389	106	223	255
377	83	232	283
383	102	225	260
392	91	208	238
378	102	227	258
365	79	240	262
384	97	214	263
378	79	211	268
383	95	225	266
376	95	221	260
377	102	219	269
378	95	216	263
380	92	218	266
378	94	222	265
375	89	221	266
371	96	220	269
366	72	229	290
377	98	210	259
364	95	224	261
361	89	228	275
360	96	221	263
357	86	227	268
355	102	227	262
354	92	223	259
358	90	219	266
351	93	220	258
348	97	213	259
347	95	224	262
344	86	208	261
347	95	208	265
340	90	203	261
340	91	218	270
335	89	206	263
335	87	208	266
335	90	199	261
333	91	204	270
332	90	191	256
332	92	190	266
329	93	186	257
326	94	193	263
330	93	177	258
326	91	183	263
326	91	190	262
322	94	183	263
317	87	196	262
314	89	189	272
316	95	182	271
313	93	181	272
310	96	189	278
310	90	188	269
308	87	168	266
310	92	176	272
308	90	165	270
311	91	169	268
312	91	153	266
309	89	166	271
308	95	160	262
311	91	155	269
308	89	156	267
308	92	153	265
309	90	150	267
304	91	156	265
299	93	160	259
301	94	153	261
305	92	143	265
301	93	147	264
302	95	140	268
297	92	149	244
299	97	140	261
296	93	139	253
299	97	134	262
292	94	144	261
285	96	148	245
281	97	150	238
278	99	149	242
279	100	143	219
266	101	156	180
266	103	152	181
260	104	155	181
268	109	143	172
256	107	153	170
263	106	146	176
264	108	141	176
269	109	135	173
255	113	151	164
251	108	151	175
249	106	149	178
257	112	139	172
260	115	134	170
258	115	134	177
257	115	133	173
257	120	130	172
253	122	136	168
251	119	133	173
248	115	135	181
251	116	127	181
246	121	133	176
250	123	125	170
250	120	121	174
246	120	122	173
244	119	121	176
240	120	125	176
240	121	118	174
236	121	121	177
232	122	124	175
223	122	129	174
211	121	140	177
220	118	128	182
219	121	128	178
214	121	130	179
215	122	128	176
197	119	141	179
206	118	130	177
207	120	123	174
202	120	132	169
201	124	128	167
197	118	135	173
191	120	137	174
194	121	126	169
194	120	125	170
193	121	124	166
187	120	129	170
181	118	134	168
175	119	138	171
176	119	133	170
179	118	132	172
175	119	131	174
169	116	136	178
165	118	136	175
166	115	136	176
173	118	127	172
175	118	121	171
163	117	132	174
165	116	127	170
167	117	125	169
168	118	119	167
172	117	113	170
166	117	118	170
166	117	115	170
165	118	115	169
162	119	117	162
168	119	107	168
168	117	106	174
167	118	104	170
166	119	104	168
158	115	115	170
167	119	102	167
167	118	102	168
162	117	108	170
160	120	110	166
158	118	115	168
156	119	117	169
148	120	130	161
149	118	126	165
145	117	133	169
148	117	130	164
146	116	131	165
143	117	135	164
144	116	133	169
141	118	136	162
140	117	137	162
142	120	135	150
139	119	137	160
135	117	144	160
137	122	141	152
140	121	136	161
137	120	142	159
140	118	137	162
135	119	145	159
135	120	140	159
133	121	145	155
131	123	148	150
129	123	150	149
130	123	152	145
130	122	149	152
129	122	155	144
131	123	154	149
129	123	151	143
132	120	152	154
128	124	158	135
128	123	159	138
125	125	163	131
123	126	169	131
127	125	161	126
127	125	163	131
126	124	167	137
124	126	168	121
125	125	171	129
127	124	166	125
122	125	177	121
122	124	176	124
121	123	182	132
120	126	183	122
123	126	175	120
125	127	176	120
124	127	171	118
122	126	177	125
124	126	178	127
121	129	176	118
120	128	179	120
120	129	178	113
122	132	168	106
121	131	167	108
118	132	175	106
115	133	183	106
118	132	178	106
115	130	179	110
117	131	177	105
115	131	170	106
115	133	175	101
111	133	188	106
112	134	186	106
113	133	181	104
111	131	185	109
115	134	172	101
108	130	189	117
108	133	192	111
113	131	183	122
114	133	178	114
112	134	181	112
114	134	180	115
106	135	195	113
107	134	191	115
109	135	189	111
114	137	171	111
107	133	184	120
111	137	175	107
107	135	182	116
110	137	175	112
111	139	170	108
106	135	181	113
110	140	172	108
110	141	169	105
104	145	178	98
101	146	182	100
96	143	192	106
104	147	171	100
99	143	180	106
101	145	173	103
94	141	189	108
98	142	176	107
102	145	170	104
99	145	170	101
101	149	172	98
91	148	183	99
93	149	177	98
93	153	178	92
91	150	179	95
88	152	181	92
89	153	179	91
89	151	177	94
88	154	177	90
92	152	172	94
83	152	184	93
88	156	176	90
87	159	175	84
86	158	177	86
85	159	180	84
85	153	180	93
80	152	186	92
87	159	177	82
84	163	181	75
86	170	186	66
82	169	190	67
79	165	194	74
84	167	181	71
82	165	192	74
81	162	189	76
86	172	180	65
84	170	187	68
82	167	193	72
87	165	180	73
84	162	192	76
90	164	181	74
91	168	187	66
87	167	194	69
90	164	188	74
91	161	190	76
94	159	183	76
96	165	185	69
95	162	189	70
96	154	190	79
100	146	185	87
102	154	185	80
104	153	185	77
105	149	185	80
106	151	185	79
111	153	182	77
106	150	190	79
112	152	183	77
112	151	188	77
116	150	184	79
113	149	184	80
110	153	189	74
114	150	191	77
109	151	196	74
111	151	195	73
121	149	184	71
114	148	193	72
116	149	190	71
120	146	187	70
120	146	192	69
119	150	191	66
118	148	196	66
123	147	187	68
125	145	192	66
122	146	188	70
122	143	194	70
134	142	181	74
131	141	182	75
137	145	175	69
130	144	183	71
133	142	182	70
136	144	176	70
137	142	178	74
140	142	174	75
131	141	182	78
132	141	181	80
124	142	190	80
129	142	186	84
130	148	187	81
132	142	183	89
130	148	188	84
130	140	188	93
130	143	190	91
131	140	188	93
133	142	185	91
129	148	191	86
126	146	193	87
130	141	187	93
132	143	186	93
122	149	196	84
124	140	194	94
123	146	195	88
123	153	194	82
127	141	190	95
125	146	191	89
125	160	187	76
122	157	192	82
125	153	190	85
120	153	196	84
125	159	192	78
125	163	187	77
121	161	193	79
122	161	190	81
119	158	195	84
109	156	206	87
115	147	201	98
111	155	205	86
114	156	201	86
116	155	200	87
121	158	193	84
121	154	193	89
126	156	188	86
127	161	187	82
128	160	184	83
127	160	184	83
128	159	183	86
125	156	188	91
127	154	187	91
128	152	186	91
128	149	188	96
131	150	184	99
131	150	182	93
132	154	184	88
135	156	179	85
133	157	182	81
133	159	183	81
136	155	178	87
135	156	178	86
139	158	175	80
138	158	174	82
140	157	171	86
138	157	175	85
140	158	172	83
138	156	177	85
137	155	179	86
141	155	174	87
139	157	178	83
137	155	178	86
139	153	177	90
140	154	174	88
140	154	175	88
139	154	176	90
138	157	178	86
138	155	174	87
139	152	172	94
139	152	173	92
139	153	171	92
138	153	172	92
139	154	174	90
138	156	172	86
142	157	168	86
138	155	174	90
141	156	167	90
139	153	170	95
140	154	165	93
139	157	169	86
136	156	171	92
140	158	167	86
135	157	176	91
135	156	177	93
138	158	168	89
138	158	167	90
138	154	167	95
141	157	167	89
137	159	176	89
140	157	163	90
139	159	168	88
139	158	169	91
139	153	167	95
141	155	170	94
138	155	169	91
141	154	169	94
140	156	166	90
140	155	170	95
141	156	170	92
140	155	168	94
140	158	171	89
140	159	168	88
140	160	171	86
145	160	167	85
144	158	168	92
144	156	170	94
147	155	165	96
147	156	166	98
147	156	167	98
148	155	167	99
146	156	171	100
150	160	168	97
152	156	167	105
151	160	167	97
152	158	170	104
154	165	169	94
156	171	167	90
154	175	172	85
156	170	175	90
158	170	171	92
158	167	174	95
158	164	176	99
161	165	173	97
163	167	171	96
161	167	177	95
164	165	175	98
167	169	169	94
172	169	168	96
174	169	166	94
168	174	176	91
175	173	167	92
180	177	164	85
176	178	170	87
179	177	170	86
179	178	171	89
183	178	169	89
182	180	172	87
186	178	167	88
187	179	169	89
187	181	166	84
183	180	175	86
184	178	173	89
195	179	164	88
192	181	167	84
191	182	167	83
193	181	167	86
194	182	165	83
198	183	160	84
197	182	161	83
192	181	172	88
200	181	158	86
200	179	162	93
204	181	152	89
201	185	155	87
199	184	158	86
203	182	157	90
206	183	150	89
213	188	139	81
205	182	151	95
204	188	149	83
201	186	155	88
204	186	151	85
209	185	147	92
209	186	146	89
208	185	146	91
217	187	136	91
226	186	127	90
215	181	137	97
221	188	130	89
215	183	138	97
226	186	125	93
224	184	123	96
216	183	132	100
232	180	117	102
224	179	117	105
234	177	109	106
223	177	115	107
227	181	109	101
230	180	107	102
215	179	122	106
219	169	121	118
216	148	126	139
214	144	126	145
214	142	123	146
214	136	124	151
216	135	122	152
216	131	124	161
213	136	130	152
212	141	127	147
211	141	126	148
216	137	124	150
213	135	126	152
214	131	121	155
209	168	124	122
217	181	99	105
217	183	94	101
220	181	88	102
218	180	89	105
222	182	78	101
224	178	74	106
222	181	80	105
223	177	73	109
221	175	78	112
222	181	74	104
221	178	76	110
222	177	74	110
221	175	76	113
221	176	75	112
222	172	75	115
229	174	63	111
234	173	57	111
229	167	65	119
226	170	70	117
218	169	83	118
216	163	87	126
224	144	78	147
226	142	83	145
226	138	95	145
223	160	98	141
220	155	111	129
218	149	115	135
218	153	115	134
220	153	115	131
215	158	122	127
218	157	122	123
206	160	132	124
209	159	133	120
202	162	138	117
208	162	134	112
202	161	138	117
206	158	136	118
208	163	133	107
209	160	128	118
198	160	144	110
194	155	148	120
201	151	142	122
197	160	146	110
196	155	151	116
193	159	152	110
197	168	152	103
199	165	152	103
200	158	150	114
194	154	159	117
195	161	158	108
195	160	160	109
197	165	155	104
199	159	157	112
195	159	162	112
193	157	166	112
196	159	163	112
198	160	162	110
197	164	162	105
197	159	164	111
196	158	167	112
194	167	172	103
197	160	162	111
199	160	161	106
198	169	165	96
196	168	168	99
199	163	165	106
193	160	174	109
196	164	168	102
194	158	174	109
195	162	170	103
193	154	175	114
194	156	176	111
196	160	172	105
196	153	169	116
196	153	169	112
195	164	175	99
192	157	177	108
193	151	176	116
189	165	181	100
198	154	170	114
196	160	173	106
194	169	173	95
192	174	177	89
189	184	174	74
191	183	176	75
189	184	179	76
192	180	176	80
191	180	176	81
191	179	179	83
190	181	178	80
192	180	179	80
191	178	177	83
193	172	181	91
188	169	180	94
189	165	184	99
187	166	184	96
191	158	179	103
195	157	176	104
192	150	179	115
191	145	181	118
192	143	180	125
195	127	175	143
190	116	181	147
198	144	175	147
191	137	187	137
189	122	192	149
189	114	186	157
199	107	175	164
196	104	178	163
202	140	171	147
197	112	177	176
200	109	173	177
198	101	177	186
209	103	161	170
201	144	169	168
201	134	172	189
201	120	168	193
203	114	171	178
206	105	167	179
204	105	170	172
207	102	165	180
210	102	160	171
206	138	163	173
209	122	156	169
206	114	160	180
216	109	143	175
212	104	147	176
212	144	145	191
206	113	152	169
211	101	152	182
199	146	160	169
199	147	163	152
209	154	146	132
207	155	153	131
204	154	160	137
204	154	154	135
208	156	152	136
206	153	153	142
211	150	149	143
210	156	147	132
210	158	149	133
215	159	143	130
211	155	147	137
213	154	144	138
212	159	144	132
209	156	145	136
211	157	145	137
211	156	144	139
213	155	145	140
211	155	146	142
211	153	145	142
210	154	145	138
205	152	156	138
204	156	156	135
204	150	158	141
184	133	180	156
190	131	170	154
184	132	181	150
186	128	178	149
181	125	182	160
188	120	174	156
181	122	182	167
187	115	177	171
184	110	182	178
189	115	173	164
192	114	174	172
183	113	181	177
187	100	182	199
194	92	170	206
198	92	167	195
187	148	174	209
193	100	174	196
198	100	168	186
174	143	188	218
202	92	167	204
205	82	160	203
194	145	169	212
198	84	165	208
192	115	172	176
194	122	170	166
191	109	172	181
195	101	168	187
214	84	145	201
211	151	152	210
214	86	142	204
211	151	150	208
208	87	152	198
212	154	156	206
215	101	148	188
207	84	159	201
202	151	168	192
198	80	168	213
205	74	157	226
211	73	150	214
205	148	153	216
210	76	152	224
209	77	153	224
207	76	158	225
195	131	171	230
194	100	179	205
203	99	172	199
205	105	174	194
213	79	166	222
219	153	159	208
206	110	179	192
205	99	187	201
210	84	186	215
210	77	191	227
201	165	195	195
219	88	183	217
220	81	188	221
233	159	175	199
223	77	189	227
244	153	172	202
235	88	180	213
248	165	173	184
240	98	183	205
240	75	188	247
239	73	201	240
240	73	206	252
249	89	176	247
249	79	189	251
241	71	198	268
252	72	183	270
253	72	175	270
253	70	175	273
250	72	181	276
255	73	188	277
260	73	176	283
253	71	203	265
254	89	192	267
264	81	169	277
270	79	178	276
262	73	185	288
269	72	177	290
270	81	177	261
271	82	172	274
273	72	173	285
276	77	166	286
272	92	181	265
266	111	194	245
268	131	193	231
275	138	186	226
276	145	184	217
278	141	186	222
278	144	194	217
279	140	202	215
276	139	204	220
280	142	206	218
275	139	214	218
277	136	215	217
283	156	209	199
275	145	220	208
278	145	217	204
279	141	215	216
276	144	222	213
280	152	218	197
274	142	226	205
284	142	216	209
279	145	224	203
281	139	221	210
278	143	232	205
286	138	228	210
285	145	228	210
286	139	230	210
285	139	232	212
282	132	238	218
282	142	242	206
285	141	241	210
294	144	234	204
282	132	241	215
287	143	241	208
286	141	243	209
286	139	244	209
289	144	239	204
287	136	239	210
286	139	242	207
285	138	242	209
283	135	250	208
289	129	244	219
284	133	247	211
286	128	249	219
290	134	229	215
289	123	240	224
288	131	251	220
286	131	247	219
284	124	257	223
295	122	248	229
285	115	269	239
291	114	255	236
291	121	252	230
293	127	229	229
301	129	197	232
301	130	201	231
305	121	194	237
309	130	191	235
300	126	203	230
299	135	199	229
299	129	199	226
297	130	204	234
294	130	210	227
293	133	205	221
291	130	206	226
290	135	212	222
289	135	214	213
300	139	197	219
292	135	208	217
292	140	209	219
