1.00
1.00
0.97
0.97
0.97
0.97
0.95
0.96
0.94
0.91
0.92
0.90
0.91
0.88
0.84
0.85
0.81
0.79
0.82
0.81
0.77
0.82
0.83
0.81
0.83
0.84
0.87
0.84
0.83
0.77
0.78
0.77
0.76
0.75
0.79
0.77
0.79
0.79
0.75
0.76
0.77
0.82
0.79
0.78
0.76
0.76
0.76
0.75
0.75
0.77
0.73
0.78
0.77
0.78
0.77
0.77
0.80
0.78
0.78
0.78
0.78
0.85
0.83
0.80
0.80
0.79
0.72
0.75
0.72
0.76
0.74
0.76
0.79
0.78
0.77
0.75
0.78
0.75
0.78
0.77
0.76
0.89
0.86
0.89
0.85
0.88
0.82
0.79
0.77
0.76
0.79
0.82
0.81
0.85
0.84
0.84
0.85
0.82
0.80
0.78
0.80
0.82
0.87
0.88
0.85
0.84
0.86
0.85
0.84
0.84
0.80
0.81
0.77
0.83
0.82
0.85
0.89
0.86
0.85
0.82
0.84
0.86
0.90
0.90
0.91
0.87
0.89
0.90
0.85
0.86
0.81
0.86
0.84
0.86
0.87
0.84
0.91
0.88
0.88
0.87
0.81
0.84
0.82
0.78
0.77
0.75
0.74
0.70
0.70
0.68
0.59
0.59
0.57
0.54
0.54
0.51
0.52
0.50
0.48
0.52
0.47
0.51
0.50
0.47
0.41
0.36
0.39
0.36
0.36
0.31
0.29
0.29
0.32
0.39
0.35
0.35
0.33
0.34
0.34
0.37
0.33
0.68
0.63
0.62
0.64
0.60
0.61
0.60
0.60
0.62
0.64
0.62
0.65
0.67
0.69
0.66
0.72
0.76
0.76
0.75
0.75
0.88
0.87
0.91
0.90
0.92
0.93
0.90
0.92
0.90
0.86
0.93
0.86
0.96
0.92
0.95
0.95
0.87
0.91
0.93
0.84
0.89
0.87
0.88
0.87
0.86
0.85
0.80
0.82
0.82
0.77
0.79
0.77
0.76
0.79
0.76
0.78
0.75
0.77
0.76
0.74
0.76
0.78
0.78
0.77
0.74
0.76
0.77
0.72
1.00
0.99
0.97
1.00
1.01
0.96
0.98
0.99
0.97
0.95
0.97
0.96
0.96
1.00
1.02
1.02
1.02
1.05
1.00
1.03
1.02
0.98
1.02
1.02
1.01
0.99
1.00
0.97
0.92
0.90
0.92
0.92
0.92
0.93
0.92
0.90
0.91
0.88
0.84
0.87
0.88
0.87
0.88
0.86
0.86
0.86
0.85
0.83
0.86
0.83
0.80
0.76
0.83
0.76
0.81
0.80
0.79
0.81
0.80
0.77
0.75
0.74
0.71
0.67
0.67
0.64
0.65
0.65
0.64
0.63
0.62
0.62
0.70
0.67
0.64
0.63
0.65
0.62
0.63
0.60
0.60
0.53
0.47
0.44
0.46
0.45
0.42
0.42
0.41
0.39
0.49
0.45
0.42
0.39
0.38
0.38
0.39
0.39
0.43
0.44
0.45
0.43
0.56
0.53
0.53
0.55
0.57
0.60
0.58
0.62
0.65
0.67
0.86
0.90
0.89
0.87
0.89
0.88
0.91
0.92
0.91
0.93
0.91
0.90
0.94
0.95
0.96
0.92
0.91
0.89
0.87
0.88
0.86
0.89
0.87
0.88
0.87
0.88
0.88
0.88
0.87
0.91
0.92
0.95
0.99
1.03
1.03
1.05
1.08
1.06
1.10
1.06
0.99
1.02
1.02
1.01
1.03
1.02
0.99
1.03
0.99
0.97
0.97
0.93
0.92
0.96
0.94
0.95
0.94
0.94
0.92
0.91
0.90
0.89
0.89
0.87
0.84
0.81
0.79
0.83
0.86
0.89
0.83
0.79
0.80
0.82
0.76
0.78
0.79
0.75
0.71
0.69
0.79
0.80
0.80
0.80
0.78
0.79
0.75
0.70
0.62
0.48
0.52
0.46
0.49
0.56
0.54
0.49
0.52
0.55
0.54
0.51
0.78
0.72
0.75
0.75
0.79
0.75
0.77
0.76
0.73
0.77
0.81
0.80
0.80
0.72
0.70
0.71
0.71
0.66
0.68
0.68
0.78
0.80
0.79
0.73
0.70
0.68
0.61
0.68
0.70
0.61
0.64
0.62
0.55
0.58
0.63
0.56
0.53
0.53
0.49
0.44
0.55
0.54
0.54
0.53
0.52
0.44
0.53
0.53
0.51
0.59
0.55
0.59
0.59
0.60
0.58
0.59
0.61
0.60
0.61
0.60
0.79
0.80
0.79
0.78
0.78
0.82
0.82
0.78
0.78
0.78
0.80
0.78
0.79
0.78
0.77
0.80
0.79
0.76
0.75
0.79
0.90
0.92
0.89
0.92
0.89
0.85
0.90
0.87
0.89
0.88
0.88
0.86
0.88
0.88
0.86
0.89
0.88
0.85
0.86
0.82
0.82
0.81
0.80
0.83
0.79
0.79
0.77
0.80
0.78
0.81
0.79
0.81
0.80
0.80
0.82
0.84
0.79
0.80
0.87
0.87
0.83
0.88
0.85
0.90
0.87
0.87
0.85
0.88
0.87
0.85
0.86
0.87
0.82
0.79
0.84
0.86
0.82
0.82
0.79
0.77
0.86
0.85
0.85
0.87
0.93
0.92
0.90
0.89
0.91
0.88
0.93
0.89
0.87
0.90
0.85
0.89
0.92
0.91
0.94
0.92
0.97
0.94
0.94
0.96
0.93
0.95
0.93
0.89
0.93
0.90
0.89
0.90
0.91
0.88
0.88
0.87
0.87
0.86
0.87
0.87
0.86
0.84
0.78
0.75
0.77
0.79
0.78
0.76
0.78
0.76
0.76
0.74
0.69
0.77
0.74
0.74
0.78
0.80
0.84
0.84
0.91
0.92
0.92
0.93
0.91
0.89
0.86
0.85
0.88
0.85
0.83
0.87
0.88
0.87
0.87
0.89
0.91
0.87
0.91
0.92
0.93
0.93
0.95
0.93
0.94
0.95
0.84
0.94
0.87
0.90
0.90
0.88
0.89
0.87
0.90
0.89
0.90
0.92
0.90
0.92
0.95
0.94
0.94
0.91
0.91
0.91
0.90
0.90
0.90
0.89
0.92
0.93
0.96
0.94
0.94
0.94
0.91
0.95
0.93
0.91
0.99
1.00
1.01
1.03
0.99
0.99
0.97
1.00
0.98
1.00
1.01
0.99
0.97
0.98
0.94
0.93
0.95
0.88
0.92
0.88
0.91
0.94
0.90
0.90
0.90
0.92
0.87
0.84
0.94
0.93
0.94
0.93
0.95
0.93
0.91
0.95
0.94
0.93
0.87
0.78
0.84
0.84
0.82
0.81
0.84
0.81
0.80
0.81
0.81
0.78
0.78
0.75
0.71
0.71
0.73
0.67
0.69
0.66
0.66
0.63
0.77
0.77
0.72
0.80
0.78
0.77
0.70
0.68
0.74
0.70
0.72
0.71
0.68
0.72
0.72
0.67
0.69
0.64
0.72
0.66
0.78
0.74
0.73
0.73
0.73
0.75
0.76
0.69
0.63
0.52
0.49
0.53
0.49
0.53
0.51
0.55
0.50
0.50
0.55
0.50
0.65
0.65
0.64
0.62
0.57
0.61
0.56
0.59
0.56
0.61
0.51
0.58
0.56
0.52
0.53
0.52
0.51
0.52
0.58
0.55
0.73
0.71
0.75
0.73
0.68
0.71
0.71
0.67
0.69
0.65
0.63
0.68
0.62
0.63
0.63
0.65
0.68
0.66
0.63
0.63
0.77
0.76
0.73
0.72
0.68
0.67
0.67
0.64
0.65
0.61
0.58
0.61
0.63
0.56
0.56
0.49
0.48
0.51
0.52
0.52
0.59
0.62
0.61
0.52
0.54
0.52
0.48
0.53
0.50
0.56
0.60
0.57
0.57
0.62
0.68
0.76
0.76
0.65
0.64
0.65
0.71
0.69
0.69
0.71
0.66
0.70
0.71
0.72
0.73
0.77
0.78
0.79
0.81
0.78
0.79
0.76
0.75
0.74
0.69
0.71
0.87
0.90
0.87
0.89
0.85
0.85
0.86
0.86
0.89
0.89
0.86
0.92
0.92
0.90
0.87
0.90
0.90
0.88
0.82
0.84
0.94
0.89
0.86
0.87
0.80
0.65
0.67
0.62
0.64
0.84
0.80
0.71
0.81
0.78
0.89
0.78
0.72
0.68
0.72
0.82
0.84
0.86
0.85
0.79
0.85
0.82
0.72
0.80
0.81
0.89
0.86
0.82
0.80
0.80
0.68
0.72
0.75
0.81
0.80
0.85
0.80
0.84
0.83
0.86
0.92
0.90
0.91
0.80
0.79
0.78
0.79
0.80
0.79
0.85
0.89
0.91
0.94
0.89
0.87
0.89
0.97
0.91
0.95
0.95
0.95
0.94
0.96
0.91
0.93
0.89
0.94
0.89
0.91
0.90
0.94
0.92
0.92
0.95
0.92
0.94
1.01
1.01
1.00
1.01
0.97
0.96
1.01
0.98
0.96
0.95
0.98
0.97
0.97
0.95
0.96
0.93
0.94
0.94
0.95
0.93
0.97
0.92
0.96
0.93
0.92
0.94
0.96
0.95
0.97
0.95
0.96
0.95
0.95
0.95
0.94
0.95
0.94
0.93
0.93
0.92
1.03
0.99
1.01
1.04
1.01
1.01
1.01
1.01
1.00
1.02
1.03
1.03
1.02
1.02
1.03
1.04
1.03
1.02
1.04
1.02
1.07
1.07
1.02
1.07
1.09
1.02
1.06
1.09
1.08
1.09
1.10
1.11
1.11
1.09
1.10
1.11
1.04
1.08
1.06
1.03
0.97
0.98
0.99
1.08
0.99
0.95
0.97
0.86
0.85
0.80
0.76
0.70
0.63
0.55
0.51
0.46
0.44
0.40
0.33
0.26
0.36
0.31
0.28
0.24
0.29
0.28
0.30
