1.514986
0.083348
0.082329
0.082881
0.082492
0.082949
0.082678
0.082823
0.082074
0.082148
0.082641
0.082582
0.081896
0.086582
0.082855
0.082787
0.081695
0.082312
0.083176
0.083195
0.163918
0.081995
0.083400
0.082153
0.083568
0.082078
0.082117
0.085129
0.082644
0.082588
0.083195
0.082516
0.082348
0.083149
0.082193
0.082509
0.082278
0.082161
0.082932
0.082841
0.196149
0.082562
0.082077
0.081913
0.084215
0.082841
0.083936
0.082751
0.082497
0.082261
0.082093
0.082988
0.081765
0.081810
0.082236
0.082176
0.082078
0.082761
0.082994
0.083287
0.197983
0.084238
0.083720
0.082619
0.083474
0.083423
0.082970
0.083439
0.083310
0.082839
0.082861
0.083006
0.082939
0.082970
0.083261
0.083973
0.084577
0.083869
0.083109
0.083109
0.197364
0.083660
0.083483
0.082617
0.083453
0.083410
0.082588
0.082746
0.083374
0.083654
0.083435
0.083274
0.082883
0.082821
0.083174
0.083005
0.083024
0.083842
0.082952
0.083124
0.196890
0.082677
0.082619
0.082983
0.082955
0.083097
0.083213
0.082461
0.082344
0.083169
0.082608
0.083093
0.082808
0.083076
0.082940
0.083530
0.082531
0.082287
0.083308
0.082821
0.196686
0.082930
0.082707
0.082843
0.082496
0.082742
0.082938
0.083768
0.082775
0.083057
0.083461
0.082792
0.082528
0.082705
0.082408
0.082207
0.082568
0.083107
0.082366
0.082588
0.196260
0.081887
0.082152
0.082388
0.082084
0.081908
0.082249
0.081841
0.082038
0.081885
0.081528
0.081805
0.081142
0.081612
0.080701
0.080466
0.141143
0.081367
0.081192
0.081027
0.194718
0.081249
0.081754
0.140413
0.081076
0.081953
0.080598
0.139536
0.081596
0.140467
0.080776
0.139363
0.140095
0.080632
0.082844
0.081082
0.080434
0.080443
0.081371
0.080848
0.194634
0.080873
0.081040
0.080378
0.079139
0.080022
0.079222
0.079403
0.079276
0.079456
0.079229
0.079798
0.079729
0.078991
0.079816
0.079572
0.080000
0.079020
0.079408
0.079797
0.193169
0.079583
0.079269
0.079011
0.079081
0.080054
0.080736
0.079986
0.079114
0.079637
0.079945
0.079540
0.078986
0.079707
0.079604
0.079181
0.079381
0.079250
0.080925
0.079349
0.192809
0.079415
0.079448
0.079389
0.079692
0.080145
0.082153
0.082322
0.080427
0.080329
0.079997
0.080496
0.080576
0.080099
0.080131
0.079768
0.079985
0.079502
0.079779
0.080090
0.193032
0.080118
0.080118
0.081142
0.081026
0.081661
0.081434
0.081324
0.081831
0.081009
0.081146
0.080897
0.081409
0.081418
0.080695
0.081166
0.081372
0.080886
0.080871
0.081485
0.195676
0.081007
0.081325
0.080657
0.082067
0.082588
0.081658
0.081410
0.080674
0.081333
0.082128
0.081784
0.080755
0.081354
0.081100
0.081447
0.080016
0.079910
0.079518
0.079854
0.191937
0.080007
0.079953
0.079502
0.079668
0.079973
0.080208
0.079218
0.079929
0.080408
0.079408
0.079799
0.079536
0.079471
0.081587
0.079204
0.079709
0.079437
0.079412
0.079693
0.193839
0.079970
0.079553
0.079420
0.079277
0.079785
0.079493
0.079095
0.079725
0.079315
0.079100
0.079991
0.079632
0.080175
0.079204
0.079272
0.079678
0.079721
0.080039
0.137859
0.137751
0.138894
0.079602
0.139175
0.079653
0.138298
0.080271
0.079428
0.138699
0.138502
0.139027
0.079436
0.079397
0.138739
0.138499
0.137949
0.138337
0.079547
0.138263
0.138392
0.191846
0.138313
0.079841
0.079280
0.138371
0.078717
0.079830
0.138985
0.138968
0.137742
0.080183
0.079781
0.138487
0.080305
0.139232
0.079417
0.079967
0.139459
0.140373
0.140497
0.141010
0.140014
0.083428
0.081693
0.081410
0.080011
0.140100
0.140881
0.080689
0.080979
0.140918
0.080470
0.140564
0.080993
0.081164
0.081250
0.080799
0.080847
0.081427
0.140796
0.140174
0.140702
0.140884
0.081310
0.139728
0.081454
0.081564
0.140517
0.081397
0.081629
0.081574
0.081217
0.081527
0.081211
0.140193
0.140449
0.140604
0.140234
0.081816
0.080218
0.140390
0.080872
0.080878
0.080646
0.081230
0.080761
