0.425980
0.036486
0.036395
0.036332
0.036227
0.036208
0.036322
0.038744
0.036949
0.036282
0.036332
0.036436
0.036302
0.036263
0.036259
0.036249
0.036232
0.036183
0.037031
0.037010
0.065134
0.037073
0.037672
0.037542
0.037371
0.037560
0.037506
0.037541
0.037629
0.037587
0.038381
0.038563
0.038631
0.038043
0.038455
0.038555
0.038654
0.038526
0.038527
0.038340
0.072289
0.038360
0.038559
0.038737
0.038538
0.038579
0.038496
0.038606
0.038715
0.038443
0.038703
0.038644
0.038742
0.037615
0.038458
0.038510
0.038363
0.039162
0.038595
0.038442
0.072255
0.038471
0.038515
0.038280
0.038366
0.038262
0.038423
0.038161
0.038340
0.038397
0.038499
0.038431
0.038141
0.038319
0.038219
0.038209
0.037889
0.038087
0.038254
0.038167
0.071694
0.038147
0.038280
0.038069
0.038084
0.038176
0.038082
0.038476
0.038160
0.038087
0.037923
0.038090
0.040190
0.039911
0.040207
0.040080
0.040176
0.039625
0.039819
0.039569
0.072975
0.039133
0.039150
0.039209
0.039116
0.039203
0.038827
0.039033
0.038881
0.038955
0.038794
0.038901
0.039073
0.039084
0.038948
0.038865
0.038944
0.039284
0.039244
0.039395
0.073350
0.039566
0.040092
0.038684
0.040162
0.040265
0.037894
0.038215
0.038327
0.038065
0.038141
0.038030
0.038245
0.038250
0.038195
0.038097
0.038154
0.038267
0.038234
0.038133
0.071943
0.038270
0.038530
0.038307
0.038552
0.038052
0.038293
0.038234
0.038253
0.038392
0.038271
0.038372
0.038204
0.039429
0.038311
0.038168
0.038250
0.038374
0.038415
0.038419
0.071785
0.038440
0.038154
0.038348
0.038076
0.038199
0.038357
0.038130
0.038206
0.038382
0.038470
0.038237
0.038437
0.036792
0.036723
0.036786
0.037016
0.037500
0.037312
0.037395
0.070931
0.037233
0.038238
0.038194
0.038346
0.038143
0.038249
0.038234
0.038172
0.038295
0.038853
0.038519
0.038488
0.038534
0.036825
0.036819
0.036848
0.036770
0.037000
0.036878
0.070375
0.036751
0.036865
0.036724
0.037392
0.037335
0.037297
0.037401
0.037446
0.038265
0.038290
0.038272
0.038391
0.038342
0.038131
0.037961
0.038178
0.038294
0.038108
0.038435
0.072348
0.038318
0.038415
0.038355
0.038305
0.038404
0.037986
0.038267
0.038162
0.038205
0.038282
0.038345
0.038180
0.038236
0.038570
0.038421
0.038267
0.038359
0.038392
0.038409
0.072092
0.038439
0.038304
0.038363
0.038619
0.038397
0.038441
0.038636
0.038679
0.039176
0.037349
0.037313
0.037337
0.037381
0.038233
0.038335
0.038537
0.038481
0.038371
0.038418
0.072339
0.038324
0.038348
0.038003
0.038340
0.038659
0.038415
0.038336
0.038444
0.038304
0.038580
0.038459
0.038529
0.038431
0.038385
0.038354
0.038406
0.038449
0.038412
0.038568
0.072365
0.038210
0.038484
0.038492
0.038495
0.038845
0.038457
0.038917
0.038787
0.038791
0.038987
0.038150
0.038182
0.038330
0.038357
0.038313
0.038262
0.038355
0.038652
0.038465
0.072241
0.038298
0.038651
0.038373
0.038517
0.038833
0.040984
0.039515
0.037931
0.037399
0.037481
0.038080
0.038515
0.038430
0.038301
0.038268
0.038267
0.038370
0.038242
0.038587
0.072072
0.038330
0.038460
0.038530
0.038559
0.038376
0.038362
0.038314
0.038188
0.038650
0.038565
0.038296
0.038601
0.038366
0.038443
0.038338
0.038411
0.038165
0.038390
0.038418
0.072198
0.038500
0.038611
0.037301
0.037098
0.037710
0.037813
0.037779
0.037936
0.037714
0.037715
0.038136
0.037373
0.039023
0.039027
0.038789
0.038896
0.038558
0.038638
0.038619
0.072276
0.039449
0.037074
0.037069
0.037221
0.036991
0.037124
0.037222
0.037080
0.037268
0.037304
0.037130
0.037221
0.037248
0.037457
0.037249
0.037423
0.037303
0.037237
0.037285
0.071077
0.037369
0.037357
0.037626
0.036689
0.037391
0.037110
0.037473
0.037235
0.037230
0.036601
0.037302
0.037090
0.036895
0.036975
0.037379
0.037280
0.037196
0.037227
0.037092
0.070710
0.037599
0.037292
0.036576
0.037437
0.037458
0.037338
0.037239
0.037274
0.037297
0.037507
0.037288
0.037145
0.037227
0.037140
0.037210
0.037282
0.037119
0.037336
0.037137
0.070677
0.037175
0.037132
0.037207
0.037117
0.037119
0.037224
0.037404
0.037418
0.037260
0.037326
0.037204
0.037318
0.037151
0.037398
0.037358
0.037305
0.037350
0.036589
0.036722
0.070878
0.036489
0.037310
0.037389
0.037614
0.037877
0.037793
0.037994
0.037927
0.038127
0.037836
0.038260
0.038521
0.038909
0.038685
0.038969
0.038934
0.038790
0.038913
0.038772
0.072781
0.038941
0.038682
0.038826
0.038967
0.039111
0.038830
0.038866
0.038815
0.038885
0.038745
0.038867
0.038791
0.039114
0.038864
0.038724
0.039016
0.038740
0.038109
0.038634
0.071771
0.038794
0.038971
0.038061
0.038845
0.038063
0.038986
0.038925
0.038127
0.039056
0.038150
0.037962
0.039022
0.038023
0.038704
0.038071
0.038073
0.037907
0.038143
0.038047
0.071963
0.038778
0.038288
0.038134
0.038001
0.038040
0.038004
0.038218
0.038030
0.037972
0.038103
0.038076
0.038292
0.038458
0.038554
0.038159
0.038047
0.038441
0.038291
0.038191
0.071660
0.037919
0.038125
0.038184
0.037993
0.038246
0.037915
0.037940
0.038150
0.038360
0.038364
0.038022
0.038037
0.038311
0.038062
0.038137
0.038418
0.038563
0.038255
0.038165
0.071731
0.038282
0.038136
0.038076
0.038224
0.038069
0.038189
0.038404
0.038250
0.038107
0.038179
0.038683
0.038057
0.038222
0.038191
0.038007
0.038102
0.038184
0.037975
0.038140
0.072364
0.038026
0.038600
0.038541
0.039656
0.038281
0.038701
0.038749
0.038477
0.038513
0.038414
0.038627
0.038577
0.038417
0.038748
0.038481
0.038523
0.038772
0.038710
0.038533
0.072492
0.038464
0.038632
0.038842
0.038590
0.038403
0.037185
0.037439
0.038661
0.036884
0.036755
0.036902
0.036657
0.038478
0.036607
0.036774
0.036753
0.036802
0.036638
0.036671
0.070106
0.036716
0.036611
0.036640
0.036563
0.041256
0.037238
0.037246
0.037197
0.038015
0.037884
0.038714
0.038920
0.038958
0.038275
0.038651
0.038783
0.038503
0.038772
0.038733
0.072520
0.038483
0.038559
0.038393
0.038742
0.038518
0.038599
0.038722
0.038594
0.038896
0.038764
0.038555
0.038646
0.038419
0.038470
0.038387
0.038375
0.038505
0.038666
0.038956
0.070611
0.041105
0.037966
0.037971
0.039005
0.038830
0.038614
0.038525
0.038697
0.038440
0.038772
0.038681
0.038487
0.038646
0.038490
0.038633
0.038595
0.038768
0.038577
0.038546
0.072838
0.045506
0.037262
0.037150
0.037028
0.036813
0.036930
0.036834
0.036875
0.036867
0.036795
0.036948
0.036837
0.036900
0.036766
0.036908
0.036813
0.036799
0.036686
0.036848
0.071132
0.036593
0.036698
0.036839
0.036898
0.036908
0.037027
0.037084
0.037050
0.036921
0.036847
0.037039
0.036978
0.037161
0.037040
0.036907
0.037094
0.037055
0.037273
0.036977
0.070681
0.037074
0.037064
0.036958
0.037022
0.036980
0.036958
0.037114
0.037158
0.036971
0.037070
0.036954
0.037122
0.037006
0.036932
0.037011
0.036906
0.036991
0.036999
0.037013
0.070419
0.036982
0.036932
0.037547
0.037478
0.037528
0.037612
0.037347
0.037923
0.037429
0.038801
0.038603
0.038707
0.038601
0.037215
0.038365
0.038293
0.038580
0.038632
0.038416
0.071945
0.039978
0.038358
0.038400
0.038304
0.038365
0.038420
0.038607
0.044293
0.039951
0.036952
0.036959
0.036948
0.036951
0.037018
0.036978
0.036898
0.036828
0.036767
0.036993
0.070393
0.036921
0.036846
0.036761
0.036902
0.036765
0.036788
0.036737
0.036753
0.036777
0.036598
0.036814
0.036680
0.036814
0.036763
0.036709
0.036703
0.036768
0.036684
0.036774
0.070091
0.036724
0.036841
0.036822
0.036752
0.036872
0.036725
0.036853
0.036745
0.036793
0.036720
0.036726
0.036750
0.036711
0.039112
0.038855
0.038571
0.038847
0.039989
0.038704
0.072478
0.038944
0.038565
0.038685
0.038832
0.038761
0.036732
0.038705
0.038577
0.038787
0.038848
0.039024
0.038798
0.038724
0.038853
0.036816
0.036898
0.036757
0.038918
0.036696
0.070148
0.038965
0.036683
0.039077
0.039064
0.036916
0.036626
0.038933
0.036740
0.038992
0.039080
0.038782
0.039000
0.039038
0.038832
0.038913
0.038760
0.038773
0.038709
0.038706
0.072401
0.038924
0.038838
0.040418
0.039318
0.042692
0.041819
0.040437
0.039701
0.039281
0.040573
0.038329
0.038559
0.038303
0.038455
0.038502
0.038197
0.038308
0.038285
0.038386
0.072009
0.038234
0.038361
0.038434
0.038481
0.038608
0.039002
0.036961
0.036785
0.036926
0.036800
0.039020
0.036832
0.036700
0.036688
0.036773
0.038964
0.036861
0.037146
0.037061
0.070375
0.036979
0.036905
0.036884
0.036656
0.036761
0.036852
0.036779
0.036772
0.039803
0.037243
0.037297
0.038287
0.038488
0.038362
0.038113
0.038375
0.038452
0.038107
0.038310
0.072268
0.038126
0.038410
0.038199
0.040466
0.040467
0.038175
0.038286
0.040652
0.038246
0.038327
0.038210
0.038186
0.038484
0.038319
0.038417
0.038327
0.038398
0.038248
0.038452
0.072304
0.038437
0.038262
0.038107
0.038285
0.038552
0.040361
0.038223
0.038244
0.038129
0.038264
0.038427
0.038208
0.040471
0.038299
0.038211
0.038178
0.038135
0.038102
0.038506
0.072057
0.038129
0.037998
0.038433
0.038147
0.038454
0.038403
0.038244
0.038238
0.038177
0.038178
0.038210
0.038303
0.038113
0.038300
0.040582
0.038301
0.038328
0.038555
0.038412
0.071811
0.038354
0.038255
0.038455
0.038393
0.038404
0.038351
0.038957
0.038163
0.038316
0.038242
0.038088
0.038268
0.038364
0.038401
0.038221
0.038444
0.038393
0.038573
0.038172
0.072202
0.038311
0.038276
0.040295
0.038249
0.038315
0.038258
0.038345
0.038225
0.038214
0.038053
0.040523
0.038335
0.038372
0.040639
0.040341
0.040528
0.040527
0.040323
0.040538
0.074126
0.038073
0.040430
0.038216
0.040386
0.040283
0.040496
0.040535
0.040317
0.039979
0.040505
0.040298
0.040474
0.040259
0.040458
0.040593
0.040517
0.040390
0.040116
0.040406
0.073709
0.040431
0.040104
0.040386
0.040572
0.040353
0.040274
0.040329
0.040256
0.040352
0.039905
0.040594
0.041063
0.038652
0.038447
0.038418
0.038517
0.037762
0.038498
0.038574
0.072068
0.038504
0.037979
0.038558
0.038622
0.038440
0.039927
0.039861
0.039467
0.039825
0.039300
0.039001
0.039461
0.039460
0.039413
0.039201
0.039422
0.039273
0.039424
0.039356
0.073075
0.039035
0.039087
0.039246
0.039241
0.039601
0.039910
0.040141
0.041257
0.040462
0.040477
0.040536
0.038269
0.038344
0.038327
0.038306
0.038450
0.038248
0.038244
0.038535
0.072244
0.038272
0.038383
0.040579
0.038335
0.038311
0.038314
0.038538
0.038441
0.036785
0.036860
0.036650
0.036664
0.036953
0.036909
0.036934
0.036789
0.036790
0.036855
0.036823
0.070584
0.036812
0.038084
0.037357
0.037543
0.037504
0.037483
0.037390
0.038255
0.038315
0.038391
0.038244
0.038225
0.038427
0.038310
0.038190
0.038372
0.038537
0.038279
0.038017
0.071998
0.038284
0.038679
0.038234
0.038368
0.038305
0.038239
0.038529
0.038302
0.040329
0.040550
0.040495
0.040412
0.040660
0.038424
0.040646
0.040571
0.038349
0.038398
0.038456
0.071871
0.038295
0.038326
0.038470
0.036927
0.038719
0.038585
0.039711
0.037245
0.037155
0.037067
0.037270
0.037384
0.037400
0.037341
0.037203
0.037460
0.037529
0.036577
0.037179
0.070931
0.036559
0.036567
0.037346
0.037404
0.037539
0.037287
0.037276
0.037206
0.037281
0.037329
0.037130
0.037079
0.037335
0.037195
0.037302
0.037181
0.037657
0.039146
0.037411
0.072623
0.038536
0.038612
0.038505
0.038516
0.038628
0.038500
0.038581
0.038461
0.038581
0.038434
0.038321
0.038748
0.038576
0.038594
0.038535
0.038776
0.038568
0.038619
0.038678
0.072314
0.039055
0.038790
0.039015
0.038882
0.039084
0.039021
0.038915
0.039127
0.038023
0.038810
0.038843
0.038239
0.038308
0.037417
0.037164
0.037220
0.037234
0.037968
0.038723
0.072012
0.038389
0.038528
0.036793
0.037483
0.037332
0.037582
0.037430
0.037488
0.036700
0.037280
0.037362
0.037339
0.036478
0.037324
0.036710
0.036629
0.036649
0.036608
0.036483
0.070182
0.036615
0.036548
0.036628
0.036679
0.036725
0.036848
0.036690
0.036674
0.036669
0.036687
0.036929
0.036763
0.036729
0.036761
0.036796
0.036790
0.036607
0.036826
0.037036
0.070799
0.037224
0.037553
0.037463
0.037694
0.038142
0.037516
0.037650
0.037822
0.036896
0.036954
0.036949
0.036975
0.036909
0.036951
0.037107
0.036887
0.036890
0.036861
0.036995
0.070203
0.036901
0.036797
0.036973
0.036971
0.036874
0.036816
0.036968
0.036898
0.036858
0.036900
0.036852
0.036955
0.036839
0.037002
0.036939
0.036918
0.036828
0.036882
0.036961
0.070366
0.037071
0.036813
0.036964
0.037052
0.036868
0.038075
0.037497
0.037598
0.038341
0.038827
0.037704
0.038991
0.038404
0.038582
0.038628
0.038537
0.038784
0.038331
0.038476
0.072354
0.038660
0.038649
0.038394
0.038627
0.038695
0.038632
0.039904
0.038754
0.038745
0.038653
0.038989
0.038164
0.038174
0.038111
0.038272
0.038172
0.037319
0.038231
0.038524
0.072586
0.039347
0.036860
0.036741
0.036902
0.036987
0.036901
0.036936
0.037004
0.036943
0.036893
0.036932
0.036936
