0.415923
0.037786
0.039446
0.038055
0.037528
0.037779
0.037563
0.037499
0.037758
0.037865
0.037557
0.037802
0.037752
0.037778
0.037686
0.037582
0.037747
0.037814
0.037653
0.037691
0.065488
0.037696
0.037488
0.037860
0.037734
0.037857
0.037820
0.037996
0.037941
0.037814
0.037790
0.037854
0.037983
0.037967
0.037809
0.038062
0.045616
0.037910
0.037974
0.037915
0.071314
0.037762
0.037618
0.037882
0.037699
0.037569
0.037500
0.037752
0.037707
0.037721
0.037698
0.037617
0.037633
0.037600
0.037746
0.037563
0.037579
0.037596
0.037686
0.037596
0.071136
0.037623
0.037582
0.037481
0.037556
0.037524
0.037329
0.037516
0.037455
0.037422
0.037601
0.038091
0.037462
0.037484
0.037349
0.037641
0.037384
0.037497
0.037397
0.037578
0.070918
0.037322
0.037505
0.037540
0.037569
0.037524
0.037523
0.039288
0.037446
0.037356
0.037434
0.037511
0.037553
0.037658
0.037532
0.037587
0.037611
0.037495
0.037489
0.037582
0.071011
0.037630
0.037780
0.038193
0.038115
0.038085
0.039363
0.039124
0.039091
0.039134
0.039184
0.039089
0.039251
0.039130
0.039042
0.039112
0.039059
0.039000
0.039036
0.037827
0.072931
0.039083
0.039085
0.039126
0.038876
0.039062
0.039113
0.039180
0.039129
0.038991
0.038938
0.038924
0.039011
0.038666
0.038897
0.039249
0.039104
0.039016
0.039117
0.039096
0.072542
0.039124
0.038916
0.038761
0.038980
0.038944
0.038956
0.038870
0.038826
0.039135
0.038881
0.038855
0.038852
0.038962
0.038640
0.039048
0.039124
0.038863
0.039004
0.038882
0.070863
0.038912
0.038957
0.038789
0.039084
0.038943
0.038980
0.038944
0.039199
0.037291
0.037413
0.037383
0.037408
0.037545
0.037374
0.037174
0.037551
0.037192
0.037344
0.037290
0.071219
0.041492
0.038109
0.037829
0.037905
0.038254
0.038050
0.037914
0.038064
0.037861
0.038060
0.038010
0.038013
0.037905
0.038011
0.037864
0.038026
0.038111
0.038001
0.038123
0.070088
0.038154
0.038116
0.038133
0.038173
0.038408
0.038105
0.038005
0.038760
0.039065
0.039086
0.039263
0.038857
0.039017
0.039243
0.039045
0.039231
0.038080
0.038192
0.038281
0.071594
0.037858
0.038087
0.038159
0.038114
0.037792
0.037797
0.038834
0.038914
0.038960
0.038625
0.038837
0.039034
0.038689
0.039173
0.039185
0.038605
0.038941
0.039130
0.039081
0.072530
0.038905
0.038923
0.038911
0.039776
0.037482
0.037276
0.037214
0.037214
0.037237
0.037207
0.037379
0.037481
0.037383
0.037900
0.037759
0.037710
0.038912
0.038826
0.038751
0.072486
0.038693
0.039122
0.038658
0.038856
0.038709
0.038627
0.038927
0.039036
0.038940
0.038641
0.038763
0.039375
0.037171
0.037144
0.036985
0.037078
0.037126
0.037090
0.037079
0.070701
0.037024
0.037100
0.037109
0.054823
0.036932
0.036965
0.036939
0.036973
0.037018
0.037060
0.037063
0.037225
0.037269
0.037282
0.037116
0.037108
0.037219
0.037272
0.037207
0.070567
0.037115
0.037045
0.037153
0.037281
0.037234
0.037233
0.037209
0.037406
0.037378
0.037247
0.037256
0.037376
0.037299
0.037267
0.037424
0.037338
0.037328
0.037772
0.038228
0.071597
0.037903
0.037921
0.037863
0.038470
0.038936
0.038997
0.038731
0.039032
0.037403
0.038896
0.039094
0.038856
0.039054
0.039570
0.037640
0.037451
0.037552
0.037351
0.037312
0.071081
0.037360
0.037537
0.037378
0.037486
0.037403
0.037373
0.037537
0.037388
0.037583
0.037357
0.040242
0.037467
0.037427
0.037346
0.037406
0.037383
0.037730
0.037514
0.037396
0.071055
0.037513
0.037332
0.037393
0.037405
0.037482
0.037369
0.037435
0.037376
0.037378
0.037417
0.037347
0.037441
0.037540
0.037550
0.037590
0.037520
0.037400
0.037346
0.037757
0.070835
0.037668
0.037450
0.037648
0.038020
0.038035
0.038353
0.038200
0.038321
0.038138
0.038890
0.039190
0.039146
0.037889
0.039183
0.039029
0.041911
0.041447
0.039431
0.037630
0.071093
0.037489
0.037579
0.037551
0.037551
0.037750
0.038227
0.038178
0.039107
0.039249
0.039258
0.039206
0.039122
0.039334
0.039185
0.039060
0.039399
0.039091
0.038987
0.039075
0.073094
0.039000
0.039133
0.039365
0.039232
0.039178
0.038935
0.039051
0.038984
0.039008
0.039228
0.039375
0.039230
0.039122
0.039103
0.039238
0.039091
0.039294
0.039196
0.039224
0.073261
0.039072
0.039107
0.038912
0.039231
0.039377
0.039404
0.039419
0.039198
0.039346
0.039595
0.039876
0.039605
0.039869
0.039603
0.039616
0.039923
0.039651
0.039662
0.039877
0.073711
0.039581
0.039521
0.039407
0.039423
0.039198
0.038771
0.039204
0.039203
0.039253
0.039401
0.039132
0.039217
0.039094
0.039398
0.039481
0.039323
0.039318
0.039266
0.039429
0.071299
0.041160
0.040102
0.042211
0.039484
0.044752
0.042715
0.039783
0.037602
0.037551
0.037503
0.037574
0.037568
0.037429
0.037782
0.037603
0.037534
0.037499
0.037475
0.038456
0.071727
0.038085
0.038352
0.038077
0.038052
0.037818
0.037736
0.037698
0.037737
0.037630
0.037550
0.037676
0.037638
0.037777
0.037550
0.037649
0.037669
0.037574
0.037471
0.037802
0.070953
0.037713
0.037609
0.037489
0.037686
0.037607
0.038757
0.041583
0.037494
0.037690
0.037634
0.037941
0.037363
0.037417
0.036238
0.037435
0.037398
0.037629
0.037673
0.038109
0.071311
0.037638
0.037636
0.037622
0.037580
0.037493
0.037667
0.037551
0.037612
0.037734
0.037750
0.037631
0.037670
0.037604
0.037608
0.037802
0.037494
0.037639
0.037567
0.037788
0.070876
0.037554
0.037483
0.037606
0.038349
0.037494
0.037573
0.037715
0.037620
0.037491
0.037655
0.037537
0.037601
0.037764
0.037422
0.037536
0.037587
0.037469
0.037491
0.037353
0.070925
0.037329
0.037444
0.037487
0.037386
0.037222
0.037441
0.037327
0.037412
0.037382
0.037271
0.037705
0.037330
0.037282
0.037503
0.037313
0.037427
0.037121
0.037217
0.037089
0.070853
0.037109
0.037147
0.037032
0.037138
0.037063
0.037042
0.037075
0.037282
0.037043
0.037260
0.037362
0.037427
0.037407
0.039214
0.037334
0.037413
0.037356
0.037373
0.037222
0.070826
0.037277
0.037423
0.037327
0.037352
0.037155
0.037320
0.037284
0.037404
0.037247
0.037452
0.037255
0.037408
0.037420
0.037242
0.037365
0.037347
0.042361
0.042771
0.043431
0.078931
0.043232
0.043367
0.039050
0.038280
0.037478
0.037694
0.043041
0.044291
0.039987
0.043122
0.042406
0.037540
0.037515
0.037147
0.037451
0.037481
0.037531
0.037322
0.037495
0.076793
0.042834
0.042915
0.043478
0.037412
0.038345
0.037610
0.037282
0.037505
0.037444
0.037541
0.037443
0.037404
0.037430
0.037272
0.044809
0.043185
0.041336
0.042253
0.044668
0.072891
0.037460
0.037638
0.041080
0.041083
0.039879
0.038142
0.043380
0.041171
0.041591
0.042697
0.043910
0.043794
0.043494
0.043436
0.042332
0.043177
0.046649
0.041737
0.040695
0.074530
0.044136
0.044089
0.041446
0.041870
0.044555
0.041930
0.044361
0.044213
0.039616
0.041996
0.045583
0.038838
0.038899
0.038102
0.038062
0.038089
0.038074
0.038106
0.038184
0.071585
0.038033
0.038159
0.037951
0.038106
0.038017
0.038041
0.038123
0.038025
0.038044
0.038012
0.037962
0.043274
0.040308
0.041941
0.039163
0.041720
0.041559
0.042742
0.038086
0.071551
0.041706
0.038059
0.042608
0.041414
0.041721
0.039825
0.041559
0.044512
0.041871
0.040962
0.041476
0.044369
0.038556
0.038545
0.039008
0.039044
0.039076
0.043669
0.042048
0.078721
0.044541
0.043666
0.040947
0.044285
0.040649
0.044028
0.043948
0.042137
0.043539
0.044076
0.042254
0.043247
0.043372
0.042131
0.041294
0.041373
0.040955
0.041519
0.040178
0.075103
0.044504
0.039600
0.042259
0.039807
0.039790
0.041134
0.040614
0.041441
0.042235
0.043072
0.045501
0.042278
0.042265
0.041181
0.038962
0.038943
0.042815
0.045293
0.042558
0.074589
0.040344
0.041670
0.046082
0.043819
0.041444
0.042328
0.039189
0.039138
0.038909
0.039865
0.042085
0.042067
0.043675
0.043802
0.042037
0.043598
0.043285
0.043000
0.042860
0.075286
0.044584
0.043409
0.045013
0.042148
0.043459
0.042843
0.043829
0.042549
0.039683
0.041869
0.039316
0.039126
0.041523
0.042281
0.044003
0.038956
0.039063
0.039001
0.042121
0.078512
0.044107
0.044704
0.042157
0.044825
0.041346
0.042790
0.040696
0.038872
0.039081
0.039049
0.038889
0.039240
0.045025
0.044728
0.044953
0.041115
0.038979
0.043525
0.044134
0.073900
0.043175
0.039098
0.038955
0.039180
0.039126
0.039093
0.041495
0.041201
0.039282
0.044241
0.044725
0.041175
0.044563
0.043805
0.041392
0.043408
0.038850
0.038956
0.039017
0.077427
0.042302
0.040336
0.041458
0.039178
0.041268
0.038986
0.043779
0.044680
0.044782
0.044217
0.042841
0.044762
0.043344
0.042104
0.040621
0.041506
0.041244
0.042328
0.039383
0.077193
0.039567
0.042269
0.042737
0.041534
0.042911
0.044649
0.043538
0.042412
0.042060
0.042238
0.042953
0.043879
0.042796
0.039378
0.041683
0.040599
0.041082
0.040598
0.043175
0.079012
0.040618
0.041023
0.041840
0.045211
0.042049
0.039449
0.040572
0.040541
0.041134
0.040438
0.040643
0.040577
0.040433
0.040297
0.043941
0.043420
0.043405
0.042923
0.045736
0.075608
0.039318
0.042423
0.041558
0.041113
0.040785
0.042801
0.041221
0.041079
0.040357
0.040462
0.041037
0.043062
0.043863
0.041352
0.042865
0.039502
0.043930
0.045321
0.041704
0.073714
0.044036
0.041701
0.043167
0.042868
0.041882
0.042520
0.044435
0.041725
0.043960
0.044444
0.042685
0.042583
0.042934
0.044486
0.042525
0.043335
0.043094
0.043383
0.040292
0.075580
0.043221
0.041202
0.044669
0.043891
0.040753
0.038913
0.040628
0.039287
0.040850
0.038776
0.040827
0.044425
0.042484
0.040846
0.040865
0.042772
0.040714
0.038936
0.040536
0.074677
0.043473
0.042362
0.039086
0.038963
0.038832
0.038949
0.038946
0.040828
0.038941
0.040851
0.041564
0.043621
0.041749
0.040751
0.040846
0.041320
0.042557
0.038796
0.038840
0.072402
0.044782
0.042123
0.044385
0.042408
0.042287
0.041652
0.043415
0.042232
0.041501
0.044764
0.038860
0.038955
0.038951
0.038962
0.037990
0.037987
0.038059
0.037956
0.038025
0.071948
0.038063
0.038010
0.038049
0.038103
0.038104
0.038150
0.038156
0.038140
0.038148
0.038311
0.038196
0.038145
0.038217
0.038049
0.038153
0.038223
0.038198
