165	119	164	115
162	118	171	123
159	117	175	120
161	118	172	117
159	121	173	120
158	119	175	119
157	120	173	123
157	121	178	119
155	127	179	114
155	124	176	119
155	127	177	114
152	129	178	113
153	131	178	111
151	134	181	110
153	134	178	112
154	135	180	109
153	139	177	104
151	136	181	107
152	140	178	104
150	135	182	107
148	132	179	108
147	139	176	106
147	135	171	108
143	133	172	107
138	139	174	103
135	138	174	104
134	136	174	104
133	138	169	103
133	142	171	95
129	139	167	98
131	139	165	99
130	140	160	101
130	140	158	99
125	138	161	98
128	138	158	95
128	139	152	97
127	139	158	98
128	140	155	93
126	141	155	96
126	140	157	94
130	140	155	98
131	141	152	93
130	140	152	95
131	139	151	96
131	142	151	94
130	142	152	95
128	142	157	93
132	141	150	94
129	139	157	94
131	140	157	94
132	138	162	93
134	139	161	93
137	136	157	95
139	136	154	94
141	136	157	92
143	138	160	91
146	136	161	91
148	137	160	89
149	135	155	94
151	133	155	94
152	133	156	98
151	133	158	99
156	135	153	95
156	133	152	95
158	135	148	94
159	135	146	92
162	134	146	93
163	136	145	92
165	134	151	94
167	136	149	94
168	135	148	92
170	137	147	92
172	136	147	92
172	136	147	90
171	136	149	90
172	135	147	92
171	136	151	92
172	134	155	93
173	137	155	88
175	136	150	90
175	134	152	92
175	136	146	92
173	135	150	92
174	137	144	93
172	135	151	94
169	134	153	95
169	133	150	99
169	139	140	91
166	139	141	93
167	138	140	94
164	134	141	105
164	134	139	104
164	135	139	106
162	140	148	103
160	141	149	98
160	140	152	98
159	138	154	100
158	138	152	104
157	137	159	103
160	135	155	103
159	135	152	106
159	137	158	101
162	134	154	103
160	133	157	105
162	131	161	105
164	133	156	104
166	132	154	105
166	132	154	105
167	131	154	105
165	131	155	103
168	132	156	106
167	127	154	108
166	132	159	104
167	128	157	107
166	131	156	104
168	128	153	108
168	123	153	106
164	126	158	110
166	123	150	110
165	125	153	113
164	124	152	107
166	124	149	112
165	124	150	109
165	125	150	112
164	124	147	111
165	125	148	107
163	126	147	110
163	126	150	108
164	123	148	107
164	125	148	107
162	120	149	111
166	122	142	112
165	123	149	111
169	124	141	112
169	125	136	106
169	124	146	110
172	124	138	112
171	120	138	114
172	125	132	110
171	122	143	110
172	124	131	113
173	124	129	113
172	120	138	117
170	125	140	114
169	124	144	115
168	121	143	113
170	125	142	112
167	123	145	114
167	126	144	114
171	128	147	112
168	126	145	113
172	127	141	113
171	126	142	114
171	127	142	114
177	124	136	116
173	127	141	114
175	126	136	114
173	125	139	113
178	126	136	111
167	126	118	111
174	126	118	110
178	124	131	111
175	126	137	113
178	123	130	114
180	123	129	114
184	123	125	114
184	123	125	110
184	123	128	108
185	122	126	111
190	124	120	103
193	124	118	107
195	126	116	107
161	126	149	109
182	131	134	101
195	127	117	108
194	128	115	103
197	129	115	103
194	128	117	105
192	129	120	105
198	130	110	103
195	129	116	104
193	130	117	102
193	131	120	102
190	130	122	106
196	131	112	104
193	131	119	103
189	132	123	103
189	132	120	104
185	132	123	104
182	133	127	102
181	132	125	102
181	131	122	105
180	131	123	106
179	131	119	107
179	131	109	107
176	132	117	106
171	133	126	108
173	131	127	109
170	134	129	108
168	134	133	108
166	133	138	111
168	134	134	112
168	132	133	110
167	132	133	109
169	131	131	111
166	132	136	110
164	130	138	112
163	130	140	112
162	130	142	112
162	133	139	108
162	132	142	109
159	132	145	111
159	132	146	108
158	132	149	109
158	134	146	105
158	132	147	108
157	135	146	104
154	133	154	108
154	132	152	107
153	136	151	104
151	135	153	103
149	134	156	107
150	134	155	106
149	134	157	107
149	132	159	109
146	138	159	103
144	137	165	105
143	134	164	106
145	134	164	106
141	133	169	108
140	132	169	108
141	135	167	104
139	132	170	109
143	134	165	104
137	136	174	102
141	132	168	108
135	133	174	110
134	134	177	107
134	135	175	104
136	138	171	103
133	134	174	108
133	136	177	106
133	134	176	109
134	135	174	107
135	139	174	102
135	134	173	108
136	136	173	105
137	138	172	104
134	131	173	112
136	136	169	106
132	134	176	107
136	135	172	107
134	138	175	105
137	132	168	112
138	130	168	118
137	135	171	109
137	136	170	106
139	134	167	110
140	132	166	116
140	135	166	113
142	132	165	119
143	135	164	119
143	137	164	114
145	139	162	111
147	137	160	116
148	136	158	119
148	136	157	115
148	138	160	114
148	135	163	120
146	138	162	113
147	138	162	116
151	137	157	118
147	140	161	114
147	143	163	108
148	141	162	111
148	141	160	112
148	140	163	115
146	140	165	114
148	138	161	116
147	144	166	109
146	142	163	109
148	145	165	107
149	145	161	105
149	143	161	107
149	144	163	103
150	144	160	102
152	141	163	109
151	145	162	99
150	143	163	105
148	144	166	103
149	144	163	102
150	144	163	104
149	145	163	103
151	145	160	105
149	144	161	101
148	147	161	98
150	148	157	94
150	146	158	99
152	148	157	94
151	146	156	94
152	147	151	94
154	148	146	96
151	148	152	94
150	151	152	91
151	151	147	90
150	154	149	84
148	153	150	87
149	153	147	87
145	156	149	81
146	155	147	84
146	157	144	80
145	162	144	71
143	160	144	74
142	162	142	72
141	162	141	74
138	162	146	76
138	163	141	73
136	164	139	73
134	165	140	71
132	166	141	70
130	167	143	70
128	170	142	66
128	170	142	67
126	171	142	66
126	171	141	65
122	173	144	64
123	172	141	64
122	175	142	61
121	175	140	61
116	175	147	60
118	174	143	62
116	175	146	60
117	172	144	63
117	174	143	59
115	174	144	58
114	171	144	62
114	173	145	57
114	172	144	59
113	173	153	56
111	171	166	61
110	168	173	63
108	165	181	66
109	163	178	68
105	162	185	70
110	164	175	67
110	161	174	68
113	159	171	70
111	157	173	71
110	158	172	69
109	158	175	70
111	158	165	68
112	158	166	70
112	159	161	66
109	160	164	66
111	159	164	67
112	157	154	68
110	158	164	68
111	158	159	68
111	157	158	69
113	157	153	69
113	155	154	72
116	153	154	75
114	154	155	72
115	153	151	75
115	153	154	74
115	151	150	78
114	151	161	77
117	149	151	80
117	147	152	84
116	147	156	84
118	149	150	83
117	149	155	81
119	148	154	83
118	150	154	81
117	149	157	81
120	147	152	85
119	148	154	83
119	148	156	84
122	145	154	87
123	144	152	89
125	142	148	91
124	143	150	90
126	143	146	88
126	142	148	93
128	143	147	89
127	143	146	91
129	143	143	90
130	142	147	90
132	144	145	89
134	141	142	92
133	140	148	91
133	142	145	93
134	138	149	93
136	140	148	89
136	141	147	90
137	137	147	91
137	139	146	91
139	141	144	88
139	139	147	91
141	142	142	89
141	145	142	85
143	144	140	86
143	147	142	84
144	145	140	88
147	148	138	84
148	146	136	89
149	147	142	86
152	149	140	84
154	149	140	84
156	149	141	84
160	149	139	86
163	150	139	85
164	151	141	84
167	151	142	84
171	151	140	85
173	153	141	83
176	152	139	84
178	155	140	81
182	153	137	83
185	153	137	84
187	154	138	82
190	154	139	83
194	154	136	83
196	156	135	81
200	155	142	83
205	155	136	83
207	156	137	82
211	157	137	82
214	158	135	80
219	159	134	78
225	159	126	80
223	157	136	81
225	158	136	79
229	159	134	77
229	157	136	79
228	158	139	75
228	157	139	77
234	152	132	83
236	147	134	90
240	147	130	88
241	147	130	92
239	142	135	95
239	141	137	94
240	139	149	101
248	147	131	86
251	143	140	99
250	141	142	94
253	138	155	106
251	133	177	109
248	137	191	95
240	139	203	94
246	137	197	95
246	139	198	86
238	137	205	101
237	136	211	98
239	134	209	100
239	140	208	88
244	139	203	91
245	137	200	93
244	137	204	95
245	138	206	93
250	138	197	97
251	139	198	94
250	139	202	95
251	139	196	95
251	139	199	96
249	141	202	92
245	139	209	94
246	140	204	94
245	138	207	96
245	139	205	96
243	137	206	100
249	136	195	107
249	135	198	112
256	135	187	115
254	139	190	106
249	138	194	105
248	141	191	99
247	142	194	99
254	139	187	105
249	141	190	100
249	140	195	104
255	138	187	106
256	141	186	103
252	139	197	109
261	139	190	108
262	143	188	101
258	140	198	107
262	140	197	106
272	145	191	99
264	149	197	94
266	153	205	89
269	156	202	87
273	151	198	94
269	151	207	96
271	157	212	89
274	162	206	84
277	157	204	92
291	162	197	89
299	171	201	83
316	174	183	82
322	177	178	78
324	176	179	80
331	177	171	80
328	180	177	79
346	184	163	73
366	185	146	71
380	185	132	69
386	182	128	72
392	185	129	68
394	182	129	70
397	181	130	70
400	182	128	70
404	179	127	72
403	180	131	69
409	178	126	69
413	176	119	73
412	177	122	71
414	176	124	73
417	177	119	71
417	177	121	72
416	178	124	70
417	178	122	70
417	177	123	71
418	180	124	70
419	179	121	72
422	180	119	71
424	179	120	72
426	181	119	66
427	182	121	69
430	181	117	68
430	182	120	69
428	181	121	69
425	182	128	70
429	181	127	72
436	181	119	71
434	181	123	70
436	182	120	70
438	182	124	71
435	182	127	70
440	184	124	67
442	183	125	68
443	183	124	69
441	183	130	68
443	182	129	70
447	183	123	69
448	181	125	69
449	182	125	69
448	183	128	68
451	183	124	69
452	183	124	71
453	182	124	70
454	183	123	70
454	183	124	68
456	184	123	70
453	184	127	68
455	184	126	68
450	184	132	68
448	183	134	67
449	184	134	65
452	182	132	69
457	180	125	70
457	181	126	67
448	180	137	69
452	179	133	68
455	178	129	68
452	179	134	66
452	179	135	65
458	175	127	72
458	175	127	69
456	175	130	70
454	173	132	72
455	173	132	69
456	171	131	74
455	171	131	70
454	173	131	66
454	170	133	68
455	167	133	74
456	165	129	71
456	165	129	67
456	162	128	82
449	158	132	81
453	154	126	90
453	152	125	90
451	151	127	86
452	149	124	93
449	147	127	92
446	144	128	102
451	143	123	95
446	141	127	104
449	140	124	103
446	140	123	102
448	140	123	108
451	138	117	115
446	140	122	107
450	139	117	104
446	136	121	113
445	137	122	109
442	134	124	115
445	131	120	120
447	133	116	116
445	134	119	112
446	131	118	116
447	132	116	113
446	132	116	111
448	131	114	112
446	133	114	111
447	129	114	115
448	132	110	109
445	133	117	112
444	131	115	108
445	133	116	108
447	129	112	115
448	131	109	112
446	129	110	122
444	132	110	113
446	132	106	112
447	131	103	117
444	134	106	114
446	135	104	113
447	133	103	115
445	134	104	116
442	133	109	115
445	134	102	115
443	135	104	112
445	133	100	112
443	133	102	116
445	133	99	118
445	134	99	114
444	133	100	119
443	132	101	122
446	133	95	119
446	133	95	115
442	131	100	123
445	130	96	123
446	129	93	122
447	130	89	118
445	130	90	119
443	128	91	121
441	128	93	120
442	127	88	119
443	126	83	120
442	126	80	115
442	126	80	114
441	126	79	112
440	126	78	112
438	126	78	111
439	125	77	114
438	125	77	113
437	125	77	112
440	125	76	115
438	125	77	113
437	126	78	112
438	127	77	110
436	125	79	111
439	126	74	111
438	125	78	112
436	127	78	108
435	125	80	112
434	124	81	113
433	126	82	112
435	124	80	113
434	127	78	114
434	126	81	112
435	126	78	113
435	126	80	112
435	126	79	113
435	125	80	114
437	125	78	115
435	122	81	118
435	121	78	117
435	123	77	116
439	120	74	120
436	121	77	116
434	122	80	115
435	124	80	113
433	124	80	115
434	122	81	116
435	124	78	115
432	123	82	116
434	121	83	119
432	123	84	115
433	123	81	117
431	123	85	115
430	120	85	118
429	122	85	119
433	120	84	114
428	123	89	113
426	120	93	115
430	122	86	119
428	121	91	116
428	125	89	113
425	122	93	114
426	124	91	112
426	124	92	111
425	122	94	115
422	125	98	114
421	122	99	116
422	126	96	110
422	124	98	110
422	126	97	112
420	124	101	114
420	125	99	113
421	126	98	113
417	124	104	115
418	127	102	109
417	128	105	108
418	128	103	109
418	129	104	110
417	126	105	113
420	127	103	110
419	128	105	110
414	131	113	105
416	130	112	107
415	128	111	110
419	128	107	111
418	128	109	111
413	130	117	106
414	129	117	106
413	126	116	111
414	129	116	106
411	132	119	102
415	131	117	102
409	132	121	103
411	135	120	97
411	133	122	100
415	131	115	103
411	132	117	102
409	132	122	103
407	133	122	102
404	135	126	99
407	135	124	100
406	136	124	99
408	137	123	99
405	138	126	99
404	138	124	97
402	139	126	100
405	140	124	97
398	144	129	92
400	145	125	91
397	145	131	93
398	147	127	90
398	146	128	91
396	147	129	89
391	151	133	85
396	156	128	78
400	150	121	86
397	148	124	90
397	155	123	81
397	151	120	87
396	152	120	84
393	160	123	74
394	154	119	82
395	155	118	81
393	154	119	80
393	156	117	78
391	158	118	76
388	160	120	74
389	159	119	75
389	163	118	71
389	164	117	69
386	164	116	69
387	166	117	66
387	163	115	70
387	164	113	69
387	164	114	70
385	165	116	68
388	163	109	72
384	163	115	70
385	165	113	69
382	165	117	67
385	165	112	69
381	164	116	68
381	165	115	67
381	165	112	67
381	163	111	70
378	161	113	73
377	165	113	67
374	162	114	71
373	160	113	74
370	163	115	71
373	164	108	70
372	165	105	69
369	164	105	69
366	164	108	70
366	163	106	71
363	161	107	74
357	163	112	73
356	165	108	70
349	162	114	74
347	163	114	72
347	163	110	71
341	160	114	75
343	158	108	77
340	161	110	72
335	161	110	73
334	161	109	72
330	162	111	70
331	160	107	73
329	159	106	74
325	161	108	72
324	159	105	75
320	160	107	73
319	161	104	70
313	162	108	69
311	159	107	74
309	161	107	72
302	158	111	76
288	153	122	80
266	143	140	90
249	138	157	91
245	140	160	90
243	138	156	90
242	136	156	94
240	137	153	92
241	138	148	91
236	138	153	93
237	138	149	91
238	137	144	94
231	137	151	93
232	138	145	93
235	135	138	98
232	137	141	95
231	137	137	92
231	137	137	94
229	137	139	92
225	136	141	93
224	134	140	95
224	138	139	89
227	136	134	92
225	137	131	90
222	135	137	96
218	136	137	90
219	137	135	93
220	137	135	87
218	138	130	90
219	138	130	88
219	139	129	90
213	136	134	91
215	136	134	92
214	136	129	91
212	136	130	94
211	135	134	93
212	138	133	89
209	134	134	97
209	135	133	93
209	137	130	87
208	136	133	93
204	135	133	93
207	137	134	91
205	138	136	87
201	138	135	88
201	139	140	88
201	137	135	90
199	138	137	86
194	138	142	90
189	136	146	90
192	136	146	93
189	139	144	85
188	137	148	89
181	138	154	89
179	136	157	92
177	139	160	87
176	139	159	88
173	139	163	88
172	141	162	85
164	136	169	90
168	137	164	89
167	137	165	90
162	139	169	87
161	139	171	88
158	140	174	86
157	136	175	89
155	141	176	83
150	136	179	91
146	141	184	84
149	143	180	81
148	133	180	93
146	134	184	91
143	136	184	89
146	141	186	82
141	136	185	90
134	137	190	87
138	140	193	84
134	136	191	88
132	135	192	93
136	138	186	87
127	139	195	82
131	137	188	85
148	131	176	93
129	126	194	94
153	128	173	91
165	131	160	86
192	137	135	77
201	131	123	90
196	132	131	98
192	134	134	103
194	134	132	108
194	135	134	113
192	132	134	124
199	130	129	128
203	131	127	127
197	133	134	117
193	132	138	113
197	132	137	113
189	133	142	106
190	135	146	110
189	135	147	113
191	133	145	121
189	133	140	124
194	129	135	129
197	132	131	126
191	135	138	119
195	132	135	123
193	131	133	123
194	135	137	117
194	132	136	121
190	135	140	117
195	129	140	128
191	130	137	130
191	132	141	116
187	134	142	106
189	132	141	105
189	134	144	108
190	134	144	101
191	133	141	104
190	132	140	99
191	134	140	97
192	133	137	109
191	131	142	120
198	132	133	121
199	131	134	127
194	134	137	123
195	133	138	122
199	132	133	122
195	130	137	128
202	130	131	136
195	135	134	115
201	134	131	116
198	131	137	128
198	132	137	116
198	134	139	99
196	134	140	89
199	133	140	96
199	135	136	80
199	139	138	64
199	138	139	66
198	138	141	61
199	138	141	65
197	147	142	81
202	134	138	90
198	138	143	70
200	136	143	78
199	137	141	73
199	134	142	90
199	136	144	76
202	138	141	72
205	139	136	66
203	138	141	71
201	134	141	88
203	137	139	79
203	135	140	85
205	138	138	77
206	137	135	73
207	135	134	88
207	136	137	82
206	140	138	61
205	138	139	71
210	137	133	79
206	133	138	96
208	133	134	91
208	135	134	81
208	135	138	83
208	138	135	75
209	140	136	59
209	139	137	64
208	138	140	67
211	137	138	75
211	138	138	72
212	136	138	79
217	141	134	60
215	139	139	64
216	139	139	64
218	138	139	70
220	134	139	88
221	134	135	86
223	135	138	86
226	139	136	67
227	138	139	68
224	137	140	68
228	138	141	70
229	139	143	68
229	138	145	70
228	137	147	76
234	135	142	88
236	134	139	92
235	133	141	101
238	133	135	93
241	135	137	91
241	134	138	89
245	134	136	94
245	136	138	79
245	135	138	84
248	135	138	86
247	134	139	91
248	134	138	91
251	134	138	97
250	137	138	79
251	135	141	82
254	137	137	78
254	136	140	82
254	138	138	76
253	136	140	78
253	138	146	76
257	136	140	84
263	136	133	86
256	136	141	86
258	135	141	89
258	136	140	85
261	136	139	85
261	134	140	89
259	135	141	85
264	135	136	85
264	134	136	90
260	136	142	84
267	133	131	100
261	133	140	92
266	135	137	88
266	133	137	91
266	135	135	85
266	134	137	88
265	135	139	83
265	135	139	84
264	132	139	91
267	134	138	88
273	136	130	84
264	135	140	83
269	133	133	92
267	133	136	89
270	135	134	84
269	136	136	81
265	135	140	80
267	135	138	82
270	137	135	79
265	135	140	81
262	133	144	84
265	132	140	88
265	134	142	84
267	134	139	84
266	131	140	90
267	131	136	97
268	130	138	101
266	132	139	97
264	132	141	95
269	130	137	104
271	132	135	101
267	130	134	101
270	129	135	106
267	128	138	108
270	128	131	110
273	129	133	106
268	127	135	110
268	130	136	103
270	131	136	99
267	128	137	106
270	131	130	101
270	130	135	100
268	130	135	101
266	131	140	95
266	134	142	86
269	135	137	85
271	133	135	85
268	134	136	84
268	131	137	94
269	130	136	101
264	131	139	99
271	130	132	106
269	128	136	109
265	131	140	102
271	131	135	105
268	129	138	104
263	129	143	107
262	130	143	95
266	132	146	90
265	131	145	95
264	132	145	88
266	134	146	83
265	131	145	87
263	133	149	85
259	131	152	90
258	133	154	87
260	132	154	88
259	131	153	92
256	134	158	85
252	133	163	88
255	134	163	86
252	136	164	83
254	135	164	86
255	136	164	83
253	137	170	80
252	139	175	77
253	140	178	75
257	137	172	87
260	136	174	97
259	136	174	93
265	137	174	90
267	136	175	100
270	139	176	93
276	141	177	91
279	144	183	92
291	145	177	93
297	145	182	100
310	145	179	107
319	147	184	107
328	145	185	118
332	139	197	129
338	143	196	146
350	142	197	145
351	150	216	148
355	148	223	151
361	149	224	158
363	149	235	157
362	150	251	174
349	153	269	166
331	158	293	177
322	167	303	178
297	169	328	178
304	175	322	169
