0.393838
0.038296
0.038092
0.038070
0.038237
0.038085
0.037880
0.038085
0.037941
0.038022
0.037692
0.038077
0.038041
0.038133
0.037963
0.037966
0.038173
0.038099
0.037988
0.037959
0.066267
0.038114
0.037948
0.038121
0.038241
0.038042
0.038057
0.038277
0.038034
0.038123
0.038107
0.038407
0.036357
0.038002
0.038175
0.038229
0.038179
0.038167
0.040261
0.038144
0.072352
0.038100
0.038279
0.038300
0.038291
0.038119
0.038209
0.038126
0.038196
0.038075
0.038183
0.038261
0.038214
0.038440
0.038066
0.038181
0.039416
0.036619
0.036867
0.036501
0.070041
0.037004
0.036704
0.038800
0.038425
0.037608
0.038419
0.038168
0.038109
0.038418
0.038044
0.037951
0.038200
0.038230
0.038213
0.038390
0.036893
0.038630
0.038472
0.038420
0.072747
0.037315
0.037037
0.037150
0.037215
0.037133
0.038381
0.038202
0.038520
0.038376
0.038434
0.038924
0.038532
0.056329
0.038122
0.038218
0.038217
0.037967
0.038214
0.038006
0.071836
0.037782
0.038325
0.038185
0.038008
0.038173
0.038246
0.038146
0.038414
0.038502
0.038326
0.037919
0.038454
0.038368
0.038278
0.038334
0.038490
0.038402
0.038256
0.038240
0.071612
0.038229
0.038492
0.038419
0.038258
0.038383
0.038243
0.038494
0.037999
0.038350
0.038228
0.038545
0.038866
0.038615
0.038834
0.038797
0.038743
0.038535
0.038669
0.038711
0.072219
0.038520
0.038494
0.038639
0.038737
0.039057
0.037006
0.036995
0.036951
0.036879
0.036776
0.036850
0.036613
0.036708
0.037002
0.037218
0.037323
0.038092
0.038184
0.038151
0.071940
0.038089
0.038314
0.037966
0.037981
0.038319
0.038097
0.038178
0.038174
0.038368
0.038201
0.038321
0.038131
0.038140
0.038131
0.038705
0.037465
0.037280
0.037318
0.037154
0.070574
0.037180
0.038368
0.038274
0.038252
0.038100
0.038198
0.039329
0.038222
0.038260
0.038281
0.038257
0.037973
0.038116
0.038352
0.038224
0.038383
0.038267
0.038648
0.038465
0.072246
0.036733
0.038397
0.038482
0.038182
0.038323
0.038225
0.038221
0.038249
0.038112
0.038238
0.038283
0.038074
0.038129
0.038254
0.038583
0.038119
0.038328
0.038571
0.038313
0.071706
0.038199
0.038113
0.038274
0.038354
0.036678
0.036721
0.036802
0.036801
0.036770
0.036757
0.036644
0.036973
0.036711
0.036768
0.036820
0.036746
0.036823
0.036773
0.036681
0.070871
0.036984
0.037019
0.036999
0.036880
0.037060
0.037225
0.037550
0.037403
0.037406
0.037406
0.037332
0.037404
0.037871
0.038032
0.038247
0.037537
0.037430
0.037380
0.037834
0.073210
0.038283
0.038577
0.039093
0.039775
0.040238
0.040102
0.040040
0.039877
0.039131
0.039243
0.038921
0.038814
0.038702
0.038476
0.038660
0.038309
0.038244
0.038295
0.038321
0.072141
0.038365
0.038347
0.038477
0.038416
0.038439
0.038510
0.038382
0.038579
0.037143
0.037217
0.037331
0.037252
0.037355
0.037202
0.037396
0.037202
0.037262
0.038319
0.037392
0.070727
0.037262
0.037462
0.037289
0.037256
0.037318
0.037246
0.037483
0.037466
0.037388
0.037428
0.037337
0.037450
0.037310
0.038014
0.038626
0.038494
0.038623
0.038611
0.038788
0.072535
0.038842
0.038677
0.038909
0.039066
0.039270
0.039793
0.039810
0.039963
0.040290
0.040527
0.037922
0.041387
0.036613
0.036547
0.036898
0.039226
0.037220
0.037365
0.039608
0.070606
0.037258
0.037323
0.037340
0.037251
0.037315
0.038232
0.038218
0.038335
0.038374
0.039652
0.038635
0.038371
0.038487
0.038252
0.038336
0.038198
0.038121
0.038120
0.038212
0.072138
0.038429
0.039048
0.036725
0.036529
0.036721
0.036659
0.036563
0.036768
0.036667
0.036682
0.036899
0.036545
0.036451
0.038721
0.038607
0.038610
0.038568
0.038554
0.038665
0.072056
0.036459
0.038825
0.038723
0.036436
0.036454
0.036458
0.036616
0.036627
0.036727
0.036680
0.036666
0.036689
0.036580
0.036537
0.036562
0.036815
0.036699
0.037270
0.037143
0.070712
0.037272
0.036965
0.037330
0.037135
0.037247
0.037182
0.037231
0.037249
0.038134
0.038404
0.038550
0.038705
0.038325
0.038451
0.038476
0.038356
0.038463
0.038287
0.038485
0.071981
0.038377
0.037477
0.037254
0.037262
0.037340
0.037350
0.037982
0.038128
0.038307
0.038275
0.038461
0.038479
0.037929
0.040272
0.040393
0.038295
0.040123
0.038014
0.038142
0.071567
0.039850
0.040426
0.037739
0.038444
0.038353
0.038158
0.038510
0.038445
0.038386
0.038506
0.038394
0.038191
0.038396
0.038254
0.038099
0.040303
0.040351
0.038011
0.037906
0.071721
0.040167
0.039901
0.040045
0.040002
0.040054
0.040108
0.040694
0.039124
0.038897
0.038994
0.038764
0.038783
0.038667
0.038597
0.038648
0.038715
0.038814
0.038612
0.038975
0.071779
0.038340
0.038527
0.038362
0.038471
0.038273
0.038410
0.038483
0.038399
0.038429
0.038585
0.038551
0.038422
0.039005
0.039495
0.038700
0.038695
0.038764
0.038764
0.036491
0.072171
0.038645
0.038849
0.036473
0.038706
0.036359
0.038814
0.038721
0.036348
0.036483
0.036426
0.038737
0.039038
0.038831
0.036504
0.036592
0.036507
0.036586
0.036497
0.036439
0.069949
0.036505
0.038795
0.039328
0.039248
0.039346
0.039259
0.039331
0.039482
0.039393
0.039484
0.039265
0.039111
0.039254
0.039214
0.039307
0.039191
0.038996
0.039184
0.039488
0.072951
0.039401
0.039357
0.039356
0.037170
0.036934
0.037050
0.037180
0.037902
0.038164
0.038085
0.038022
0.040540
0.040447
0.040569
0.040660
0.040344
0.038020
0.040429
0.041654
0.074684
0.040506
0.040356
0.040347
0.040174
0.040210
0.039944
0.040276
0.040351
0.040172
0.040358
0.040428
0.040382
0.040313
0.040350
0.040442
0.040703
0.040322
0.040597
0.040291
0.074403
0.040516
0.040380
0.040340
0.040255
0.040372
0.040241
0.040147
0.040113
0.040244
0.040338
0.038158
0.038301
0.038261
0.038170
0.038254
0.038518
0.038409
0.038195
0.038057
0.070227
0.040029
0.038616
0.038532
0.038352
0.038839
0.037971
0.038319
0.038302
0.038379
0.038748
0.038110
0.038391
0.038351
0.038342
0.038253
0.038238
0.040090
0.039633
0.040347
0.071819
0.038491
0.038256
0.043230
0.038447
0.038122
0.038494
0.038176
0.038315
0.039002
0.041832
0.038480
0.038314
0.038207
0.038416
0.038175
0.038308
0.038452
0.038329
0.038296
0.072319
0.038652
0.038071
0.038406
0.038442
0.038300
0.038208
0.038210
0.038203
0.038403
0.038293
0.038237
0.038112
0.038227
0.040550
0.040239
0.039783
0.040189
0.038402
0.038240
0.072111
0.038306
0.038279
0.040507
0.037929
0.038332
0.038270
0.038383
0.038215
0.038455
0.038429
0.038352
0.038328
0.038499
0.038311
0.038465
0.037341
0.038463
0.038223
0.038218
0.071869
0.038343
0.038305
0.038255
0.038188
0.038240
0.038304
0.038353
0.038051
0.040710
0.038399
0.038281
0.040154
0.040366
0.038292
0.038312
0.038081
0.040502
0.038241
0.038195
0.071806
0.040712
0.038580
0.040760
0.038622
0.038677
0.038926
0.039251
0.039277
0.039324
0.040604
0.040371
0.040464
0.040378
0.040504
0.038115
0.040535
0.040037
0.040456
0.040468
0.074462
0.040287
0.040452
0.040456
0.040619
0.040381
0.040356
0.040468
0.038238
0.038040
0.038186
0.038207
0.040449
0.038335
0.038252
0.038527
0.038110
0.038305
0.040675
0.040489
0.073949
0.040451
0.040300
0.039974
0.040236
0.040331
0.040359
0.040093
0.039795
0.040063
0.040076
0.039651
0.040194
0.040171
0.040154
0.040746
0.040014
0.040271
0.040156
0.040091
0.074167
0.040548
0.038120
0.040658
0.040706
0.040812
0.038503
0.038227
0.038160
0.038226
0.038266
0.038289
0.038374
0.038337
0.038474
0.038661
0.038239
0.038318
0.038381
0.038411
0.072103
0.038615
0.038360
0.038268
0.038169
0.038217
0.038265
0.038274
0.038189
0.039299
0.038070
0.038330
0.038349
0.038574
0.038389
0.038149
0.038275
0.038265
0.038285
0.038263
0.071984
0.038301
0.038418
0.038023
0.038191
0.038589
0.038299
0.038424
0.037954
0.038130
0.038241
0.038379
0.038201
0.038278
0.038378
0.038417
0.038440
0.038269
0.038286
0.038277
0.072110
0.038196
0.038385
0.038145
0.038201
0.038136
0.038241
0.038404
0.038075
0.038403
0.040567
0.040168
0.040582
0.038234
0.040195
0.040403
0.038301
0.038322
0.038262
0.037998
0.072041
0.038330
0.038194
0.037953
0.038340
0.038303
0.038346
0.038451
0.038172
0.038235
0.038258
0.038187
0.038086
0.038238
0.037977
0.038390
0.038243
0.038372
0.038331
0.038128
0.071774
0.038249
0.038281
0.038236
0.038329
0.038298
0.038219
0.038111
0.038336
0.038246
0.037929
0.038267
0.040514
0.038169
0.038191
0.038426
0.038208
0.040466
0.040879
0.040644
0.074391
0.040551
0.040777
0.040510
0.040470
0.040346
0.040494
0.040458
0.040329
0.040336
0.040372
0.040486
0.040699
0.041094
0.036589
0.036670
0.036556
0.036628
0.036459
0.036697
0.072261
0.038774
0.038902
0.036618
0.036515
0.036484
0.036628
0.039457
0.039406
0.039449
0.036814
0.036604
0.038793
0.038888
0.038309
0.036592
0.038790
0.038719
0.036711
0.036552
0.069921
0.036667
0.036552
0.036654
0.036635
0.038529
0.039025
0.039212
0.039322
0.039433
0.039408
0.039463
0.039274
0.040073
0.039285
0.039452
0.039313
0.039227
0.040826
0.039235
0.072924
0.039312
0.039310
0.039321
0.040409
0.040428
0.040207
0.040458
0.040452
0.040544
0.040505
0.042117
0.039336
0.038980
0.038974
0.039375
0.039747
0.040239
0.040160
0.040359
0.072245
0.038244
0.038157
0.038370
0.038272
0.038308
0.038351
0.038113
0.038234
0.037965
0.038143
0.038378
0.038644
0.038102
0.038234
0.038365
0.038302
0.038255
0.038215
0.038328
0.072285
0.038154
0.038119
0.038283
0.038061
0.038241
0.038206
0.038257
0.040436
0.038195
0.040643
0.038163
0.038434
0.038210
0.038401
0.040162
0.037363
0.037454
0.037378
0.037259
0.072051
0.040267
0.040345
0.040447
0.040289
0.040002
0.040500
0.040157
0.040251
0.040072
0.040350
0.040278
0.040108
0.040319
0.040529
0.040318
0.038283
0.040574
0.038353
0.040229
0.073912
0.039905
0.040469
0.038216
0.038325
0.038257
0.038390
0.038188
0.037828
0.037706
0.037442
0.037947
0.038056
0.038150
0.038580
0.036673
0.036860
0.040894
0.039359
0.037711
0.072600
0.038766
0.037630
0.037636
0.037810
0.037746
0.038661
0.037421
0.037718
0.037668
0.038007
0.038139
0.038267
0.038626
0.038336
0.038456
0.038282
0.038456
0.037997
0.038592
0.072300
0.038535
0.038397
0.038233
0.038500
0.038297
0.038449
0.038362
0.038424
0.038335
0.038499
0.038254
0.038549
0.038480
0.038077
0.037855
0.038175
0.038197
0.038051
0.038085
0.071819
