1.00
1.01
0.95
0.84
0.82
0.82
0.86
0.89
0.87
0.88
0.88
0.87
0.88
0.88
0.84
0.83
0.88
0.92
0.95
0.93
0.95
1.04
1.03
1.03
0.97
0.97
0.95
0.96
0.95
0.92
0.90
0.88
0.87
0.89
0.86
0.86
0.86
0.82
0.80
0.80
0.78
0.87
0.59
0.77
0.51
0.62
0.49
0.36
0.30
0.37
0.36
0.44
0.48
0.54
0.56
0.64
0.74
0.80
0.81
0.81
0.88
0.95
1.01
1.03
1.01
0.98
0.97
0.96
0.96
0.96
0.93
0.97
0.98
1.00
0.95
0.93
0.91
0.89
0.89
0.87
0.84
0.91
0.87
0.90
0.85
0.59
0.65
0.72
0.70
0.63
0.59
0.56
0.55
0.53
0.49
0.49
0.57
0.71
0.70
0.64
0.72
0.85
0.86
0.87
0.96
0.96
1.02
1.01
1.03
1.04
1.03
1.03
1.00
0.96
0.89
0.94
0.93
0.90
0.92
0.90
0.94
0.93
0.97
0.93
0.89
0.86
0.81
0.79
0.72
0.71
0.68
0.68
0.58
0.53
0.53
0.48
0.43
0.47
0.43
0.43
0.39
0.55
0.45
0.50
0.63
0.65
0.64
0.72
0.78
0.72
0.70
0.72
0.73
0.83
0.86
0.85
0.85
0.83
0.86
0.84
0.82
0.97
0.94
0.98
1.01
1.02
1.03
1.02
0.89
0.89
0.87
0.87
0.84
0.79
0.62
0.67
0.66
0.86
0.65
0.63
0.81
0.96
0.95
0.95
0.89
0.84
0.80
0.67
0.75
0.68
0.77
0.64
0.60
0.65
0.58
0.63
0.62
0.72
0.73
0.70
0.56
0.64
0.65
0.66
0.72
0.71
0.74
0.72
0.72
0.72
0.70
0.72
0.73
0.71
0.73
0.71
0.73
0.73
0.69
0.67
0.61
0.83
0.80
0.85
0.76
0.77
0.78
0.88
0.93
0.89
0.80
0.85
0.83
0.80
0.81
0.82
0.78
0.85
0.77
0.84
0.88
0.94
0.90
0.96
0.95
0.97
0.94
1.01
1.03
1.09
1.12
1.13
1.14
1.13
1.15
1.21
1.22
1.23
1.20
1.16
1.17
1.07
1.08
1.06
1.05
1.01
0.97
0.95
0.80
0.77
0.70
0.66
0.58
0.62
0.64
0.72
0.76
0.81
0.81
0.79
0.76
0.95
0.87
0.98
0.92
0.92
0.96
0.95
0.93
0.96
0.97
1.01
0.94
0.97
0.95
0.97
0.94
0.93
0.93
0.90
0.86
0.85
0.85
0.79
0.69
0.63
0.52
0.56
0.45
0.46
0.43
0.56
0.55
0.63
0.59
0.55
0.55
0.59
0.69
0.61
0.75
0.86
0.86
0.82
0.87
0.95
0.92
0.92
0.96
1.03
1.10
1.10
1.09
1.09
1.07
1.11
1.12
1.17
1.11
1.15
1.12
1.17
1.18
1.17
1.17
1.15
1.17
1.16
1.13
1.07
1.09
1.03
1.00
0.98
0.97
0.96
0.94
0.97
0.97
0.96
0.92
0.87
0.93
0.89
0.90
0.95
0.94
0.94
0.95
0.97
0.93
0.89
0.92
0.93
0.97
0.92
0.87
0.90
0.90
0.88
0.95
0.93
0.92
0.93
0.90
0.85
0.87
0.84
0.83
0.83
0.81
0.80
0.72
0.72
0.65
0.64
0.63
0.60
0.57
0.58
0.57
0.71
0.69
0.66
0.61
0.65
0.64
0.63
0.63
0.64
0.68
0.73
0.74
0.75
0.72
0.73
0.73
0.79
0.80
0.81
0.78
0.88
0.83
0.81
0.81
0.80
0.83
0.84
0.97
0.87
0.79
0.85
0.90
0.89
0.95
0.98
1.04
1.05
1.10
1.11
1.10
1.05
1.03
0.99
1.07
0.99
1.11
1.14
1.16
0.97
1.06
1.02
1.05
1.04
1.00
0.99
0.98
1.02
0.98
0.97
0.92
0.87
0.83
0.88
0.83
0.84
0.80
0.77
0.76
0.72
0.72
0.67
0.70
0.70
0.63
0.64
0.63
0.68
0.70
0.70
0.70
0.76
0.71
0.77
0.74
0.72
0.61
0.57
0.75
0.63
0.70
0.73
0.71
0.69
0.72
0.74
0.70
0.86
0.84
0.96
0.92
1.02
0.97
1.05
1.03
1.03
1.12
1.12
1.12
1.17
1.17
1.16
1.11
1.13
1.20
1.22
1.24
1.21
1.22
1.24
1.24
1.19
1.12
1.17
1.17
1.17
1.14
1.13
1.13
1.10
1.09
1.11
1.09
1.09
1.08
1.07
1.04
1.04
1.06
1.00
1.00
0.91
0.90
0.95
0.91
0.96
0.99
0.97
0.86
0.87
0.81
0.75
0.90
0.71
0.62
0.56
0.55
0.55
0.52
0.55
0.58
0.76
0.75
0.85
0.82
0.87
0.65
0.89
0.92
0.90
0.92
0.98
0.98
0.99
0.97
0.95
0.92
0.90
0.82
0.74
0.87
1.04
0.99
1.06
1.07
1.08
1.03
1.07
1.04
1.05
1.13
1.18
1.18
1.14
1.11
1.07
1.03
0.96
0.91
0.86
0.84
0.84
0.74
0.71
0.77
0.84
0.75
0.89
0.74
0.72
0.77
0.68
0.67
0.67
0.67
0.64
0.74
0.60
0.49
0.52
0.70
0.62
0.64
0.81
0.85
0.85
0.81
0.84
0.94
1.03
1.02
0.79
0.76
0.90
0.79
0.75
0.69
0.69
0.67
0.64
0.64
0.75
0.67
0.67
0.60
0.61
0.61
0.67
0.62
0.64
0.64
0.64
0.72
0.74
0.74
0.70
0.70
0.82
0.77
0.80
0.87
0.70
0.67
0.71
0.69
0.68
0.73
0.72
0.75
0.78
0.82
0.87
0.89
0.96
0.98
0.86
0.84
0.67
0.60
0.49
0.35
0.37
0.35
0.34
0.34
0.27
0.31
0.37
0.38
0.39
0.37
0.43
0.45
0.63
0.71
0.69
0.80
0.78
0.85
0.85
0.83
0.93
0.91
0.97
0.98
1.01
1.06
1.15
1.14
1.21
1.24
1.25
1.24
1.19
1.07
1.04
1.00
1.01
0.99
0.95
1.04
1.02
0.96
0.98
0.96
0.94
0.99
0.90
0.79
0.76
0.70
0.76
0.77
0.73
0.70
0.59
0.52
0.59
0.62
0.62
0.62
0.59
0.58
0.58
0.57
0.54
0.59
0.63
0.63
0.53
0.54
0.51
0.59
0.61
0.65
0.60
0.62
0.54
0.62
0.59
0.64
0.80
0.80
0.86
0.93
0.94
0.95
0.92
0.90
0.96
0.98
0.97
1.03
1.05
1.08
1.05
1.12
1.10
1.11
1.07
1.11
1.10
1.10
1.14
1.12
1.12
1.08
1.03
0.93
1.01
1.03
0.94
0.98
1.00
1.01
1.00
0.98
1.00
1.02
1.04
1.04
1.01
1.04
0.97
1.02
0.99
1.02
1.03
1.15
1.15
1.19
1.22
1.16
1.12
1.11
1.13
1.06
1.11
1.06
1.15
1.14
1.14
1.08
1.15
1.01
0.92
0.75
0.79
0.75
0.70
0.56
0.64
0.55
0.71
0.81
0.82
0.86
0.89
0.90
0.95
0.96
0.97
0.95
1.03
1.03
1.08
1.04
1.04
1.11
1.10
1.03
1.09
1.05
1.00
1.00
0.91
0.97
0.97
0.90
0.93
0.95
0.83
0.89
0.87
0.87
0.92
0.90
0.88
0.86
0.84
0.94
1.04
0.92
1.01
0.94
0.89
0.73
0.74
0.73
0.76
0.75
0.77
0.71
0.73
0.78
0.77
0.81
0.81
0.81
0.86
0.83
0.82
0.85
0.75
0.75
0.72
0.76
0.74
0.81
0.78
0.70
0.75
0.76
0.71
0.64
0.74
0.68
0.66
0.61
0.56
0.69
0.67
0.59
0.55
0.59
0.61
0.62
0.63
0.66
0.60
0.65
0.78
0.82
0.81
0.82
0.78
0.72
0.76
0.72
0.69
0.70
0.66
0.72
0.74
0.73
0.69
0.73
0.70
0.76
0.74
0.72
0.80
0.87
0.84
0.81
0.89
0.90
1.00
0.99
0.94
0.96
0.99
1.03
1.02
0.98
0.94
0.90
0.86
0.88
0.82
0.83
0.80
0.73
0.65
0.71
0.74
0.68
0.75
0.67
0.63
0.64
0.75
0.60
0.76
0.81
0.76
0.79
0.70
0.68
0.60
0.58
0.67
0.75
0.84
0.88
0.92
0.97
0.93
0.95
0.99
0.95
0.94
0.97
1.00
1.06
1.12
1.12
1.20
1.20
1.24
1.24
1.22
1.22
1.24
1.19
1.22
1.18
1.16
1.19
1.15
1.23
1.17
1.19
1.17
1.18
1.20
1.18
1.16
1.20
1.16
1.19
1.10
1.12
1.09
1.13
1.09
1.10
1.09
1.11
1.05
1.01
1.01
1.00
0.90
1.03
1.03
0.98
0.91
1.00
0.93
0.96
0.94
0.90
0.89
0.82
0.77
0.64
0.70
0.72
0.81
0.70
0.88
0.91
0.98
0.95
0.99
0.81
0.89
0.99
0.92
0.83
0.94
0.91
0.92
0.93
1.00
1.00
0.97
0.97
0.99
1.00
0.98
1.06
1.07
1.10
1.13
1.10
1.11
1.10
1.15
1.17
1.07
1.01
1.03
1.04
0.98
0.84
0.95
0.77
0.89
0.92
0.82
0.86
0.69
0.57
0.55
0.57
0.61
0.54
0.69
0.55
0.63
0.59
0.54
0.67
0.70
0.70
0.71
0.67
0.67
0.69
0.60
0.77
0.69
0.68
0.54
0.60
0.59
0.57
0.48
0.64
0.74
0.71
0.93
0.95
0.93
0.96
1.00
0.99
0.99
0.96
1.00
1.04
1.10
1.11
1.24
1.18
1.12
1.14
1.17
1.24
1.20
1.13
1.11
1.11
1.16
1.23
1.24
1.22
1.24
1.23
1.16
1.15
1.19
1.20
1.15
1.17
1.16
1.16
1.13
1.14
1.06
1.07
1.01
1.02
0.95
0.90
0.93
1.02
1.01
0.98
0.95
0.97
0.92
0.91
0.92
0.89
0.90
0.90
0.96
0.94
0.99
1.01
1.02
0.98
0.94
0.88
0.86
0.81
0.81
0.83
0.82
0.87
0.84
0.83
0.82
0.84
0.89
0.83
0.90
0.90
0.91
0.93
0.93
0.95
0.81
0.82
0.82
0.87
0.79
0.81
0.79
0.81
0.77
0.77
0.86
0.79
0.77
0.76
0.62
0.61
0.70
0.67
0.66
0.58
0.56
0.60
0.56
0.51
0.55
0.56
0.57
0.59
0.59
0.56
0.59
0.60
0.58
0.54
0.53
0.56
0.72
0.68
0.78
0.70
0.80
0.80
0.78
0.84
0.79
0.83
0.69
0.73
0.77
0.87
0.74
0.91
0.90
0.90
0.88
0.90
0.97
0.97
1.00
1.06
1.04
1.03
1.04
0.97
0.97
0.96
1.14
1.10
1.03
1.10
0.97
1.03
1.01
0.98
1.07
1.09
0.92
0.88
0.83
0.82
0.81
0.82
0.71
0.74
0.65
0.63
0.60
0.57
0.57
0.72
0.71
0.68
0.70
0.77
0.78
0.81
0.78
0.83
0.82
0.86
0.93
0.92
0.96
0.99
0.99
1.07
1.08
1.04
1.03
1.00
1.04
1.06
1.00
1.07
1.07
1.12
1.08
1.10
1.08
1.06
1.05
1.03
1.02
1.00
0.96
0.96
0.90
0.90
0.88
0.89
0.87
0.86
0.84
0.80
0.78
0.78
0.88
0.86
0.83
0.80
0.74
0.76
0.66
0.71
0.69
0.65
0.59
0.56
0.50
0.49
0.44
0.51
0.52
0.45
0.50
0.52
0.47
0.44
0.47
0.47
0.45
0.48
0.43
0.40
0.39
0.37
0.38
0.41
0.37
0.45
0.46
0.54
0.47
0.65
0.61
0.71
0.79
0.83
0.89
0.80
0.69
0.60
0.85
0.80
0.85
0.82
0.78
0.85
0.85
0.82
0.81
0.82
0.82
0.80
0.78
0.83
1.02
1.04
1.04
1.01
1.02
0.97
0.97
0.94
0.95
0.94
0.91
0.90
0.93
0.77
0.69
0.64
0.54
0.51
0.51
0.51
0.55
0.61
0.56
0.62
0.64
0.64
0.70
0.65
0.69
0.71
0.75
0.87
0.83
0.85
0.83
0.79
0.78
0.74
0.79
0.80
0.93
0.94
0.87
0.87
1.00
1.06
1.16
1.16
1.04
0.97
1.03
1.03
1.01
1.09
1.00
0.98
1.00
0.97
0.93
0.92
0.94
0.91
0.90
0.89
0.86
0.86
0.84
0.84
0.81
0.80
0.81
0.79
0.75
0.79
0.77
0.78
0.80
0.86
0.86
0.82
0.98
0.98
1.01
1.00
0.98
0.98
0.99
1.04
1.14
1.18
1.22
1.22
1.21
1.14
1.12
1.06
1.05
1.02
0.99
0.90
0.90
0.88
0.87
0.92
0.93
0.87
0.83
0.78
0.72
0.65
0.61
0.58
0.52
0.50
0.51
0.55
0.62
0.68
0.77
0.76
0.83
0.89
0.80
0.91
0.85
0.98
0.90
0.93
0.89
0.97
0.99
0.91
0.90
0.91
0.91
0.87
0.92
0.93
0.94
0.97
1.04
1.01
1.04
1.03
1.00
0.98
1.02
1.01
0.98
0.86
1.08
1.16
1.14
1.19
1.18
1.17
1.24
1.18
1.23
1.15
1.12
1.09
1.05
1.14
1.01
1.05
1.00
1.01
0.86
0.91
0.87
0.87
0.93
0.85
0.93
0.86
0.82
0.85
0.78
0.80
0.84
0.70
0.71
0.74
0.62
0.69
0.63
0.68
0.64
0.67
0.60
0.60
0.66
0.70
0.61
0.73
0.82
0.87
0.83
0.87
1.04
1.01
0.99
0.92
0.98
0.96
0.91
0.84
0.83
0.82
0.81
0.78
0.80
0.79
0.76
0.78
0.72
0.72
0.70
0.75
0.70
0.67
0.73
0.72
0.71
0.74
0.65
0.69
0.72
0.67
0.75
0.79
0.70
0.72
0.69
0.63
0.56
0.60
0.58
0.64
0.84
0.85
0.88
0.88
0.94
1.00
0.98
0.96
0.97
0.94
0.99
0.96
0.98
1.01
1.01
1.04
0.98
1.00
0.91
0.94
0.99
0.92
0.94
0.98
1.00
1.01
1.05
1.05
1.04
0.99
0.95
0.90
0.97
0.89
0.97
1.01
1.05
0.99
1.04
1.05
0.98
1.13
1.17
1.14
1.02
1.15
1.00
0.95
0.90
0.92
0.92
0.93
0.85
0.91
0.93
0.91
0.94
0.80
0.81
0.70
0.70
0.60
0.61
0.61
0.65
0.65
0.61
0.58
0.52
0.53
0.63
0.64
0.69
0.62
0.58
0.80
0.99
0.81
0.74
0.70
0.79
0.79
0.78
0.70
0.76
0.72
0.79
0.80
0.75
0.65
0.67
0.84
0.76
0.74
0.90
0.73
0.64
0.68
0.62
0.56
0.59
0.61
0.66
0.53
0.34
0.45
0.43
0.39
0.39
0.29
0.30
0.36
0.47
0.45
0.45
0.38
0.43
0.36
0.42
0.44
0.49
0.52
0.42
0.45
0.48
0.43
0.47
0.46
0.47
0.66
0.75
0.75
0.59
0.61
0.59
0.41
0.43
0.48
0.49
0.69
0.79
0.92
1.07
1.02
1.10
1.14
1.08
0.95
0.97
1.07
1.13
1.16
1.23
1.20
1.20
1.19
1.33
1.21
1.19
1.17
1.20
1.14
1.19
1.28
1.25
1.12
0.86
0.63
0.52
0.56
0.58
0.55
0.54
0.58
0.59
0.58
0.58
0.56
0.57
0.59
0.67
0.60
0.61
0.61
0.55
0.51
0.43
0.45
0.39
0.52
0.48
0.53
0.48
0.48
0.50
0.37
0.43
0.35
0.52
0.50
0.64
0.64
0.60
0.62
0.61
0.61
0.60
0.64
0.66
0.61
0.58
0.58
0.59
0.61
0.62
0.57
0.64
0.60
0.63
0.48
0.86
0.77
0.78
0.81
0.76
0.79
