318	235	91	65
322	229	96	65
335	229	89	67
343	228	86	65
346	230	85	68
342	226	89	71
339	232	89	74
340	235	92	74
343	236	92	73
344	232	93	72
347	231	92	70
347	229	94	70
343	232	96	72
342	230	96	67
344	226	96	68
347	228	95	70
347	225	96	67
351	225	93	71
352	223	91	67
361	225	86	68
366	225	86	65
374	226	85	67
376	229	83	65
376	229	88	68
384	231	82	66
385	233	81	70
391	232	81	68
395	230	80	74
398	234	76	73
399	234	74	69
392	233	79	71
390	231	76	70
385	231	77	70
386	230	76	68
385	229	76	70
385	233	71	71
386	234	68	73
388	240	62	76
389	243	62	75
393	246	57	74
394	246	58	75
396	245	55	75
395	246	54	79
398	247	49	77
401	244	46	79
405	243	43	81
409	242	40	81
415	245	35	81
418	247	33	82
398	248	49	84
390	253	56	79
386	249	48	87
393	256	50	83
405	262	48	77
408	265	52	77
414	268	50	74
417	272	50	71
419	274	51	71
422	275	51	76
430	274	45	68
423	272	48	63
432	270	43	63
435	267	42	66
439	268	41	66
431	269	51	70
406	273	54	71
441	274	47	74
399	279	53	74
406	284	60	72
394	286	72	70
392	289	79	67
392	289	81	68
391	291	85	66
391	292	89	66
392	292	89	67
395	294	88	67
399	295	86	68
402	298	82	66
408	298	70	67
413	301	61	64
417	300	56	66
420	300	50	67
423	300	44	69
426	301	37	69
427	304	36	69
426	303	36	71
418	306	44	67
425	305	35	70
412	307	48	70
405	307	59	70
398	306	70	69
403	307	61	68
414	308	48	69
418	309	51	69
424	313	49	68
399	316	58	66
394	323	45	63
396	330	51	60
394	329	66	66
393	330	70	67
390	331	77	68
388	332	86	69
388	332	89	66
388	329	89	67
387	328	93	67
392	329	87	63
397	328	84	63
398	325	86	63
403	322	85	62
405	319	86	61
408	316	84	61
410	316	82	62
410	315	84	61
412	313	81	61
414	315	80	60
415	310	85	60
418	307	80	61
417	306	84	58
420	302	80	60
422	297	81	59
424	296	81	56
425	290	80	58
426	286	82	60
427	282	79	62
423	280	80	62
421	278	80	60
419	274	79	60
418	268	78	61
416	268	80	57
417	264	79	63
418	263	79	64
417	260	81	67
418	256	80	70
418	256	77	70
417	253	80	72
417	252	76	73
415	252	80	69
415	251	80	69
416	246	73	71
415	248	77	71
412	249	79	68
412	245	80	68
414	245	78	67
415	244	77	64
416	243	74	66
414	243	76	63
412	243	79	61
412	244	76	60
411	243	78	58
409	244	78	54
411	246	79	48
413	249	79	42
419	253	76	36
421	254	75	40
423	250	77	48
426	249	78	51
426	246	78	54
427	242	79	58
427	238	80	67
428	235	76	66
429	236	76	66
430	235	76	67
430	234	77	70
430	234	76	68
430	235	77	63
427	234	79	61
425	234	77	59
426	234	77	59
425	237	76	58
424	239	78	58
423	244	78	56
423	241	76	59
423	242	80	61
423	241	80	63
424	242	78	66
422	244	80	67
424	241	79	67
422	241	79	69
421	241	80	70
423	242	76	68
424	243	76	67
422	245	79	65
424	246	78	62
424	245	79	60
425	250	77	53
427	254	75	48
429	257	75	45
431	257	76	42
432	260	73	41
431	261	73	41
429	263	73	41
429	264	72	41
427	264	74	40
425	266	74	44
426	266	71	50
426	264	73	54
427	263	73	58
427	265	73	61
425	267	77	63
426	269	76	63
427	270	79	66
428	271	77	69
427	275	77	72
429	276	74	69
428	278	79	70
435	280	75	71
435	283	79	71
439	286	80	69
442	289	82	67
447	291	79	68
460	297	70	62
462	300	69	65
467	304	69	63
470	304	70	65
472	307	70	63
473	309	70	66
479	310	66	69
482	310	65	72
489	312	60	70
491	313	59	72
495	316	58	71
496	320	56	69
494	320	56	73
492	321	57	74
491	324	57	73
491	329	56	72
491	329	55	75
493	335	53	74
491	337	53	72
492	336	50	73
488	336	55	75
486	337	54	75
479	338	59	74
476	337	61	76
468	336	69	74
470	336	64	73
465	336	66	72
465	330	66	75
464	330	68	74
464	328	65	72
454	325	77	75
452	327	76	71
449	324	74	74
447	327	74	68
450	325	69	68
451	319	66	71
449	321	66	73
451	318	62	71
450	316	66	75
444	319	68	70
442	315	68	75
442	315	67	80
439	317	62	78
435	316	60	79
434	318	56	77
433	317	56	78
430	314	59	81
427	313	61	84
420	315	67	81
409	313	76	87
403	311	81	92
418	320	106	88
408	320	132	87
404	324	138	64
398	327	151	54
387	327	157	57
395	327	156	55
385	328	158	54
395	324	155	61
396	321	152	61
405	319	138	69
407	322	133	69
414	313	121	79
421	314	110	78
416	307	114	87
417	305	111	88
417	304	113	87
418	302	113	89
416	301	117	88
420	303	112	88
421	302	113	85
420	323	112	69
420	307	122	78
421	304	118	82
424	304	118	81
423	303	120	80
423	305	122	76
424	306	124	70
421	310	126	62
423	309	128	63
421	310	129	60
411	308	136	64
414	311	134	62
411	314	138	61
401	310	148	79
399	311	142	86
395	311	134	82
394	308	143	94
387	306	144	86
386	297	141	98
376	292	150	103
372	289	146	108
363	290	148	107
352	288	150	111
350	292	150	102
341	288	152	106
338	286	151	110
303	295	157	97
300	296	174	96
310	283	162	109
318	284	152	110
320	280	151	116
300	278	152	116
312	283	151	110
316	279	144	116
295	279	147	115
306	284	143	109
285	290	113	100
300	285	121	103
298	287	94	101
299	291	88	100
295	292	87	97
294	293	88	99
293	294	90	100
294	288	86	104
293	291	88	102
294	293	93	100
295	291	91	97
297	292	87	98
305	292	78	101
304	296	87	94
314	299	79	86
319	303	79	84
312	307	92	76
320	307	86	75
327	310	83	69
332	315	81	63
341	322	74	56
346	325	73	54
352	325	73	50
361	328	70	49
364	320	73	54
370	315	70	56
374	309	69	61
377	305	70	66
377	302	72	71
383	301	68	73
383	301	72	67
387	299	66	63
389	300	66	64
392	299	65	68
396	300	62	70
396	300	68	73
398	300	69	79
398	300	76	77
396	300	73	92
396	298	76	98
399	301	72	98
398	304	76	102
399	309	80	104
403	310	79	105
405	314	80	105
404	318	81	107
405	325	80	107
403	333	82	105
399	339	84	102
395	341	87	107
398	343	85	108
415	350	67	104
424	359	57	92
427	366	56	85
427	368	60	82
428	367	60	80
428	369	59	78
431	368	51	74
428	373	51	67
425	378	56	61
422	382	55	56
418	384	54	52
412	383	52	53
399	381	62	54
388	380	65	53
376	381	75	57
366	381	90	56
359	377	99	57
353	372	100	65
342	366	105	72
332	360	113	83
324	358	113	87
327	354	103	92
325	354	107	89
329	351	105	99
340	351	90	101
339	350	90	98
325	354	106	89
318	353	108	83
316	353	111	88
323	356	99	87
313	356	107	94
317	360	99	93
325	364	92	94
329	361	86	102
329	359	84	104
328	359	85	103
325	356	86	103
322	354	86	107
318	357	91	101
319	355	87	102
315	353	90	96
308	356	94	85
303	355	98	69
301	359	99	56
295	360	106	56
294	361	100	56
289	358	100	61
280	355	101	64
271	350	104	69
268	344	103	71
261	338	104	82
262	333	97	85
262	320	91	100
265	318	90	99
267	312	86	100
270	308	83	98
271	301	87	101
276	302	84	100
282	297	80	100
287	301	87	90
293	297	79	92
297	291	83	95
301	289	79	92
301	285	82	93
304	277	81	99
305	274	85	99
310	272	84	97
313	271	85	97
325	261	75	111
330	254	83	115
332	256	100	119
349	255	98	124
358	255	109	123
378	257	104	117
404	255	90	117
419	257	94	110
430	257	98	111
441	257	96	113
448	261	95	109
456	262	96	109
460	260	103	112
463	267	108	110
460	267	117	110
453	266	132	111
451	266	121	112
446	261	126	118
440	260	140	121
446	258	145	122
440	251	153	127
436	250	151	126
437	252	130	126
432	261	127	120
437	270	111	111
438	273	108	105
433	269	110	110
430	265	114	112
432	266	111	105
430	267	109	102
429	262	112	103
426	260	109	105
421	259	107	103
419	259	114	103
416	260	107	100
411	253	119	103
412	247	121	108
411	240	124	115
410	245	126	112
409	249	130	110
417	236	128	130
422	239	120	127
416	247	128	118
421	262	123	106
426	271	113	96
429	278	107	89
432	278	102	82
434	281	98	85
438	279	93	86
442	279	89	87
444	277	89	80
444	280	90	79
446	275	99	81
450	278	90	79
450	282	90	80
455	280	87	83
458	288	83	78
459	287	88	87
462	293	82	86
461	291	85	85
465	289	83	81
470	287	74	82
471	283	69	79
467	283	72	75
467	282	70	77
467	281	68	80
470	281	59	83
469	281	55	83
469	280	52	84
468	281	49	84
466	283	48	85
488	290	50	98
492	292	57	103
487	294	68	103
482	299	75	102
475	294	84	111
474	291	82	117
470	292	84	114
467	291	81	118
463	292	81	115
459	292	80	114
457	288	79	117
453	287	79	114
448	285	80	115
442	284	85	118
432	285	93	119
430	284	103	124
430	286	122	121
404	299	145	102
415	315	144	89
409	289	147	114
419	318	138	90
426	293	125	116
400	293	135	118
401	302	146	111
411	320	143	94
400	326	145	85
395	302	154	110
406	330	148	83
396	304	160	102
395	327	163	90
369	335	190	82
392	328	173	92
382	335	177	85
396	317	163	98
401	331	159	86
407	337	153	76
398	335	162	77
408	331	149	79
422	328	133	79
432	328	125	88
412	339	148	78
422	337	143	79
437	342	124	75
422	340	138	83
439	344	124	82
421	345	145	86
428	351	141	68
423	351	132	69
424	350	114	72
427	349	106	71
426	349	108	74
426	344	107	70
424	343	110	70
417	338	105	74
412	335	107	77
409	331	103	76
403	328	105	76
404	324	99	75
402	324	97	76
400	323	94	79
397	318	93	82
391	318	94	79
388	317	91	81
386	308	84	93
397	309	106	97
388	306	121	113
394	301	118	115
399	302	103	119
398	300	102	94
409	300	94	100
416	303	93	102
421	305	93	113
419	305	98	110
420	311	100	104
417	318	106	94
434	329	93	83
441	334	84	77
452	336	70	81
455	346	68	66
454	349	66	64
454	358	68	62
433	322	73	60
429	327	82	49
437	327	70	45
440	329	61	47
447	325	53	51
453	322	58	54
459	322	68	47
453	313	74	52
451	306	76	55
458	304	89	61
449	302	98	72
442	295	104	88
443	286	101	81
448	288	95	68
455	286	88	54
462	284	78	57
463	284	74	56
458	281	78	64
456	277	78	66
456	274	79	71
452	274	79	70
458	274	78	74
461	276	79	74
459	278	82	67
465	278	76	67
466	284	76	62
463	289	83	62
460	296	89	61
462	299	94	65
467	304	92	65
473	308	96	66
474	310	100	67
482	308	96	68
488	315	93	68
496	318	91	68
498	323	94	67
502	327	97	68
505	331	94	68
506	330	102	68
514	332	95	69
513	333	99	65
512	333	102	67
511	333	101	65
509	336	105	62
509	334	104	61
506	330	105	61
505	325	101	66
504	323	103	62
500	321	101	60
497	321	94	58
495	321	91	52
498	321	83	48
498	324	82	47
495	327	83	41
496	326	83	41
497	324	84	46
498	325	82	45
498	327	79	43
500	327	77	41
500	326	81	37
500	336	81	29
495	329	87	29
494	333	88	38
494	333	86	42
494	334	89	60
494	329	91	62
496	331	94	59
499	331	96	56
500	332	94	55
502	335	95	52
500	335	94	50
497	334	97	50
491	333	101	48
489	333	98	45
487	335	98	47
487	335	98	46
485	335	99	45
484	334	97	45
482	334	102	43
483	333	98	42
477	331	96	40
478	328	92	38
479	324	84	35
477	322	82	35
476	320	80	37
473	320	80	36
471	319	81	37
470	318	80	36
470	317	77	32
470	316	77	33
469	316	78	33
467	316	76	32
469	316	77	32
469	316	76	31
476	317	71	30
474	319	75	28
477	319	75	28
476	320	79	29
477	322	76	28
474	322	81	30
472	322	86	25
473	320	89	23
472	322	90	21
477	323	79	18
479	322	71	17
479	325	67	18
486	324	63	15
482	330	63	12
486	329	59	12
487	336	59	10
487	336	60	13
482	337	65	18
482	340	67	18
483	342	63	15
484	342	65	17
482	343	69	21
482	344	74	26
480	353	83	33
480	337	80	41
483	335	85	48
476	331	98	59
488	318	82	69
491	311	72	76
492	307	71	72
491	307	67	68
492	304	65	63
486	301	70	57
482	301	75	49
481	300	77	41
466	299	88	38
462	296	94	42
456	295	97	40
454	296	98	36
453	293	104	38
451	291	106	34
450	289	108	31
448	288	109	36
443	286	113	34
440	282	112	32
437	282	109	29
447	284	95	22
441	284	97	21
436	272	97	28
438	273	94	30
432	275	96	31
421	274	102	34
391	256	103	44
401	257	111	51
412	259	108	52
412	260	110	53
406	264	113	49
405	258	118	58
403	260	124	71
398	265	127	70
406	267	110	64
415	271	98	61
435	275	81	59
442	277	78	60
446	278	75	60
451	280	72	59
453	282	71	57
463	283	61	52
469	282	54	51
471	282	53	49
480	283	48	48
484	282	45	49
492	280	39	54
454	276	46	49
447	279	56	43
465	279	39	42
467	275	35	44
475	279	34	43
482	282	31	42
477	279	34	37
458	280	38	38
465	277	43	40
475	278	51	39
487	277	61	42
485	278	69	45
486	281	74	43
495	282	63	42
502	284	56	41
507	281	50	46
510	278	47	53
458	292	57	56
457	295	64	54
454	293	65	52
452	292	66	50
455	291	67	52
457	292	68	50
458	291	69	50
456	288	76	49
458	286	83	49
462	284	75	50
467	284	68	50
468	280	73	51
472	278	70	49
473	276	72	48
472	277	73	44
472	275	76	44
475	275	74	43
477	276	70	37
473	276	76	45
472	276	74	51
466	280	80	41
470	284	76	33
475	286	73	27
477	285	71	24
475	285	72	22
487	288	62	15
493	287	62	14
510	293	65	20
500	300	67	20
507	286	62	25
505	282	70	28
504	274	76	32
500	270	84	30
499	269	85	29
498	268	86	31
498	267	90	34
498	267	86	41
499	270	82	45
503	273	81	43
505	277	77	43
508	280	71	42
509	278	71	43
514	276	69	44
521	274	63	45
529	278	64	46
535	276	67	46
542	277	66	44
548	273	61	45
557	269	59	46
561	264	62	47
568	260	60	47
574	259	62	45
582	257	63	45
589	255	61	44
593	252	58	43
598	248	57	42
601	244	59	42
604	244	59	42
607	239	57	45
609	239	55	41
608	238	54	41
605	236	55	40
600	235	58	41
599	237	57	41
597	237	53	41
591	241	53	38
587	240	53	37
582	242	53	37
577	242	54	36
573	241	53	37
572	241	51	37
571	244	51	36
573	246	50	35
574	247	49	36
574	250	51	33
574	250	54	35
577	251	51	34
583	250	48	34
586	251	48	35
591	252	47	36
595	251	48	35
599	252	47	34
602	254	47	34
605	254	47	35
606	253	48	34
606	252	45	35
605	252	44	34
600	251	47	34
599	253	44	34
594	254	47	35
590	256	45	35
585	258	46	34
579	259	45	35
575	263	45	34
569	265	46	36
566	268	45	34
565	269	44	34
562	268	45	34
560	267	44	34
559	266	44	34
557	266	46	34
556	264	45	35
556	262	43	35
556	261	42	35
556	261	41	35
557	261	41	35
557	259	42	37
556	258	43	38
557	256	44	39
562	257	40	38
564	253	37	40
567	255	34	39
568	254	31	39
567	255	28	36
566	255	26	36
565	256	24	36
564	255	22	38
563	255	22	38
561	255	21	40
558	254	21	42
555	251	19	45
537	250	20	41
537	249	25	36
536	248	26	33
534	248	26	32
535	247	27	32
536	247	28	31
536	246	27	32
535	246	27	31
536	245	27	32
538	245	25	32
539	245	26	32
540	244	26	34
539	245	26	34
542	247	24	33
542	246	24	34
542	246	27	37
545	248	25	36
546	249	24	35
546	251	24	34
548	252	24	33
540	251	30	39
529	251	38	45
526	252	44	40
522	252	48	44
523	253	48	42
523	252	47	45
524	253	48	42
524	253	50	40
524	254	47	41
527	254	53	41
524	256	54	39
523	256	55	39
523	256	55	38
523	256	58	39
525	256	56	39
524	254	55	39
525	254	57	39
524	254	57	39
523	256	59	38
524	257	57	37
523	257	58	37
523	257	58	38
524	260	55	34
524	261	56	36
526	259	54	39
524	261	58	37
527	260	56	38
531	261	50	38
531	261	51	38
531	261	50	37
531	260	50	37
530	261	51	37
530	261	50	35
531	261	50	35
530	260	50	35
531	260	49	33
531	258	48	34
532	256	48	37
532	254	49	39
531	253	49	41
530	252	50	39
530	250	49	41
528	250	49	41
528	250	49	37
526	249	49	36
527	247	50	37
527	248	51	33
526	247	49	33
524	246	51	33
525	248	50	30
524	247	51	30
528	249	48	27
527	246	49	28
529	245	45	31
529	245	44	31
529	246	43	27
527	246	46	25
526	245	45	25
525	244	46	25
526	243	44	31
524	242	47	34
524	242	45	36
523	240	46	38
522	240	48	39
522	241	47	39
523	242	46	40
522	242	46	39
522	241	45	39
521	242	47	39
521	243	44	39
523	243	43	38
522	244	42	37
524	245	41	35
524	244	42	35
524	242	40	34
523	241	40	35
521	241	43	35
519	242	44	34
520	241	43	34
520	240	42	36
521	240	39	35
519	239	40	35
519	240	41	33
517	240	42	35
517	239	41	33
514	238	42	31
513	238	44	30
511	237	45	29
515	238	43	28
515	238	44	31
516	238	47	33
515	237	49	41
514	238	50	42
515	238	49	40
514	238	51	41
513	238	52	39
513	240	51	39
513	239	50	39
512	239	52	37
512	240	51	36
514	242	49	36
513	242	50	35
515	242	47	34
515	243	48	31
516	245	46	28
516	246	46	26
518	247	45	24
516	247	48	24
517	247	46	25
519	247	43	24
518	248	44	24
519	247	42	24
518	247	42	24
518	248	42	24
519	247	42	28
519	246	50	33
519	244	47	40
519	242	45	41
521	242	45	42
520	241	46	44
519	243	46	42
520	244	46	42
521	244	46	43
519	246	49	42
519	246	49	42
519	246	48	41
522	247	46	39
523	248	45	35
523	248	45	35
523	247	45	36
521	246	45	36
523	246	45	37
523	246	44	39
522	246	45	41
522	246	46	40
523	247	46	39
525	247	44	38
524	249	43	36
524	248	44	37
525	249	42	35
524	250	43	34
526	249	40	32
526	251	39	31
527	251	38	29
527	253	38	26
526	253	38	24
525	251	40	25
522	249	44	30
522	249	44	33
521	249	44	36
521	249	45	35
521	249	44	37
521	249	44	39
524	248	36	39
523	248	39	40
524	248	37	41
524	250	36	39
523	249	37	40
523	252	35	38
522	252	35	37
524	253	33	37
524	254	33	35
524	253	32	35
524	252	31	35
524	252	30	35
524	252	31	36
525	251	28	36
525	252	26	35
525	252	26	36
527	253	23	34
528	253	19	34
527	254	17	35
518	254	23	34
517	255	24	34
511	256	28	36
509	258	29	34
510	259	26	33
511	257	27	36
513	256	26	37
515	255	25	37
516	254	25	37
518	255	24	36
519	254	27	35
522	254	26	34
524	254	24	32
525	254	24	33
526	254	23	32
527	254	22	32
528	256	21	31
529	255	22	32
530	256	22	31
533	257	20	31
533	258	20	29
533	258	21	31
535	260	19	29
536	260	19	29
537	263	19	28
513	274	24	30
510	275	27	34
509	274	32	39
508	268	35	45
504	263	43	51
500	263	49	48
497	260	53	50
497	261	52	46
495	259	53	48
493	258	53	48
489	257	54	47
484	257	56	44
480	257	55	41
478	257	56	37
475	257	60	34
471	255	58	32
465	253	59	32
462	254	57	30
458	250	54	30
450	248	56	31
447	247	54	30
441	246	55	29
442	246	49	28
439	244	47	31
439	245	42	29
432	251	46	33
435	248	41	26
437	252	37	22
439	254	35	21
440	256	35	20
440	258	38	21
439	257	37	26
441	258	35	27
442	256	35	27
443	257	38	27
444	258	41	32
444	260	44	34
443	263	51	33
444	262	56	38
444	259	61	42
442	256	69	46
443	255	71	49
445	253	76	53
448	253	81	62
457	254	75	70
455	247	83	79
457	250	83	75
460	250	81	75
459	250	83	77
461	253	80	77
459	255	82	77
457	257	83	77
452	260	89	76
447	258	89	80
442	264	94	76
438	264	95	76
435	258	90	83
437	253	84	89
435	252	85	90
432	251	82	87
426	250	87	91
421	241	84	100
419	250	81	94
421	254	75	88
416	247	77	95
414	253	75	89
416	254	68	88
399	229	72	83
397	224	74	79
407	254	77	88
410	241	76	96
420	254	66	88
425	254	65	88
430	240	64	93
407	248	73	84
401	251	80	76
399	257	78	65
404	261	75	49
409	265	71	53
416	274	67	47
420	276	70	48
426	280	66	34
434	279	64	39
438	278	66	41
446	278	65	42
451	282	67	36
453	284	68	28
443	293	77	35
456	304	68	39
439	320	68	49
454	312	70	58
456	303	71	73
463	299	71	81
467	289	68	101
461	281	79	109
457	288	88	101
468	292	90	94
468	307	84	83
492	303	72	83
486	299	78	87
477	298	86	87
480	300	106	83
479	303	111	83
475	308	117	82
466	313	123	83
460	322	124	78
448	326	124	87
430	338	137	97
414	341	132	96
392	349	131	89
360	355	136	90
333	367	140	92
314	388	137	102
303	429	131	105
299	470	137	79
329	527	132	64
455	541	124	47
578	366	125	56
726	246	100	49
732	248	83	46
748	251	68	44
747	251	68	45
745	251	70	44
757	252	59	41
765	253	48	44
767	251	47	43
767	252	46	43
767	251	45	43
767	251	45	43
768	251	45	44
767	252	44	42
766	251	46	44
767	251	46	43
768	251	45	43
766	251	47	44
768	252	45	42
767	252	46	43
768	251	44	44
769	251	43	43
766	251	46	43
766	252	47	43
767	251	46	43
768	251	43	44
769	251	41	42
767	251	45	44
768	252	44	43
768	253	45	41
767	251	45	43
767	251	45	43
770	252	42	42
771	252	39	43
767	253	45	42
