1.00
0.97
0.98
0.97
0.97
0.96
0.97
0.96
0.93
0.91
0.91
0.91
0.92
0.89
0.92
0.90
0.87
0.90
0.88
0.88
0.83
0.83
0.81
0.80
0.79
0.77
0.76
0.77
0.75
0.73
0.72
0.71
0.72
0.71
0.72
0.72
0.70
0.69
0.71
0.66
0.68
0.77
0.77
0.74
0.75
0.73
0.70
0.77
0.69
0.71
0.68
0.72
0.71
0.73
0.73
0.69
0.75
0.76
0.72
0.76
0.76
0.88
0.86
0.86
0.89
0.83
0.84
0.85
0.82
0.79
0.77
0.76
0.74
0.69
0.67
0.67
0.70
0.71
0.63
0.69
0.63
0.72
0.71
0.74
0.74
0.76
0.85
0.83
0.86
0.85
0.86
0.84
0.88
0.87
0.82
0.75
0.69
0.65
0.74
0.74
0.75
0.77
0.79
0.77
0.81
0.76
0.73
0.72
0.69
0.67
0.60
0.61
0.61
0.57
0.51
0.49
0.45
0.45
0.48
0.39
0.39
0.55
0.51
0.49
0.56
0.53
0.49
0.45
0.47
0.48
0.43
0.41
0.41
0.39
0.40
0.42
0.46
0.43
0.46
0.50
0.52
0.69
0.73
0.69
0.70
0.73
0.70
0.70
0.68
0.60
0.66
0.62
0.63
0.62
0.61
0.64
0.61
0.58
0.54
0.58
0.63
0.81
0.78
0.81
0.75
0.79
0.75
0.76
0.70
0.72
0.79
0.77
0.82
0.87
0.85
0.87
0.91
0.90
0.94
0.89
0.96
0.97
0.95
0.89
0.91
0.89
0.91
0.90
0.89
0.82
0.95
0.91
0.86
0.82
0.78
0.84
0.87
0.84
0.82
0.87
0.79
0.84
0.80
0.81
0.76
0.75
0.76
0.77
0.76
0.80
0.79
0.76
0.77
0.75
0.72
0.75
0.76
0.71
0.74
0.74
0.70
0.91
0.89
0.94
0.93
0.90
0.94
0.93
0.94
0.95
0.91
0.92
0.88
0.87
0.85
0.89
0.88
0.87
0.88
0.86
0.83
0.83
0.93
0.95
0.96
0.93
0.83
0.96
0.92
0.87
0.91
0.89
0.92
0.75
0.76
0.85
0.86
0.92
0.90
0.92
0.96
1.03
1.04
1.00
0.99
0.98
1.00
0.98
1.02
1.00
0.96
0.99
1.02
1.00
0.99
1.00
1.03
0.96
0.91
0.89
0.92
0.88
0.79
0.91
0.87
0.80
0.85
0.78
0.76
0.77
0.80
0.78
0.76
0.73
0.82
0.78
0.73
0.82
0.82
0.78
0.79
0.93
0.95
0.91
0.92
0.90
0.90
0.91
0.91
0.94
0.86
0.71
0.92
0.84
0.83
0.83
0.79
0.79
0.79
0.78
0.79
0.82
0.81
0.73
0.73
0.73
0.69
0.65
0.72
0.69
0.70
0.69
0.64
0.64
0.63
0.65
0.64
0.60
0.65
0.60
0.59
0.64
0.64
0.61
0.63
0.61
0.61
0.57
0.55
0.52
0.54
0.52
0.51
0.52
0.53
0.53
0.54
0.50
0.49
0.51
0.51
0.70
0.69
0.69
0.70
0.70
0.69
0.70
0.70
0.72
0.71
0.69
0.70
0.69
0.69
0.70
0.72
0.72
0.71
0.74
0.73
0.82
0.88
0.82
0.86
0.81
0.86
0.83
0.84
0.82
0.85
0.90
0.82
0.83
0.86
0.83
0.85
0.88
0.84
0.83
0.84
0.86
0.87
0.86
0.88
0.88
0.85
0.84
0.76
0.80
0.78
0.81
0.80
0.78
0.80
0.77
0.74
0.78
0.69
0.72
0.73
0.76
0.78
0.73
0.74
0.74
0.73
0.70
0.70
0.71
0.69
0.71
0.70
0.71
0.70
0.70
0.69
0.73
0.73
0.76
0.73
0.88
0.86
0.86
0.85
0.86
0.85
0.84
0.86
0.86
0.86
0.79
0.85
0.80
0.84
0.79
0.79
0.79
0.75
0.76
0.73
0.85
0.81
0.84
0.83
0.81
0.73
0.76
0.73
0.66
0.65
0.60
0.67
0.67
0.74
0.73
0.65
0.70
0.68
0.61
0.60
0.74
0.69
0.70
0.77
0.68
0.70
0.68
0.68
0.69
0.74
0.72
0.77
0.78
0.81
0.86
0.89
0.87
0.89
0.86
0.89
1.07
1.07
1.05
1.08
1.05
1.03
1.04
1.05
1.06
1.05
1.02
0.97
0.99
0.93
0.93
0.94
0.87
0.87
0.89
0.90
0.87
0.81
0.84
0.79
0.72
0.64
0.56
0.55
0.59
0.73
0.79
0.83
0.81
0.83
0.78
0.72
0.73
0.79
0.71
0.66
0.79
0.76
0.79
0.73
0.73
0.72
0.72
0.70
0.76
0.77
0.74
0.75
0.71
0.75
0.75
0.72
0.74
0.73
0.71
0.74
0.88
0.85
0.91
0.87
0.90
0.89
0.90
0.85
0.91
0.86
0.85
0.87
0.95
0.93
0.92
0.95
0.94
0.93
0.99
0.97
0.99
1.01
1.03
1.04
1.04
1.03
1.03
1.04
1.05
1.03
1.07
1.10
1.08
1.04
1.06
1.06
1.02
1.05
1.08
1.05
0.97
0.95
0.99
1.01
0.98
0.98
0.94
0.95
0.91
0.92
0.94
0.91
0.93
0.94
0.93
0.94
0.87
0.88
0.90
0.87
0.87
0.85
0.84
0.85
0.87
0.88
0.81
0.82
0.69
0.74
0.75
0.77
0.77
0.73
0.72
0.68
0.66
0.64
0.61
0.64
0.57
0.62
0.56
0.79
0.59
0.57
0.57
0.61
0.60
0.57
0.58
0.74
0.74
0.73
0.80
0.70
0.79
0.83
0.77
0.83
0.88
0.94
0.88
0.91
0.84
0.87
0.80
0.86
0.86
0.82
0.83
0.81
0.81
0.79
0.78
0.83
0.82
0.76
0.79
0.81
0.81
0.84
0.83
0.86
0.86
0.88
0.82
0.85
0.88
0.84
0.82
0.86
0.84
0.84
0.78
0.83
0.81
0.81
0.83
0.79
0.82
0.83
0.77
0.75
0.76
0.80
0.80
0.77
0.78
0.74
0.79
0.76
0.77
0.78
0.78
0.76
0.78
0.84
0.84
0.85
0.98
0.95
1.00
0.95
0.92
0.99
0.91
0.93
0.92
0.92
0.95
0.94
0.98
0.93
0.89
0.91
0.95
0.95
0.99
1.02
0.99
1.01
1.06
0.98
0.97
0.99
0.99
0.94
0.95
0.97
0.93
0.98
0.95
0.96
0.99
0.99
1.03
1.04
1.09
1.08
1.04
1.04
1.02
1.03
1.01
1.01
1.02
0.99
0.97
0.98
0.94
0.95
0.89
0.91
0.92
0.89
0.92
0.95
0.97
0.92
0.95
0.92
0.93
0.90
0.89
0.86
0.91
0.91
0.89
0.92
0.86
0.91
0.82
0.81
0.84
0.82
0.76
0.76
0.82
0.80
0.85
0.86
0.83
0.81
0.82
0.82
0.83
0.84
0.83
0.80
0.79
0.81
0.78
0.82
0.76
0.77
0.71
0.70
0.70
0.70
0.67
0.68
0.68
0.63
0.63
0.63
0.61
0.60
0.63
0.65
0.64
0.63
0.64
0.68
0.69
0.71
0.70
0.75
0.77
0.73
0.83
0.79
0.82
0.88
0.84
0.75
0.84
0.76
0.81
0.79
0.79
0.78
0.77
0.78
0.79
0.81
0.77
0.72
0.74
0.71
0.72
0.69
0.66
0.67
0.67
0.64
0.62
0.63
0.62
0.62
0.62
0.57
0.49
0.52
0.55
0.51
0.53
0.50
0.51
0.54
0.61
0.60
0.66
0.64
0.68
0.66
0.68
0.70
0.70
0.67
0.71
0.71
0.69
0.64
0.63
0.61
0.60
0.61
0.62
0.60
0.73
0.70
0.68
0.69
0.69
0.72
0.73
0.76
0.76
0.75
0.75
0.74
0.76
0.79
0.79
0.79
0.80
0.85
0.84
0.87
0.97
0.92
0.96
0.96
0.94
0.93
0.95
0.97
0.92
0.95
0.92
0.93
0.87
0.87
0.89
0.85
0.90
0.88
0.87
0.83
0.94
0.93
0.90
0.91
0.87
0.92
0.89
0.92
0.79
0.96
0.92
0.95
0.93
0.98
0.95
0.91
0.92
0.84
0.85
0.86
0.85
0.87
0.78
0.79
0.78
0.80
0.78
0.76
0.80
0.80
0.85
0.77
0.88
0.82
0.85
0.83
0.73
0.65
0.62
0.62
0.72
0.82
0.76
0.79
0.75
0.82
0.82
0.73
0.69
0.57
0.51
0.50
0.49
0.49
0.47
0.44
0.45
0.46
0.48
0.47
0.73
0.73
0.69
0.70
0.68
0.63
0.64
0.61
0.58
0.62
0.62
0.64
0.63
0.72
0.69
0.75
0.69
0.71
0.68
0.69
0.93
0.91
0.86
0.88
0.88
0.84
0.79
0.73
0.78
0.79
0.74
0.76
0.76
0.73
0.74
0.73
0.75
0.74
0.74
0.74
0.84
0.85
0.84
0.83
0.81
0.83
0.86
0.85
0.87
0.87
0.89
0.92
0.90
0.89
0.90
0.94
0.93
0.94
0.91
0.92
1.01
0.94
0.97
0.89
0.94
1.01
0.96
0.99
0.99
0.96
0.88
0.86
0.84
0.85
0.83
0.85
0.85
0.86
0.89
0.83
0.84
0.90
0.89
0.92
0.94
0.89
0.92
0.91
0.92
0.93
0.97
1.05
0.99
1.03
0.99
1.02
1.02
1.05
1.03
1.01
1.01
1.02
1.02
1.03
0.99
0.96
0.98
0.98
0.97
0.98
0.99
0.96
0.94
0.95
0.92
0.91
0.97
0.94
0.95
0.92
0.88
0.87
0.85
0.89
0.88
0.90
0.86
0.83
0.87
0.84
0.86
0.83
0.85
0.87
0.88
0.89
0.83
0.78
0.85
0.83
0.87
0.85
0.89
0.85
0.88
0.85
0.82
0.83
0.83
0.82
0.81
0.81
0.82
0.84
0.83
0.84
0.83
0.86
0.84
0.86
0.91
0.88
0.93
0.95
0.97
0.94
0.95
0.95
0.98
0.95
0.99
0.99
1.02
1.00
0.98
0.99
0.99
1.02
0.97
0.95
0.91
0.88
0.90
0.88
0.89
0.84
0.85
0.85
0.88
0.86
0.88
0.88
0.88
0.86
0.84
0.84
0.83
0.82
0.83
0.86
0.90
0.91
0.90
0.87
0.93
0.93
0.92
0.89
0.90
0.90
0.82
0.84
0.78
0.81
0.83
0.83
0.86
0.86
0.83
0.81
0.77
0.76
0.73
0.68
0.77
0.79
0.81
0.82
0.83
0.79
0.64
0.56
0.69
0.70
0.65
0.65
0.66
0.69
0.70
0.66
0.77
0.59
0.48
0.39
0.33
0.35
0.43
0.45
0.49
0.47
0.46
0.39
0.45
0.43
0.39
0.33
0.29
0.27
0.21
0.20
0.42
0.38
0.40
0.36
0.38
