1.00
1.00
1.01
1.01
0.99
0.98
0.99
1.00
0.98
0.98
0.98
0.98
0.97
0.94
0.91
0.90
0.90
0.86
0.83
0.85
0.83
0.81
0.83
0.81
0.76
0.79
0.80
0.76
0.79
0.77
0.78
0.79
0.77
0.81
0.77
0.84
0.84
0.80
0.83
0.81
0.82
0.94
0.94
1.00
0.97
0.96
0.96
0.95
0.95
0.96
0.93
0.94
0.93
0.91
0.94
0.93
0.94
0.94
0.90
0.93
0.89
0.91
0.89
0.92
0.94
0.93
0.93
0.93
0.91
0.91
0.87
0.88
0.90
0.85
0.83
0.74
0.79
0.76
0.78
0.77
0.78
0.86
0.86
0.86
0.86
0.84
0.83
0.85
0.84
0.81
0.84
0.78
0.80
0.77
0.73
0.73
0.69
0.66
0.62
0.59
0.55
0.55
0.51
0.52
0.48
0.52
0.54
0.53
0.57
0.60
0.60
0.56
0.55
0.56
0.54
0.57
0.59
0.64
0.67
0.61
0.56
0.63
0.76
0.77
0.77
0.77
0.79
0.78
0.80
0.81
0.68
0.71
0.66
0.68
0.66
0.70
0.72
0.71
0.72
0.76
0.75
0.82
0.79
0.84
0.79
0.83
0.85
0.83
0.83
0.86
0.81
0.81
0.83
0.82
0.82
0.80
0.84
0.81
0.83
0.80
0.82
0.91
0.90
0.87
0.88
0.86
0.87
0.87
0.87
0.84
0.86
0.82
0.85
0.87
0.85
0.80
0.78
0.76
0.82
0.75
0.75
0.79
0.78
0.73
0.72
0.68
0.81
0.84
0.90
0.87
0.87
0.88
0.89
0.86
0.82
0.82
0.81
0.79
0.78
0.80
0.81
0.90
0.82
0.87
0.79
0.82
0.87
0.87
0.83
0.84
0.83
0.82
0.81
0.80
0.78
0.81
0.79
0.80
0.79
0.78
0.80
0.92
0.94
0.91
0.91
0.91
0.91
0.94
0.89
0.90
0.88
0.89
0.87
0.87
0.91
0.90
0.86
0.88
0.86
0.89
0.86
0.99
0.97
0.97
0.96
0.91
1.00
1.00
0.99
0.94
1.01
0.97
0.99
0.95
0.96
0.96
0.98
0.98
0.95
0.97
0.98
1.02
1.02
1.01
1.01
1.02
1.00
0.99
1.02
0.99
1.00
0.97
1.03
0.97
0.96
1.01
1.02
0.97
1.02
0.98
1.01
1.05
0.99
0.95
1.02
0.89
0.81
0.80
0.80
0.80
0.74
0.75
0.78
0.73
0.69
0.71
0.67
0.69
0.66
0.65
0.68
0.77
0.68
0.72
0.74
0.70
0.71
0.73
0.71
0.72
0.70
0.67
0.70
0.66
0.64
0.66
0.63
0.67
0.65
0.65
0.61
0.78
0.76
0.77
0.75
0.76
0.76
0.72
0.76
0.72
0.72
0.75
0.75
0.76
0.77
0.77
0.72
0.77
0.75
0.74
0.79
0.82
0.88
0.87
0.87
0.96
0.97
0.93
0.94
0.92
0.93
0.89
0.90
0.93
0.86
0.87
0.90
0.89
0.85
0.84
0.84
0.82
0.85
0.84
0.83
0.81
0.81
0.75
0.74
0.73
0.78
0.80
0.79
0.80
0.77
0.74
0.77
0.75
0.76
0.71
0.73
0.69
0.65
0.68
0.64
0.72
0.84
0.71
0.68
0.69
0.63
0.71
0.85
0.85
0.86
0.79
0.66
0.68
0.82
0.78
0.70
0.80
0.80
0.76
0.78
0.71
0.75
0.71
0.71
0.69
0.71
0.71
0.74
0.77
0.77
0.59
0.61
0.92
0.70
0.82
0.82
0.86
0.85
0.85
0.81
0.80
0.80
0.83
0.87
0.88
0.88
0.91
0.83
0.94
0.90
0.90
0.86
0.92
0.83
0.89
0.91
0.90
0.96
0.96
0.97
0.95
0.96
0.91
0.97
0.94
0.92
0.93
0.92
0.92
0.91
0.89
0.91
0.90
0.90
0.91
0.87
0.94
0.93
0.92
0.98
0.91
0.94
0.94
0.94
0.96
0.93
0.93
0.93
0.93
0.91
0.93
0.94
0.89
0.89
0.90
0.88
0.96
0.93
0.90
0.90
0.94
0.93
0.91
0.87
0.87
0.85
0.86
0.86
0.84
0.89
0.85
0.85
0.85
0.81
0.82
0.87
0.94
0.94
0.90
0.89
0.88
0.94
0.87
0.91
0.83
0.89
0.86
0.88
0.81
0.80
0.64
0.64
0.66
0.61
0.65
0.67
0.78
0.67
0.70
0.70
0.72
0.75
0.75
0.68
0.74
0.88
0.73
0.82
0.72
0.76
0.69
0.76
0.81
0.74
0.77
0.74
0.89
0.76
0.83
0.83
0.77
0.79
0.74
0.79
0.74
0.81
0.75
0.76
0.74
0.74
0.82
0.70
0.84
0.73
0.78
0.78
0.88
0.97
0.81
0.99
0.86
0.98
0.98
0.95
0.94
0.97
0.95
1.00
0.89
0.96
1.00
0.90
0.96
0.93
0.99
0.92
0.97
0.90
0.92
1.01
0.97
0.97
0.98
0.86
0.99
0.92
0.93
0.98
0.95
0.96
0.99
0.97
0.96
0.98
0.99
0.92
1.08
0.94
1.10
0.93
0.94
1.01
1.07
1.00
1.14
1.07
1.11
1.12
1.18
1.12
1.14
1.13
1.08
1.13
1.12
1.15
1.10
1.11
1.12
1.12
1.16
1.15
1.12
1.10
1.10
1.10
1.05
1.04
1.04
1.03
1.06
1.04
1.04
1.04
1.10
1.08
1.04
0.99
0.99
0.99
0.99
0.98
0.99
0.97
1.00
0.98
0.97
0.99
0.98
1.00
0.97
0.95
1.00
1.00
1.01
1.00
1.00
1.00
0.95
0.97
0.96
1.00
0.94
0.96
0.93
0.95
0.94
0.94
0.96
0.98
0.99
0.97
0.95
0.97
0.95
0.96
0.97
0.92
0.95
0.99
1.01
0.95
0.99
0.95
0.94
0.96
0.97
0.96
0.96
0.97
0.95
1.00
0.96
1.00
1.01
0.99
1.01
1.00
1.05
1.02
1.03
1.02
1.04
0.97
0.98
0.97
1.02
0.96
0.97
0.95
0.95
0.94
0.93
0.98
0.96
0.97
0.99
0.96
0.94
0.93
0.94
0.91
0.95
0.95
0.96
0.96
0.92
0.93
0.93
0.90
0.92
0.88
0.89
0.91
0.91
0.88
0.92
0.90
0.93
0.95
0.92
0.90
0.89
0.92
0.93
0.96
0.94
0.94
0.96
0.94
0.93
0.93
0.94
0.97
0.92
0.96
1.00
1.03
1.04
1.00
1.06
0.98
1.00
0.97
0.97
0.91
0.96
0.92
0.94
0.92
0.92
0.88
0.91
0.91
0.94
0.94
0.91
0.95
0.97
0.92
0.95
0.99
0.99
0.95
0.87
0.88
0.87
0.88
0.88
0.84
0.84
0.77
0.78
0.85
0.81
0.85
0.87
0.87
0.84
0.84
0.81
0.85
0.83
0.85
0.81
0.82
0.80
0.85
0.83
0.84
0.84
0.74
0.83
0.81
0.69
0.76
0.82
0.80
0.80
0.68
0.65
0.69
0.65
0.80
0.82
0.81
0.84
0.84
0.83
0.82
0.75
0.70
0.71
0.67
0.70
0.63
0.78
0.82
0.81
0.80
0.76
0.78
0.78
0.79
0.78
0.72
0.73
0.73
0.81
0.84
0.85
0.89
0.85
0.83
0.83
0.87
0.98
0.98
1.00
0.98
0.94
0.96
0.99
0.98
0.96
1.02
0.93
0.91
1.00
0.96
0.92
0.78
0.80
0.81
0.83
0.78
1.08
0.88
0.87
0.91
0.84
0.98
0.94
0.85
0.84
0.83
0.83
0.85
0.89
1.08
1.17
0.96
1.17
0.97
0.88
0.87
0.84
0.85
0.85
0.82
0.83
0.85
0.87
0.83
0.85
0.86
0.86
0.86
0.88
0.93
0.92
0.93
0.94
0.94
0.93
0.95
0.91
0.90
0.92
0.92
1.00
1.09
1.08
1.12
1.13
1.18
1.19
1.19
1.19
1.20
1.18
1.17
1.20
1.20
1.24
1.22
1.13
1.13
1.08
1.13
1.14
1.12
1.13
1.13
1.10
1.12
1.14
1.12
1.11
1.12
1.10
1.11
1.11
1.12
1.12
1.09
1.07
1.01
1.04
1.03
1.05
1.06
1.07
1.08
1.08
1.09
1.09
1.09
1.07
1.09
1.09
1.06
1.05
1.07
1.06
1.09
1.05
1.07
1.06
1.07
1.04
1.05
1.04
1.04
1.05
1.05
0.99
1.05
1.04
1.02
1.00
1.00
1.03
0.99
0.97
0.97
1.09
1.02
1.05
0.97
0.83
0.90
0.75
0.72
0.68
0.78
0.73
0.78
0.79
0.78
0.76
0.73
0.75
0.74
0.77
0.69
0.79
0.80
0.79
0.83
0.81
0.80
0.82
0.81
0.79
0.83
0.75
0.89
0.82
0.81
0.82
0.72
0.72
0.73
0.73
0.75
0.78
0.73
0.64
0.65
0.70
0.62
0.55
0.54
0.51
0.54
0.53
0.56
0.56
0.59
0.54
0.59
0.58
0.57
0.56
0.62
0.75
0.71
0.78
0.81
0.71
0.72
0.61
0.67
0.65
0.84
0.94
0.91
0.93
0.92
1.00
1.04
0.98
1.04
0.97
0.94
1.03
1.02
0.95
1.00
1.09
1.09
1.03
1.06
1.03
1.12
1.03
1.05
1.02
1.06
1.01
1.07
1.05
0.95
1.03
1.02
0.95
0.90
0.93
0.93
0.88
0.87
0.89
0.91
0.85
0.94
0.88
0.89
1.00
0.97
0.97
0.99
0.97
0.99
1.00
1.02
0.98
1.00
0.99
1.02
0.96
0.99
1.04
1.01
1.02
1.00
1.06
0.98
1.05
1.03
1.04
1.02
1.05
1.03
1.04
1.01
1.07
1.05
1.06
1.04
1.05
1.01
0.96
0.86
1.02
0.95
0.93
0.90
0.84
0.89
1.02
0.89
0.91
0.82
0.83
0.94
0.90
0.95
0.91
0.88
0.86
0.86
0.90
0.91
0.91
0.89
0.86
0.79
0.82
0.87
0.79
0.83
0.95
0.81
0.88
0.86
0.87
0.89
0.88
0.86
0.88
0.89
0.90
0.87
0.85
0.81
0.85
0.83
0.82
0.87
0.92
0.97
0.98
0.92
0.92
0.91
0.93
0.90
0.83
0.82
0.80
0.76
0.82
0.76
0.71
0.71
0.76
0.72
0.72
0.71
0.80
0.70
0.73
0.78
0.64
0.78
0.91
0.81
0.82
0.84
0.85
0.84
0.84
0.88
0.91
0.84
0.97
0.87
0.87
0.86
0.85
0.86
0.79
0.79
0.91
0.86
0.79
0.78
0.78
0.76
0.81
0.79
0.83
0.77
0.78
0.77
0.77
0.73
0.71
0.72
0.75
0.76
0.73
0.74
0.74
0.73
0.76
0.68
0.73
0.66
0.72
0.69
0.71
0.70
0.70
0.70
0.71
0.70
0.75
0.77
0.72
0.77
0.77
0.83
0.82
0.82
0.87
0.89
0.87
0.92
0.92
0.93
0.91
0.91
0.89
0.94
0.98
0.99
0.98
0.98
1.01
1.01
0.96
0.98
1.01
0.95
1.00
0.98
0.97
0.99
0.99
0.96
0.95
0.93
0.95
0.91
0.88
0.86
0.90
0.85
0.86
0.77
0.71
0.66
0.73
0.65
0.87
0.82
0.81
0.78
0.80
0.76
0.75
0.73
0.65
0.70
0.72
0.66
0.63
0.61
0.51
0.61
0.66
0.65
0.68
0.64
0.79
0.68
0.76
0.65
0.66
0.64
0.60
0.63
0.65
0.59
0.60
0.59
