1.00
1.14
1.11
1.13
1.12
1.12
1.09
1.03
1.09
1.06
1.07
1.04
1.07
1.09
1.10
1.08
1.05
1.05
1.00
1.05
1.01
1.09
1.03
1.05
1.03
1.05
1.05
1.05
1.04
1.02
1.08
1.02
1.02
1.04
1.06
1.00
1.00
1.05
1.05
0.98
1.04
1.04
1.04
1.05
1.05
1.02
1.01
1.04
1.00
1.03
1.05
0.97
0.98
1.02
0.97
0.94
0.96
0.92
0.91
0.95
0.92
0.99
0.94
0.94
0.98
0.91
0.93
0.92
0.86
0.85
0.92
0.83
0.86
0.86
0.86
0.81
0.79
0.77
0.79
0.80
0.78
0.86
0.82
0.81
0.79
0.78
0.81
0.83
0.73
0.78
0.76
0.79
0.75
0.77
0.73
0.75
0.74
0.73
0.71
0.69
0.74
0.83
0.85
0.81
0.82
0.85
0.88
0.83
0.87
0.84
0.84
0.83
0.82
0.83
0.83
0.82
0.82
0.85
0.85
0.83
0.81
0.91
0.91
0.91
0.94
0.94
0.92
0.93
0.92
0.92
0.93
0.89
0.93
0.96
0.91
0.95
0.91
0.89
0.94
0.92
0.89
0.97
0.97
0.94
0.98
0.98
0.93
0.96
0.99
0.97
0.97
0.93
0.94
0.90
0.93
0.91
0.92
0.86
0.88
0.82
0.83
0.89
0.87
0.85
0.78
0.79
0.77
0.78
0.74
0.76
0.73
0.73
0.67
0.67
0.67
0.65
0.65
0.63
0.54
0.65
0.61
0.74
0.76
0.76
0.66
0.69
0.65
0.65
0.63
0.59
0.56
0.51
0.50
0.55
0.50
0.51
0.48
0.44
0.47
0.40
0.40
0.63
0.66
0.61
0.62
0.67
0.60
0.63
0.62
0.68
0.66
0.64
0.67
0.63
0.67
0.61
0.62
0.60
0.70
0.71
0.68
0.97
0.92
0.91
0.88
0.85
0.89
0.95
0.87
0.86
0.88
0.85
0.83
0.78
0.77
0.79
0.77
0.71
0.70
0.68
0.68
0.81
0.81
0.85
0.91
0.97
0.98
1.00
0.99
0.98
0.97
0.99
0.99
1.01
1.03
1.02
0.97
0.98
0.96
1.00
0.99
1.01
1.03
0.98
0.98
1.02
0.97
1.00
1.03
1.02
0.95
0.97
0.93
0.96
0.92
0.95
0.93
0.92
0.94
0.88
0.92
0.98
1.00
0.97
0.96
0.96
0.94
0.96
0.95
0.94
0.94
0.90
0.93
0.91
0.94
0.92
0.95
0.88
0.94
0.94
0.91
0.99
0.99
0.99
0.92
0.93
0.87
0.93
0.92
0.94
0.95
0.96
0.90
0.90
0.86
0.92
0.91
0.86
0.86
0.86
0.81
0.89
0.91
0.90
0.91
0.93
0.93
0.85
0.86
0.90
0.85
0.84
0.85
0.88
0.87
0.85
0.84
0.83
0.89
0.87
0.84
0.99
0.97
0.94
0.95
0.94
0.95
0.94
0.95
0.88
0.84
0.93
0.88
0.85
0.91
0.89
0.88
0.75
0.80
0.81
0.82
0.88
0.90
0.91
1.01
1.00
0.92
0.87
1.03
0.97
1.01
0.94
0.88
0.82
0.91
0.93
0.99
0.93
0.89
0.95
0.93
1.04
1.02
0.94
1.02
1.03
0.97
1.01
0.94
0.97
0.88
0.85
0.88
0.88
0.91
0.94
0.89
0.94
0.88
0.89
0.87
0.94
1.00
1.04
1.06
1.01
1.06
0.95
0.95
0.98
0.93
0.93
0.90
0.91
0.85
0.92
0.91
0.86
0.90
0.90
0.90
0.89
0.96
0.95
0.81
0.77
0.93
0.92
0.86
0.84
0.80
0.95
0.92
0.97
0.95
0.93
1.01
0.90
0.88
0.91
0.85
0.94
0.97
0.95
0.94
0.93
0.94
0.91
0.91
0.91
0.95
0.90
0.91
0.90
0.93
0.89
0.89
0.92
0.90
0.91
0.91
0.95
0.92
0.93
0.97
0.98
0.98
1.00
1.03
0.99
0.97
0.99
0.99
0.96
0.98
0.98
1.02
0.93
0.99
0.99
1.01
1.04
0.97
1.01
1.10
1.11
1.07
1.07
1.10
1.09
1.06
1.03
1.06
1.12
1.07
1.06
1.09
1.00
1.02
0.95
1.08
1.09
1.04
1.02
0.98
0.91
0.90
0.86
0.77
0.84
0.82
0.81
0.84
0.78
0.78
0.70
0.74
0.75
0.72
0.80
0.79
0.86
0.81
0.85
0.82
0.80
0.81
0.75
0.72
0.63
0.67
0.62
0.61
0.60
0.56
0.56
0.55
0.54
0.53
0.42
0.45
0.67
0.66
0.65
0.58
0.58
0.55
0.51
0.43
0.43
0.32
0.36
0.32
0.28
0.37
0.32
0.36
0.40
0.43
0.39
0.39
0.42
0.43
0.45
0.32
0.29
0.30
0.30
0.25
0.18
0.25
0.22
0.19
0.20
0.31
0.32
0.31
0.32
0.28
0.34
0.41
0.51
0.50
0.45
0.44
0.46
0.49
0.45
0.44
0.43
0.46
0.45
0.42
0.43
0.43
0.44
0.47
0.44
0.48
0.49
0.43
0.77
0.75
0.73
0.81
0.70
0.74
0.75
0.70
0.76
0.78
0.77
0.75
0.77
0.78
0.75
0.80
0.77
0.73
0.75
0.77
0.87
0.87
0.88
0.90
0.86
0.78
0.81
0.80
0.86
0.87
0.88
0.88
0.84
0.88
0.90
0.90
0.87
0.85
0.87
0.93
0.89
0.89
0.92
0.91
0.91
0.94
0.90
0.90
0.90
0.85
0.89
0.84
0.82
0.79
0.78
0.64
0.70
0.68
0.71
0.66
0.80
0.73
0.74
0.71
0.72
0.77
0.72
0.77
0.85
0.85
0.79
0.83
0.85
0.84
0.59
0.85
0.88
0.91
0.94
0.91
0.99
1.01
1.07
1.07
1.01
1.06
1.09
1.04
1.06
1.04
1.04
1.07
1.08
1.07
1.11
1.11
1.09
1.08
1.07
1.09
1.05
1.12
1.06
1.13
1.05
1.10
1.09
1.05
1.12
1.13
1.17
1.07
1.02
1.08
1.05
1.07
1.09
1.02
1.08
1.08
0.99
1.05
1.05
1.09
1.11
1.02
1.02
0.98
0.99
1.02
0.94
0.94
0.95
0.95
1.00
0.96
0.97
1.02
1.06
1.04
1.03
0.93
0.86
0.89
0.96
0.82
0.95
0.94
0.98
0.92
0.95
0.97
0.97
0.90
1.00
0.92
0.90
0.98
1.05
1.04
1.19
1.06
1.03
1.10
1.05
0.95
1.05
0.99
1.05
1.09
1.20
1.05
1.05
1.08
1.04
1.13
1.04
1.17
1.05
1.06
1.14
1.07
1.06
1.03
1.01
1.00
1.01
1.02
0.96
1.00
1.02
0.99
1.03
1.02
1.02
1.03
1.03
1.05
1.04
0.97
1.12
1.01
1.06
0.92
0.92
0.89
0.77
0.72
0.71
0.79
0.74
0.73
0.74
0.67
0.66
0.66
0.67
0.64
0.65
0.65
0.84
0.87
0.84
0.81
0.79
0.79
0.87
0.87
0.84
0.84
0.78
0.75
0.77
0.78
0.78
0.78
0.78
0.76
0.67
0.66
0.85
0.83
0.81
0.76
0.84
0.74
0.80
0.77
0.70
0.61
0.60
0.58
0.63
0.60
0.56
0.60
0.55
0.61
0.60
0.69
0.85
0.81
0.87
0.86
0.91
0.87
0.86
0.79
0.84
0.77
0.77
0.87
0.81
0.80
0.87
0.78
0.80
0.87
0.80
0.87
0.96
0.97
0.92
0.93
0.97
0.93
1.03
0.95
0.96
0.91
0.98
1.00
1.01
0.97
1.00
1.00
1.00
1.00
1.02
1.00
0.98
0.94
0.98
0.97
0.98
1.00
1.03
0.99
1.01
0.97
1.00
1.01
1.00
1.02
1.02
1.02
1.05
1.00
1.02
1.00
1.02
1.03
1.04
0.99
0.97
1.01
1.04
1.01
1.04
1.04
1.03
1.01
1.03
1.02
1.05
1.04
1.05
1.09
1.06
1.03
1.06
1.03
1.06
1.03
1.05
0.98
0.98
1.01
1.03
1.06
0.98
0.96
0.93
0.91
0.86
0.89
0.93
0.93
0.95
0.90
0.93
0.97
0.96
0.93
0.89
0.82
0.81
0.76
0.70
0.68
0.73
0.68
0.66
0.66
0.61
0.64
0.67
0.61
0.50
0.66
0.67
0.59
0.57
0.41
0.45
0.55
0.44
0.50
0.40
0.25
0.34
0.24
0.22
0.17
0.15
0.23
0.17
0.20
0.23
0.24
0.43
0.41
0.40
0.42
0.46
0.40
0.39
0.38
0.36
0.41
0.37
0.36
0.34
0.33
0.32
0.35
0.37
0.33
0.37
0.35
0.65
0.65
0.65
0.64
0.64
0.63
0.61
0.60
0.66
0.59
0.61
0.67
0.59
0.62
0.59
0.60
0.63
0.57
0.54
0.60
0.79
0.80
0.75
0.74
0.74
0.74
0.83
0.82
0.79
0.78
0.76
0.74
0.84
0.85
0.79
0.83
0.83
0.80
0.74
0.78
0.94
0.96
0.97
0.94
0.94
0.98
0.95
0.96
0.95
0.93
0.92
0.92
0.87
0.88
0.90
0.90
0.92
0.85
0.90
0.90
0.91
0.91
0.90
0.91
0.90
0.94
0.88
0.92
0.92
0.91
0.92
0.90
0.93
0.95
0.93
0.91
0.93
0.93
0.95
0.96
0.93
0.97
0.94
0.97
0.93
0.95
0.95
0.90
0.92
0.92
0.97
0.98
0.97
0.96
0.98
0.92
0.97
0.95
0.97
0.99
1.01
0.95
0.92
0.98
1.01
0.98
1.02
0.93
0.97
1.01
1.00
0.97
0.93
0.95
0.89
0.85
0.83
0.79
0.76
0.83
0.83
0.83
0.77
0.79
0.83
0.83
0.84
0.76
0.79
0.78
0.82
0.82
0.83
0.81
0.74
0.75
0.73
0.63
0.71
0.72
0.81
0.78
0.79
0.73
0.75
0.74
0.75
0.75
0.79
0.77
0.75
0.76
0.74
0.78
0.67
0.68
0.64
0.61
0.65
0.67
0.74
0.74
0.68
0.61
0.50
0.66
0.76
0.66
0.54
0.61
0.68
0.64
0.71
0.80
0.71
0.74
0.75
0.72
0.71
0.73
0.85
0.84
0.77
0.73
0.83
0.75
0.79
0.79
0.87
0.81
0.76
0.82
0.83
0.82
0.83
0.82
0.85
0.87
0.75
0.92
0.90
0.87
0.96
0.93
0.91
0.93
0.96
0.94
0.86
0.92
0.88
0.84
0.87
0.85
0.86
0.79
0.81
0.82
0.86
0.85
0.88
0.86
0.89
0.90
0.86
0.92
0.90
0.77
0.72
0.89
0.87
0.84
0.73
0.75
0.74
0.71
0.68
0.70
0.60
0.54
0.62
0.70
0.64
0.70
0.68
0.63
0.64
0.58
0.69
0.65
0.69
0.68
0.64
0.64
0.68
0.70
0.71
0.67
0.67
0.68
0.92
0.95
0.91
0.87
0.98
0.93
0.91
0.89
0.92
0.87
0.92
0.94
0.91
0.91
0.94
0.85
0.95
0.93
0.90
0.91
1.05
1.05
0.98
1.00
1.01
0.97
0.96
0.98
0.95
0.97
1.01
0.96
1.01
0.98
0.98
0.98
0.99
0.98
0.99
0.98
0.98
0.97
1.00
0.99
0.95
1.01
1.00
0.95
0.95
0.93
1.00
0.94
0.95
1.02
0.97
1.05
1.01
1.00
0.98
1.09
1.02
0.94
0.96
0.99
1.03
0.99
0.99
0.98
0.93
0.95
0.93
0.96
0.98
1.00
0.97
0.94
0.90
0.92
0.97
0.92
0.99
1.00
0.97
0.96
0.94
0.96
0.99
0.96
0.84
0.88
0.91
0.93
0.91
0.92
0.91
0.93
0.91
0.92
0.90
0.86
1.00
0.98
1.00
1.01
0.98
0.97
0.97
0.97
0.96
0.98
0.99
0.99
0.98
0.92
0.98
0.95
0.92
0.94
0.94
0.95
1.00
0.97
1.00
1.02
1.00
1.05
0.99
1.00
1.00
1.01
1.00
1.01
1.00
0.94
1.06
1.02
1.03
0.96
0.97
1.02
1.02
1.03
1.00
0.94
0.91
0.79
0.66
0.70
0.62
0.60
0.43
0.40
0.51
0.68
0.75
0.65
0.75
0.66
0.74
0.78
0.77
0.79
0.68
0.74
0.78
0.81
