0.412767
0.037383
0.038195
0.037172
0.037235
0.037237
0.037346
0.038626
0.037300
0.037211
0.038325
0.037251
0.037122
0.037338
0.037098
0.037267
0.036563
0.036445
0.036727
0.036605
0.064646
0.036681
0.036578
0.036530
0.036674
0.036656
0.036471
0.036510
0.036558
0.036599
0.036373
0.036407
0.036562
0.036522
0.036400
0.036413
0.036282
0.036521
0.038802
0.036390
0.069979
0.036528
0.039089
0.036477
0.038646
0.038717
0.038773
0.036562
0.038601
0.036426
0.036514
0.036519
0.036353
0.036380
0.036374
0.038748
0.036304
0.036414
0.038670
0.036427
0.069856
0.036431
0.036456
0.038870
0.038795
0.038720
0.038470
0.038536
0.038585
0.038772
0.038735
0.038567
0.038895
0.039267
0.038691
0.038645
0.038671
0.038642
0.038786
0.038697
0.071984
0.038706
0.038600
0.038589
0.038591
0.038830
0.036460
0.036474
0.038445
0.038512
0.038573
0.036458
0.038840
0.036598
0.036491
0.036488
0.036545
0.036474
0.036468
0.036520
0.070248
0.036577
0.036476
0.036563
0.036599
0.036628
0.036495
0.036482
0.036552
0.036494
0.036561
0.036633
0.036626
0.036520
0.036515
0.036786
0.036521
0.036628
0.036524
0.036633
0.069951
0.036599
0.036650
0.036560
0.036716
0.036531
0.036552
0.036808
0.036621
0.036504
0.036530
0.036633
0.036375
0.036538
0.036435
0.038904
0.036617
0.036632
0.036468
0.036366
0.069996
0.036511
0.036473
0.036632
0.036468
0.036527
0.036677
0.036509
0.036576
0.036558
0.036636
0.036667
0.036495
0.036587
0.036588
0.036562
0.036651
0.036564
0.036476
0.038053
0.072523
0.038546
0.036441
0.036615
0.036502
0.036545
0.038769
0.038717
0.038530
0.038916
0.038571
0.038529
0.038505
0.036524
0.038869
0.038691
0.038361
0.038420
0.038459
0.038476
0.072135
0.038270
0.038378
0.038401
0.038539
0.038286
0.038432
0.038559
0.038531
0.038603
0.038493
0.038516
0.038594
0.038633
0.038617
0.038274
0.038503
0.038679
0.038705
0.038779
0.072518
0.036481
0.036540
0.036511
0.036531
0.036452
0.036432
0.036457
0.036582
0.036622
0.036608
0.036659
0.036612
0.037333
0.036570
0.036870
0.036438
0.036505
0.036541
0.036409
0.069953
0.036515
0.036599
0.036886
0.036553
0.036572
0.036439
0.036679
0.036618
0.036583
0.036791
0.036639
0.036477
0.036729
0.036805
0.036704
0.037095
0.037357
0.037408
0.037597
0.070319
0.036815
0.036881
0.036851
0.036708
0.036668
0.036752
0.036641
0.036690
0.036800
0.036671
0.036590
0.036751
0.036729
0.036797
0.037044
0.036731
0.036715
0.036773
0.036862
0.070179
0.036783
0.036909
0.036874
0.036887
0.036862
0.036865
0.036781
0.036860
0.036852
0.038129
0.038988
0.036842
0.036857
0.036757
0.036791
0.036881
0.036738
0.037866
0.039116
0.070515
0.036752
0.036768
0.036745
0.037028
0.036693
0.036591
0.036701
0.036571
0.036723
0.036680
0.037341
0.036732
0.037193
0.036634
0.036721
0.038581
0.042258
0.036713
0.036569
0.070365
0.038829
0.038790
0.038758
0.038811
0.039320
0.040861
0.039510
0.039054
0.039021
0.039277
0.038945
0.038589
0.038776
0.038865
0.038718
0.038859
0.038709
0.038739
0.038710
0.072170
0.038703
0.038514
0.038739
0.038565
0.039270
0.045373
0.037894
0.037794
0.037914
0.037859
0.039678
0.045076
0.037967
0.037784
0.037899
0.037948
0.037860
0.037861
0.037913
0.071677
0.038334
0.039082
0.047580
0.049265
0.039002
0.039128
0.039150
0.039183
0.039397
0.039042
0.038953
0.039178
0.038783
0.038314
0.038276
0.038189
0.038199
0.038379
0.038279
0.071729
0.038483
0.038314
0.038174
0.038338
0.038381
0.039247
0.038629
0.038321
0.038664
0.038609
0.038468
0.038476
0.038579
0.038446
0.038565
0.038683
0.038622
0.038567
0.038715
0.072252
0.038598
0.038687
0.038648
0.038837
0.038583
0.038630
0.038536
0.038546
0.038604
0.038653
0.038640
0.038749
0.038823
0.038661
0.038669
0.038671
0.038606
0.038541
0.038630
0.071993
0.038305
0.038414
0.038366
0.038612
0.038460
0.038326
0.038445
0.038420
0.038489
0.038361
0.038399
0.038349
0.039676
0.038604
0.043639
0.048142
0.047682
0.047600
0.038937
0.072549
0.038898
0.039057
0.038923
0.039021
0.039120
0.039447
0.038941
0.038851
0.039491
0.038983
0.039171
0.038799
0.038303
0.038041
0.040563
0.047491
0.038833
0.038840
0.038605
0.072090
0.038545
0.038807
0.038651
0.037856
0.045010
0.039672
0.039373
0.037086
0.036879
0.036853
0.036909
0.036853
0.036734
0.036959
0.036963
0.037045
0.037216
0.037531
0.037331
0.071238
0.037271
0.037390
0.037381
0.037494
0.037277
0.037424
0.036861
0.036862
0.037077
0.036880
0.036829
0.036914
0.036852
0.036865
0.036880
0.036881
0.036842
0.036865
0.036852
0.070472
0.036725
0.036855
0.037042
0.036745
0.036886
0.036844
0.036700
0.036847
0.036926
0.036781
0.036937
0.036848
0.036855
0.036826
0.036782
0.036957
0.036711
0.036939
0.036817
0.070148
0.036751
0.038928
0.039006
0.039025
0.038873
0.038504
0.038248
0.038418
0.038445
0.038634
0.038421
0.038423
0.038380
0.038467
0.038509
0.038460
0.038292
0.038456
0.038390
0.071892
0.038409
0.038465
0.038540
0.038547
0.038477
0.038498
0.038475
0.038407
0.038362
0.038378
0.038852
0.038427
0.038294
0.038572
0.038635
0.038227
0.037846
0.037894
0.037877
0.071391
0.037754
0.037807
0.037971
0.037840
0.037937
0.037773
0.037809
0.037768
0.037746
0.037795
0.037864
0.037935
0.037832
0.037877
0.037843
0.037739
0.037862
0.039516
0.037915
0.071271
0.037810
0.037903
0.037675
0.038934
0.037952
0.037949
0.037950
0.037943
0.038009
0.037928
0.037966
0.038107
0.038039
0.038164
0.037935
0.038028
0.037940
0.038100
0.038069
0.071276
0.038318
0.038344
0.040585
0.042017
0.038775
0.038815
0.038525
0.038913
0.038586
0.040089
0.038819
0.038610
0.038909
0.038895
0.038928
0.041481
0.039169
0.039015
0.039012
0.072548
0.040547
0.047416
0.038858
0.038961
0.038756
0.040750
0.039444
0.047777
0.049878
0.047094
0.042334
0.040299
0.039762
0.039175
0.039439
0.039584
0.039360
0.039301
0.039437
0.072662
0.039124
0.039558
0.039320
0.039126
0.039169
0.039088
0.039240
0.039318
0.041616
0.054057
0.042428
0.042011
0.041323
0.040654
0.042506
0.042422
0.043042
0.041075
0.040966
0.073681
0.038937
0.038702
0.038549
0.038429
0.038008
0.037969
0.038020
0.037946
0.037929
0.037800
0.037976
0.037944
0.038049
0.037967
0.037982
0.037773
0.037981
0.037799
0.039641
0.072030
0.050027
0.046519
0.047022
0.040843
0.038509
0.038613
0.038707
0.038549
0.038435
0.038149
0.047437
0.043367
0.040664
0.040931
0.040334
0.039022
0.038511
0.038538
0.038473
0.072203
0.038674
0.038595
0.038657
0.038611
0.038786
0.038656
0.038805
0.038744
0.038957
0.038894
0.038896
0.039002
0.038859
0.038737
0.038803
0.038837
0.038321
0.038568
0.038333
0.071873
0.038449
0.038453
0.038491
0.038392
0.038797
0.039139
0.038987
0.039004
0.038802
0.038673
0.038581
0.038616
0.038548
0.038735
0.038459
0.038724
0.038591
0.038763
0.038669
0.072400
0.038686
0.038567
0.038638
0.038640
0.038464
0.038550
0.038590
0.038665
0.038716
0.038692
0.038684
0.038771
0.038644
0.038659
0.038734
0.038635
0.038694
0.040822
0.046181
0.072554
0.039362
0.038893
0.038965
0.038415
0.038437
0.038231
0.038345
0.038431
0.038170
0.038142
0.038134
0.037982
0.038252
0.038059
0.038142
0.037911
0.037865
0.037949
0.037856
0.071432
0.038257
0.038302
0.037644
0.037746
0.037838
0.038812
0.045925
0.040410
0.037759
0.037717
0.037728
0.037905
0.037870
0.037840
0.037673
0.038515
0.045072
0.037644
0.037809
0.071410
0.038007
0.037695
0.037567
0.038000
0.037693
0.037706
0.039102
0.038450
0.038281
0.038367
0.039710
0.038776
0.038538
0.038445
0.037640
0.037736
0.038765
0.037701
0.046199
0.080215
0.040456
0.041082
0.040005
0.038382
0.038254
0.038334
0.038485
0.038585
0.038518
0.039374
0.039480
0.039652
0.039515
0.037377
0.039667
0.039432
0.039594
0.039311
0.039503
0.073079
0.039447
0.039465
0.039350
0.039328
0.039391
0.039235
0.039359
0.039422
0.039117
0.039375
0.039045
0.039328
0.039322
0.039266
0.039212
0.039234
0.039090
0.039179
0.039425
0.073073
0.039288
0.039086
0.039353
0.039284
0.040863
0.045665
0.039152
0.039260
0.039149
0.039201
0.038992
0.039213
0.038997
0.039237
0.038978
0.039337
0.039491
0.039825
0.039154
0.072919
0.039406
0.039753
0.039593
0.039632
0.039487
0.039684
0.037264
0.037184
0.037132
0.037283
0.037143
0.037198
0.037304
0.037288
0.037409
0.037419
0.037266
0.037365
0.037432
0.070968
0.037220
0.038483
0.037459
0.037273
0.037425
0.037490
0.037345
0.043104
0.042891
0.044688
0.037555
0.037169
0.038830
0.038054
0.038543
0.038779
0.038929
0.039143
0.036824
0.070543
0.036958
0.036750
0.037040
0.036728
0.036778
0.036826
0.036841
0.036711
0.036813
0.036876
0.036782
0.036868
0.036721
0.036767
0.036774
0.036687
0.036922
0.036836
0.036982
0.070507
0.036710
0.036571
0.036748
0.036757
0.037092
0.036811
0.038859
0.038903
0.036768
0.036837
0.036840
0.036831
0.036709
0.036801
0.036795
0.036777
0.038315
0.037467
0.039862
0.076590
0.037587
0.039520
0.039317
0.039482
0.039006
0.038700
0.038723
0.038416
0.038573
0.039098
0.039285
0.056659
0.039027
0.039069
0.039271
0.039135
0.039951
0.046099
0.047043
0.083542
0.039798
0.044086
0.043796
0.045310
0.048772
0.046469
0.045493
0.048248
0.041159
0.040430
0.049537
0.046481
0.046262
0.044918
0.045695
0.044201
0.047533
0.040411
0.045274
0.077901
0.040008
0.043499
0.045615
0.040285
0.050009
0.039988
0.040067
0.039584
0.039711
0.038897
0.038691
0.040130
0.038866
0.039072
0.039168
0.039297
0.039686
0.039160
0.039259
0.072806
0.039237
0.038890
0.039371
0.039003
0.039153
0.039345
0.040209
0.040339
0.039488
0.039036
0.039268
0.038776
0.038872
0.038881
0.039689
0.045825
0.038853
0.039649
0.039373
0.072807
0.039335
0.040022
0.048946
0.041977
0.043057
0.048514
0.048430
0.046653
0.047322
0.045722
0.048365
0.047796
0.048876
0.046339
0.048412
0.043442
0.044613
0.039822
0.039595
0.072972
0.039331
0.039406
0.038466
0.038351
0.038350
0.038501
0.038631
0.039027
0.038625
0.038731
0.038954
0.039026
0.039308
0.039501
0.039704
0.039609
0.039578
0.039557
0.037254
0.073030
0.039635
0.037198
0.039480
0.039458
0.039947
0.039383
0.039497
0.039355
0.039476
0.039017
0.038859
0.038383
0.038435
0.039090
0.038788
0.039052
0.039001
0.036763
0.039101
0.072320
0.039101
0.036556
0.038762
0.038727
0.038743
0.038586
0.038623
0.038679
0.038688
0.038891
0.038664
0.038753
0.038922
0.038955
0.038939
0.038986
0.038901
0.039004
0.038859
0.072602
0.038947
0.038846
0.036802
0.036729
0.036757
0.036681
0.036800
0.036759
0.036714
0.036679
0.036638
0.036901
0.037455
0.037472
0.038018
0.037705
0.037913
0.037812
0.037138
0.070912
0.037131
0.037273
0.037372
0.037284
0.037513
0.037519
0.037187
