1.664523
0.101155
0.100416
0.090404
0.091235
0.101741
0.090074
0.090780
0.090504
0.091368
0.091948
0.090706
0.091308
0.091389
0.092611
0.091427
0.089917
0.090558
0.090624
0.091047
0.172909
0.094485
0.137275
0.137351
0.137047
0.091606
0.089682
0.090178
0.090878
0.089962
0.091386
0.089941
0.088997
0.099412
0.089951
0.148592
0.100174
0.090012
0.100149
0.098431
0.156850
0.099653
0.102689
0.098992
0.089734
0.100293
0.100171
0.101525
0.099767
0.099964
0.089845
0.089661
0.149048
0.091219
0.090064
0.089840
0.090113
0.090658
0.090439
0.090583
0.202987
0.090614
0.091314
0.091049
0.150702
0.092474
0.093100
0.091936
0.092024
0.092432
0.090867
0.090803
0.091767
0.091358
0.091457
0.091852
0.091419
0.091810
0.092520
0.093540
0.205271
0.093514
0.093402
0.092780
0.092926
0.092838
0.092263
0.093156
0.092909
0.093503
0.092574
0.092078
0.091906
0.091199
0.090872
0.091489
0.090625
0.090929
0.090168
0.089912
0.202979
0.101361
0.090379
0.101169
0.099494
0.101029
0.090800
0.089821
0.099267
0.098259
0.099944
0.089645
0.099622
0.099394
0.102312
0.089043
0.089875
0.091062
0.091983
0.093199
0.202551
0.091810
0.091761
0.091211
0.090437
0.090908
0.101434
0.103508
0.100728
0.100406
0.101029
0.100099
0.101763
0.100442
0.106713
0.149645
0.100544
0.090025
0.155284
0.099998
0.211455
0.098638
0.098652
0.098904
0.099092
0.102733
0.097198
0.097463
0.098506
0.099787
0.090341
0.091945
0.089419
0.100051
0.099116
0.100035
0.096937
0.097920
0.096734
0.094779
0.154008
0.154227
0.152703
0.092164
0.150725
0.154248
0.150847
0.096075
0.149281
0.154426
0.092179
0.154380
0.150795
0.155891
0.091822
0.090004
0.090351
0.090448
0.092265
0.149926
0.149695
0.150573
0.150264
0.150428
0.150186
0.092656
0.091593
0.150934
0.092547
0.094928
0.090691
0.091507
0.095358
0.091174
0.091484
0.092190
0.093473
0.091513
0.092474
0.091731
0.202703
0.092326
0.092308
0.092130
0.094650
0.090123
0.091312
0.094576
0.090402
0.091277
0.096644
0.091143
0.091248
0.095470
0.090505
0.090826
0.095504
0.091468
0.091224
0.094425
0.203990
0.090550
0.090478
0.093904
0.090148
0.090918
0.093714
0.089868
0.094716
0.147568
0.149330
0.089679
0.089753
0.147202
0.146752
0.093914
0.090879
0.088799
0.146708
0.147100
0.148503
0.148872
0.089110
0.088768
0.148690
0.088868
0.087528
0.087680
0.088361
0.088404
0.088418
0.089143
0.088833
0.092767
0.145349
0.094561
0.088080
0.093229
0.088904
0.092828
0.201500
0.090880
0.088715
0.088884
0.089166
0.089541
0.089011
0.088984
0.088831
0.089011
0.088596
0.147207
0.147486
0.090356
0.089115
0.089614
0.088998
0.089535
0.091564
0.093156
0.201545
0.091920
0.090981
0.089504
0.089080
0.089494
0.089014
0.093438
0.088993
0.089439
0.093398
0.088552
0.093051
0.089303
0.089214
0.088840
0.089400
0.089141
0.089320
0.089012
0.202835
0.091227
0.089374
0.089268
0.090158
0.090380
0.090444
0.090042
0.091878
0.090157
0.091002
0.090497
0.090386
0.091727
0.090787
0.091842
0.090535
0.089093
0.089596
0.090179
0.149308
0.090023
0.151793
0.089050
0.147402
0.147453
0.149014
0.090344
0.089463
0.089751
0.147261
0.090492
0.090377
0.149029
0.092020
0.091288
0.090644
0.092331
0.090331
0.090297
0.202176
0.091166
0.090977
0.093416
0.088485
0.088703
0.089163
0.088692
0.088449
0.088592
0.088325
0.088729
0.088415
0.088943
0.088463
0.095943
0.088133
0.088643
0.088140
0.088475
0.200878
0.090407
0.090583
0.089691
0.089605
0.094958
0.089443
0.093779
0.089199
0.093444
0.089376
0.089860
0.089514
0.090063
0.090211
0.090261
0.090245
0.090743
0.090372
0.090097
0.203904
0.091298
0.092838
0.088406
0.092952
0.088681
0.092649
0.088006
0.088527
0.089886
0.089603
0.088914
0.090091
0.089028
0.090122
0.090004
0.089344
0.089347
0.089682
0.089151
0.202987
0.089026
0.088838
0.089390
0.088992
0.089580
0.088594
0.090112
0.089225
0.091246
0.092346
0.089388
0.090260
0.090103
0.089921
0.089783
0.089966
0.089106
0.088583
0.092862
0.200129
0.089236
0.088505
0.089932
0.090008
0.090294
0.093051
0.088850
0.090171
0.148124
0.148504
0.090306
0.089878
0.090578
0.148802
0.149550
0.091059
0.149978
0.091814
0.151850
0.160101
0.155859
0.157545
0.090094
0.088564
0.088806
0.088730
0.089301
0.089132
0.089368
0.089373
0.088722
0.098277
0.088919
0.089094
0.089268
0.090597
0.088993
0.089322
0.089842
0.201174
0.089530
0.088828
0.092292
0.089164
0.089910
0.089742
0.089814
0.088601
0.091395
0.090201
0.090949
0.092410
0.090767
0.090917
0.091817
0.090134
0.089657
0.099000
0.089466
0.200886
0.090395
0.090362
0.089441
0.089337
0.090134
0.089292
0.089746
0.090070
0.089510
0.090078
0.089550
0.089620
0.090679
0.089870
0.089855
0.090462
0.089629
0.089273
0.090429
0.202677
0.089556
0.090597
0.089954
0.089338
0.088757
0.089025
0.099011
0.103189
0.097406
0.098076
0.101443
0.097345
0.097518
0.156232
0.154677
0.097227
0.152779
0.093247
0.153225
0.153258
0.096878
0.155028
0.154503
0.098511
0.097727
0.099509
0.088898
0.088892
0.098091
0.099538
0.099298
0.158146
0.089974
0.090709
0.091071
0.090442
0.090384
0.092522
0.089180
0.206051
0.091183
0.091119
0.091232
0.090199
0.091545
0.091934
0.092865
0.092002
0.151169
0.088985
0.092171
0.089156
0.093009
0.152261
0.092180
0.092444
0.092579
0.089094
0.089303
0.202134
0.088575
0.088835
0.087991
0.090908
0.095433
0.089309
0.092020
0.091577
0.091926
0.092373
0.092664
0.092695
0.088605
0.092082
0.093128
0.092251
0.091027
0.091035
0.091710
0.204501
0.092589
0.091613
0.092139
0.091688
0.092278
0.092724
0.092640
0.091583
0.091577
0.094139
0.094203
0.093383
0.092659
0.092758
0.093494
0.093935
0.093085
0.092823
0.093460
0.205575
0.093539
0.093665
0.089887
0.093150
0.092796
0.092144
0.092463
0.093729
0.091753
0.094115
0.091067
0.092047
0.092533
0.092805
0.092545
0.093804
0.091864
0.093191
0.089001
0.199812
0.089256
0.092666
0.092554
0.092746
0.091395
0.091963
0.092419
0.092166
0.092679
0.092387
0.093601
0.091904
0.093288
0.092580
0.092673
0.089126
0.092457
0.088315
0.093077
0.200399
0.092216
0.092033
0.092167
0.092737
0.093286
0.088655
0.091606
0.089270
0.089445
0.089176
0.088947
0.088810
0.088608
0.089359
0.089587
0.088524
0.089466
0.092762
0.089399
0.201461
0.090029
0.089074
0.092607
0.092705
0.088939
0.091980
0.088863
0.092448
0.089007
0.092456
0.093565
0.093398
0.093383
0.092871
0.088649
0.092662
0.092223
0.088734
0.092775
0.203962
0.092182
0.092545
0.091850
0.092099
0.092226
0.093003
0.092628
0.091667
0.091454
0.091901
0.092509
0.091551
0.091910
0.092006
0.091728
0.091714
0.092509
0.091781
0.092175
0.205039
0.093640
0.092538
0.092255
0.092227
0.092211
0.091547
0.092047
0.092282
0.092009
0.091800
0.092647
0.092089
0.092413
0.092515
0.092945
0.092641
0.092470
0.092302
0.091964
0.204966
0.092264
0.092474
0.092830
0.093004
0.092535
0.092433
0.092542
0.092630
0.092730
0.092446
0.092248
0.091549
0.091953
0.092512
0.092427
0.092094
0.092025
0.091450
0.092189
0.206634
0.092816
0.088921
0.092970
0.093272
0.093285
0.092901
0.088754
0.092513
0.092785
0.092036
0.092238
0.092744
0.093132
0.092161
0.092234
0.092371
0.088975
0.089359
0.088596
0.202379
0.089570
0.088823
0.091934
0.092786
0.092031
0.088836
0.089329
0.089169
0.092858
0.088877
0.092789
0.088627
0.092911
0.092388
0.093284
0.088630
0.089167
0.088931
0.089119
0.201340
0.090576
0.088722
0.089672
0.088955
0.089828
0.089199
0.089543
0.089115
0.089304
0.092438
0.092696
0.093651
0.092204
0.092592
0.092680
0.092388
0.092837
0.092029
0.092638
0.203550
0.091687
0.092430
0.092907
0.092211
0.095004
0.091707
0.092064
0.092019
0.092336
0.092189
0.091814
0.092995
0.091782
0.092420
0.092035
0.092010
0.092615
0.091631
0.091857
0.205220
0.092703
0.091921
0.092660
0.092209
0.092407
0.092376
0.092797
0.092255
0.092640
0.091642
0.093507
0.093159
0.093615
0.093736
0.093157
0.094304
0.093642
0.093672
0.093669
0.206478
0.093630
0.093799
0.093680
0.093890
0.093757
0.093988
0.094078
0.093639
0.093532
0.093422
0.093467
0.093220
0.094125
0.093723
0.091795
0.091791
0.091865
0.091864
0.091897
0.203513
0.092494
0.092430
0.092078
0.092597
0.092128
0.092013
0.092726
0.092302
0.091639
0.091236
0.091989
0.091236
0.091450
0.091029
0.091616
0.090747
0.091366
0.091175
0.091365
0.204063
0.091167
0.091275
0.091783
0.091947
0.091690
0.091333
0.091926
0.094447
0.093636
0.095095
0.093766
0.093634
0.093972
0.093421
0.095001
0.093738
0.089939
0.094217
0.090264
0.202124
0.094608
0.090268
0.091095
0.091550
0.090751
0.091132
0.090256
0.090214
0.090917
0.090139
0.091254
0.090606
0.091235
0.090957
0.090682
0.091296
0.091195
0.094589
0.089979
0.203605
0.091947
0.091112
0.091887
0.092127
0.159267
0.163873
0.090263
0.090045
0.090324
0.090504
0.090761
0.090511
0.090820
0.090674
0.091641
0.094221
0.094126
0.091629
0.150381
0.150649
0.155069
0.091093
0.089758
0.089859
0.090126
0.148641
0.089397
0.089585
0.149581
0.153055
0.147676
