220	112	159	123
221	107	152	130
226	97	141	140
225	95	138	137
223	90	138	146
229	88	130	151
232	85	127	158
231	86	130	155
235	83	132	156
235	84	137	160
240	85	138	155
241	90	139	155
231	97	155	142
246	101	145	142
261	111	129	119
256	120	137	125
259	130	134	114
257	138	135	112
232	150	157	100
226	162	160	82
221	168	161	76
218	173	161	73
235	174	155	72
231	175	133	71
247	179	131	66
46	195	127	60
56	195	121	60
219	195	130	65
61	194	114	62
61	193	112	61
63	194	106	59
60	193	107	61
62	194	109	59
60	194	109	58
57	195	114	58
60	194	111	59
57	194	112	62
61	193	111	62
60	194	109	60
59	194	111	60
60	194	110	59
58	194	112	58
57	194	115	61
59	194	113	60
59	195	112	58
58	193	112	61
58	194	112	59
61	194	109	59
57	194	113	59
61	193	108	61
61	194	107	57
61	194	109	58
61	193	106	60
61	194	108	59
61	195	109	57
59	194	111	60
58	194	113	60
59	194	111	60
61	194	107	60
59	193	110	60
59	195	111	57
61	194	108	58
61	193	108	59
60	194	109	58
55	195	116	59
62	193	108	61
58	194	112	58
58	193	112	61
59	193	111	62
56	194	115	60
59	195	112	58
57	194	112	60
62	194	108	60
59	193	113	60
59	194	108	59
58	194	113	61
58	194	112	59
63	193	106	58
58	194	112	59
59	195	110	59
64	192	104	61
58	194	112	59
62	194	109	58
59	194	110	60
60	194	109	60
59	194	110	60
59	194	112	61
59	194	112	58
61	194	109	59
59	194	109	59
61	194	107	59
58	194	109	60
58	194	114	59
58	194	111	59
64	194	104	58
61	194	107	57
62	193	105	61
63	194	106	59
59	193	110	61
62	194	107	59
60	194	111	58
60	193	109	61
60	194	108	59
60	193	109	60
60	194	109	58
61	194	109	58
58	193	112	61
61	193	108	61
60	193	110	61
63	194	108	60
60	194	109	60
61	194	108	59
59	194	111	58
60	195	109	58
61	193	110	59
60	194	108	59
62	193	106	59
59	193	110	60
63	193	106	61
61	194	107	59
60	194	110	59
61	193	108	61
61	194	110	59
61	194	107	59
59	195	112	57
63	194	104	58
59	193	109	63
59	193	110	62
63	194	104	59
61	193	106	61
63	194	105	59
60	193	109	60
60	194	110	57
57	195	113	58
57	194	115	60
57	194	113	59
63	195	107	57
59	193	109	61
61	193	108	59
59	194	109	59
58	194	113	59
55	193	115	62
61	193	108	61
61	193	107	62
62	194	108	59
58	194	111	59
59	194	111	60
58	193	112	61
62	194	108	59
59	194	110	58
63	194	105	60
58	194	111	61
57	194	114	61
60	195	109	58
62	194	108	59
60	194	112	58
59	194	110	61
61	193	110	61
58	195	110	58
59	194	112	59
58	194	112	60
61	194	108	60
59	194	112	61
59	193	110	60
59	194	110	58
61	194	110	58
59	193	110	62
59	193	111	61
61	193	109	62
58	194	110	60
63	195	105	59
62	193	105	58
59	194	113	62
59	194	110	60
60	192	106	61
60	194	110	59
59	194	111	60
56	194	115	59
61	193	110	61
60	193	107	60
64	194	104	59
62	193	107	60
58	192	111	63
65	194	103	60
59	193	107	63
61	194	108	60
59	194	113	59
59	194	109	59
60	194	109	60
57	194	110	61
62	194	109	61
59	193	107	61
60	195	111	58
60	193	107	60
62	194	108	59
60	194	111	59
60	194	108	59
60	193	109	63
60	193	107	62
61	193	105	62
61	192	109	64
56	193	111	63
59	194	110	61
58	193	110	62
63	192	106	63
60	193	109	61
60	193	109	60
58	193	110	60
63	193	105	61
59	192	109	64
62	193	105	62
59	193	108	61
61	193	108	61
60	193	109	62
62	193	105	63
60	194	109	59
57	193	112	61
61	194	109	61
58	193	111	60
61	194	109	60
63	195	105	57
62	193	105	60
61	194	110	59
60	194	108	59
60	193	110	61
56	194	112	60
59	194	111	61
59	195	112	58
63	194	103	58
58	194	111	60
62	194	107	58
60	192	107	63
63	194	105	59
59	194	109	59
59	195	113	57
60	194	108	58
59	194	113	57
58	194	113	59
61	194	108	59
60	193	110	60
60	194	110	59
60	194	107	60
62	193	108	61
60	194	111	59
60	194	109	60
59	194	110	61
61	194	108	60
59	194	111	60
59	195	109	59
62	194	107	58
59	194	110	59
57	194	113	58
59	194	113	60
56	193	114	61
60	194	110	60
57	195	112	59
59	193	112	62
58	194	112	60
60	194	110	60
56	194	114	61
62	194	108	60
58	194	113	61
62	193	106	62
60	194	111	59
60	194	109	59
62	192	108	61
56	195	113	60
61	192	108	63
60	194	111	59
60	194	110	59
59	194	111	59
61	194	106	60
62	193	105	61
61	193	109	62
60	195	109	59
62	193	106	60
62	193	106	59
60	194	109	61
61	193	108	59
60	194	111	59
60	194	109	58
58	194	113	59
59	195	110	59
59	194	112	58
58	194	113	58
59	194	109	59
59	194	110	58
59	194	111	60
58	193	115	60
59	195	111	58
61	194	108	59
58	193	110	62
61	194	109	59
59	194	111	58
60	194	108	59
57	194	117	60
58	194	113	59
56	195	114	58
60	194	110	59
58	194	111	62
60	192	111	61
60	193	110	59
60	195	110	58
59	194	110	59
57	194	113	60
59	193	112	63
59	194	109	59
61	194	108	58
59	194	110	59
59	194	111	58
58	194	114	61
61	194	108	58
61	193	108	63
60	194	109	59
60	194	110	58
59	194	112	57
63	194	105	57
59	195	108	57
57	194	113	61
57	193	113	61
58	194	111	60
59	192	111	64
60	193	110	61
58	194	112	60
60	194	112	58
60	194	112	59
57	194	114	59
61	195	108	58
59	193	110	59
60	194	111	58
57	194	114	59
59	195	109	58
63	194	104	58
60	194	110	60
60	193	110	60
63	194	106	60
61	194	109	60
60	192	109	63
60	194	110	58
62	193	109	58
59	194	110	58
59	194	111	61
60	195	109	59
58	192	113	62
63	195	105	58
60	193	110	60
59	194	111	58
57	193	113	62
60	195	110	58
57	194	113	59
61	194	108	59
63	194	103	59
61	193	110	61
61	194	107	59
60	194	110	60
58	195	111	57
60	194	110	59
58	194	112	59
60	194	110	61
58	195	110	58
60	194	110	61
61	195	109	58
60	194	109	59
58	194	112	60
56	193	115	62
60	194	109	59
60	193	110	61
60	193	112	61
61	194	109	59
59	194	110	59
61	193	109	60
63	194	107	58
61	194	109	60
59	192	110	62
61	195	107	58
62	193	108	60
58	194	112	57
61	193	108	61
60	193	108	61
61	193	107	60
60	194	112	59
63	194	105	59
58	195	112	58
58	194	111	59
61	194	107	58
62	194	107	58
58	194	112	58
60	194	111	59
59	194	112	59
63	195	105	58
62	193	108	59
60	194	111	58
62	194	107	58
62	194	106	57
59	194	111	60
62	194	107	59
63	194	106	58
61	194	110	59
60	194	108	58
57	194	114	59
60	194	110	60
59	194	109	59
61	194	108	59
62	192	109	62
59	194	110	59
60	195	111	58
59	195	109	58
60	194	108	58
62	193	109	58
59	194	112	61
61	193	109	60
61	194	107	60
59	193	113	59
60	194	110	59
59	194	111	59
59	194	114	58
62	194	107	59
60	195	108	59
60	194	111	58
59	194	110	60
57	194	112	61
63	193	106	61
60	193	110	60
60	194	110	58
58	194	112	60
59	194	114	59
58	194	113	59
58	194	116	57
58	194	111	58
59	194	111	60
62	194	107	58
60	194	108	59
60	194	109	58
57	194	113	59
58	193	114	63
62	194	107	60
61	194	108	58
62	195	109	58
58	195	110	58
57	193	114	61
61	195	110	59
60	194	109	61
59	193	113	60
59	194	110	60
59	194	110	59
59	194	111	60
58	195	112	59
60	193	110	61
61	194	108	60
58	193	110	61
61	193	107	60
60	195	111	58
58	194	110	59
59	194	112	59
57	195	114	58
59	194	110	60
59	194	111	60
59	195	110	58
59	194	110	59
60	194	111	60
57	194	114	59
57	195	114	59
59	194	112	60
59	194	112	58
59	194	110	59
62	192	107	62
60	194	110	61
59	194	113	59
59	194	112	59
57	194	112	59
61	193	108	61
60	194	109	60
61	192	108	62
65	195	103	57
62	194	105	59
60	193	110	60
59	195	113	57
62	194	107	60
57	194	114	59
61	193	109	61
61	194	107	58
65	194	103	58
63	193	104	59
64	192	103	61
64	192	103	61
69	193	98	59
63	192	106	61
60	193	108	60
60	194	109	58
63	194	106	59
63	192	106	62
62	193	106	61
61	193	108	61
63	192	104	61
62	193	106	59
60	193	109	59
61	195	107	57
59	195	112	56
62	194	107	58
61	195	107	56
59	194	111	58
60	193	110	60
61	193	107	60
59	193	109	61
60	194	110	60
62	194	106	58
60	194	106	58
62	194	107	59
58	195	112	58
59	195	112	56
60	194	110	59
58	194	112	59
63	193	106	60
60	194	107	60
64	193	104	59
61	194	108	59
60	193	107	60
61	194	110	58
61	192	105	63
61	194	109	60
58	194	111	59
60	194	109	60
59	194	110	58
59	193	112	63
58	192	112	62
62	194	106	61
59	192	111	62
58	194	112	60
57	195	114	58
61	194	108	59
58	194	111	59
60	194	109	59
58	195	113	58
60	195	109	57
60	194	110	58
55	193	114	60
59	194	113	59
59	194	110	59
60	194	108	59
62	194	108	59
62	193	107	60
60	194	109	59
61	194	108	59
60	194	109	59
61	193	107	61
57	194	114	59
58	194	111	60
60	193	110	61
57	194	111	59
64	193	105	60
62	194	107	59
60	194	108	59
58	195	111	59
63	193	105	61
61	194	107	57
58	194	113	59
59	194	113	57
59	194	110	59
63	193	106	60
65	194	105	58
61	192	107	64
62	193	108	61
61	194	108	58
62	193	108	60
62	192	106	61
60	193	110	60
59	193	113	60
60	194	111	59
60	192	111	61
64	193	104	60
63	193	103	59
62	193	108	59
62	193	106	60
62	193	107	59
61	194	107	57
61	194	109	59
63	194	104	58
62	194	105	59
63	193	105	59
63	194	105	58
63	194	104	57
60	193	109	60
60	193	110	61
59	193	112	59
61	194	109	58
61	193	107	61
63	193	107	62
61	193	109	61
60	194	111	59
58	194	113	59
58	194	114	59
56	195	114	59
62	193	107	61
58	195	109	59
60	194	109	59
58	193	114	59
60	194	108	61
63	193	105	61
60	194	108	59
60	193	111	60
59	193	111	61
59	194	113	58
60	194	109	59
58	193	111	61
63	194	106	58
60	194	108	59
60	192	109	63
62	195	106	57
59	194	111	60
61	194	107	59
62	193	105	61
60	192	109	64
58	193	111	61
59	193	112	63
59	194	110	62
60	194	110	59
59	193	109	63
60	194	111	60
59	194	111	58
59	195	112	59
60	194	111	59
60	194	108	60
61	193	108	61
58	194	112	60
60	192	111	63
57	194	114	61
62	194	108	60
56	194	114	60
63	193	107	60
60	193	108	60
66	194	101	59
60	192	110	60
60	194	110	58
61	194	109	60
58	194	110	60
61	194	108	60
59	193	110	62
58	194	112	59
58	194	113	60
58	195	113	58
59	194	110	58
61	194	106	61
61	195	108	58
60	194	108	60
61	194	109	59
59	194	111	58
58	195	115	58
58	194	113	59
62	194	107	58
58	194	111	60
60	194	110	60
58	195	111	58
60	195	109	57
59	194	107	60
62	193	108	61
61	194	110	58
62	194	108	58
60	194	110	57
61	195	107	59
62	193	107	61
62	195	107	57
63	194	108	57
63	195	106	55
61	194	107	59
62	194	106	57
62	192	106	62
62	194	105	59
59	194	113	59
58	195	111	59
63	193	105	59
59	194	112	58
55	195	115	58
60	194	109	59
58	193	112	61
60	193	108	60
58	194	111	60
61	193	110	63
59	193	112	61
58	194	112	59
57	194	113	59
58	195	113	57
59	194	111	60
59	194	110	60
62	193	105	61
60	194	110	59
59	194	112	60
62	194	106	60
59	191	108	64
62	191	112	63
56	193	125	59
53	192	119	59
61	192	106	61
64	196	103	54
61	199	105	50
58	200	109	50
56	200	113	51
60	201	109	50
61	200	109	50
63	200	106	49
61	200	108	50
60	200	109	50
58	201	111	48
