477	243	119	76
474	243	118	72
468	240	114	72
458	239	118	75
453	237	117	75
443	233	120	81
435	232	121	78
427	231	119	82
421	236	111	79
414	236	108	83
408	241	108	82
395	243	117	81
385	244	121	81
377	244	115	81
368	242	123	84
362	243	118	87
352	244	125	83
349	245	125	83
342	245	131	83
341	247	128	81
337	247	131	79
342	244	131	84
351	243	130	85
361	245	122	83
368	245	122	84
374	246	125	86
380	244	123	84
382	244	123	86
388	245	123	87
388	243	126	87
393	246	125	86
397	244	125	85
398	245	129	85
404	246	122	80
408	241	119	85
405	242	122	83
410	244	115	79
418	244	103	82
425	243	89	84
425	239	80	88
402	226	103	99
404	221	106	112
416	226	96	97
420	224	92	107
424	226	90	95
425	223	86	107
422	221	90	111
418	226	95	92
413	227	95	89
411	222	93	93
416	224	97	92
425	222	84	95
437	222	63	94
446	227	56	98
448	224	52	94
447	235	49	76
448	234	49	78
453	231	47	85
457	234	45	83
452	230	55	90
447	229	64	93
438	234	85	90
436	237	96	89
430	239	112	90
426	241	123	94
421	237	130	88
416	238	136	94
413	236	138	95
414	235	133	98
408	235	136	96
408	238	125	92
406	234	130	97
404	232	133	104
409	227	127	106
405	230	136	108
414	227	132	110
419	231	127	112
424	228	124	116
428	229	118	115
423	229	125	120
412	226	140	124
416	229	141	124
436	228	117	126
428	232	125	121
419	231	139	128
416	234	140	122
415	232	146	129
413	236	147	124
412	232	150	137
419	235	144	135
433	233	131	160
445	229	118	159
452	230	110	161
453	232	112	160
457	232	109	156
423	229	148	159
416	240	157	130
419	241	152	123
410	242	164	123
405	237	166	134
404	240	162	128
398	244	172	124
393	244	180	127
389	244	183	124
390	246	185	122
389	255	178	109
388	248	184	119
387	246	182	123
387	249	188	118
387	252	185	115
386	254	186	118
384	253	185	127
384	252	187	134
388	248	179	142
388	250	179	137
387	252	177	134
392	252	172	125
391	251	172	128
392	244	166	127
397	245	157	125
397	248	160	117
394	251	166	105
396	249	160	106
397	240	161	116
399	238	155	115
405	239	145	117
398	239	154	113
408	239	135	118
405	239	129	117
407	239	109	118
415	235	88	122
415	235	87	120
416	230	87	123
413	227	92	126
414	227	93	125
412	227	104	126
412	229	109	130
410	227	114	127
411	224	118	129
412	222	120	131
411	228	120	120
411	232	124	119
411	232	126	117
414	238	120	112
414	237	125	111
414	245	126	103
423	246	121	99
422	250	121	93
425	250	120	88
427	251	119	90
431	253	119	83
431	254	118	88
432	257	122	80
434	258	120	85
436	258	119	91
437	256	117	93
438	255	123	92
435	257	120	96
439	256	116	97
434	253	123	103
437	248	117	110
437	246	120	114
436	248	115	114
438	246	105	122
442	244	98	130
440	248	101	126
443	252	94	123
448	251	84	124
451	253	77	121
451	251	75	120
449	250	78	117
446	247	77	122
446	241	77	120
441	242	80	124
437	241	87	126
432	240	91	123
428	239	96	125
422	239	106	122
421	243	105	119
421	245	106	118
419	248	113	109
418	248	119	110
419	250	120	104
416	248	121	109
414	247	121	108
412	250	122	108
409	252	119	106
404	252	126	113
396	256	126	103
388	252	128	118
382	260	129	105
372	265	136	95
366	268	140	89
362	273	138	81
365	276	133	77
363	277	137	75
370	276	127	83
378	279	119	80
378	276	122	82
377	280	128	77
385	280	122	81
386	279	124	83
390	276	120	90
390	277	122	92
388	276	130	94
388	279	130	94
392	274	124	98
394	273	126	99
397	275	124	95
392	272	133	100
403	274	118	98
397	272	121	101
393	272	129	105
396	271	125	104
392	272	130	104
397	269	121	109
399	265	116	108
400	272	117	105
403	271	121	106
405	272	119	108
408	270	120	108
410	265	119	114
415	266	113	117
419	264	109	118
422	265	105	119
432	262	92	123
435	262	86	122
437	259	84	122
443	257	75	124
444	259	75	122
449	259	70	120
450	262	70	120
454	260	65	121
453	260	64	120
455	255	62	118
455	261	62	120
456	260	60	116
453	262	62	119
451	259	62	125
452	258	63	122
455	254	62	124
441	262	79	119
423	257	97	125
429	260	100	126
426	261	100	126
418	265	110	119
417	272	118	114
416	273	123	113
409	276	134	110
406	280	143	103
404	287	143	86
404	290	141	80
407	293	129	76
406	291	138	80
404	296	122	75
404	301	106	71
414	300	110	71
404	308	103	66
403	305	105	71
399	303	111	73
401	303	107	75
400	303	110	76
399	303	113	72
398	304	111	73
398	300	114	79
397	302	118	75
398	298	120	78
398	303	118	77
398	300	122	82
399	295	121	87
399	299	129	81
401	296	125	85
402	298	123	84
404	294	120	90
404	295	124	89
407	292	119	92
410	289	110	94
413	291	105	93
412	289	109	93
410	287	109	96
404	281	121	102
403	281	127	100
400	281	132	100
399	277	133	104
401	273	131	108
393	266	137	113
397	270	132	111
388	265	140	112
397	265	129	115
394	262	134	114
396	264	135	113
395	265	140	111
397	263	135	114
399	266	133	110
401	264	132	110
399	265	133	110
400	266	134	109
400	269	134	108
404	271	129	107
409	271	123	106
412	271	122	101
417	276	111	96
420	273	106	98
424	271	102	93
435	266	100	105
450	263	91	100
455	261	92	99
451	262	94	94
447	259	97	95
443	261	102	93
443	260	100	90
438	259	106	92
434	259	110	90
434	258	108	87
431	258	109	87
431	256	104	88
421	254	104	86
425	259	85	83
425	256	86	87
422	255	91	86
419	254	93	85
417	252	99	85
413	251	103	86
413	255	96	83
413	252	101	86
410	252	108	87
411	254	107	87
405	256	113	92
403	258	112	97
407	259	108	104
407	262	109	100
406	267	107	94
404	270	108	91
406	275	106	88
404	277	107	90
402	280	105	90
397	279	113	93
396	283	122	84
395	285	129	85
393	285	133	83
395	285	127	83
391	285	135	79
390	284	135	73
385	288	141	55
381	290	143	51
381	291	144	53
383	293	140	51
381	295	142	48
380	298	147	51
381	297	140	51
383	295	136	55
380	293	142	58
378	294	144	62
380	288	144	68
379	290	146	68
385	283	137	78
385	281	135	77
389	279	128	81
393	280	125	80
396	275	118	85
395	271	118	88
398	274	118	87
399	271	107	83
399	270	93	84
402	272	85	77
404	274	83	77
404	275	81	78
402	276	84	78
398	275	89	70
396	274	90	60
395	275	92	55
393	276	92	52
393	275	93	52
393	271	93	56
392	273	93	53
394	268	90	56
393	268	89	60
396	266	85	60
398	264	82	62
398	265	82	58
399	266	77	55
399	268	80	53
400	268	80	52
399	268	80	51
398	270	83	48
397	273	86	46
398	274	89	45
399	274	91	47
398	273	91	50
399	272	93	53
400	267	90	58
400	259	99	68
401	257	103	72
403	252	104	80
402	250	124	82
402	251	132	84
401	251	133	85
405	249	127	87
402	251	133	86
405	252	128	84
404	253	129	83
408	253	120	81
410	251	122	87
407	253	126	81
406	254	120	82
407	253	116	79
412	253	111	81
411	256	88	66
414	256	86	73
416	254	86	72
418	249	85	75
419	252	82	71
418	257	82	61
421	252	83	63
419	248	87	74
418	250	86	71
417	247	88	74
417	243	90	76
419	243	91	81
419	241	92	87
420	239	92	91
422	241	90	93
425	243	84	92
425	246	84	90
424	245	86	100
422	251	90	95
424	247	87	96
424	246	90	101
422	245	97	103
422	246	89	105
421	247	103	102
421	249	100	102
422	249	102	101
419	252	106	98
408	255	110	102
403	258	109	120
408	257	99	134
405	258	97	147
405	256	94	145
432	220	109	134
403	263	128	143
404	259	128	160
402	258	140	149
405	261	111	156
404	237	132	134
410	253	151	96
412	253	151	91
408	252	131	91
413	248	119	93
414	248	117	87
413	248	101	88
409	250	99	85
408	251	99	85
406	252	102	85
402	253	106	86
404	252	100	86
407	251	96	88
405	251	96	86
404	250	100	85
404	253	97	82
403	252	94	79
403	254	88	71
398	255	92	70
397	257	91	61
397	260	87	55
393	264	92	52
394	267	91	48
391	270	96	51
405	269	92	53
393	270	97	56
391	272	98	55
391	272	98	55
391	271	97	57
402	267	111	62
393	269	115	61
393	265	125	68
391	265	136	69
394	262	129	75
396	259	131	82
397	260	128	83
399	260	129	84
403	261	116	85
405	259	109	88
401	259	118	89
403	259	115	91
402	259	113	91
405	262	98	80
404	265	91	81
404	266	93	81
403	263	100	86
403	265	96	83
402	264	99	82
403	265	94	78
404	262	98	80
400	261	101	81
401	267	98	78
399	268	103	80
398	267	105	83
398	273	104	78
397	272	106	82
395	275	109	79
392	279	109	74
390	275	110	79
389	273	112	85
390	277	110	80
391	275	109	82
387	273	112	85
386	271	114	87
386	277	114	82
387	272	115	85
390	269	110	89
390	270	113	84
391	266	113	87
395	265	109	87
395	263	116	87
396	261	116	92
400	261	112	86
400	259	112	91
400	261	116	84
400	259	113	89
406	258	106	86
405	259	103	89
411	260	99	88
412	256	101	93
411	255	103	94
406	253	112	95
404	255	114	95
409	255	109	93
412	255	104	95
413	255	110	95
415	255	111	91
413	254	119	92
409	259	129	83
412	253	127	85
419	252	106	86
422	247	93	89
428	254	86	81
430	256	96	74
422	252	108	78
424	247	111	81
418	254	118	80
417	254	129	78
416	253	141	80
418	248	143	86
422	248	134	83
425	245	127	87
428	243	123	89
429	243	124	90
423	244	130	89
419	248	134	83
424	241	124	85
420	244	130	87
416	243	133	86
423	244	124	89
424	246	124	85
421	245	129	89
424	246	120	88
422	248	123	87
420	250	123	85
418	248	124	88
419	246	119	89
421	244	119	89
421	245	120	91
416	242	127	95
419	240	125	96
419	239	129	98
421	237	126	99
415	239	134	89
418	238	132	88
424	240	128	83
425	239	127	87
418	237	135	85
412	238	139	83
411	236	140	86
406	236	148	86
403	241	149	83
408	240	144	83
408	243	144	81
414	244	137	84
414	247	142	85
418	245	127	87
424	243	104	96
432	249	91	86
432	250	94	86
428	250	105	85
424	252	112	85
424	253	112	86
422	254	116	88
421	255	120	90
416	256	130	92
416	258	135	90
419	260	131	89
421	260	136	92
416	260	151	91
412	262	160	88
412	259	160	96
416	259	150	103
422	261	135	105
416	265	138	102
426	266	124	101
420	267	130	102
426	272	117	98
422	275	122	97
418	276	122	101
411	279	124	100
413	284	109	95
412	278	100	99
410	280	100	96
411	281	93	94
408	284	93	93
410	284	87	94
411	283	85	92
406	285	89	91
407	282	84	79
408	287	85	90
409	288	85	90
407	290	89	87
415	292	79	85
419	279	66	75
424	300	70	74
429	305	71	72
436	303	62	72
441	305	54	64
447	309	48	57
447	304	53	68
459	316	46	65
408	286	51	67
427	303	50	84
470	323	51	74
454	323	65	80
449	313	76	94
432	300	67	116
432	296	72	116
437	292	58	116
430	299	59	115
430	293	60	116
425	290	66	119
426	284	70	124
426	281	69	127
425	275	73	133
428	281	71	125
426	284	73	122
428	283	74	123
427	286	78	119
427	284	80	121
429	280	79	123
431	282	81	124
427	285	86	123
424	281	87	127
408	285	108	125
405	281	113	129
402	281	117	129
396	280	132	127
400	281	127	130
396	278	133	130
397	280	138	115
394	278	137	120
397	278	133	115
399	278	123	109
402	273	96	110
409	277	109	111
402	274	115	118
400	273	123	118
403	273	115	118
406	274	113	116
405	274	118	115
408	272	117	113
410	275	113	101
413	276	113	98
411	274	117	103
410	272	117	106
416	274	113	94
413	273	115	99
411	272	124	102
412	269	122	114
413	269	119	115
409	267	126	126
413	265	120	127
405	265	130	134
405	260	134	135
408	260	130	131
415	260	127	136
426	258	119	131
429	259	114	130
430	256	116	129
438	258	107	132
442	260	105	127
444	257	102	129
447	255	102	128
446	256	99	124
450	254	94	129
453	252	88	134
455	246	85	143
455	244	88	145
455	239	87	148
456	240	87	144
456	236	87	153
458	235	89	153
458	238	93	142
432	245	112	136
453	237	98	150
459	237	85	147
465	232	80	159
469	234	81	154
471	236	77	140
470	239	77	131
468	239	77	145
467	244	80	127
470	245	76	118
474	247	63	110
479	248	50	105
479	245	47	95
476	247	47	86
477	248	44	82
475	248	44	81
470	248	53	84
466	249	57	85
464	251	61	92
465	254	60	87
463	256	64	86
463	257	65	85
466	258	66	81
467	261	69	76
463	271	76	66
462	272	77	75
457	277	79	72
454	281	85	69
455	281	80	71
454	285	85	68
453	287	85	64
450	290	86	62
445	295	88	58
446	291	84	64
447	298	75	56
444	301	70	49
445	301	66	45
443	296	70	50
443	292	73	57
443	291	72	64
440	291	73	69
438	287	78	79
439	284	78	81
437	283	84	82
435	280	85	85
436	278	81	86
432	272	86	89
430	270	89	91
427	267	91	92
423	266	94	92
419	264	94	91
417	265	95	88
415	265	94	87
410	264	97	91
408	262	99	93
403	263	104	95
401	265	101	92
397	264	103	92
393	264	107	91
389	263	111	90
385	258	122	97
377	256	131	117
376	255	134	121
377	254	133	124
376	253	135	127
379	249	132	130
375	251	134	130
371	250	136	129
373	251	134	129
371	253	131	127
369	253	132	127
368	255	132	124
368	259	133	115
366	261	133	117
369	256	136	119
366	257	133	119
365	255	134	118
363	247	134	126
360	245	132	126
356	244	130	123
352	245	127	121
353	244	119	120
347	243	125	120
343	241	131	121
343	242	131	122
343	240	134	124
339	241	139	122
337	244	141	122
331	245	145	120
329	240	144	120
327	244	143	112
327	240	144	107
329	243	140	105
328	249	136	94
330	248	134	94
330	248	137	94
331	247	136	95
334	242	134	96
337	243	130	96
342	246	126	89
346	246	126	93
348	248	126	88
351	246	128	93
352	243	130	101
353	242	132	104
354	236	137	114
366	235	128	113
375	236	125	118
373	232	125	123
392	229	110	127
399	229	102	129
402	227	99	136
407	223	99	137
408	222	94	137
409	224	100	134
413	220	94	138
414	220	93	136
418	219	89	133
416	218	96	134
418	218	96	131
423	217	94	131
427	217	95	128
426	218	99	123
436	219	88	128
439	212	90	127
442	218	94	129
447	214	94	126
446	217	96	125
453	217	94	126
453	216	100	124
454	217	102	129
456	216	101	133
454	217	108	132
448	220	118	128
444	218	122	130
448	218	123	134
425	217	136	139
443	219	124	133
439	217	131	137
441	227	135	125
437	243	120	113
434	250	127	106
431	257	120	99
429	257	127	99
428	256	122	101
427	258	123	97
423	258	122	88
423	258	123	77
422	257	123	73
427	256	119	65
427	253	122	68
422	253	126	66
421	249	132	70
417	248	131	73
416	241	136	84
418	240	131	91
414	236	133	102
411	236	136	99
410	232	135	100
406	231	138	100
401	240	144	87
394	238	146	92
391	236	142	95
387	230	140	105
383	231	141	104
383	232	131	104
382	235	132	101
381	234	131	102
379	233	131	104
380	233	119	105
376	232	119	108
374	234	118	104
372	233	118	106
378	235	110	103
375	242	113	100
380	247	105	101
383	251	100	99
383	256	97	95
378	260	103	97
370	265	113	88
363	267	113	85
361	269	111	87
358	270	113	86
353	269	114	85
348	267	113	86
344	265	119	80
339	260	118	91
341	261	114	84
335	256	120	90
329	254	126	90
325	252	125	90
328	251	121	94
328	253	119	88
328	252	122	90
327	249	120	97
328	251	125	92
326	251	125	94
326	251	126	93
326	251	119	92
330	251	124	93
326	254	122	89
328	255	124	93
330	257	121	90
333	256	126	90
333	255	128	93
338	256	127	90
339	257	128	89
339	256	132	88
348	257	126	87
350	255	132	89
354	260	131	87
360	258	132	88
361	260	137	87
364	258	140	90
366	260	145	91
373	265	137	86
373	262	147	93
379	268	144	88
384	263	152	100
389	270	153	94
387	268	165	98
395	267	160	104
396	264	167	112
402	265	165	115
398	263	169	122
401	265	170	118
401	268	172	117
404	262	174	130
402	262	171	131
399	260	169	130
404	262	161	126
401	262	170	130
399	263	177	135
400	265	167	128
399	258	169	140
393	257	175	138
391	255	185	140
402	257	159	136
390	256	167	138
392	252	158	144
365	242	177	156
381	255	155	139
354	251	164	137
370	260	155	133
337	257	174	132
326	264	185	119
303	259	208	125
293	254	212	128
286	252	212	125
286	252	207	133
280	259	209	120
282	255	204	140
282	260	199	126
288	263	191	133
288	264	189	144
301	279	177	155
287	284	191	140
294	295	182	155
282	290	194	162
277	296	192	145
274	293	190	155
272	303	184	133
274	306	182	136
276	312	177	128
264	312	178	136
272	301	174	139
226	308	196	132
252	305	182	143
280	305	165	134
252	308	155	120
282	297	151	130
255	307	145	103
267	300	140	116
280	303	123	107
278	298	122	108
321	291	110	117
335	294	92	113
347	295	82	110
359	297	79	108
371	298	82	108
385	296	82	114
397	313	84	108
418	311	78	108
433	311	75	108
443	313	76	104
457	311	74	106
475	314	67	105
486	314	70	102
496	319	64	96
501	320	60	94
503	319	57	92
511	319	58	94
513	319	57	96
517	319	52	95
520	321	50	91
524	322	47	93
527	319	46	94
530	319	46	95
533	320	46	92
538	321	43	92
542	317	42	96
551	317	41	96
557	321	37	91
562	320	36	94
566	322	36	92
569	321	36	94
571	314	34	105
574	315	33	110
574	316	34	107
577	318	27	101
499	270	38	109
418	344	48	114
408	326	62	107
405	327	65	101
407	324	67	105
409	346	55	113
402	325	64	108
403	325	62	113
400	325	67	116
450	326	84	118
406	330	81	113
413	332	91	115
408	328	78	115
416	330	90	114
416	325	88	114
425	322	104	120
443	320	134	115
426	310	170	127
419	314	203	130
422	326	194	112
422	323	196	115
423	328	193	110
415	323	202	117
411	326	206	113
414	327	201	111
410	323	201	113
410	324	198	112
409	321	192	111
409	315	190	115
408	316	189	116
408	305	185	124
397	301	200	126
403	292	189	133
397	285	193	142
398	273	188	160
400	267	181	163
398	243	183	191
397	241	185	193
400	241	177	191
396	237	180	190
397	226	176	195
392	215	188	206
385	210	204	202
380	191	220	211
378	172	239	220
381	174	231	223
386	177	232	201
384	190	234	195
401	179	222	185
380	231	195	137
379	223	198	146
378	217	223	147
376	229	224	165
367	201	255	161
359	191	268	159
351	190	276	186
359	188	264	176
353	201	272	189
358	178	272	178
343	182	285	174
336	189	294	201
356	189	269	155
360	195	264	191
366	183	261	185
329	227	214	186
375	184	246	221
371	184	257	211
366	184	264	162
335	229	221	191
377	205	225	205
384	212	202	194
386	230	174	178
398	234	167	163
400	238	163	147
400	241	163	138
396	244	170	133
394	249	174	127
394	246	179	126
393	243	181	130
394	239	180	130
390	236	183	131
389	235	188	124
386	231	191	161
380	246	200	148
383	245	191	153
388	260	171	142
387	260	175	139
388	263	171	136
385	266	172	132
385	272	168	130
386	263	171	142
382	253	178	157
390	255	167	155
388	250	168	167
392	253	163	166
390	247	162	174
387	253	165	168
386	253	167	169
385	261	170	156
391	262	162	157
387	260	174	163
389	267	165	157
390	262	176	167
393	265	164	165
397	269	166	171
403	273	158	170
402	275	158	179
405	272	154	190
406	277	156	186
415	282	145	189
404	284	159	179
408	286	159	182
417	291	148	176
421	295	147	164
420	296	147	155
421	301	144	151
421	306	145	146
426	310	139	141
418	303	149	148
427	302	145	143
409	295	168	152
410	297	200	152
412	294	203	155
419	290	189	152
423	291	188	150
424	291	184	146
418	290	188	144
417	289	190	147
416	293	190	144
415	292	193	149
414	294	197	141
418	293	186	135
420	292	183	132
430	297	168	119
428	275	154	135
429	262	153	153
427	265	142	143
421	261	145	150
420	267	145	145
418	271	149	137
422	268	141	142
424	265	137	144
427	259	132	152
427	261	134	148
432	262	131	143
430	261	131	143
432	263	124	144
432	264	133	144
422	264	141	144
415	267	147	135
405	268	161	135
390	268	183	134
386	267	193	136
386	271	195	131
386	278	196	125
391	281	177	117
391	283	172	122
384	280	183	131
383	284	187	132
382	287	187	129
377	287	192	131
379	290	190	131
383	290	181	132
377	290	188	136
377	294	190	128
374	287	193	139
374	290	190	138
372	286	192	145
377	287	184	149
370	282	192	154
382	276	178	164
391	279	168	153
392	268	172	169
396	266	166	166
396	263	180	161
398	262	189	156
403	256	168	169
406	247	180	178
418	255	167	163
435	258	151	171
446	254	141	176
447	252	140	180
449	252	142	176
456	248	133	183
456	246	130	188
455	247	132	183
451	248	140	183
457	247	130	180
449	247	139	181
452	248	134	179
445	247	143	180
453	249	124	180
452	247	118	179
448	250	124	176
448	247	122	188
447	243	135	190
445	246	146	194
441	248	148	206
439	251	152	210
439	249	155	214
444	248	157	223
456	248	113	221
444	245	125	224
431	251	137	214
426	252	144	208
419	254	147	203
413	252	155	201
407	252	163	195
408	253	157	189
406	258	165	175
399	262	174	161
400	269	174	144
399	274	175	125
397	277	184	138
394	277	183	138
391	276	181	133
389	279	179	128
392	269	174	138
390	263	171	141
393	252	168	154
402	250	155	147
411	252	139	136
415	249	133	130
414	258	125	154
418	247	118	157
409	252	124	176
405	250	124	176
398	253	129	174
392	253	138	176
386	247	147	192
389	247	140	188
381	246	153	185
377	245	159	185
367	245	169	179
357	248	179	177
354	251	182	175
350	245	190	186
349	246	186	177
345	248	192	176
347	249	196	180
345	252	196	171
340	249	202	169
343	250	205	175
340	249	203	177
338	247	207	178
334	255	210	172
333	258	215	164
329	252	218	173
325	260	215	159
324	265	216	145
323	263	206	145
326	264	201	142
331	262	196	137
328	250	198	149
327	248	198	150
337	240	185	161
333	238	191	155
333	238	197	150
333	238	200	157
337	238	197	167
340	244	185	170
336	236	185	183
329	239	191	185
342	237	177	184
332	239	188	175
339	238	172	186
334	237	169	181
353	238	139	169
341	239	151	165
345	239	146	168
352	231	135	173
344	229	144	170
353	232	129	191
345	228	134	206
339	229	142	207
338	232	146	209
339	229	143	213
339	230	144	212
338	231	151	208
346	230	148	206
353	243	143	195
363	248	115	195
362	253	124	183
360	253	124	175
362	259	147	157
362	265	151	152
361	264	150	148
365	262	147	147
371	263	143	141
384	264	118	142
380	260	127	143
383	264	126	133
385	269	130	132
390	260	128	128
389	262	141	125
390	260	143	126
393	258	139	126
395	247	132	134
392	241	136	136
397	237	138	144
396	234	149	147
403	225	157	156
403	212	168	173
401	217	174	168
395	206	193	183
403	203	187	187
414	194	181	189
415	200	192	185
408	173	200	208
421	175	193	203
428	206	184	174
432	234	175	142
439	247	169	128
443	235	190	123
447	255	197	110
453	228	197	123
462	244	189	115
469	243	197	129
475	241	200	123
478	226	204	141
482	232	209	128
480	234	216	125
481	224	216	146
482	222	218	132
480	210	220	145
484	207	216	153
484	197	215	164
483	184	215	170
483	179	210	166
492	172	199	168
491	172	186	169
494	161	183	178
499	157	175	182
497	152	168	179
493	150	165	187
495	143	153	203
500	138	137	213
503	132	138	215
502	140	136	208
501	133	145	209
496	127	145	213
483	132	157	203
483	137	157	194
460	135	183	194
467	136	170	183
450	144	171	164
452	147	167	164
429	156	184	148
414	152	200	155
409	152	188	149
408	165	189	139
400	176	190	137
398	183	196	131
397	195	202	132
398	211	205	130
396	230	210	130
395	243	218	132
398	248	216	147
399	260	220	163
401	255	227	207
401	258	230	208
403	255	222	207
402	250	225	215
407	249	216	215
412	246	200	210
425	240	182	219
433	252	180	205
441	244	177	217
446	246	171	215
452	247	171	214
462	245	154	222
469	247	156	215
477	248	140	219
476	248	145	225
466	250	150	224
461	248	146	222
445	241	155	225
428	239	171	223
423	228	160	213
409	219	170	211
401	211	158	208
391	208	158	216
392	206	140	221
364	212	173	202
349	203	182	220
335	210	193	192
327	206	198	193
321	199	197	206
331	196	193	204
333	199	180	188
332	209	182	177
335	216	183	168
329	217	184	173
331	215	187	173
327	211	186	173
330	205	179	163
328	199	173	172
319	199	185	174
330	199	174	172
335	195	172	174
338	194	164	169
341	191	163	171
345	188	158	168
348	177	151	178
353	175	147	177
356	178	145	175
351	173	156	185
337	176	174	175
331	176	184	189
345	169	172	194
334	170	183	197
332	172	189	195
333	171	192	195
334	173	186	195
332	174	191	197
332	180	191	191
325	175	203	198
333	172	196	205
328	186	203	191
319	195	215	183
326	194	214	194
326	209	217	173
322	207	221	177
325	209	224	170
325	205	222	176
330	200	217	179
328	209	219	162
325	210	224	156
324	211	229	154
331	214	222	152
335	220	216	147
333	212	217	158
338	212	216	151
339	210	204	152
339	212	207	133
334	211	208	130
337	211	205	129
334	210	207	137
339	209	201	134
335	215	210	137
334	215	207	134
340	219	201	139
339	220	198	140
345	224	193	124
354	226	181	106
347	238	187	121
355	225	185	117
358	230	182	136
353	228	193	127
350	228	202	114
352	238	203	131
349	222	204	144
351	214	213	153
348	200	223	163
350	190	230	168
343	172	246	185
339	172	257	181
336	164	259	192
330	161	273	196
296	163	300	200
286	165	322	192
258	164	350	194
246	155	365	220
246	155	355	212
241	160	375	201
235	162	385	187
226	164	395	165
236	165	386	163
239	164	382	171
243	165	371	163
242	166	378	166
235	167	381	165
234	169	384	151
235	169	376	161
232	169	385	156
237	163	375	171
234	167	385	159
231	168	388	159
233	167	381	161
237	164	371	168
230	169	382	166
230	166	390	175
232	166	383	171
230	169	388	169
239	198	371	205
232	158	367	211
221	161	399	176
232	165	384	191
233	160	364	226
239	157	353	224
240	151	334	239
235	152	332	241
229	156	365	242
234	148	357	253
232	156	362	244
229	151	362	250
243	160	351	232
225	151	357	248
229	152	357	245
232	151	349	242
224	145	355	266
229	153	347	246
227	149	350	266
225	150	357	266
223	148	351	273
222	149	358	268
224	148	357	253
220	157	371	229
219	162	375	195
220	170	395	152
222	183	390	191
223	163	383	170
229	187	359	199
222	169	383	159
229	181	382	202
219	160	392	210
208	168	405	164
210	195	410	194
224	171	393	172
224	168	396	181
221	166	387	184
222	168	399	183
225	161	393	196
224	165	396	195
222	164	406	204
223	165	398	209
224	159	389	236
220	163	397	238
228	160	381	246
226	157	387	249
223	159	390	257
215	153	400	256
213	158	402	252
221	154	385	240
222	156	379	257
218	147	388	240
221	160	382	230
211	156	395	248
211	149	394	242
215	163	399	184
217	161	410	182
213	163	415	160
224	160	401	174
219	159	407	174
220	162	403	156
218	163	422	168
220	164	410	166
222	160	401	173
225	160	394	178
221	164	393	176
224	163	395	178
221	160	396	185
218	162	407	171
227	162	395	188
225	166	410	160
227	162	395	142
218	213	395	163
226	171	401	211
212	155	413	235
228	156	398	228
223	156	404	205
228	162	400	155
210	210	435	188
221	173	400	226
233	151	382	240
219	156	391	264
217	144	390	270
219	148	386	275
221	144	393	270
234	153	379	216
224	158	400	212
228	161	392	180
228	160	395	170
232	163	392	163
233	166	386	157
226	164	397	158
231	157	388	169
232	155	389	175
227	158	397	156
222	187	404	202
218	156	390	220
232	158	377	187
227	160	386	176
224	163	387	179
223	163	394	187
221	160	385	197
231	156	371	200
227	164	383	189
219	160	392	194
232	157	366	206
235	158	373	203
241	158	361	211
242	157	372	205
245	155	376	210
249	160	373	192
251	161	378	184
256	160	376	181
259	163	379	172
262	169	386	162
267	165	382	166
275	165	373	172
274	162	381	179
273	163	395	181
293	162	381	201
299	166	388	193
307	159	388	205
321	163	384	208
313	163	392	204
312	151	399	224
330	140	385	232
320	152	397	224
331	138	392	234
333	144	385	236
321	140	414	243
318	155	411	226
307	144	427	238
299	150	448	232
402	134	369	254
363	147	378	247
328	148	402	246
304	171	415	219
288	156	446	232
338	149	403	256
294	162	443	228
351	151	400	247
306	153	427	248
299	153	432	260
307	152	420	259
321	167	389	241
319	165	388	239
326	154	372	265
329	163	364	246
335	171	344	231
333	177	328	215
325	174	321	215
315	173	314	216
305	164	308	226
286	163	311	226
273	161	321	228
271	156	316	225
275	163	301	212
268	176	295	185
272	175	289	183
275	175	287	191
276	176	282	207
281	152	286	207
280	179	290	181
281	203	281	157
318	203	252	155
358	205	219	150
387	200	193	152
399	200	171	161
413	205	154	153
412	207	153	144
417	208	148	141
419	207	138	142
424	206	128	135
429	206	117	136
429	207	114	136
427	207	116	130
425	206	116	129
432	205	109	125
436	204	101	129
444	207	91	123
447	206	87	116
448	205	88	110
460	207	74	103
464	206	72	101
468	206	69	101
472	208	66	100
480	205	59	97
475	202	71	99
468	203	83	97
476	200	78	93
479	197	79	88
475	193	82	88
476	189	81	87
476	185	80	88
470	182	86	91
472	184	84	86
478	184	76	84
476	186	80	85
476	188	80	85
479	191	79	83
481	192	76	80
481	195	75	79
481	193	76	80
483	196	73	77
480	193	73	82
479	194	74	79
480	193	70	78
478	196	72	77
478	195	71	77
477	198	72	76
478	198	72	75
481	201	69	74
482	202	66	73
483	205	64	75
481	206	65	74
479	207	62	75
476	207	61	76
472	212	64	75
473	212	61	69
472	214	60	70
469	215	61	70
467	218	61	69
468	220	57	67
469	220	50	71
470	226	48	66
471	228	47	67
471	229	49	68
478	233	47	65
480	227	51	68
485	228	46	70
488	226	47	70
490	222	45	70
487	221	47	68
490	220	44	67
490	219	45	67
493	218	42	67
494	215	42	67
493	216	43	68
491	216	43	65
491	218	42	62
489	220	45	65
490	222	44	66
494	226	41	66
496	228	38	64
496	228	39	66
497	228	37	64
498	227	36	63
498	227	34	52
499	229	33	45
497	227	38	46
499	228	37	48
498	231	43	49
498	236	45	47
499	239	47	47
499	241	48	47
501	243	47	45
499	245	47	42
498	245	48	44
497	247	50	44
499	246	48	43
498	248	49	41
499	250	48	40
497	252	50	40
485	253	55	40
480	253	67	43
475	252	72	46
473	252	75	46
474	252	74	49
471	248	76	54
473	245	71	60
474	244	69	60
469	239	72	65
468	239	72	65
472	238	69	64
468	236	72	68
469	236	73	66
465	233	74	68
463	234	76	69
463	231	76	71
464	231	72	71
462	228	76	80
454	233	82	74
459	231	81	73
458	229	78	78
458	228	77	82
459	226	75	81
458	229	76	81
457	227	78	83
458	229	75	81
459	228	73	89
464	229	67	88
456	226	76	99
469	231	61	90
462	232	67	84
461	232	68	86
462	232	66	85
462	233	66	81
463	233	66	81
464	232	64	82
469	232	56	82
468	232	56	82
471	231	56	81
469	232	55	78
470	233	56	77
469	233	57	75
469	234	59	76
470	234	61	72
469	234	62	69
469	234	63	72
472	234	63	71
470	235	65	65
469	236	68	64
466	236	71	62
467	236	72	61
465	235	74	60
465	235	77	60
465	236	80	56
463	239	84	58
463	241	83	50
464	243	83	45
463	246	82	44
462	245	83	46
459	246	84	46
458	247	85	46
459	246	78	47
457	245	79	49
457	243	77	51
455	243	77	51
456	242	75	51
455	243	76	50
454	241	76	51
453	241	78	51
454	242	76	49
454	242	74	52
455	243	72	51
454	244	73	52
455	247	73	50
456	247	72	50
456	248	73	51
456	249	74	52
456	251	74	51
459	255	70	47
459	254	69	49
459	250	71	55
461	256	67	47
463	253	67	50
460	253	70	54
453	256	73	51
457	256	75	52
453	253	76	56
448	255	75	54
449	253	79	57
448	254	79	52
450	254	74	52
452	252	75	52
452	254	71	49
454	250	75	54
452	250	75	52
453	248	75	53
456	248	74	52
454	246	73	52
456	245	71	52
457	244	70	53
453	244	71	51
457	242	71	52
457	237	69	53
455	233	71	55
458	231	68	54
461	226	64	55
466	221	59	58
466	219	58	52
463	218	61	56
464	216	57	57
465	213	56	58
464	210	56	57
465	209	55	56
463	208	56	58
465	211	56	60
464	211	55	55
465	212	54	51
467	219	51	41
458	216	51	46
462	214	48	51
467	211	49	55
472	213	45	55
459	214	57	53
460	216	56	50
462	215	55	50
468	215	48	49
468	213	46	53
452	214	56	54
452	215	63	49
445	216	71	47
440	218	76	34
458	229	68	43
464	226	54	48
466	223	51	49
472	220	45	51
474	221	43	51
476	223	41	42
470	231	46	45
467	226	51	52
459	222	58	57
453	224	64	55
447	225	71	56
448	225	71	57
453	229	67	53
456	230	65	51
454	230	69	51
451	230	72	51
450	231	75	48
446	233	78	45
439	235	86	43
435	238	92	37
437	247	86	41
434	243	91	43
429	244	96	40
433	243	93	38
432	243	92	42
433	243	92	42
432	242	93	48
431	244	94	40
432	244	89	41
430	244	93	42
425	243	98	45
422	243	101	49
411	242	110	59
407	243	115	58
407	241	118	61
405	243	116	56
411	243	112	56
406	241	109	58
429	237	92	62
432	237	85	62
436	238	80	61
439	240	79	60
441	241	75	56
439	242	77	57
438	243	76	55
439	243	75	56
438	246	75	54
436	247	74	53
437	247	74	54
435	248	73	52
439	247	68	51
439	249	68	50
438	248	68	49
438	246	67	49
431	245	74	50
431	246	74	49
434	246	73	49
434	244	69	52
433	244	71	50
433	244	71	50
432	243	74	51
431	242	71	53
431	242	73	51
435	240	66	53
434	239	68	54
437	239	65	52
440	238	63	50
444	237	56	52
447	238	54	53
448	236	52	53
450	236	49	55
452	234	44	56
457	235	36	52
458	233	35	53
460	231	34	53
463	228	34	54
461	227	32	54
463	224	35	57
462	224	33	55
460	225	34	53
460	229	33	53
458	231	35	55
460	229	36	56
460	228	36	57
462	229	36	56
463	227	35	59
464	231	35	55
466	233	34	54
455	231	43	57
454	232	48	53
449	232	56	51
441	231	66	53
439	229	69	50
439	231	69	50
434	229	75	48
429	230	81	50
427	228	80	50
424	227	71	48
423	225	66	50
424	228	65	44
421	225	70	46
420	225	71	44
420	225	70	41
420	221	72	46
421	217	72	50
418	217	72	48
417	219	74	44
416	215	76	51
416	212	78	58
415	212	79	55
418	212	78	53
416	214	78	50
417	211	78	53
421	212	74	53
419	210	76	58
418	215	77	52
422	213	73	55
423	212	73	57
423	212	73	57
425	211	71	59
425	214	67	54
432	210	65	60
437	212	63	55
439	212	58	53
442	210	54	54
445	211	49	53
447	211	45	53
448	210	43	53
450	211	42	54
450	209	44	55
450	206	46	56
447	208	51	52
448	210	52	52
447	212	53	50
444	214	58	51
446	215	60	52
443	218	67	48
446	216	68	51
445	222	69	47
445	221	71	50
443	224	75	48
438	226	80	49
438	226	82	48
438	228	80	47
436	230	71	45
437	226	63	50
435	225	66	49
434	226	68	49
433	224	72	49
432	224	70	50
432	221	74	51
429	221	75	52
427	219	76	55
425	218	75	55
426	218	80	56
427	218	76	56
426	220	78	58
428	221	76	57
425	222	78	57
428	220	78	60
426	220	79	59
424	220	79	62
425	221	80	62
426	223	79	57
426	220	79	59
426	217	80	60
427	218	80	59
425	218	81	59
426	218	81	57
424	220	83	57
422	223	86	54
421	224	88	52
425	223	89	56
426	227	88	54
427	231	92	52
431	231	89	52
432	235	92	48
434	236	94	47
430	239	102	46
430	242	102	41
430	245	102	38
430	247	99	34
419	250	112	30
414	244	112	36
401	243	124	35
397	240	126	37
396	238	127	36
392	234	131	38
387	232	135	37
384	229	136	36
395	216	129	43
380	216	133	48
404	196	110	60
405	186	104	72
407	175	94	80
406	169	79	83
406	163	68	82
406	163	52	79
405	161	63	85
412	162	62	87
417	165	62	89
421	167	68	92
422	167	71	94
428	174	75	91
432	179	83	90
437	179	90	95
446	183	86	94
456	186	80	100
463	189	78	100
471	188	76	102
477	192	75	101
482	198	77	94
487	203	74	93
486	205	79	94
484	206	89	95
484	209	91	96
483	211	92	95
488	214	92	94
488	220	92	90
487	226	95	91
484	236	107	91
483	247	111	90
480	258	120	83
485	267	114	75
456	278	106	69
487	284	112	58
469	292	113	55
483	305	93	49
489	303	90	59
487	311	89	61
485	308	92	71
477	304	100	76
470	301	102	73
471	302	101	72
470	303	99	70
468	316	97	54
464	314	100	57
467	294	110	61
465	289	119	67
465	280	117	69
463	273	127	71
439	270	153	83
447	262	143	93
436	261	137	98
434	259	130	122
427	260	134	125
418	256	135	132
414	263	130	127
405	272	139	116
401	268	143	116
397	273	139	113
396	277	142	99
392	280	143	93
395	285	147	84
392	284	159	81
391	281	167	77
391	281	171	74
393	277	176	77
396	277	173	76
397	279	173	71
402	275	167	77
403	273	172	78
410	260	165	91
405	252	172	107
415	242	160	112
387	240	177	119
395	234	175	125
382	230	188	129
377	246	183	132
373	233	195	148
369	232	200	162
362	234	209	173
370	239	184	188
357	245	204	201
357	249	209	211
345	259	224	224
340	280	226	216
331	302	229	218
304	321	233	208
235	179	260	241
214	162	306	276
192	152	318	321
180	136	308	372
164	149	307	384
159	131	302	415
142	113	316	428
126	135	311	407
116	87	315	454
85	121	331	414
97	143	320	403
49	95	359	431
51	126	351	386
63	138	319	307
248	265	306	245
11	141	317	245
240	8	259	197
68	184	273	260
71	163	282	305
57	133	325	367
46	128	332	377
53	127	333	382
52	134	330	369
65	138	324	377
63	142	331	379
61	155	332	360
102	160	286	365
108	158	278	377
113	168	292	362
124	172	286	358
134	198	283	344
132	223	259	320
142	188	283	309
115	221	274	320
196	179	326	291
152	175	391	310
135	176	428	323
105	172	476	350
71	166	519	350
65	125	537	407
25	121	601	409
35	129	629	389
13	143	665	399
4	124	671	404
2	132	684	407
0	150	691	394
3	166	676	401
2	142	656	397
30	136	593	418
32	165	522	385
12	166	444	388
3	179	376	364
316	205	388	322
323	272	388	257
304	298	405	229
323	311	380	194
307	327	375	142
303	322	400	158
288	318	429	176
305	325	396	149
300	324	408	157
299	321	417	164
285	321	427	167
284	322	427	160
288	322	414	149
309	320	399	165
305	318	407	173
302	320	414	173
310	314	393	175
306	322	395	162
309	322	393	162
308	321	401	157
312	324	393	154
319	323	377	157
316	323	390	159
