0.412579
0.037386
0.037350
0.037360
0.037346
0.037602
0.037460
0.037411
0.037422
0.037291
0.037303
0.037630
0.037200
0.037279
0.037129
0.037242
0.037336
0.037420
0.037307
0.037352
0.066290
0.038455
0.038387
0.038240
0.038366
0.038288
0.038252
0.038021
0.038270
0.038317
0.038280
0.038196
0.038377
0.038404
0.038528
0.038122
0.038516
0.038498
0.038327
0.038526
0.072321
0.038452
0.038407
0.038636
0.038271
0.038294
0.038234
0.038527
0.038630
0.038891
0.036953
0.036799
0.036867
0.036775
0.037219
0.037363
0.037572
0.037557
0.037397
0.037411
0.070939
0.037514
0.036891
0.036879
0.036804
0.036852
0.036891
0.036782
0.036741
0.036880
0.036795
0.036767
0.036914
0.036875
0.036818
0.036821
0.036990
0.036844
0.036770
0.036755
0.070248
0.036675
0.037189
0.036733
0.037096
0.037198
0.036931
0.037234
0.037472
0.037468
0.037558
0.037430
0.037648
0.037517
0.037464
0.037516
0.037510
0.037534
0.037793
0.038688
0.072951
0.038530
0.038845
0.038464
0.038421
0.038330
0.038243
0.038292
0.038944
0.038392
0.038431
0.038424
0.038450
0.038859
0.038877
0.038781
0.038195
0.038421
0.038501
0.038486
0.072734
0.039919
0.037302
0.037526
0.037528
0.037418
0.037971
0.039413
0.037328
0.037775
0.037921
0.037943
0.037773
0.037895
0.037772
0.037752
0.037597
0.037892
0.037755
0.037663
0.071258
0.037847
0.037775
0.037740
0.038633
0.042409
0.043937
0.041264
0.043234
0.043523
0.040094
0.042543
0.042707
0.040958
0.039827
0.041734
0.038566
0.041944
0.039534
0.040351
0.075020
0.038637
0.039904
0.039879
0.041206
0.040895
0.043381
0.039093
0.040171
0.041085
0.040738
0.041464
0.043376
0.042434
0.043972
0.042177
0.044446
0.039876
0.041751
0.043577
0.075907
0.039576
0.040934
0.041121
0.041687
0.041309
0.042030
0.046836
0.041404
0.045545
0.041503
0.041494
0.045021
0.047445
0.045364
0.043303
0.043128
0.039340
0.040680
0.044575
0.077325
0.044780
0.039258
0.042908
0.043790
0.050099
0.048348
0.047066
0.049083
0.046907
0.043753
0.049053
0.048501
0.041061
0.042128
0.043867
0.041926
0.041941
0.060688
0.044556
0.061985
0.040135
0.041797
0.041512
0.046439
0.046799
0.047667
0.045596
0.043205
0.048498
0.047033
0.042092
0.042390
0.042362
0.047589
0.045015
0.045178
0.050411
0.043234
0.045236
0.074417
0.039333
0.039313
0.042735
0.039199
0.039152
0.039296
0.039320
0.039730
0.039191
0.039428
0.041329
0.041026
0.043773
0.039264
0.039246
0.041054
0.043080
0.041687
0.042048
0.076172
0.042467
0.039329
0.044401
0.041764
0.040272
0.043931
0.043266
0.049188
0.040420
0.043907
0.044756
0.044605
0.040574
0.040565
0.045472
0.039275
0.041293
0.041574
0.041766
0.078236
0.039225
0.041277
0.045622
0.045346
0.045172
0.049743
0.047551
0.043947
0.046135
0.044517
0.044761
0.050021
0.046608
0.050686
0.041029
0.050815
0.049110
0.044806
0.045598
0.078976
0.039624
0.039473
0.039546
0.039571
0.039421
0.039381
0.039091
0.039261
0.039125
0.039488
0.039110
0.039169
0.039114
0.039250
0.039168
0.039161
0.039050
0.039149
0.039119
0.072900
0.039674
0.039493
0.039529
0.039550
0.039524
0.039346
0.039347
0.039427
0.039300
0.039428
0.040070
0.048326
0.044766
0.039337
0.054726
0.048728
0.038837
0.038956
0.039117
0.072244
0.039852
0.047495
0.046409
0.041946
0.040185
0.037853
0.037831
0.037707
0.037619
0.037575
0.037529
0.037721
0.037570
0.037776
0.038173
0.038058
0.038030
0.038217
0.037992
0.071842
0.038055
0.038170
0.037971
0.037876
0.038093
0.038123
0.038066
0.038031
0.038302
0.038501
0.038397
0.038528
0.038314
0.038359
0.038278
0.038424
0.038215
0.038306
0.038173
0.071743
0.038205
0.038133
0.038147
0.037928
0.038158
0.038035
0.038227
0.038031
0.038281
0.038038
0.038115
0.038074
0.038135
0.038131
0.038172
0.038129
0.038184
0.038191
0.038166
0.071711
0.037904
0.038266
0.038021
0.037953
0.037885
0.038211
0.038323
0.038111
0.037851
0.038164
0.037989
0.037942
0.037859
0.055259
0.055500
0.037688
0.037780
0.055491
0.055339
0.055419
0.036715
0.055536
0.037722
0.037595
0.055326
0.037686
0.037607
0.037757
0.037877
0.038157
0.037954
0.038061
0.038259
0.038162
0.038307
0.038268
0.038342
0.038305
0.037722
0.072381
0.037576
0.037702
0.037735
0.037681
0.037673
0.037689
0.038113
0.038231
0.038206
0.038153
0.038947
0.039438
0.037697
0.037683
0.037632
0.037673
0.037669
0.038344
0.038162
0.071745
0.038261
0.038227
0.038971
0.042453
0.039496
0.045670
0.043831
0.039215
0.045318
0.039177
0.044497
0.039271
0.044882
0.042524
0.039364
0.044364
0.042540
0.039327
0.045384
0.077513
0.040621
0.042352
0.044027
0.044718
0.039212
0.042456
0.042021
0.040807
0.039356
0.042150
0.041118
0.039520
0.046278
0.044321
0.039263
0.044107
0.044417
0.039258
0.045406
0.079844
0.039229
0.042940
0.041937
0.040628
0.042722
0.045709
0.042653
0.042069
0.040649
0.043600
0.042102
0.039305
0.039273
0.039539
0.039294
0.039355
0.042171
0.041650
0.045772
0.076068
0.039371
0.041876
0.045022
0.042410
0.040807
0.039306
0.046043
0.045521
0.044136
0.039439
0.042742
0.042844
0.039539
0.041940
0.039032
0.044846
0.042516
0.042244
0.040336
0.073702
0.039005
0.041267
0.040992
0.040547
0.044954
0.038296
0.038203
0.038096
0.038243
0.038778
0.044184
0.039228
0.039460
0.044249
0.044973
0.039995
0.039681
0.042210
0.037584
0.072004
0.037919
0.037580
0.037638
0.037695
0.037625
0.037718
0.038180
0.037496
0.037642
0.037740
0.037694
0.037443
0.037579
0.037629
0.037568
0.037570
0.037711
0.037850
0.037713
0.071297
0.037795
0.037766
0.037856
0.037760
0.038052
0.038071
0.038334
0.038301
0.038343
0.038409
0.038553
0.038514
0.038431
0.038755
0.038706
0.038736
0.038623
0.038644
0.038840
0.072214
0.038945
0.038695
0.038598
0.038409
0.038406
0.038307
0.038378
0.038255
0.038374
0.038285
0.038095
0.038215
0.037987
0.038025
0.037879
0.037821
0.037909
0.037877
0.037744
0.070911
0.037501
0.037613
0.037659
0.037403
0.036618
0.055078
0.037432
0.037333
0.037268
0.037175
0.037132
0.037249
0.037332
0.038738
0.039323
0.039350
0.040124
0.044698
0.043555
0.071762
0.037471
0.037552
0.037556
0.038297
0.038059
0.037968
0.038113
0.038115
0.037949
0.038158
0.038119
0.038229
0.038019
0.037975
0.038974
0.038025
0.038060
0.038017
0.037903
0.071663
0.038135
0.037912
0.037979
0.037931
0.037896
0.037908
0.037997
0.037916
0.037876
0.038214
0.037971
0.037973
0.038072
0.038100
0.037979
0.037932
0.037944
0.038009
0.038253
0.071782
0.037989
0.036640
0.038099
0.038335
0.039028
0.043656
0.041837
0.037529
0.037505
0.037594
0.037476
0.037221
0.037376
0.037334
0.037372
0.037352
0.037458
0.037308
0.037318
0.071066
0.037465
0.037425
0.037350
0.037402
0.037392
0.037488
0.037291
0.037497
0.037519
0.037448
0.037478
0.037522
0.037843
0.038181
0.038086
0.038110
0.038320
0.038225
0.038454
0.072007
0.038457
0.038547
0.039159
0.039503
0.039818
0.041003
0.048440
0.048806
0.046956
0.043124
0.044309
0.041181
0.043140
0.040308
0.040860
0.040380
0.040290
0.040046
0.040043
0.073724
0.039899
0.040012
0.040010
0.040087
0.040043
0.039957
0.039944
0.041013
0.050991
0.049731
0.046044
0.044198
0.047657
0.040051
0.039880
0.040036
0.040079
0.040779
0.050389
0.084748
0.041307
0.044747
0.050235
0.050151
0.040843
0.042328
0.048916
0.041550
0.040938
0.043134
0.041305
0.050800
0.046013
0.045129
0.040736
0.052564
0.042249
0.037877
0.037833
0.071438
0.037980
0.038008
0.038038
0.038164
0.038079
0.038146
0.038391
0.037734
0.038418
0.038285
0.038095
0.037812
0.037930
0.038895
0.037833
0.037109
0.037082
0.037170
0.037846
0.071532
0.037830
0.037109
0.037966
0.038061
0.037289
0.037314
0.037261
0.037321
0.037398
0.037631
0.037266
0.037242
0.037235
0.037132
0.038067
0.037104
0.037165
0.037155
0.037123
0.070386
0.037136
0.037740
0.038028
0.041187
0.044025
0.038102
0.038229
0.038133
0.038147
0.038324
0.038083
0.038021
0.038146
0.038054
0.038152
0.038030
0.038261
0.038065
0.038058
0.071017
0.037644
0.037691
0.037672
0.037805
0.038107
0.039114
0.042140
0.044023
0.038695
0.045708
0.043659
0.041678
0.043936
0.043668
0.045508
0.037712
0.037923
0.038220
0.039193
0.080002
0.038825
0.045822
0.041400
0.040300
0.038813
0.042200
0.045229
0.045851
0.038233
0.038154
0.037782
0.037803
0.055435
0.056259
0.037981
0.037980
0.058158
0.038595
0.037674
0.055707
0.055700
0.037971
0.038046
0.038963
0.044570
0.037743
0.055474
0.037857
0.055839
0.037747
0.037926
0.037746
0.056381
0.060528
0.044051
0.039275
0.044278
0.044080
0.039376
0.073207
0.039361
0.039813
0.044449
0.047035
0.039517
0.043093
0.042656
0.059270
0.039234
0.039310
0.038704
0.043784
0.042799
0.045326
0.042550
0.051696
0.053272
0.040366
0.040272
0.073959
0.040899
0.046213
0.046558
0.067061
0.058239
0.057852
0.064576
0.039720
0.062032
0.049218
0.038534
0.039267
0.045166
0.042845
0.046031
0.040638
0.039629
0.043462
0.039593
0.075355
0.039629
0.045622
0.039542
0.044983
0.045955
0.039393
0.039844
0.039648
0.065950
0.039112
0.038743
0.039375
0.039546
0.038048
0.056389
0.038427
0.055881
0.056093
0.039112
0.071965
0.038657
0.038533
0.038363
0.038191
0.037988
0.055687
0.037817
0.037820
0.055675
0.038004
0.055613
0.036989
0.037816
0.037206
0.055557
0.037607
0.037742
0.055351
0.055832
0.055558
0.055881
0.037985
0.037830
0.037721
0.037669
0.037818
0.055449
0.037599
0.055605
0.037835
0.037606
0.037555
0.037637
0.037690
0.037677
0.037594
0.036682
0.055096
0.055110
0.070996
0.036819
0.036859
0.036845
0.037117
0.036951
0.036985
0.036926
0.036995
0.037011
0.037104
0.037072
0.037042
0.036934
0.037060
0.054826
0.037036
0.037049
0.036925
0.037064
0.070450
0.036970
0.036775
0.054619
0.036928
0.037050
0.036863
0.036866
0.037040
0.036785
0.054433
0.037258
0.039082
0.037612
0.036683
0.036690
0.055288
0.037577
0.037535
0.037512
0.072523
0.038800
0.043189
0.042742
0.040994
0.040049
0.043219
0.043478
0.042009
0.043045
0.043127
0.040401
0.043419
0.040554
0.042983
0.040685
0.041622
0.043409
0.039262
0.041999
0.075266
0.039161
0.040729
0.044124
0.038332
0.038378
0.038428
0.038311
0.039154
0.040568
0.039384
0.039214
0.039928
0.041030
0.040227
0.043061
0.039315
0.043110
0.039183
0.041592
0.074374
0.042104
0.041422
0.040268
0.042656
0.039040
0.042588
0.042222
0.042866
0.042837
0.043423
0.039698
0.039133
0.039078
0.037968
0.037801
0.037736
0.037059
