1.00
1.06
0.97
1.01
0.97
0.95
0.95
0.97
1.00
0.98
1.00
1.00
1.03
1.00
0.97
0.96
0.94
0.93
0.95
0.93
0.90
0.90
0.85
0.87
0.86
0.82
0.79
0.77
0.79
0.76
0.72
0.76
0.75
0.74
0.77
0.74
0.74
0.76
0.77
0.81
0.81
0.86
0.86
0.85
0.86
0.84
0.84
0.84
0.83
0.84
0.82
0.82
0.82
0.82
0.83
0.83
0.84
0.82
0.83
0.84
0.83
0.87
0.85
0.88
0.85
0.84
0.83
0.82
0.80
0.79
0.79
0.76
0.76
0.71
0.73
0.68
0.64
0.66
0.65
0.65
0.75
0.79
0.82
0.89
0.86
0.76
0.85
0.82
0.77
0.80
0.78
0.80
0.81
0.80
0.77
0.75
0.77
0.76
0.70
0.70
0.72
0.87
0.88
0.92
0.90
0.90
0.87
0.87
0.86
0.86
0.84
0.87
0.83
0.84
0.80
0.75
0.76
0.74
0.81
0.79
0.80
0.94
0.92
0.83
0.73
0.73
0.73
0.74
0.78
0.85
0.81
0.85
0.84
0.80
0.83
0.81
0.79
0.81
0.80
0.78
0.77
0.86
0.86
0.86
0.86
0.83
0.85
0.84
0.88
0.88
0.84
0.87
0.88
0.86
0.79
0.82
0.79
0.78
0.84
0.77
0.81
0.87
0.88
0.85
0.84
0.80
0.80
0.80
0.63
0.76
0.78
0.78
0.78
0.74
0.71
0.71
0.69
0.74
0.72
0.68
0.69
0.85
0.83
0.79
0.85
0.79
0.85
0.83
0.79
0.77
0.74
0.74
0.68
0.70
0.63
0.58
0.56
0.59
0.57
0.60
0.59
0.83
0.85
0.80
0.81
0.79
0.80
0.77
0.79
0.76
0.75
0.78
0.75
0.76
0.74
0.72
0.70
0.70
0.65
0.65
0.67
0.76
0.74
0.73
0.69
0.72
0.69
0.69
0.64
0.61
0.56
0.55
0.52
0.55
0.59
0.58
0.55
0.54
0.55
0.55
0.57
0.78
0.85
0.83
0.82
0.79
0.82
0.83
0.77
0.71
0.66
0.70
0.67
0.69
0.67
0.74
0.73
0.69
0.69
0.71
0.68
0.91
0.84
0.89
0.89
0.86
0.79
0.70
0.56
0.49
0.54
0.55
0.60
0.58
0.56
0.53
0.56
0.58
0.52
0.54
0.56
0.78
0.76
0.74
0.70
0.77
0.76
0.74
0.67
0.77
0.65
0.69
0.70
0.66
0.71
0.70
0.57
0.63
0.67
0.66
0.66
0.78
0.84
0.72
0.77
0.85
0.72
0.82
0.74
0.78
0.72
0.71
0.71
0.69
0.71
0.68
0.65
0.64
0.63
0.57
0.55
0.69
0.70
0.69
0.69
0.67
0.67
0.70
0.72
0.67
0.70
0.71
0.67
0.69
0.70
0.68
0.67
0.69
0.73
0.71
0.70
0.89
0.87
0.87
0.87
0.84
0.83
0.83
0.84
0.85
0.90
0.85
0.90
0.89
0.82
0.85
0.80
0.81
0.79
0.79
0.75
0.81
0.80
0.82
0.76
0.79
0.77
0.76
0.73
0.72
0.68
0.66
0.70
0.70
0.66
0.64
0.69
0.68
0.63
0.61
0.60
0.73
0.75
0.75
0.77
0.76
0.80
0.81
0.84
0.88
0.86
0.88
0.92
0.93
0.92
0.97
0.96
1.00
0.99
1.00
1.01
1.07
1.07
1.08
1.09
1.04
1.04
1.03
1.01
1.05
1.07
1.05
1.08
1.08
1.08
1.09
1.16
1.16
1.16
1.16
1.13
1.15
1.14
1.02
1.00
1.01
1.01
1.00
0.99
0.96
0.95
0.83
0.83
0.84
0.79
0.80
0.75
0.72
0.70
0.69
0.63
0.73
0.73
0.69
0.69
0.68
0.63
0.60
0.63
0.54
0.66
0.58
0.58
0.55
0.52
0.52
0.48
0.50
0.54
0.52
0.54
0.73
0.76
0.75
0.76
0.76
0.77
0.75
0.80
0.81
0.80
0.79
0.80
0.81
0.81
0.81
0.82
0.84
0.84
0.79
0.78
0.72
0.82
0.80
0.77
0.71
0.72
0.62
0.64
0.62
0.59
0.59
0.60
0.60
0.59
0.58
0.62
0.57
0.62
0.60
0.56
0.68
0.72
0.65
0.66
0.64
0.60
0.58
0.61
0.65
0.60
0.59
0.58
0.57
0.55
0.49
0.48
0.49
0.47
0.49
0.50
0.63
0.59
0.61
0.48
0.42
0.34
0.34
0.32
0.33
0.29
0.29
0.27
0.26
0.27
0.30
0.32
0.36
0.36
0.30
0.30
0.53
0.46
0.51
0.46
0.49
0.44
0.46
0.49
0.47
0.47
0.46
0.45
0.50
0.48
0.46
0.43
0.48
0.45
0.45
0.43
0.70
0.60
0.79
0.76
0.76
0.68
0.76
0.73
0.71
0.76
0.67
0.71
0.69
0.74
0.68
0.71
0.71
0.70
0.68
0.69
0.86
0.83
0.79
0.80
0.84
0.80
0.85
0.79
0.79
0.78
0.79
0.81
0.81
0.78
0.78
0.83
0.82
0.81
0.71
0.75
0.87
0.89
0.89
0.89
0.89
0.87
0.93
0.90
0.93
0.85
0.88
0.93
0.89
0.88
0.91
0.89
0.89
0.89
0.92
0.87
0.91
0.90
0.90
0.82
0.86
0.85
0.86
0.85
0.87
0.83
0.78
0.82
0.80
0.78
0.76
0.70
0.73
0.73
0.77
0.86
0.87
0.85
0.81
0.77
0.68
0.66
0.79
0.82
0.84
0.83
0.80
0.73
0.70
0.63
0.64
0.58
0.64
0.59
0.63
0.58
0.68
0.76
0.70
0.70
0.70
0.71
0.72
0.73
0.72
0.70
0.74
0.75
0.73
0.70
0.69
0.72
0.72
0.62
0.68
0.70
0.81
0.77
0.78
0.79
0.79
0.83
0.79
0.81
0.80
0.78
0.80
0.80
0.78
0.80
0.82
0.79
0.78
0.78
0.79
0.79
0.91
0.91
0.92
0.92
0.94
0.94
0.93
0.93
0.93
0.95
0.94
0.97
0.92
0.96
1.02
0.98
0.96
0.93
0.95
0.92
0.99
0.95
0.99
0.96
1.00
0.96
0.98
0.95
1.01
0.97
1.00
0.94
0.99
0.98
1.00
0.93
1.00
1.00
0.98
0.95
0.97
0.91
0.95
0.93
0.95
0.93
0.94
0.82
0.96
0.95
0.97
0.96
0.96
0.98
0.99
1.01
1.00
0.99
0.97
0.97
0.96
0.94
0.94
0.93
0.93
0.94
0.89
0.93
0.92
0.88
0.94
0.86
0.91
0.87
0.89
0.88
0.92
0.92
0.92
0.93
0.94
0.97
0.99
0.97
1.00
0.99
1.01
1.01
1.01
1.00
0.97
1.02
1.01
1.02
1.02
1.03
1.05
1.03
1.00
1.00
1.02
0.99
1.07
1.06
1.08
1.17
1.15
1.14
1.16
1.16
1.16
1.20
1.19
1.15
1.14
1.17
1.16
1.16
1.12
1.15
1.08
1.07
1.06
1.06
1.04
1.06
1.05
1.04
0.97
1.02
0.96
1.02
0.97
0.90
0.93
0.91
0.90
0.94
0.87
0.92
0.88
0.92
0.90
0.91
0.87
0.85
0.88
0.86
0.87
0.89
0.88
0.87
0.86
0.86
0.84
0.83
0.83
0.83
0.83
0.81
0.92
0.94
0.90
0.92
0.89
0.89
0.90
0.87
0.85
0.85
0.85
0.83
0.82
0.83
0.82
0.80
0.80
0.77
0.74
0.81
0.83
0.82
0.80
0.83
0.80
0.81
0.86
0.79
0.79
0.80
0.79
0.79
0.81
0.82
0.80
0.80
0.82
0.79
0.78
0.82
0.89
0.89
0.88
0.89
0.86
0.88
0.88
0.85
0.90
0.86
0.86
0.87
0.86
0.89
0.86
0.87
0.83
0.85
0.88
0.89
0.94
0.94
0.93
0.93
0.94
0.92
0.93
0.93
0.94
0.92
0.92
0.94
0.88
0.91
0.94
0.97
0.93
0.95
0.94
0.91
0.97
0.95
0.96
0.95
1.00
0.97
0.97
0.97
0.95
0.98
0.96
0.94
0.89
0.89
0.89
0.86
0.87
0.87
0.84
0.87
0.88
0.87
0.84
0.86
0.89
0.91
0.88
0.89
0.89
0.93
0.91
0.91
0.89
0.90
0.81
0.80
0.79
0.79
0.76
0.74
0.77
0.78
0.75
0.74
0.71
0.68
0.69
0.70
0.67
0.65
0.64
0.62
0.62
0.65
0.63
0.68
0.67
0.61
0.66
0.61
0.73
0.77
0.75
0.75
0.77
0.76
0.77
0.77
0.78
0.76
0.77
0.78
0.74
0.73
0.72
0.70
0.71
0.73
0.67
0.66
0.80
0.82
0.82
0.78
0.76
0.76
0.76
0.76
0.75
0.76
0.73
0.77
0.73
0.71
0.70
0.72
0.71
0.70
0.73
0.72
0.83
0.80
0.83
0.83
0.85
0.85
0.87
0.83
0.84
0.87
0.84
0.85
0.85
0.81
0.82
0.78
0.81
0.84
0.84
0.80
0.91
0.86
0.85
0.86
0.84
0.84
0.85
0.86
0.82
0.84
0.87
0.86
0.81
0.86
0.83
0.82
0.83
0.81
0.79
0.77
0.85
0.83
0.82
0.82
0.83
0.82
0.74
0.71
0.82
0.78
0.79
0.80
0.70
0.66
0.53
0.55
0.65
0.60
0.72
0.80
0.80
0.70
0.60
0.58
0.67
0.59
0.72
0.76
0.78
0.82
0.74
0.86
0.78
0.80
0.88
0.79
0.91
0.85
0.89
1.01
1.05
1.09
1.08
1.08
1.09
1.06
1.07
1.03
0.95
0.93
0.94
0.91
0.90
1.00
1.09
1.08
1.05
1.00
0.97
0.87
0.78
0.77
0.76
0.76
0.70
0.69
0.69
0.67
0.67
0.64
0.64
0.63
0.56
0.53
0.53
0.56
0.57
0.57
0.54
0.58
0.85
0.83
0.84
0.82
0.82
0.77
0.85
0.76
0.79
0.80
0.80
0.79
0.77
0.76
0.76
0.75
0.74
0.79
0.76
0.81
0.89
0.89
0.88
0.89
0.91
0.91
0.93
0.94
0.91
0.93
0.86
0.86
0.78
0.85
0.87
0.84
0.88
0.88
0.87
0.86
0.91
0.98
0.98
0.95
0.93
0.91
0.91
0.97
0.97
0.90
0.98
0.95
0.96
0.92
0.93
0.90
0.98
0.95
0.91
0.92
0.96
0.96
1.01
0.95
0.91
0.94
0.90
0.88
0.90
0.83
0.76
0.80
0.80
0.84
0.81
1.06
0.94
1.03
1.03
0.94
0.91
0.84
0.67
0.61
0.54
0.50
0.38
0.31
0.30
0.29
0.26
0.25
0.23
0.24
0.18
0.32
0.33
0.36
0.31
0.24
0.30
0.16
0.21
0.18
0.15
0.13
0.14
0.14
0.21
0.26
0.35
0.33
0.35
0.32
0.36
0.33
0.35
0.32
0.34
0.40
0.73
0.75
0.70
0.61
0.60
0.48
0.36
0.39
0.28
0.25
0.23
0.16
0.10
0.26
