188	157	108	58
188	155	111	61
189	156	112	59
188	153	115	63
188	155	113	58
189	154	117	60
187	153	114	64
186	155	112	59
188	155	110	61
187	156	111	56
190	156	111	59
188	154	112	62
188	155	110	58
187	155	116	60
187	156	114	56
189	155	113	65
185	155	112	61
184	155	111	60
183	156	113	62
183	155	109	63
185	158	109	59
180	157	111	59
183	158	113	60
184	157	111	65
180	158	113	59
179	158	113	58
180	160	108	58
179	159	112	62
178	161	111	63
178	163	109	58
178	164	109	61
178	166	109	55
176	166	112	55
177	165	110	62
178	167	110	51
178	167	112	53
178	167	113	51
179	164	115	62
179	166	114	53
180	164	120	58
180	159	114	69
182	159	113	71
182	158	114	70
183	159	115	65
182	158	117	65
185	158	115	65
196	156	105	59
197	157	107	56
198	157	109	53
200	159	107	49
202	156	102	53
200	158	105	47
202	156	102	50
203	155	100	51
199	155	104	51
202	157	100	47
204	157	97	45
204	157	95	45
206	156	95	46
205	156	93	50
200	157	93	50
208	157	89	47
211	157	91	45
213	158	90	43
217	157	85	44
218	154	83	46
215	152	80	48
222	153	79	44
221	149	80	48
186	147	87	48
176	148	99	42
168	145	108	45
180	145	120	52
170	144	134	44
170	142	132	62
169	129	127	63
168	139	129	61
166	128	129	66
167	137	129	65
168	122	121	61
169	134	127	63
173	136	123	58
171	136	119	48
173	136	127	60
172	136	130	58
165	136	128	61
173	136	133	62
160	115	112	62
166	119	100	59
172	127	86	48
176	127	80	51
177	123	80	46
180	122	80	47
182	121	79	46
185	120	75	45
186	119	77	46
187	120	77	44
187	120	78	44
187	119	81	47
188	118	83	49
190	117	85	58
194	118	84	71
198	107	80	60
198	114	81	57
195	117	88	68
193	115	92	77
195	109	89	65
193	114	95	78
186	116	102	83
194	113	93	68
183	116	110	81
181	109	108	78
181	117	111	80
182	111	108	87
177	96	114	93
184	114	114	84
181	99	113	90
181	115	117	82
177	106	119	84
181	116	118	82
180	100	119	96
188	113	119	88
181	103	122	87
184	111	124	89
184	97	123	93
189	111	124	86
188	112	123	78
189	110	121	87
187	113	125	74
189	112	121	81
192	110	120	96
190	96	123	98
188	110	124	107
190	93	120	103
192	113	118	92
188	91	125	104
190	113	120	90
185	102	131	91
188	115	125	94
192	111	122	78
191	112	122	90
188	117	116	103
194	110	114	91
188	113	121	90
187	116	98	113
191	114	97	115
191	113	88	122
194	116	84	114
192	113	91	115
190	105	101	115
189	117	93	112
192	121	87	102
189	120	101	88
188	123	97	102
190	109	114	97
183	119	121	107
182	93	122	119
182	120	119	106
182	112	120	96
183	121	124	101
185	102	118	101
181	119	127	96
182	121	124	102
179	120	127	102
177	121	131	110
176	120	135	116
177	118	130	123
179	120	125	111
178	119	129	107
177	118	132	123
179	118	126	113
179	118	127	106
175	118	132	109
181	88	115	100
177	121	125	103
174	119	130	117
177	118	124	110
176	121	125	109
176	119	127	109
177	117	123	102
179	115	120	96
180	116	120	71
178	118	119	66
180	117	117	67
175	116	122	68
179	115	117	69
177	115	117	70
176	112	116	77
176	111	114	78
174	111	112	81
180	111	107	84
190	111	93	89
193	112	89	89
193	108	85	95
190	113	85	87
189	112	84	88
184	112	88	85
183	108	83	91
180	108	84	92
177	108	86	85
178	107	84	86
175	105	85	88
173	105	85	86
171	102	87	92
171	100	85	96
169	101	86	93
169	100	85	95
169	100	84	97
164	97	91	94
160	95	94	96
162	95	89	94
162	97	89	95
164	98	85	92
163	94	85	95
162	93	86	94
160	95	86	91
154	90	91	95
154	92	87	88
155	91	84	93
154	91	85	89
152	87	85	91
150	84	84	93
147	85	84	92
141	82	88	93
142	82	83	92
140	83	82	89
138	79	82	91
136	78	82	92
137	74	77	98
134	76	74	92
129	75	78	90
124	73	81	90
118	71	82	90
114	69	82	92
111	67	79	91
107	65	77	89
105	62	74	89
99	60	75	86
95	55	77	95
94	52	74	98
89	47	75	98
87	51	73	94
85	50	71	91
83	48	82	94
82	48	74	90
82	44	72	99
82	44	72	92
81	43	73	95
79	43	76	92
79	43	72	90
80	47	73	83
79	47	73	82
79	45	72	83
78	42	76	86
80	46	71	82
78	41	73	85
79	46	73	81
79	49	78	76
78	49	78	76
80	48	77	77
80	49	72	75
80	48	74	76
80	49	63	73
81	48	74	71
81	47	62	59
82	45	64	60
82	43	70	61
82	45	65	60
83	45	69	61
83	46	69	62
83	45	70	63
84	46	65	65
85	46	67	63
85	49	69	61
84	49	72	62
85	53	70	59
86	51	66	62
86	54	62	61
88	51	64	65
88	52	66	63
89	54	61	61
89	53	64	61
90	52	65	62
89	58	66	55
89	53	64	60
91	45	60	67
91	31	67	80
91	28	70	86
91	27	60	86
91	29	64	87
92	29	58	89
91	30	58	89
100	31	66	88
92	31	78	88
92	28	80	91
94	29	66	88
94	28	66	92
93	27	82	93
93	25	83	97
95	24	84	97
96	27	82	95
96	25	82	97
97	25	82	97
97	24	81	98
97	28	86	92
98	24	82	96
98	23	81	97
99	21	81	101
98	20	81	100
99	19	78	100
100	18	78	99
100	18	80	100
98	22	80	92
102	16	76	99
101	19	77	95
102	18	77	97
101	16	76	98
102	18	76	95
102	17	75	97
102	19	76	93
103	19	73	92
102	20	74	91
103	19	73	89
104	18	71	90
104	16	69	92
104	17	69	92
102	19	70	86
103	18	66	89
102	16	67	91
101	17	68	90
100	17	68	90
104	15	63	90
106	16	60	86
102	16	68	86
104	15	61	81
105	15	65	75
105	16	63	63
103	15	60	56
101	18	61	47
100	15	62	55
100	17	62	58
98	19	62	53
97	20	63	52
96	19	60	56
95	19	61	56
95	21	61	56
96	21	59	56
95	21	60	56
94	21	58	57
94	22	59	55
94	22	58	55
94	22	57	55
93	22	59	58
94	23	55	56
93	24	55	54
92	24	55	58
91	25	52	57
91	26	53	58
90	25	53	58
91	26	52	58
92	22	53	61
91	24	54	59
91	23	52	59
92	21	53	62
91	21	54	61
91	20	54	63
92	18	52	63
91	15	57	65
90	15	61	66
90	12	71	69
88	16	89	65
89	16	91	65
88	15	89	67
87	17	93	64
87	17	96	63
88	17	96	63
87	15	98	65
87	16	97	66
89	15	93	63
87	17	98	63
88	14	98	64
89	14	95	64
89	14	92	63
89	14	88	64
89	15	95	65
87	14	106	67
88	13	108	69
90	12	107	72
88	13	104	66
86	13	106	66
88	12	101	70
87	13	105	69
88	13	105	71
87	14	103	69
86	14	108	71
83	16	108	67
83	18	108	69
84	17	107	71
83	21	110	66
83	20	109	68
81	19	109	70
86	25	108	64
83	21	109	67
88	28	104	59
91	28	99	58
85	15	101	60
87	18	105	69
94	27	97	57
85	8	97	71
88	22	108	63
93	24	105	58
90	23	108	55
88	22	112	60
89	16	106	69
92	20	104	69
92	24	108	61
89	21	102	60
95	28	107	59
87	12	92	62
90	12	90	65
92	12	102	78
93	21	105	62
98	26	101	58
99	28	105	56
87	11	99	64
94	18	109	68
94	12	106	82
94	14	105	79
95	15	110	66
96	14	114	68
93	10	127	76
93	12	128	67
88	10	135	77
92	5	128	85
92	9	128	81
84	4	112	88
93	5	99	85
97	6	91	86
96	3	90	87
108	5	82	86
108	4	82	87
107	6	86	83
109	4	84	85
105	5	88	83
106	5	84	85
111	4	86	89
94	2	101	90
91	5	109	86
90	8	113	81
95	7	107	88
101	6	103	91
102	6	107	94
109	6	100	96
114	12	95	95
117	17	97	89
123	20	98	85
128	19	102	85
125	21	110	80
129	26	109	83
131	30	110	76
132	35	106	78
134	38	106	101
138	40	91	106
142	47	86	96
146	52	87	90
148	57	90	70
149	64	88	64
154	66	82	60
156	77	91	70
163	84	87	65
164	92	90	59
164	98	100	69
164	98	101	89
169	98	97	93
170	102	99	104
170	100	97	109
172	103	94	104
173	102	94	115
176	104	92	112
174	94	92	120
184	108	86	114
183	106	88	107
180	102	92	117
182	101	92	116
180	98	95	118
179	97	96	123
184	96	93	125
189	97	87	128
176	97	98	124
178	96	101	112
185	98	92	121
179	97	97	119
177	94	99	128
189	95	89	148
182	87	90	128
178	83	90	116
175	82	87	116
168	101	96	97
164	104	97	91
161	105	101	90
159	108	102	90
163	112	93	86
159	115	99	85
157	121	88	77
151	127	82	70
152	129	72	71
149	135	73	66
145	138	76	63
146	138	73	65
151	136	77	70
145	136	68	69
145	139	66	63
146	139	60	66
146	138	56	67
147	140	54	69
148	140	52	75
156	141	56	75
180	162	57	72
191	114	66	76
145	144	85	74
143	146	84	73
142	145	89	73
140	140	89	82
140	140	93	82
143	139	88	82
146	138	84	84
147	139	85	81
144	139	88	79
143	139	88	80
140	138	92	86
134	143	96	81
135	141	95	80
135	142	97	82
133	139	94	86
134	140	99	85
132	144	93	78
135	144	92	85
130	144	89	88
130	146	92	83
129	147	97	87
130	147	95	87
131	147	96	86
135	147	95	87
141	146	92	84
145	144	90	86
150	141	95	90
155	137	85	91
160	135	87	88
165	134	86	93
167	132	84	92
171	130	78	93
174	130	80	91
177	130	78	89
181	129	75	88
181	128	75	92
180	127	75	90
181	126	73	91
181	126	75	94
178	128	77	90
179	129	76	90
178	129	75	91
177	131	75	89
175	131	78	87
176	133	74	84
175	131	78	87
173	135	78	83
174	131	77	89
173	133	77	88
171	132	82	90
172	132	79	91
172	132	83	91
173	132	83	93
177	133	78	91
175	133	81	93
177	131	79	93
184	129	72	99
177	131	79	94
181	132	77	95
184	130	76	98
180	131	78	96
183	130	76	100
181	131	79	99
185	132	74	93
178	133	84	94
175	131	86	96
180	131	81	99
184	129	77	101
184	130	77	101
176	133	84	93
182	137	77	91
187	136	73	96
190	136	70	93
192	136	69	91
198	137	71	84
208	136	65	83
218	134	63	91
216	135	67	85
212	138	69	85
217	143	66	84
229	148	70	84
238	148	64	89
245	149	59	85
251	151	52	87
262	162	56	83
258	164	58	82
254	162	70	90
252	166	81	89
244	171	60	88
240	182	60	78
236	187	59	76
236	192	55	72
235	197	56	69
231	199	61	69
232	203	62	73
225	207	61	67
220	209	62	63
217	210	65	67
212	209	69	64
206	208	73	60
209	209	65	60
205	207	68	62
198	202	76	64
195	198	77	63
194	196	76	54
194	194	75	60
191	194	79	63
188	199	78	57
187	197	78	61
184	201	80	59
174	213	90	53
175	216	86	53
176	213	85	52
174	216	89	48
175	213	90	55
176	213	89	54
176	213	91	57
174	213	95	60
174	212	96	66
177	212	95	68
177	211	98	70
179	212	92	69
179	211	95	71
181	213	100	68
181	209	94	72
179	211	109	66
183	205	98	70
181	201	105	73
181	199	109	75
181	197	112	75
181	198	111	73
182	198	110	73
183	199	103	70
187	204	97	67
188	201	98	69
190	192	92	77
193	194	89	75
193	202	90	65
194	206	94	61
193	206	97	60
194	205	98	61
194	205	99	60
196	208	103	56
195	206	100	57
195	205	102	58
196	201	95	61
195	191	86	71
196	183	80	81
193	174	83	89
193	168	74	89
193	159	74	107
189	153	75	79
186	152	79	65
183	149	83	53
181	139	79	54
184	133	66	53
183	127	60	55
179	122	59	55
179	120	54	51
176	115	51	49
171	114	54	46
168	111	54	45
162	108	59	46
160	105	56	46
156	104	57	47
153	102	55	46
150	100	56	44
148	98	58	45
146	97	65	44
143	95	75	46
140	93	79	44
138	91	79	45
138	89	79	43
134	88	81	44
130	84	83	45
125	83	85	42
123	81	88	41
121	79	91	43
119	73	88	42
115	68	79	46
119	69	84	41
116	70	88	38
114	71	92	39
113	70	95	41
109	70	97	41
108	69	98	40
105	68	91	41
104	67	87	41
103	64	82	40
102	61	84	46
101	59	82	43
102	59	79	38
102	56	71	44
104	54	69	45
105	52	69	45
104	52	63	40
105	52	62	40
104	52	61	39
102	51	65	41
101	51	65	40
98	50	73	41
97	50	76	42
94	48	79	44
92	47	79	45
93	46	79	46
91	46	81	48
93	47	77	47
94	47	75	46
93	47	77	46
94	48	75	47
94	49	76	46
90	48	81	47
92	50	77	45
88	49	81	44
90	49	79	44
86	46	82	47
87	48	81	45
84	47	86	46
84	46	81	46
85	47	83	46
85	47	81	44
84	46	83	45
85	46	80	44
84	44	82	45
82	44	83	46
82	45	82	42
80	44	83	44
80	43	84	45
79	44	83	45
79	45	83	45
76	44	86	48
78	43	82	52
78	44	83	52
79	42	83	57
79	43	84	56
80	42	82	58
78	45	85	56
79	44	83	56
80	43	83	57
79	44	83	57
78	44	85	57
78	45	86	56
78	48	86	52
75	46	90	53
76	45	86	54
77	45	85	55
76	46	87	53
78	44	84	55
77	45	87	56
81	43	77	62
85	55	71	68
84	55	77	57
84	62	71	73
86	60	67	59
85	59	69	58
84	68	77	63
87	59	80	58
85	62	84	55
87	60	76	58
88	70	77	70
93	62	79	74
94	60	76	79
97	62	68	72
94	58	71	84
93	58	66	81
94	57	63	80
94	55	64	81
95	55	63	83
96	55	62	84
96	57	61	84
93	58	66	80
92	57	80	81
88	59	84	72
86	61	87	74
84	59	90	79
86	58	86	75
86	62	83	67
86	61	86	66
86	63	84	63
86	64	84	66
88	63	77	69
87	65	78	65
87	65	76	66
86	66	79	68
85	65	80	66
83	68	83	65
83	66	81	71
82	66	83	72
85	65	78	73
84	68	82	62
85	69	81	60
85	71	83	56
86	73	83	50
85	76	84	49
83	76	85	47
83	80	87	44
84	81	84	42
83	78	84	52
81	80	85	53
81	79	84	48
79	84	86	50
80	85	84	55
79	87	84	55
80	87	81	53
80	89	82	47
78	88	86	47
79	86	83	45
78	84	86	41
79	85	89	40
79	85	87	36
79	86	88	35
80	84	88	38
81	83	86	36
82	82	88	36
82	81	88	35
82	80	88	34
83	79	88	34
83	79	92	34
83	78	95	31
84	76	96	30
85	74	90	35
84	73	102	37
82	73	103	40
85	72	104	41
82	72	98	44
87	68	98	47
87	75	92	39
83	72	88	46
89	66	93	52
90	66	91	52
91	69	79	51
92	68	79	51
91	69	82	50
91	69	82	53
91	70	78	51
92	69	76	55
91	68	78	57
91	67	79	53
94	66	76	55
93	68	76	55
94	68	75	56
94	68	79	58
94	68	75	57
94	68	73	60
94	68	72	61
94	68	71	61
93	67	70	62
93	67	67	64
92	66	70	65
94	67	65	62
92	65	64	67
94	65	60	66
94	63	59	70
94	63	60	66
95	61	58	70
94	61	60	73
96	60	60	73
96	60	55	74
95	60	59	75
95	59	57	78
94	61	57	71
93	59	57	76
94	60	53	79
94	59	53	81
91	60	56	79
91	59	53	76
91	60	52	81
90	59	52	82
90	59	52	85
89	49	56	83
87	58	57	82
89	58	52	78
90	58	51	77
89	58	52	60
90	57	49	60
92	58	49	57
91	59	52	50
90	59	52	52
92	60	50	56
89	61	53	59
88	62	53	58
87	63	53	61
86	64	53	64
85	65	52	65
82	67	54	61
81	68	53	59
80	69	55	63
78	68	55	64
78	68	55	64
76	67	57	67
75	67	59	70
74	67	60	70
74	66	60	74
74	67	58	71
74	68	60	72
76	70	57	68
77	69	58	74
76	71	58	74
78	73	56	74
53	81	71	81
49	81	81	79
49	81	83	88
68	86	69	80
74	91	58	71
75	97	56	69
76	101	56	65
78	106	56	65
79	111	56	64
80	116	56	63
80	120	55	64
80	124	54	66
80	129	53	61
81	133	52	61
80	137	54	60
80	142	58	63
82	148	58	68
86	154	57	73
88	159	57	74
91	163	59	90
94	165	59	95
94	168	61	92
96	169	58	92
98	172	58	94
101	173	54	92
101	171	57	97
103	174	55	97
104	174	56	102
105	173	56	106
107	176	56	104
108	175	57	108
110	175	56	108
109	177	56	110
110	176	53	112
111	171	53	118
110	172	55	117
114	170	51	123
125	168	40	128
122	169	45	128
117	170	53	129
115	168	58	133
115	171	55	129
119	183	52	124
123	168	45	138
120	166	51	143
123	173	48	138
127	173	45	138
125	163	47	148
123	164	50	150
125	163	49	151
129	161	48	149
128	163	49	152
129	162	51	150
129	163	51	152
127	161	54	152
130	164	50	152
132	160	49	156
131	161	50	158
133	162	48	155
132	160	51	155
134	165	50	153
151	187	61	136
143	199	68	125
142	214	61	109
139	204	63	93
137	210	65	84
156	222	70	72
155	226	89	72
141	227	72	62
162	225	92	67
137	220	106	65
145	233	110	80
122	202	122	83
130	193	123	88
135	212	123	113
127	174	142	108
133	211	123	119
133	169	136	108
132	209	139	119
132	169	140	101
134	214	135	91
135	212	125	119
132	175	135	89
140	215	110	73
164	242	110	66
155	242	120	67
152	244	125	59
145	241	133	61
142	236	135	67
140	227	129	73
152	224	121	76
137	219	122	83
137	220	133	89
140	213	117	111
141	189	114	85
167	230	97	96
150	217	108	96
143	215	117	90
170	214	90	101
183	221	76	95
181	219	76	91
179	218	79	82
180	222	77	77
183	219	83	75
184	220	74	82
183	222	84	78
184	227	84	66
184	234	89	52
170	223	92	66
178	223	93	66
180	225	89	64
174	230	82	58
164	232	87	52
168	236	89	43
168	236	76	41
164	236	77	40
162	235	82	40
160	234	80	40
180	238	70	34
183	234	59	35
183	233	58	32
182	231	58	34
183	229	57	33
183	228	58	31
180	225	63	38
180	225	62	33
177	224	69	39
178	223	66	39
180	222	62	32
177	231	66	42
177	221	64	35
173	227	73	45
170	226	77	46
169	226	73	45
168	227	70	47
167	229	70	43
162	233	78	38
168	233	78	38
157	233	87	38
162	233	90	36
151	181	94	41
168	240	104	32
177	239	109	29
138	184	113	43
137	176	109	62
133	172	116	65
135	175	113	77
133	173	112	77
132	174	114	80
129	174	115	68
129	174	116	73
131	170	109	78
131	163	110	86
135	160	105	93
127	178	98	91
135	159	78	102
140	163	70	106
143	156	64	104
142	157	67	108
147	160	56	100
146	158	58	104
144	157	65	108
144	153	67	113
146	149	61	117
146	148	60	116
146	145	62	121
146	144	62	125
147	142	60	125
146	141	59	134
146	141	62	138
145	141	69	139
146	139	67	145
145	137	69	149
145	134	66	162
142	133	70	168
142	130	72	174
142	123	69	165
143	128	70	182
147	122	55	167
141	101	66	144
135	121	75	128
139	123	65	121
135	121	69	125
133	121	73	117
132	120	73	115
133	121	71	108
130	120	72	114
134	120	68	106
132	119	69	103
131	120	70	101
129	120	68	101
130	119	68	101
129	118	66	104
126	118	70	100
128	119	66	98
126	119	67	98
125	119	69	97
124	118	66	95
124	118	64	97
122	118	67	96
122	119	66	96
122	120	69	96
122	122	66	93
125	124	68	91
122	125	68	92
125	125	62	91
121	124	70	96
124	126	67	87
124	126	69	89
124	126	68	86
126	129	66	82
126	129	66	89
126	132	67	81
127	137	65	74
128	141	65	67
129	143	65	65
130	147	69	61
135	146	65	63
137	144	65	67
143	147	60	62
141	145	63	66
161	152	57	66
159	149	59	60
158	153	66	62
158	150	67	70
159	150	65	72
161	148	63	75
163	150	61	75
163	149	61	76
160	149	65	76
162	149	63	76
163	148	63	77
165	150	61	74
167	147	60	80
166	149	61	78
165	148	66	79
164	151	67	73
172	155	64	73
168	154	63	74
166	154	63	73
174	151	57	81
163	155	64	74
171	159	63	73
162	155	71	77
162	154	76	82
160	155	86	81
160	156	93	79
160	159	92	75
157	164	101	70
159	167	96	69
157	168	100	77
133	167	103	86
142	172	102	82
153	173	104	80
127	173	106	82
131	177	107	78
141	170	111	84
146	171	113	84
153	170	109	84
159	171	101	80
127	175	101	80
158	168	102	88
160	170	99	86
165	171	94	88
167	170	95	92
172	169	89	92
173	166	89	99
174	162	98	105
174	158	98	107
183	155	87	111
184	158	99	105
139	162	117	100
188	155	103	106
143	163	123	97
187	157	101	101
197	153	84	106
197	152	89	109
197	152	89	107
195	151	90	109
192	150	96	108
190	149	101	108
191	148	99	107
190	147	103	111
189	146	106	106
191	146	106	104
191	145	108	105
191	146	107	101
191	146	110	99
191	145	110	96
191	146	98	91
232	149	85	92
192	147	90	77
193	148	92	73
191	148	101	59
191	149	102	56
193	148	98	61
192	150	100	52
240	146	102	64
200	145	100	69
245	143	85	73
216	142	90	75
246	140	85	80
230	138	81	89
244	139	64	93
220	142	75	94
213	129	85	82
196	135	100	84
232	140	113	76
193	140	115	78
188	143	98	72
218	145	105	63
208	149	84	51
212	147	77	62
206	152	82	61
197	157	84	66
193	156	87	62
187	169	85	70
187	163	90	88
184	161	88	95
183	162	86	97
178	174	91	88
180	175	80	82
174	185	84	77
177	191	78	57
170	202	84	50
171	211	79	46
166	216	84	49
165	221	83	50
160	214	85	58
159	223	85	65
154	224	87	54
153	232	89	62
151	232	84	56
152	241	85	57
150	239	82	55
152	245	84	58
148	240	83	63
145	242	87	55
147	255	88	57
150	248	81	59
150	241	82	66
147	246	82	54
148	248	79	59
147	250	81	57
146	253	82	53
146	253	81	53
141	253	85	52
140	251	86	52
