0.414764
0.038046
0.038035
0.038187
0.038240
0.038848
0.039126
0.039013
0.038920
0.038791
0.039024
0.038900
0.038897
0.038815
0.038866
0.038933
0.039119
0.038624
0.039038
0.038916
0.067418
0.038757
0.038850
0.039065
0.039286
0.039008
0.038943
0.039048
0.038983
0.038905
0.039224
0.039023
0.039178
0.039352
0.039488
0.039595
0.039759
0.039718
0.039657
0.039727
0.073553
0.039865
0.040007
0.039596
0.039674
0.041034
0.041116
0.037849
0.037604
0.037573
0.037346
0.037404
0.037475
0.037432
0.037312
0.037390
0.037291
0.037133
0.037126
0.036993
0.070779
0.038850
0.037169
0.054721
0.054618
0.054750
0.037045
0.036417
0.037039
0.037120
0.037143
0.037187
0.037443
0.037211
0.037394
0.037267
0.037469
0.037337
0.037469
0.037395
0.070847
0.055463
0.037775
0.038765
0.038874
0.038627
0.038652
0.039089
0.038847
0.037353
0.038808
0.038815
0.038831
0.038836
0.038871
0.039001
0.039062
0.038886
0.039932
0.038821
0.072341
0.038802
0.038790
0.038602
0.038738
0.041301
0.038987
0.038757
0.039049
0.038902
0.038935
0.038727
0.038877
0.038808
0.038837
0.038720
0.038796
0.038915
0.038889
0.038751
0.072179
0.038791
0.038743
0.038960
0.038974
0.038874
0.038703
0.038747
0.038773
0.038919
0.038550
0.038704
0.038907
0.038731
0.039090
0.038899
0.039017
0.038790
0.038728
0.038513
0.074310
0.038631
0.038943
0.038891
0.038873
0.039221
0.038660
0.042695
0.038647
0.038841
0.038863
0.038998
0.038925
0.038817
0.039001
0.039045
0.038998
0.038727
0.038831
0.038931
0.073055
0.038793
0.038593
0.038850
0.038776
0.038845
0.038647
0.038916
0.038751
0.038516
0.038827
0.038568
0.038754
0.038534
0.038764
0.038909
0.038899
0.038862
0.038666
0.038871
0.072635
0.038904
0.038763
0.038438
0.038722
0.038822
0.038760
0.038877
0.038661
0.038755
0.038670
0.038779
0.039301
0.038773
0.038821
0.038793
0.039006
0.039078
0.056746
0.038811
0.072741
0.056803
0.038704
0.038955
0.056789
0.056795
0.056648
0.038632
0.038895
0.038724
0.038706
0.038682
0.038848
0.038490
0.039525
0.038766
0.038733
0.038733
0.038854
0.039190
0.072383
0.038691
0.038769
0.038892
0.038895
0.038798
0.038869
0.039051
0.038789
0.038867
0.038752
0.039087
0.038972
0.038941
0.038959
0.039082
0.038929
0.038946
0.040244
0.038982
0.072784
0.038771
0.038765
0.039265
0.038960
0.038885
0.039034
0.039152
0.039016
0.038697
0.038769
0.038976
0.039064
0.039084
0.038899
0.038987
0.038883
0.039080
0.039227
0.041995
0.072871
0.038812
0.038865
0.039260
0.039095
0.037798
0.037983
0.037895
0.037932
0.038967
0.038981
0.039225
0.038900
0.038883
0.038875
0.038967
0.041488
0.037882
0.037747
0.039509
0.071731
0.038074
0.037776
0.038099
0.039054
0.037849
0.037745
0.037814
0.037712
0.037868
0.037781
0.037754
0.038134
0.037733
0.037959
0.037862
0.037838
0.037912
0.038152
0.037907
0.071029
0.037986
0.037951
0.037998
0.037771
0.037811
0.037917
0.037905
0.037832
0.037734
0.037873
0.037960
0.037837
0.037748
0.037851
0.037846
0.037846
0.038095
0.037917
0.038625
0.072525
0.039151
0.039375
0.037542
0.037325
0.037397
0.037267
0.037490
0.037478
0.037302
0.037299
0.037526
0.037444
0.037570
0.037399
0.037625
0.037268
0.037327
0.037434
0.037455
0.070945
0.037268
0.037193
0.040158
0.037503
0.037375
0.037514
0.037430
0.037346
0.037379
0.037349
0.037365
0.037374
0.037595
0.037426
0.037586
0.037329
0.037408
0.037335
0.037369
0.071239
0.041851
0.039400
0.038155
0.037358
0.037360
0.037608
0.037484
0.037407
0.037432
0.037503
0.037264
0.037483
0.037370
0.037390
0.037287
0.037467
0.037433
0.037382
0.037341
0.071143
0.037347
0.037493
0.037380
0.037520
0.037547
0.037395
0.037429
0.037282
0.037453
0.037342
0.037379
0.037515
0.037362
0.037286
0.037354
0.037389
0.037517
0.037449
0.037384
0.070869
0.037182
0.037487
0.038260
0.037929
0.037968
0.039213
0.039191
0.039002
0.039030
0.038875
0.038959
0.039040
0.038904
0.038869
0.038903
0.039058
0.038840
0.038966
0.038721
0.072779
0.038780
0.038855
0.038836
0.039316
0.038983
0.039029
0.039100
0.039029
0.039678
0.039014
0.039093
0.038960
0.038728
0.039173
0.038962
0.039044
0.039214
0.039193
0.038994
0.072909
0.038879
0.038781
0.039014
0.038979
0.038854
0.038749
0.039049
0.038651
0.038934
0.039037
0.038973
0.039085
0.039096
0.038667
0.038975
0.039149
0.038855
0.038821
0.039504
0.072905
0.038758
0.039176
0.038867
0.038959
0.039006
0.038949
0.038857
0.038944
0.038919
0.038844
0.040236
0.038168
0.037869
0.037894
0.037755
0.037605
0.039794
0.038820
0.038905
0.072618
0.038900
0.038607
0.039034
0.038929
0.038817
0.038985
0.038932
0.039247
0.039059
0.038826
0.038989
0.038955
0.039215
0.039600
0.037957
0.038840
0.038915
0.039142
0.038847
0.072369
0.038904
0.039253
0.037366
0.037224
0.037400
0.037437
0.037296
0.037238
0.037394
0.037465
0.037342
0.037183
0.037335
0.037265
0.037224
0.037361
0.037294
0.037375
0.039161
0.071767
0.037622
0.037706
0.037856
0.037823
0.038395
0.037784
0.037937
0.038013
0.037923
0.038033
0.038699
0.038932
0.039047
0.038936
0.038971
0.038906
0.039218
0.037486
0.037336
0.070777
0.037291
0.037313
0.037431
0.037386
0.037313
0.037377
0.037289
0.037285
0.037314
0.037251
0.037394
0.037378
0.037341
0.037374
0.037530
0.037402
0.037327
0.037426
0.037461
0.070907
0.037341
0.037306
0.037473
0.038200
0.037400
0.037250
0.038314
0.037405
0.037524
0.037246
0.037401
0.037441
0.038523
0.037468
0.037379
0.037968
0.038028
0.038109
0.037915
0.072762
0.039158
0.039028
0.056927
0.039791
0.039053
0.038998
0.039103
0.038864
0.038820
0.039009
0.038880
0.056936
0.038765
0.056937
0.038868
0.039205
0.039164
0.039392
0.039885
0.074001
0.040455
0.040577
0.040404
0.040395
0.040201
0.040573
0.040362
0.040213
0.040353
0.040482
0.040354
0.040457
0.040225
0.041465
0.040828
0.040362
0.041024
0.041376
0.040987
0.075126
0.041279
0.040851
0.040752
0.040891
0.040642
0.040251
0.040299
0.040039
0.039874
0.039945
0.039650
0.039565
0.039483
0.039335
0.039523
0.039352
0.039312
0.039244
0.039297
0.072855
0.039097
0.039149
0.039093
0.039000
0.057352
0.038901
0.056926
0.056800
0.038796
0.038999
0.039068
0.039217
0.039206
0.039360
0.040950
0.037964
0.037851
0.037748
0.037997
0.073522
0.038780
0.038761
0.038412
0.038478
0.039604
0.038624
0.038711
0.039465
0.039579
0.039577
0.039525
0.039445
0.039437
0.039477
0.039503
0.039377
0.039373
0.039442
0.039348
0.073239
0.039646
0.038794
0.039386
0.039222
0.039274
0.039635
0.039427
0.039418
0.039457
0.039572
0.039311
0.039425
0.038693
0.038574
0.038380
0.038646
0.038513
0.038375
0.038766
0.072711
0.039498
0.039793
0.039274
0.039769
0.039697
0.039742
0.039540
0.039682
0.039641
0.039519
0.039634
0.040664
0.039715
0.039927
0.039871
0.039932
0.039921
0.040036
0.039812
0.073305
0.039746
0.039504
0.039578
0.039335
0.039425
0.039357
0.039878
0.039548
0.039837
0.039446
0.041593
0.039392
0.039730
0.039371
0.038190
0.039374
0.039566
0.039256
0.039691
0.073218
0.039880
0.040229
0.040369
0.040193
0.040309
0.040339
0.040246
0.040904
0.040447
0.040386
0.040117
0.040033
0.039979
0.042825
0.040144
0.040026
0.040206
0.039998
0.040418
0.073731
0.039839
0.040211
0.040092
0.040139
0.040261
0.040554
0.040387
0.040591
0.040142
0.040265
0.039618
0.040008
0.039952
0.040032
0.039828
0.039647
0.039632
0.039812
0.039721
0.073442
0.039705
0.039717
0.039547
0.039681
0.039396
0.039494
0.039218
0.039321
0.039312
0.039454
0.039329
0.039222
0.039540
0.039354
0.039247
0.039486
0.039182
0.039205
0.039378
0.074672
0.039456
0.039353
0.039274
0.039048
0.039846
0.038929
0.039416
0.039304
0.039233
0.039243
0.039330
0.039325
0.039125
0.039187
0.039325
0.039334
0.039183
0.039195
0.039506
0.073263
0.039165
0.039146
0.039250
0.039199
0.039028
0.039207
0.039381
0.039300
0.039568
0.039621
0.039584
0.039170
0.040713
0.040549
0.038309
0.037833
0.037718
0.036280
0.037843
0.071042
0.037490
0.037649
0.037627
0.037614
0.037525
0.037500
0.037749
0.037711
0.037599
0.037790
0.037590
0.037696
0.037701
0.037511
0.037946
0.037690
0.037688
0.037884
0.037829
0.071253
0.037553
0.037657
0.037620
0.037625
0.037617
0.037639
0.037604
0.037809
0.038079
0.038333
0.038229
0.038286
0.038193
0.039521
0.039492
0.038299
0.038355
0.038242
0.039149
0.073292
0.039217
0.039138
0.039260
0.039078
0.039252
0.039268
0.039257
0.039173
0.039332
0.039323
0.039027
0.039114
0.039256
0.039179
0.041301
0.039141
0.039219
0.039159
0.039217
0.072987
0.039306
0.039407
0.039180
0.039114
0.039334
0.039223
0.039472
0.039474
0.039202
0.039506
0.039503
0.039248
0.039600
0.039079
0.039378
0.039241
0.039260
0.039332
0.039308
0.073046
0.039352
0.039558
0.039207
0.038903
0.039352
0.039390
0.039412
0.039369
0.039338
0.039408
0.039115
0.039115
0.039213
0.039341
0.039505
0.039517
0.039426
0.039114
0.039246
0.073113
0.039967
0.039298
0.039402
0.039606
0.039359
0.039407
0.040506
0.039217
0.040256
0.037681
0.037751
0.037687
0.037562
0.037645
0.037659
0.037675
0.037587
0.037839
0.037651
0.071233
0.037783
0.037730
0.037725
0.037716
0.037664
0.037805
0.037804
0.037973
0.037774
0.037825
0.037883
0.038076
0.037963
0.037880
0.037998
0.037877
0.037878
0.037910
0.037825
0.071620
0.038385
0.038387
0.038230
0.038217
0.038259
0.038289
0.038416
0.038363
0.039521
0.039938
0.038386
0.038410
0.038202
0.038262
0.038138
0.040688
0.039289
0.039414
0.039086
0.072885
0.039110
0.039097
0.039325
0.038926
0.039057
0.039374
0.038976
0.039469
0.039308
0.039343
0.039666
0.039433
0.039274
0.039378
0.039200
0.039327
0.038844
0.038964
0.039278
0.072994
0.039084
0.039253
0.039379
0.039199
0.039138
0.039394
0.039222
0.039143
0.039391
0.039508
0.039351
0.039347
0.039348
0.039389
0.039371
0.039245
0.039348
0.039486
0.039637
0.073267
0.039191
0.039289
0.039366
0.039405
0.039263
0.039160
0.039098
0.039543
0.039254
0.039445
0.039507
0.039331
0.039781
0.039773
0.039338
0.039840
0.039711
0.039752
0.039693
0.073113
0.039630
0.039708
0.039625
0.039507
0.039643
0.039399
0.039578
0.039831
0.039662
0.039733
0.039456
0.039263
0.039426
0.039315
0.039438
0.039283
0.039440
0.039705
0.039486
0.073456
0.039551
0.039790
0.039572
0.040668
0.038248
0.038292
0.038088
0.038141
0.037943
0.037894
0.037994
0.037669
0.037769
0.037626
0.037743
0.037868
0.037775
0.038017
0.037805
0.071252
0.037651
0.037547
0.037702
0.037808
0.037717
0.037665
0.036334
0.037697
0.038300
0.038123
0.038803
0.038206
0.038113
0.038095
0.038299
0.038080
0.038076
0.038082
0.039674
0.072790
0.038540
0.057098
0.038476
0.039032
0.039000
0.038759
0.038649
0.056661
0.056527
0.037962
0.057475
0.039010
