1.540394
0.085374
0.084696
0.083693
0.084687
0.084306
0.084389
0.085214
0.085132
0.085583
0.086002
0.086007
0.086141
0.085323
0.085991
0.084149
0.084308
0.083679
0.083974
0.084139
0.164896
0.083954
0.083906
0.130520
0.083323
0.084558
0.083798
0.083939
0.084865
0.084112
0.077842
0.083943
0.084099
0.084140
0.085037
0.083769
0.084208
0.144093
0.085073
0.082947
0.196690
0.084429
0.083605
0.084433
0.083850
0.084040
0.083345
0.084485
0.084494
0.083737
0.141631
0.083194
0.083385
0.084005
0.085077
0.085628
0.085335
0.083310
0.083361
0.082519
0.197745
0.083030
0.083131
0.083347
0.083651
0.083167
0.083279
0.084316
0.083859
0.083503
0.084244
0.082786
0.084261
0.082981
0.082651
0.083946
0.083778
0.084613
0.083238
0.083500
0.195059
0.082556
0.084371
0.084756
0.082758
0.083463
0.082764
0.082809
0.082976
0.084910
0.083530
0.083341
0.083549
0.083262
0.083694
0.083303
0.083833
0.082916
0.084586
0.083937
0.195469
0.082416
0.082827
0.083068
0.083143
0.083495
0.083339
0.142729
0.082953
0.083520
0.141504
0.082587
0.083535
0.144378
0.083334
0.082931
0.140960
0.141078
0.141172
0.082197
0.195117
0.083358
0.082610
0.082362
0.141376
0.140610
0.081889
0.141977
0.083129
0.081883
0.083130
0.081973
0.083326
0.081880
0.142020
0.141126
0.141073
0.080776
0.081219
0.083667
0.081589
0.140928
0.141441
0.140646
0.140716
0.140899
0.141043
0.141379
0.081726
0.081783
0.081764
0.081653
0.081270
0.082164
0.081994
0.082393
0.082454
0.081677
0.081757
0.081826
0.196430
0.081777
0.140517
0.140661
0.140629
0.082225
0.082123
0.082206
0.081289
0.081868
0.141517
0.140153
0.082670
0.081691
0.082306
0.082277
0.082613
0.085633
0.084228
0.085809
0.198147
0.084305
0.084103
0.084422
0.084774
0.084142
0.084384
0.085328
0.085873
0.086500
0.085598
0.086165
0.086845
0.085984
0.086864
0.087052
0.086595
0.086839
0.087505
0.086453
0.199991
0.087032
0.087412
0.087866
0.087641
0.087279
0.087808
0.088508
0.089427
0.089074
0.089949
0.088291
0.087729
0.087821
0.087087
0.088436
0.087483
0.088682
0.088653
0.088570
0.202322
0.086583
0.086022
0.086631
0.086636
0.088267
0.087147
0.086683
0.086855
0.087983
0.088807
0.088505
0.088102
0.088056
0.087971
0.088611
0.089631
0.091236
0.091532
0.092108
0.206170
0.085046
0.083643
0.084888
0.085107
0.084416
0.084946
0.087106
0.084586
0.084862
0.084556
0.089878
0.091398
0.090001
0.090139
0.091519
0.091747
0.095039
0.091490
0.091019
0.203195
0.090395
0.083056
0.082683
0.082618
0.083533
0.083446
0.083256
0.083110
0.083189
0.083520
0.083212
0.083065
0.083190
0.083982
0.083094
0.083713
0.082562
0.082541
0.084452
0.197114
0.084013
0.083793
0.083133
0.084781
0.084279
0.092389
0.092643
0.093619
0.091111
0.091133
0.090489
0.089205
0.089486
0.089193
0.090862
0.083885
0.083854
0.084605
0.084908
0.199496
0.085207
0.084710
0.085108
0.085610
0.085747
0.086037
0.086673
0.085228
0.084054
0.084249
0.084964
0.084649
0.084597
0.092806
0.092640
0.083868
0.084720
0.087189
0.084763
0.198644
0.084154
0.085106
0.084810
0.084514
0.084632
0.085166
0.090912
0.090531
0.084475
0.085087
0.084547
0.083810
0.084287
0.084332
0.084157
0.084676
0.083699
0.084379
0.083727
0.143183
0.142550
0.083452
0.083296
0.142323
0.142088
0.143148
0.091782
0.151084
0.090811
0.151056
0.151055
0.151070
0.151413
0.150213
0.150335
0.102325
0.099753
0.099406
0.100058
0.213318
0.092087
0.094271
0.095798
0.091727
0.097828
0.101776
0.099262
0.100211
0.097343
0.096288
0.088469
0.088286
0.087445
0.088415
0.088628
0.088190
0.088296
0.089080
0.088673
0.207133
0.087063
0.085893
0.086553
0.086839
0.086146
0.086524
0.086399
0.087129
0.089120
0.091137
0.085913
0.085995
0.086100
0.086183
0.086218
0.085430
0.085885
0.086314
0.086848
0.200361
0.087059
0.086780
0.087191
0.087147
0.086352
0.145454
0.084767
0.084718
0.084638
0.083559
0.086114
0.085819
0.086849
0.087424
0.087745
0.086635
0.088646
0.089419
0.088673
0.202745
0.089736
0.082600
0.091195
0.083276
0.083810
0.082741
0.083441
0.083335
0.142118
0.142442
0.083426
0.083739
0.084615
0.085402
0.084203
0.084395
0.084796
0.083647
0.083653
0.196399
0.084219
0.083943
0.084014
0.083883
0.083949
0.083312
0.083394
0.083673
0.084312
0.083570
0.084115
0.083649
0.083990
0.084011
0.084186
0.083288
0.083734
0.083647
0.083532
0.197414
0.083297
0.083061
0.083354
0.083176
0.082595
0.142667
0.142849
0.083906
0.083930
0.143245
0.143054
0.142576
0.150416
0.090044
0.089743
0.089740
0.090815
0.142245
0.143246
0.082857
0.142547
0.082836
0.082572
0.089902
0.090455
0.090048
0.087846
0.088228
0.090213
0.096761
0.091535
0.094123
0.096879
0.099154
0.097573
0.098655
0.149043
0.149031
0.089252
0.156512
0.089682
0.160228
0.151021
0.151600
0.151816
0.088348
0.142029
0.141452
0.149874
0.149095
0.150365
0.088758
0.090450
0.090284
0.081504
0.088985
0.142025
0.142381
0.147561
0.197210
0.083066
0.142804
0.083560
0.083369
0.084350
0.084147
0.083607
0.083608
0.083823
0.084216
0.083786
0.084234
0.084417
0.083595
0.083972
0.083774
0.083163
0.083330
0.091780
0.206316
0.091872
0.091722
0.092607
0.091677
0.090623
0.088773
0.087601
0.087372
0.147719
0.147221
0.089097
0.088877
0.089860
0.090462
0.092041
0.091254
0.091923
0.091495
0.092171
0.198257
0.082938
0.091209
0.094212
0.084302
0.091885
0.091407
0.091314
0.149844
0.089101
0.089480
0.148819
0.089008
0.152099
0.144277
0.144048
0.086240
0.145224
0.085228
0.085655
0.085195
0.155088
0.084853
0.089986
0.087317
0.086828
0.149515
0.144014
0.144684
0.084126
0.146184
0.085181
0.146070
0.143596
0.143459
0.144485
0.084793
0.085360
0.086530
0.086162
0.201051
0.084275
0.084562
0.085388
0.087404
0.083216
0.082877
0.082526
0.082616
0.082857
0.083158
0.083862
0.082755
0.142028
0.082911
0.082999
0.083231
0.082829
0.082694
0.082612
0.082319
0.082431
0.142641
0.143704
0.155862
0.097777
0.144107
0.142821
0.142406
0.082603
0.086945
0.095980
0.091834
0.147148
0.144710
0.142072
0.145458
0.155647
0.147088
0.084038
0.156381
0.153146
0.148014
0.158979
0.148081
0.085721
0.158913
0.097461
0.148997
0.094950
0.090245
0.144389
0.144395
0.143536
0.084279
0.088125
0.089283
0.085648
0.086044
0.087674
0.204834
0.085233
0.089743
0.089018
0.089889
0.088207
0.089872
0.088585
0.087597
0.089894
0.089104
0.088521
0.084409
0.082987
0.083350
0.083606
0.142807
0.083641
0.084397
0.085590
0.143179
0.142862
0.141623
0.142417
0.083779
0.141871
0.083237
0.084041
0.083357
0.084280
0.083890
0.083508
0.083768
0.083517
0.082366
0.082191
0.081815
0.081825
0.081539
0.081851
0.195542
0.082217
0.081993
0.082289
0.084978
0.082391
0.081502
0.081749
0.081984
0.081515
0.081606
0.082211
0.081699
0.082162
0.081841
0.081763
0.081832
0.082242
0.082129
0.081417
0.196941
0.082264
0.082859
0.082138
0.081637
0.082822
0.081600
0.081890
0.081764
0.081839
0.081859
0.083049
0.082003
0.081628
0.081900
0.082207
0.082351
0.082865
0.144103
0.149534
0.197942
0.142096
0.142064
0.142799
0.143684
0.142586
0.143801
0.083999
0.083596
0.084909
0.148242
0.084366
0.144978
0.085444
0.093478
0.093267
0.086657
0.087112
0.094839
0.088133
0.201625
0.088585
0.089466
0.089927
0.089211
0.095107
0.089703
0.094442
0.089039
0.147763
0.088798
0.096733
0.148155
0.089257
0.094622
0.088653
0.097264
0.090791
0.090914
0.090544
0.207621
0.091447
0.103024
0.090996
0.102480
0.090917
0.098351
0.099159
0.092601
0.096520
0.099202
0.099935
0.088153
0.087537
0.087344
0.089047
0.097931
0.095752
0.099873
0.096992
0.211643
0.090351
0.098847
0.096953
0.097610
0.096716
0.090484
0.098090
0.097535
0.097455
0.099378
0.090760
0.088742
0.087552
0.089224
0.098114
0.098634
0.098281
0.098515
0.101352
0.202255
0.085103
0.088858
0.088291
0.088826
0.088557
0.091284
0.084769
0.084604
0.088511
0.084785
0.092012
0.088618
0.087158
0.088717
0.089676
0.089348
0.084736
0.087421
0.088141
0.201846
0.084942
0.084496
0.084368
0.083389
0.083110
0.082780
0.082638
0.082639
0.083452
0.083600
0.082988
0.082835
0.083128
0.082915
0.083016
0.083615
0.083117
0.083104
0.083778
0.196736
0.089712
0.090605
0.090702
0.083283
0.082657
0.082873
0.083140
0.083783
0.083076
0.083207
0.083318
0.082806
0.083170
0.082477
0.083108
0.082606
0.083134
0.082776
0.090781
0.203346
0.082871
0.084075
0.083246
0.082737
0.084470
0.083765
0.083900
0.083524
0.084101
0.084099
0.083873
0.083002
0.083750
0.083774
0.083436
0.083741
0.084044
0.083184
0.083924
0.196926
0.083772
0.083878
0.084995
0.083611
0.083050
0.083947
0.083591
0.084334
0.083854
0.083463
0.083403
0.084403
0.083875
0.083428
0.084535
0.083880
0.083769
0.083383
0.083904
0.197642
0.083912
0.083004
0.082800
0.083060
0.083367
0.083024
0.082795
0.091091
0.083280
0.086361
0.083367
0.082538
0.089668
0.090567
0.082171
0.082158
0.090196
0.082516
0.082351
0.195336
0.089480
0.089987
0.089947
0.089721
0.089961
0.089884
0.090609
0.091471
0.102887
0.085239
0.087396
0.089351
0.092792
0.095322
0.085321
0.087524
0.087773
0.092207
0.098317
0.206610
0.091505
0.095799
0.091129
0.102906
0.091774
0.092487
0.095102
0.096046
0.091955
0.091804
0.091394
0.086037
0.086353
0.091095
0.084155
0.091418
0.087487
0.092172
0.100374
0.207575
0.093166
0.103367
0.102668
0.091504
0.090864
0.083792
0.091910
0.086888
0.086212
0.087677
0.087975
0.090897
0.089138
0.091096
0.102278
0.102039
0.085403
0.085474
0.085645
0.200670
0.084245
0.085682
0.087259
0.083746
0.083398
0.083190
0.083135
0.083314
0.083464
0.083256
0.083885
0.084012
0.083579
0.082640
0.090978
0.090573
0.089651
0.091291
0.083731
0.196681
0.082933
0.083257
0.089943
0.090454
0.090643
0.091975
0.083270
0.083733
0.083518
0.083100
0.083370
0.084229
0.083368
0.083418
0.091587
0.083125
0.084609
0.085405
0.089251
0.204525
0.082862
0.084237
0.083273
0.083429
0.083673
0.082670
0.083252
0.083409
0.082767
0.083811
0.083118
0.090306
0.082387
0.083391
0.083239
0.083475
0.083640
0.083919
0.083457
0.198148
0.083753
0.083884
0.083753
0.083817
0.083540
0.083043
0.084452
0.084384
0.085152
0.084965
0.084787
0.084405
0.084510
0.084515
0.083979
0.085415
0.084562
0.084764
0.084885
0.197761
0.084755
0.084693
0.084553
0.084335
0.084450
0.085118
0.085153
0.084479
0.084938
0.084867
0.084872
0.084812
0.084934
0.084924
0.084569
0.092143
0.083587
0.091720
0.092723
0.206156
0.091920
0.083886
0.084367
0.085317
0.087897
0.084630
0.085123
0.084338
0.091120
0.083698
0.091267
0.091501
0.091651
0.091841
0.084039
0.085779
0.085204
0.084361
0.084668
0.198306
0.084584
0.084510
0.085024
0.085397
0.084705
0.084525
0.084471
0.085004
0.084701
0.084561
0.083860
0.084193
0.084050
0.084072
0.084151
0.084740
0.083828
0.091611
0.084451
0.197832
0.084311
0.085779
0.083889
0.092404
0.084317
0.084726
0.083889
0.084375
0.084250
0.084396
0.084701
0.084065
0.083936
0.084300
0.083926
0.083799
0.084648
0.084409
0.084717
0.199334
0.085305
0.085790
0.085762
0.084710
0.083469
0.083877
0.083195
0.083572
0.083654
0.086169
0.083683
0.083585
0.083311
0.083517
0.083032
0.082656
0.083611
0.083219
0.083050
0.196312
0.083256
0.082875
0.083054
0.083176
0.091101
0.082541
0.084373
0.090724
0.091387
0.082487
0.082480
0.083391
0.083490
0.084278
0.082865
0.083292
0.084472
0.084224
0.084480
0.198431
0.084911
0.084703
0.084490
0.085191
0.084910
0.084816
0.084154
0.084839
0.083655
0.084972
0.084444
0.084487
0.084258
0.085088
0.085198
0.084351
0.085014
0.085186
0.084500
0.199439
0.085883
0.083222
0.083110
0.083555
0.083546
0.083478
0.083713
0.083304
0.083274
0.082730
0.083486
0.082944
0.083447
0.083124
0.083196
0.083031
0.083324
0.083227
0.083780
0.196680
0.082196
0.083620
0.083788
0.082919
0.082821
0.082916
0.083457
0.083581
0.084761
0.083476
0.085423
0.084650
0.083772
0.083872
0.084848
0.084259
0.085212
0.084930
0.085200
0.198574
0.084542
0.084347
0.085068
0.085178
0.084894
0.084801
0.084470
0.085581
0.084668
0.085273
0.084510
0.084394
0.085037
0.084917
0.084394
0.085682
0.085716
0.084663
0.084876
0.198793
0.084682
0.084586
0.082859
0.083430
0.084072
0.082986
0.082706
0.082854
0.083439
0.090327
0.089722
0.089914
0.148022
0.087156
0.145676
0.146132
0.146268
0.086277
0.146785
0.149016
0.085635
0.085702
0.085064
0.084865
0.084702
0.085096
0.084761
0.085464
0.085743
0.143420
0.084507
0.084237
0.143258
0.084669
0.083917
0.143153
0.084634
0.143801
0.083952
0.198719
0.085713
0.084465
0.083546
0.146327
0.142442
0.084066
0.143729
0.142884
0.083808
0.083476
0.084462
0.083343
0.084106
0.141920
0.083907
0.083411
0.084092
0.083445
0.143373
0.198577
0.083014
0.082407
0.142875
0.142084
0.142031
0.082487
0.142902
0.143682
0.083040
0.141972
0.148136
0.082651
0.082649
0.083017
0.083123
0.143742
0.145402
0.084742
0.085831
0.198564
0.085158
0.085029
0.086284
0.086012
0.145767
0.086095
0.086478
0.085814
0.086594
0.085422
0.084966
0.085227
0.085326
0.085465
0.085721
0.086247
0.085053
0.084966
0.085266
0.199372
0.086200
0.085178
0.085532
0.086178
0.085440
0.085674
0.087042
0.085446
0.085306
0.084660
0.085272
0.085680
0.087324
0.086292
0.085331
0.086574
0.085992
0.085912
0.086893
0.199164
0.086613
0.085639
0.085855
0.086698
0.087084
0.087482
0.086741
0.144977
0.146917
0.146802
0.146788
0.149249
0.143333
0.151367
0.150890
0.150102
0.151737
0.091588
0.090580
0.149466
0.090961
0.092490
0.091345
0.151320
0.143331
0.141574
0.082935
0.082560
0.149067
0.149454
0.148427
0.082932
0.142572
0.083163
0.141191
0.141477
0.090332
0.141768
0.141756
0.141789
0.149045
0.149987
0.148784
0.142123
0.082873
0.142290
0.150007
0.148648
0.149253
0.089441
0.149408
0.082781
0.091021
0.090245
0.090169
0.090365
0.148872
0.089426
0.089061
0.205106
0.150140
0.082499
0.090720
0.090543
0.090261
0.090678
0.091448
0.091236
0.083632
0.083192
0.083481
0.083559
0.083330
0.082910
0.082319
0.082674
0.083101
0.083660
0.083437
0.198168
0.083884
0.084400
0.084338
0.083306
0.084049
0.084663
0.084106
0.089330
0.084473
0.083864
0.084173
0.085983
0.082753
0.083582
0.083304
0.150697
0.151093
0.083630
0.082995
0.196084
0.082918
0.083927
0.083859
0.084201
0.083680
0.083970
0.085485
0.084259
0.084006
0.083519
0.083690
0.083918
0.084022
0.150364
0.089340
0.089585
0.089040
0.088453
0.089127
0.205585
0.089665
0.089451
0.089580
0.089858
0.089373
0.089297
0.089970
0.089503
0.089327
0.086349
0.088896
0.088946
0.089892
0.095463
0.095259
0.088794
0.088370
0.088311
0.089114
0.203745
0.088807
0.088044
0.088204
0.087449
0.087970
0.087187
0.087647
0.086930
0.086841
0.087014
0.087082
0.087350
0.087138
0.086416
0.085899
0.087032
0.086107
0.085999
0.086246
0.200070
0.086549
0.085860
0.086591
0.085366
0.086651
0.086662
0.086069
0.085589
0.084852
0.084922
0.085425
0.085159
0.085600
0.085894
0.084064
0.083990
0.083996
0.083565
0.082860
0.197223
0.083943
0.082688
0.083035
0.083739
0.083634
0.083067
0.083312
0.083385
0.083621
0.083312
0.082614
0.082517
0.084179
0.082974
0.082745
0.082556
0.142114
0.141490
0.081162
0.140610
0.081425
0.080670
0.080637
0.139962
0.081131
0.141537
0.081638
0.081606
0.081540
0.141385
0.140740
0.140485
0.140688
0.140074
0.085946
0.081851
0.081808
0.081171
0.081331
0.194946
0.081343
0.080899
0.140656
0.081549
0.081120
0.080834
0.081267
0.081403
0.081360
0.081601
0.081586
0.081264
0.081389
0.081811
0.081041
0.081359
0.081244
0.081937
0.081155
0.195910
0.081255
0.081492
0.081276
0.081659
0.081174
0.080979
0.081569
0.082174
0.081011
0.081273
0.081533
0.081005
0.081122
0.081260
0.140859
0.086203
0.081803
0.081585
0.082586
0.196436
0.141965
0.082965
0.083306
0.082866
0.083595
0.084426
0.083712
0.143025
0.084007
0.083479
0.084296
0.084515
0.083414
0.084093
0.083743
0.083918
0.143244
0.083705
0.144544
0.144118
0.084741
0.143723
0.143700
0.085696
0.145650
0.145015
0.085722
0.085611
0.086100
0.085238
0.085315
0.083850
0.083864
0.084366
0.084358
0.084306
0.083573
0.083592
0.084246
0.143203
0.084866
0.084350
0.083754
0.084411
0.083822
0.083105
0.083047
0.083321
0.082690
0.083375
0.083030
0.083277
0.083076
0.083284
0.083219
0.082813
0.083138
0.082608
0.083148
0.197212
0.083111
0.083811
0.081757
0.081666
0.082088
0.082075
0.082078
0.081765
0.082547
0.081284
0.083123
0.082004
0.081858
0.081961
0.081841
0.082171
0.081292
0.081240
0.081197
0.196141
0.080936
0.081157
0.082337
0.081023
0.081717
0.081311
0.081237
0.081170
0.081736
0.081562
0.081395
0.080766
0.081167
0.081633
0.081138
0.080824
0.081491
0.081079
0.082850
0.196583
0.081420
0.081352
0.081648
0.081539
0.141328
0.082044
0.141474
0.141412
0.081608
0.082148
0.083041
0.082471
0.082792
0.083590
0.082118
0.082523
0.081757
0.081523
0.081488
0.195427
0.081733
0.081378
0.081210
0.081161
0.082007
0.081465
0.081335
0.081753
0.081586
0.084058
0.084198
0.085932
0.082852
0.082858
0.083125
0.082702
0.083040
0.082654
0.082879
0.196435
0.083703
0.083025
0.083179
0.082956
0.080956
0.082572
0.082582
0.083151
0.082727
0.083085
0.082608
0.083613
0.083252
0.082906
0.082890
0.083077
0.083743
0.083389
0.083327
0.197996
0.083959
0.084327
0.084232
0.084678
0.084642
0.084598
0.084173
0.084870
0.084632
0.084702
0.085421
0.084707
0.085016
0.084553
0.084794
0.084290
0.084300
0.084593
0.084753
0.198770
0.084118
0.084077
0.085047
0.085659
0.085476
0.085258
0.085396
0.085624
0.085999
0.085500
0.085211
0.085270
0.085989
0.085938
0.085539
0.085769
0.085136
0.085274
0.085758
0.198117
0.085307
0.085654
0.085679
0.086537
0.085164
0.086157
0.084173
0.084893
0.084549
0.085103
0.084641
0.085252
0.084453
0.085483
0.085150
0.085201
0.085876
0.085679
0.085822
0.200025
0.085974
0.085872
0.087109
0.086058
0.086928
0.087314
0.087315
0.087879
0.088280
0.086653
0.086294
0.085954
0.086372
0.086166
0.085999
0.085958
0.085995
0.085932
0.086099
0.200507
0.086988
0.087239
0.087354
0.088167
0.088808
0.088298
0.088644
0.088313
0.088884
0.088493
0.090838
0.088525
0.088269
0.088490
0.088921
0.088339
0.088937
0.088587
0.088699
0.202088
0.088222
0.087898
0.088688
0.088851
0.090917
0.089573
0.089899
0.091874
0.091723
0.092407
0.091833
0.083824
0.092297
0.084359
0.083096
0.083501
0.083769
0.083058
0.089869
0.196853
0.090728
0.090707
0.089072
0.088822
0.088879
0.148256
0.089273
0.148351
0.148453
0.148163
0.146870
0.147621
0.088766
0.147326
0.145800
0.147907
0.146914
0.145686
0.085181
0.085415
0.146209
0.146525
0.147723
0.088528
0.089216
0.090437
0.090788
0.084747
0.085160
0.084898
0.083900
0.085403
0.085431
0.084871
0.084808
0.084254
0.084520
0.085238
0.082985
0.196803
0.082611
0.083632
0.083051
0.083269
0.083131
0.083210
0.082977
0.083348
0.083341
0.082337
0.083472
0.083604
0.090554
0.090231
0.083131
0.142677
0.083656
0.142212
0.142198
0.195474
0.082631
0.083326
0.083122
0.082803
0.083340
0.083121
0.083887
0.141868
0.082619
0.082932
0.083156
0.082315
0.083191
0.082448
0.083187
0.083814
0.083492
0.083018
0.083129
0.196977
0.082991
0.082931
0.082961
0.083127
0.082532
0.082847
0.083116
0.083156
0.082948
0.083437
0.083358
0.083507
0.083194
0.082927
0.083918
0.083180
0.082956
0.082549
0.083073
0.196362
0.083158
0.083536
0.083590
0.085359
0.084758
0.085036
0.087876
0.087300
0.087652
0.088652
0.086634
0.095809
0.093847
0.098822
0.089164
0.082744
0.083967
0.084323
0.083905
0.196922
0.084666
0.084162
0.083731
0.083025
0.090790
0.082785
0.091474
0.089429
0.088172
0.087627
0.087973
0.088252
0.087169
0.087507
0.087777
0.088764
0.090525
0.095187
0.088266
0.201949
0.088992
0.090519
0.089780
0.090723
0.099745
0.091721
0.100958
0.101499
0.102045
0.100933
0.097466
0.089749
0.089850
0.097026
0.094630
0.090711
0.086014
0.097182
0.088960
0.209522
0.150111
0.091940
0.099255
0.092890
0.092014
0.091311
0.089430
0.089123
0.088827
0.087712
0.087069
0.088022
0.089081
0.088586
0.088880
0.089727
0.094687
0.093311
0.093214
0.207464
0.091802
0.093042
0.087519
0.087810
0.086870
0.087750
0.088167
0.087409
0.088495
0.088700
0.088115
0.087605
0.088038
0.088965
0.090017
0.089006
0.088331
0.088111
0.089497
0.202506
0.088553
0.088810
0.088353
0.091145
0.083403
0.083199
0.083647
0.083675
0.083388
0.082301
0.090177
0.088358
0.090575
0.088988
0.088966
0.089288
0.089556
0.089931
0.150693
0.147760
0.089547
0.088401
0.149329
0.149050
0.090671
0.148440
0.151158
0.149666
0.090643
0.089875
0.089794
0.089864
0.092375
0.089719
0.090031
0.089940
0.090464
0.090188
0.089374
0.202427
0.089856
0.089818
0.089917
0.089643
0.089806
0.089594
0.090766
0.089362
0.088894
0.089285
0.087927
0.089049
0.088752
0.087620
0.088310
0.087134
0.088584
0.088349
0.087830
0.201744
0.087992
0.088612
0.088391
0.089469
0.088226
0.088526
0.091409
0.087873
0.087644
0.087074
0.087122
0.087217
0.087005
0.086217
0.087377
0.087539
0.087343
0.087225
0.087779
0.201596
0.088325
0.088498
0.088868
0.088619
0.087880
0.087803
0.087882
0.088347
0.087744
0.088034
0.088509
0.088604
0.087963
0.089115
0.088372
0.088742
0.090033
0.097964
0.089096
0.204232
0.082603
0.090953
0.089814
0.089693
0.090301
0.089867
0.091172
0.089660
0.089576
0.089853
0.089016
0.090096
0.084200
0.086565
0.084069
0.098145
0.089974
0.090054
0.090213
0.204324
0.082888
0.082673
0.083280
0.082662
0.082977
0.083294
0.083437
0.083091
0.083142
0.083417
0.083957
0.084737
0.084484
0.085324
0.083628
0.083962
0.084596
0.084051
0.084548
0.203019
0.083536
0.083728
0.083875
0.083132
0.083484
0.142844
0.084454
0.084130
0.084672
0.084038
0.084240
0.088851
0.086756
0.089901
0.090261
0.089280
0.149127
0.089191
0.090838
0.203977
0.148682
0.090311
0.148382
0.082495
0.090904
0.091098
0.090544
0.082940
0.082619
0.083349
