0.417078
0.037760
0.038009
0.037911
0.038003
0.037918
0.037889
0.037931
0.037970
0.037838
0.039078
0.038792
0.038842
0.038863
0.039069
0.037842
0.038026
0.038068
0.037919
0.037969
0.066165
0.037915
0.037862
0.037885
0.037988
0.037930
0.037747
0.037853
0.037881
0.037899
0.037798
0.037739
0.037910
0.037873
0.037974
0.037677
0.038022
0.037686
0.038007
0.038336
0.071937
0.038159
0.038329
0.038325
0.038174
0.038386
0.038061
0.037748
0.037772
0.037861
0.037725
0.037690
0.038001
0.037745
0.037916
0.037630
0.037618
0.037603
0.037537
0.037400
0.071530
0.037747
0.038189
0.037785
0.037826
0.038358
0.038440
0.038455
0.038293
0.038495
0.038728
0.038845
0.038643
0.038910
0.039080
0.039300
0.039378
0.039184
0.039406
0.039392
0.072887
0.039210
0.038971
0.038847
0.039191
0.039293
0.039242
0.039504
0.039114
0.038911
0.038520
0.038562
0.038550
0.038630
0.038306
0.038373
0.038218
0.038348
0.038259
0.038587
0.072605
0.038588
0.038858
0.038558
0.038559
0.039014
0.038977
0.038823
0.039452
0.039440
0.039165
0.039538
0.038376
0.038410
0.038677
0.038869
0.038471
0.038752
0.038468
0.038610
0.072484
0.038874
0.038574
0.038671
0.038753
0.038865
0.039980
0.039881
0.039822
0.039601
0.039507
0.040386
0.041635
0.040246
0.039888
0.039127
0.039913
0.039863
0.039935
0.038615
0.073733
0.039815
0.041391
0.039500
0.039768
0.039935
0.040016
0.039802
0.039800
0.039496
0.040076
0.039490
0.039500
0.039519
0.039759
0.039876
0.040216
0.038310
0.040398
0.040039
0.074823
0.038718
0.038605
0.038757
0.039309
0.039558
0.037270
0.037509
0.039423
0.039543
0.037251
0.039614
0.039466
0.039454
0.038985
0.039240
0.037096
0.039392
0.040819
0.039421
0.073183
0.038931
0.038447
0.038168
0.038194
0.038603
0.038229
0.038253
0.038330
0.039397
0.038517
0.038327
0.038425
0.038352
0.038425
0.038058
0.038196
0.038103
0.038176
0.038003
0.072191
0.038038
0.040006
0.038516
0.038297
0.038241
0.039308
0.039489
0.039527
0.039321
0.039343
0.039391
0.039438
0.039477
0.039495
0.039294
0.039233
0.039152
0.039240
0.039262
0.073538
0.039062
0.039479
0.039188
0.039106
0.039268
0.039230
0.039158
0.039695
0.037549
0.037452
0.037549
0.037548
0.037737
0.037597
0.037674
0.037684
0.037540
0.037557
0.037731
0.071518
0.037795
0.037562
0.037467
0.037854
0.037525
0.037531
0.037441
0.037645
0.037598
0.037548
0.037333
0.037380
0.037463
0.037524
0.037282
0.037339
0.037439
0.037233
0.037348
0.071240
0.037358
0.037320
0.037227
0.037258
0.037081
0.039033
0.037523
0.037472
0.037750
0.037859
0.037569
0.037534
0.039086
0.040085
0.038616
0.038563
0.038573
0.038563
0.038391
0.072921
0.038646
0.038514
0.038609
0.038561
0.038475
0.038704
0.038693
0.038876
0.038506
0.038862
0.038989
0.039233
0.038857
0.039132
0.039266
0.038869
0.039307
0.039534
0.039443
0.073517
0.039492
0.039294
0.039382
0.039306
0.039681
0.039173
0.039136
0.039391
0.039344
0.039190
0.039359
0.039245
0.039341
0.039139
0.039303
0.039345
0.039184
0.039161
0.038987
0.073334
0.038969
0.039163
0.039126
0.039076
0.038968
0.038833
0.039047
0.038921
0.038913
0.039103
0.039136
0.038908
0.038845
0.039189
0.038927
0.038263
0.037583
0.037345
0.037408
0.071324
0.037575
0.037566
0.036071
0.037335
0.037454
0.037451
0.037001
0.038542
0.038568
0.038542
0.038478
0.038471
0.038759
0.037545
0.037499
0.037484
0.038602
0.038779
0.038462
0.072850
0.038513
0.038366
0.038500
0.038416
0.038474
0.038598
0.040115
0.037559
0.037539
0.037851
0.037957
0.037910
0.037764
0.037868
0.038164
0.037898
0.037916
0.039000
0.038849
0.073195
0.039010
0.038937
0.038906
0.038796
0.039018
0.039240
0.039049
0.039128
0.039398
0.038950
0.039079
0.038987
0.039212
0.039210
0.039118
0.039284
0.039179
0.041025
0.039020
0.073112
0.038987
0.039003
0.039077
0.039011
0.038908
0.039002
0.039150
0.039032
0.039071
0.039048
0.039052
0.038899
0.038943
0.039125
0.039013
0.038995
0.038892
0.038908
0.038964
0.073252
0.039440
0.038916
0.038749
0.038966
0.038905
0.043701
0.039333
0.039318
0.039036
0.039355
0.039577
0.039263
0.039737
0.039595
0.039195
0.039823
0.039578
0.039159
0.039192
0.073416
0.039022
0.039115
0.038986
0.039034
0.039177
0.039343
0.039579
0.039662
0.039739
0.039492
0.039800
0.040030
0.038054
0.037977
0.037883
0.037901
0.037752
0.037808
0.043938
0.072909
0.040012
0.046795
0.039595
0.039723
0.039284
0.040109
0.038902
0.038850
0.039304
0.038877
0.038894
0.039075
0.039545
0.039740
0.039855
0.040094
0.039677
0.040033
0.039829
0.074327
0.038902
0.038924
0.038937
0.038841
0.039062
0.038938
0.039037
0.038996
0.039140
0.039014
0.038892
0.039002
0.039397
0.039313
0.039124
0.038863
0.038652
0.038644
0.038623
0.072519
0.038552
0.038473
0.039675
0.039431
0.039147
0.038881
0.038876
0.039056
0.039176
0.038965
0.038753
0.038857
0.038709
0.038719
0.038628
0.038594
0.038699
0.038435
0.038930
0.073401
0.039003
0.039307
0.039366
0.039327
0.039221
0.039361
0.039205
0.039190
0.039215
0.039589
0.039356
0.039206
0.039631
0.039454
0.038431
0.038423
0.038407
0.038402
0.039339
0.073635
0.039422
0.039607
0.039771
0.037967
0.037981
0.037945
0.037840
0.037855
0.037987
0.037845
0.037619
0.037767
0.037526
0.037669
0.037668
0.037677
0.037652
0.037685
0.037752
0.071512
0.037601
0.037607
0.037699
0.038472
0.037747
0.037667
0.037793
0.037674
0.037852
0.038018
0.037881
0.037928
0.037628
0.037939
0.037924
0.038002
0.037851
0.037900
0.037904
0.071675
0.037839
0.037877
0.037767
0.037946
0.038101
0.038262
0.038116
0.037858
0.038014
0.037856
0.037849
0.038165
0.039091
0.039286
0.038877
0.040103
0.037505
0.037623
0.037470
0.071445
0.037557
0.038017
0.037857
0.037818
0.038075
0.038114
0.038414
0.037993
0.040324
0.037376
0.037143
0.037155
0.037207
0.055216
0.037213
0.037256
0.037263
0.037145
0.037176
0.071083
0.037196
0.037443
0.037441
0.037124
0.037277
0.037487
0.037318
0.037338
0.037247
0.037150
0.037228
0.037240
0.037131
0.037398
0.037231
0.037432
0.037474
0.037981
0.038238
0.072083
0.038239
0.038236
0.038240
0.038357
0.038450
0.038289
0.038344
0.038585
0.038781
0.038530
0.038420
0.038260
0.038184
0.038247
0.038361
0.038244
0.038255
0.038041
0.038179
0.071929
0.038125
0.038030
0.038083
0.038022
0.038103
0.037969
0.038243
0.038410
0.038125
0.038478
0.038269
0.037997
0.037753
0.055849
0.037722
0.036334
0.037728
0.037568
0.055339
0.071208
0.037601
0.037418
0.037456
0.037463
0.039053
0.038725
0.038681
0.038944
0.038517
0.038533
0.038505
0.038649
0.038359
0.038673
0.056470
0.038465
0.038572
0.038443
0.038553
0.072684
0.038709
0.038771
0.037611
0.037569
0.037593
0.038370
0.038496
0.038704
0.038562
0.038628
0.037800
0.038202
0.038647
0.038512
0.038521
0.038452
0.038775
0.036999
0.036913
0.070729
0.037017
0.036969
0.036961
0.037063
0.037016
0.036909
0.036952
0.037016
0.037411
0.037688
0.037705
0.037491
0.037517
0.038431
0.038618
0.038683
0.038900
0.038559
0.038484
0.072876
0.038836
0.038640
0.038423
0.038814
0.038539
0.038470
0.038677
0.038532
0.038715
0.043705
0.038861
0.038771
0.038694
0.038754
0.038800
0.038321
0.038727
0.038777
0.038765
0.073170
0.038771
0.038677
0.038970
0.038634
0.038826
0.038689
0.038976
0.038645
0.038632
0.038952
0.038817
0.043654
0.041977
0.038732
0.038922
0.038605
0.038866
0.038929
0.038723
0.072988
0.038996
0.038977
0.039237
0.039254
0.038946
0.039133
0.038935
0.039286
0.037302
0.037460
0.037741
0.038062
0.038126
0.038050
0.038002
0.037945
0.037964
0.038302
0.038914
0.073074
0.038825
0.038964
0.038848
0.039185
0.039118
0.039053
0.038941
0.038706
0.038725
0.038844
0.038563
0.038759
0.038558
0.038563
0.038668
0.038627
0.038823
0.038854
0.038730
0.072895
0.038742
0.038659
0.039168
0.037817
0.037521
0.037149
0.037064
0.037109
0.037246
0.037235
0.037003
0.037109
0.037144
0.037122
0.037060
0.037077
0.037140
0.037184
0.037735
0.071601
0.037692
0.038139
0.038779
0.038802
0.038756
0.038700
0.038662
0.037705
0.038025
0.037831
0.037444
0.037696
0.037921
0.038680
0.039038
0.038641
0.038277
0.038557
0.038527
0.072731
0.038919
0.038762
0.038830
0.038884
0.038659
0.038825
0.038781
0.038655
0.038880
0.039016
0.038750
0.038721
0.038830
0.038719
0.038417
0.038731
0.038753
0.038973
0.039056
0.071044
0.037166
0.037183
0.037161
0.037178
0.037036
0.037087
0.037061
0.037220
0.037130
0.037264
0.037135
0.037221
0.036999
0.036919
0.037138
0.037038
0.036948
0.036994
0.036996
0.070758
0.037072
0.037186
0.037195
0.037010
0.037267
0.037071
0.036902
0.036953
0.037203
0.037215
0.037131
0.037170
0.037058
0.037221
0.037025
0.037151
0.037319
0.042320
0.037384
0.071704
0.037633
0.037421
0.037030
0.037225
0.037162
0.037162
0.037021
0.036848
0.037180
0.037104
0.035811
0.037096
0.035593
0.037147
0.037090
0.037296
0.037292
0.037361
0.037300
0.071277
0.037419
0.037396
0.037277
0.037356
0.037259
0.037521
0.037557
0.037569
0.037392
0.038395
0.037633
0.040496
0.038172
0.055732
0.037562
0.037557
0.037736
0.037671
0.055765
0.071661
0.037730
0.037707
0.055567
0.055507
0.055586
0.055648
0.055803
0.037960
0.037831
0.037934
0.037915
0.037994
0.038111
0.037891
0.038030
0.038026
0.037924
0.037976
0.037973
0.071942
0.037961
0.037608
0.038244
0.037959
0.040362
0.039425
0.040066
0.037672
0.037717
0.056084
0.056141
0.056217
0.039114
0.035975
0.036939
0.054785
0.037102
0.057229
0.038794
0.070776
0.038803
0.037851
0.037953
0.038518
0.038051
0.038132
0.056021
0.038269
0.038349
0.038313
0.038794
0.047657
0.039722
0.039743
0.039898
0.040089
0.038780
0.038346
0.038284
0.072247
0.038028
0.038412
0.038076
0.038559
0.039012
0.039135
0.039159
0.039038
0.039211
0.038973
0.038890
0.038860
0.038540
0.038841
0.038814
0.038584
0.038478
0.038302
0.038510
0.072415
0.038308
0.038349
0.038497
0.038450
0.038731
0.038429
0.038409
0.038523
0.038383
0.038517
0.038844
0.038582
0.038399
0.038711
0.038543
0.038627
0.037614
0.056762
0.037712
0.037490
0.037622
0.057468
0.039438
0.040903
0.038036
0.038043
0.038221
0.037889
0.038081
0.038039
0.038214
0.039865
0.038679
0.038555
0.038321
0.038217
0.038353
0.039287
0.039474
0.073259
0.039412
0.039378
0.039157
0.039460
0.039487
0.039568
0.039433
0.039791
0.039974
0.040072
0.039981
0.040042
0.040090
0.040774
0.040560
0.040395
0.039753
0.039925
0.039621
0.073505
0.040132
0.038010
0.037985
0.037735
0.037877
0.037726
0.037787
0.037784
0.037714
0.037684
0.037672
0.037676
0.037690
0.037686
0.037755
0.037536
0.037548
0.037606
0.037672
0.071585
0.037498
0.037539
0.037785
0.038056
0.038585
0.038056
0.038093
0.038232
0.038019
0.037971
0.038040
0.038384
0.038744
0.039041
0.038832
0.038805
0.038990
0.038491
0.057012
0.072925
0.038797
0.038788
0.039023
0.038852
0.038899
0.038791
0.039553
0.044150
0.039093
0.043306
0.039180
0.039017
0.042292
0.037562
0.037501
0.037461
0.037487
0.037314
0.037382
0.071428
0.037425
0.037524
0.037750
0.037987
0.037943
0.037827
0.037845
0.037809
0.037972
0.038198
0.038289
0.038149
0.038158
0.038126
0.038140
0.038223
0.038327
0.038083
0.038057
0.072484
0.038649
0.038611
0.038722
0.038569
0.038720
0.038879
0.038903
0.038837
0.039052
0.039509
0.039201
0.040002
0.038892
0.038666
0.038918
0.038901
0.038918
0.039120
0.039047
0.074603
0.039668
0.039185
0.038979
0.039141
0.038996
0.039145
0.039075
0.038986
0.038909
0.038328
0.038343
0.039809
0.037994
0.038123
0.037997
0.038087
0.038338
0.040950
0.043361
0.077493
0.038342
0.038146
0.038355
0.039287
0.043610
0.044827
0.039767
0.043025
0.039326
0.041912
0.042268
0.043156
0.041878
0.043916
0.043502
0.045655
0.043667
0.045475
0.045047
0.079494
0.039131
0.038581
0.038603
0.038549
0.038072
0.037833
0.037941
0.037996
0.037799
0.037949
0.037827
0.037737
0.037741
0.037941
0.038029
0.037858
0.037977
0.037822
0.037927
0.072256
0.037882
0.037860
0.037771
0.037679
0.037733
