1.00
0.85
0.72
0.64
0.63
0.60
0.58
0.52
0.50
0.49
0.49
0.50
0.56
0.59
0.58
0.52
0.38
0.29
0.28
0.24
0.16
0.17
0.13
0.09
0.15
0.15
0.17
0.17
0.18
0.19
0.18
0.19
0.16
0.16
0.20
0.15
0.20
0.14
0.20
0.22
0.21
0.36
0.37
0.36
0.40
0.43
0.38
0.34
0.27
0.23
0.23
0.21
0.26
0.34
0.32
0.30
0.26
0.24
0.21
0.23
0.25
0.26
0.36
0.37
0.35
0.39
0.40
0.41
0.43
0.43
0.42
0.42
0.49
0.43
0.48
0.45
0.49
0.49
0.50
0.46
0.46
0.49
0.51
0.48
0.52
0.50
0.51
0.50
0.45
0.45
0.41
0.46
0.47
0.44
0.42
0.41
0.37
0.38
0.31
0.32
0.26
0.29
0.23
0.25
0.18
0.13
0.07
0.06
0.12
0.06
0.06
0.08
0.11
0.09
0.08
0.10
0.10
0.11
0.10
0.22
0.25
0.23
0.27
0.21
0.26
0.30
0.29
0.39
0.53
0.34
0.34
0.29
0.35
0.29
0.33
0.39
0.49
0.54
0.49
0.53
0.50
0.52
0.50
0.46
0.50
0.52
0.52
0.56
0.66
0.62
0.65
0.63
0.64
0.66
0.67
0.63
0.65
0.64
0.60
0.59
0.58
0.55
0.58
0.51
0.58
0.66
0.61
0.49
0.40
0.28
0.26
0.23
0.19
0.13
0.19
0.40
0.41
0.43
0.53
0.51
0.56
0.52
0.54
0.54
0.51
0.61
0.68
0.64
0.64
0.62
0.70
0.67
0.72
0.73
0.68
0.68
0.69
0.68
0.66
0.63
0.58
0.70
0.70
0.69
0.67
0.69
0.68
0.66
0.69
0.71
0.66
0.59
0.57
0.54
0.55
0.53
0.48
0.47
0.55
0.52
0.48
0.55
0.58
0.64
0.64
0.65
0.63
0.67
0.64
0.70
0.70
0.68
0.69
0.65
0.50
0.54
0.65
0.67
0.69
0.64
0.64
0.64
0.66
0.61
0.59
0.60
0.61
0.60
0.60
0.60
0.70
0.73
0.63
0.57
0.48
0.48
0.48
0.59
0.59
0.60
0.59
0.79
0.87
0.82
0.78
0.80
0.76
0.69
0.68
0.67
0.58
0.58
0.56
0.58
0.62
0.64
0.70
0.75
0.73
0.71
0.73
0.75
0.75
0.67
0.64
0.68
0.52
0.48
0.42
0.36
0.34
0.41
0.37
0.38
0.41
0.60
0.72
0.85
0.90
0.93
0.91
0.92
0.91
0.89
1.02
1.04
0.97
0.97
0.96
1.00
0.92
0.94
0.93
0.91
0.89
0.85
0.97
0.96
0.86
0.84
0.83
0.85
0.81
0.81
0.86
0.82
0.81
0.74
0.75
0.71
0.76
0.73
0.76
0.73
0.81
0.82
0.88
0.79
0.87
0.79
0.74
0.87
0.84
0.76
0.71
0.73
0.70
0.66
0.66
0.66
0.59
0.61
0.61
0.63
0.56
0.63
0.69
0.79
0.82
0.86
0.82
0.84
0.94
0.97
0.95
0.94
1.00
0.94
0.97
0.93
0.98
0.96
0.98
0.95
1.01
0.98
0.91
0.80
0.81
0.90
0.83
0.74
0.68
0.74
0.69
0.64
0.66
0.61
0.63
0.66
0.71
0.70
0.71
0.78
0.75
0.82
0.84
0.86
0.88
0.91
0.93
0.90
0.89
0.88
0.85
0.71
0.54
0.37
0.34
0.29
0.25
0.26
0.34
0.36
0.42
0.43
0.35
0.43
0.42
0.46
0.47
0.50
0.58
0.57
0.58
0.54
0.54
0.50
0.50
0.51
0.57
0.65
0.61
0.65
0.57
0.51
0.49
0.53
0.59
0.53
0.50
0.62
0.64
0.62
0.65
0.64
0.66
0.65
0.68
0.62
0.66
0.63
0.60
0.65
0.62
0.58
0.64
0.62
0.62
0.60
0.54
0.63
0.66
0.64
0.62
0.60
0.47
0.46
0.55
0.51
0.48
0.46
0.55
0.54
0.58
0.49
0.53
0.47
0.41
0.41
0.37
0.42
0.31
0.31
0.43
0.35
0.45
0.48
0.50
0.50
0.50
0.52
0.54
0.55
0.58
0.55
0.52
0.53
0.52
0.59
0.63
0.53
0.50
0.46
0.42
0.41
0.38
0.40
0.42
0.46
0.51
0.56
0.55
0.59
0.71
0.72
0.72
0.69
0.71
0.69
0.65
0.72
0.67
0.69
0.69
0.70
0.65
0.65
0.63
0.69
0.63
0.63
0.68
0.66
0.65
0.60
0.49
0.45
0.41
0.40
0.39
0.46
0.44
0.44
0.38
0.35
0.40
0.39
0.41
0.44
0.42
0.46
0.45
0.44
0.42
0.39
0.39
0.35
0.33
0.32
0.31
0.39
0.41
0.38
0.30
0.24
0.17
0.17
0.20
0.20
0.22
0.23
0.19
0.14
0.17
0.16
0.21
0.16
0.15
0.14
0.15
0.17
0.17
0.16
0.14
0.17
0.16
0.19
0.25
0.26
0.29
0.31
0.27
0.30
0.38
0.35
0.45
0.43
0.44
0.45
0.46
0.50
0.54
0.52
0.52
0.55
0.48
0.50
0.50
0.45
0.41
0.44
0.41
0.43
0.42
0.37
0.35
0.33
0.28
0.29
0.34
0.27
0.37
0.25
0.25
0.19
0.25
0.19
0.19
0.22
0.19
0.20
0.19
0.30
0.36
0.37
0.42
0.45
0.55
0.53
0.35
0.39
0.39
0.39
0.40
0.47
0.50
0.47
0.42
0.53
0.54
0.46
0.47
0.50
0.59
0.61
0.54
0.56
0.52
0.53
0.49
0.55
0.57
0.54
0.64
0.60
0.57
0.56
0.59
0.55
0.56
0.46
0.43
0.55
0.52
0.39
0.39
0.31
0.24
0.32
0.13
0.14
0.19
0.20
0.29
0.18
0.23
0.34
0.32
0.38
0.37
0.29
0.34
0.45
0.63
0.65
0.72
0.65
0.65
0.68
0.72
0.71
0.75
0.69
0.70
0.69
0.68
0.60
0.65
0.69
0.71
0.73
0.70
0.73
0.73
0.68
0.70
0.74
0.68
0.76
0.64
0.78
0.71
0.82
0.78
0.82
0.82
0.85
0.88
0.79
0.81
0.76
0.77
0.76
0.68
0.55
0.64
0.60
0.49
0.40
0.34
0.24
0.17
0.08
0.08
0.09
0.11
0.16
0.14
0.16
0.16
0.22
0.22
0.36
0.38
0.32
0.39
0.33
0.27
0.37
0.34
0.44
0.57
0.65
0.57
0.57
0.53
0.58
0.54
0.55
0.54
0.53
0.52
0.57
0.62
0.62
0.75
0.74
0.72
0.79
0.80
0.88
0.83
0.76
0.77
0.62
0.57
0.55
0.61
0.72
0.52
0.50
0.37
0.29
0.23
0.24
0.26
0.30
0.37
0.39
0.38
0.60
0.57
0.49
0.50
0.54
0.54
0.50
0.44
0.38
0.34
0.33
0.32
0.32
0.28
0.31
0.27
0.17
0.13
0.15
0.11
0.27
0.24
0.27
0.23
0.22
0.22
0.20
0.21
0.23
0.22
0.20
0.22
0.21
0.24
0.22
0.25
0.25
0.28
0.27
0.25
0.40
0.41
0.39
0.37
0.40
0.38
0.36
0.37
0.35
0.37
0.35
0.40
0.37
0.35
0.36
0.30
0.32
0.38
0.36
0.34
0.45
0.48
0.50
0.52
0.52
0.51
0.50
0.51
0.50
0.53
0.49
0.52
0.50
0.52
0.53
0.55
0.54
0.52
0.51
0.48
0.61
0.59
0.59
0.61
0.59
0.59
0.58
0.60
0.55
0.54
0.58
0.60
0.58
0.57
0.57
0.56
0.57
0.56
0.56
0.54
0.72
0.72
0.69
0.68
0.71
0.71
0.71
0.67
0.68
0.67
0.67
0.61
0.72
0.70
0.69
0.70
0.69
0.72
0.72
0.69
0.72
0.75
0.73
0.73
0.74
0.70
0.67
0.62
0.70
0.72
0.76
0.73
0.60
0.69
0.73
0.69
0.62
0.73
0.74
0.70
0.64
0.69
0.71
0.69
0.64
0.62
0.66
0.71
0.66
0.75
0.73
0.70
0.72
0.70
0.78
0.77
0.77
0.71
0.64
0.69
0.76
0.73
0.70
0.77
0.77
0.78
0.77
0.74
0.76
0.78
0.82
0.87
0.86
0.85
0.76
0.72
0.77
0.68
0.70
0.66
0.70
0.69
0.72
0.65
0.78
0.82
0.80
0.83
0.84
0.82
0.84
0.84
0.84
0.80
0.78
0.76
0.77
0.84
0.87
0.84
0.97
0.92
0.89
0.93
0.96
0.86
0.96
0.90
0.94
0.94
0.91
0.81
0.80
0.92
0.94
0.91
0.83
0.90
0.94
0.94
0.95
0.93
0.86
0.81
0.92
0.92
0.96
0.97
0.93
0.93
0.94
0.93
0.92
0.94
0.93
0.94
0.93
0.93
0.90
0.91
0.94
0.90
0.85
0.82
0.80
0.81
0.86
0.83
0.93
0.85
0.82
0.93
0.99
0.99
0.95
0.86
0.88
0.93
0.85
0.83
0.95
0.85
0.95
0.90
0.88
0.90
0.83
0.86
0.92
0.86
0.97
0.99
0.97
0.97
0.98
0.95
0.93
0.84
0.91
0.90
0.89
0.83
0.85
0.85
0.83
0.85
0.87
0.89
0.92
0.92
0.95
0.89
0.89
0.88
0.94
0.81
1.00
0.85
0.87
0.92
0.95
0.97
1.01
1.03
1.04
1.04
1.05
1.03
0.92
0.93
0.82
0.90
0.86
0.89
0.99
1.00
1.02
1.02
1.02
0.89
0.98
0.99
0.94
0.95
0.94
0.97
0.97
0.96
0.94
1.01
0.99
0.99
0.99
0.95
0.94
0.92
0.93
0.75
0.87
0.88
0.87
0.87
0.89
0.84
0.87
0.91
0.89
0.91
0.90
0.91
0.92
0.94
0.94
0.96
0.99
0.95
0.98
0.99
1.04
1.02
1.05
0.96
1.02
1.03
1.02
0.98
0.85
0.87
0.93
0.91
0.92
0.90
0.97
0.97
0.94
0.91
0.94
0.93
0.96
0.94
1.02
1.00
0.99
1.02
0.97
1.01
1.00
0.99
1.01
1.06
1.05
1.04
1.11
1.09
1.11
1.07
1.11
1.09
1.07
1.10
1.06
1.08
1.03
1.06
1.04
1.07
1.08
1.02
1.08
1.06
1.05
1.08
1.10
1.07
1.06
1.07
1.07
1.05
0.96
0.97
0.87
0.92
0.95
0.97
0.93
0.94
0.98
1.01
0.96
0.95
0.92
0.95
1.04
0.98
0.98
0.97
1.00
0.99
0.85
0.83
1.03
1.01
0.96
0.97
1.03
1.00
1.07
1.05
0.99
0.96
0.96
0.97
1.03
1.03
1.06
1.06
0.99
1.02
1.03
1.02
1.03
1.02
1.01
1.04
0.97
0.97
0.97
0.99
0.96
1.00
0.98
1.01
0.92
0.93
0.98
0.96
0.96
0.95
0.93
0.97
0.98
0.96
0.97
0.81
0.81
0.86
0.80
0.71
0.70
0.62
0.53
0.47
0.33
0.31
0.24
0.22
0.17
0.26
0.29
0.29
0.33
0.36
0.28
0.39
0.28
0.29
0.27
0.20
0.26
0.23
0.27
0.29
0.30
0.41
0.41
0.35
0.40
0.36
0.44
0.43
0.50
0.51
0.49
0.43
0.48
0.52
0.53
0.52
0.59
0.56
0.60
0.56
0.57
0.57
0.58
0.59
0.57
0.55
0.48
0.50
0.38
0.36
0.33
0.27
0.32
0.27
0.29
0.45
0.34
0.29
0.35
0.37
0.44
0.41
0.42
0.43
0.44
0.41
0.35
0.38
0.38
0.45
0.41
0.45
0.52
0.82
0.79
0.77
0.78
0.81
0.76
0.75
0.76
0.68
0.59
0.65
0.70
0.70
0.68
0.73
0.79
0.78
0.76
0.76
0.77
0.71
0.70
0.69
0.72
0.65
0.63
0.70
0.62
0.75
0.71
0.71
0.67
0.65
0.61
0.58
0.75
0.66
0.67
0.67
0.63
0.52
0.42
0.32
0.28
0.47
0.58
0.59
0.60
0.60
0.55
0.63
0.60
0.70
0.69
0.66
0.69
0.71
0.73
0.69
0.74
0.68
0.75
0.71
0.68
0.66
0.63
0.73
0.68
0.70
0.65
0.66
0.70
0.67
0.67
0.62
0.49
0.48
0.44
0.45
0.48
0.48
0.45
0.41
0.50
0.53
0.58
0.70
0.64
0.56
0.53
0.48
0.38
0.46
0.45
0.45
0.44
0.56
0.52
0.51
0.57
0.49
0.44
0.50
0.63
0.69
0.72
0.65
0.70
0.76
0.77
0.75
0.70
0.64
0.55
0.52
0.55
0.49
0.44
0.42
0.34
0.26
0.27
0.21
0.20
0.20
0.23
0.23
0.29
0.26
0.28
0.30
0.36
0.46
0.35
0.37
0.63
0.51
0.52
0.63
0.65
0.75
0.62
0.64
0.67
0.70
0.81
0.77
0.89
0.88
0.99
1.02
1.03
0.92
0.95
0.88
0.88
0.94
0.96
0.87
0.81
0.81
0.89
0.96
0.95
0.89
0.95
0.89
0.98
0.91
1.04
1.06
1.09
1.00
1.00
1.16
1.10
1.03
1.05
1.08
1.06
1.12
1.08
1.09
1.04
1.03
0.99
1.01
0.99
0.95
0.87
0.84
0.85
0.88
0.84
0.79
0.75
0.75
0.70
0.70
0.74
0.68
0.63
0.82
0.82
0.82
0.85
0.83
0.71
0.66
0.73
0.74
0.68
0.69
0.71
0.63
0.54
0.60
0.63
0.57
0.55
0.47
0.45
0.49
0.55
0.52
0.53
0.55
0.53
0.53
0.49
0.48
0.40
0.42
0.35
0.40
0.42
0.36
0.45
0.45
0.47
0.45
0.52
0.47
0.48
0.50
0.53
0.68
0.59
0.68
0.71
0.64
0.67
0.69
0.68
0.67
0.79
0.83
0.74
0.85
0.81
0.78
0.85
0.85
0.83
0.83
0.82
0.82
0.80
0.80
0.81
0.64
0.79
0.84
0.83
0.81
0.85
0.86
0.83
0.81
0.79
0.78
0.66
0.62
0.49
0.48
0.43
0.33
0.34
0.38
0.38
0.41
0.37
0.46
0.39
0.28
0.17
0.22
0.13
0.18
0.19
0.22
0.22
0.17
0.25
0.22
0.29
0.37
0.21
0.20
0.25
0.25
0.24
0.41
0.44
0.47
0.58
0.55
0.62
0.56
0.54
0.60
0.61
0.62
0.58
0.55
0.61
0.65
0.56
0.51
0.53
0.42
0.67
0.57
0.39
0.19
0.22
0.20
0.40
0.30
0.40
0.49
0.46
0.44
0.50
0.42
0.51
0.63
0.95
0.82
0.98
0.99
1.13
1.01
0.94
1.17
1.16
1.15
1.13
1.12
1.06
1.06
1.16
0.91
1.15
1.17
1.18
1.14
1.17
1.09
0.94
1.04
0.93
1.04
1.14
1.14
1.03
1.09
1.08
0.86
0.95
1.10
1.00
1.09
0.95
0.84
1.08
1.05
0.89
0.81
0.95
1.07
1.03
1.00
1.01
1.04
1.01
0.95
0.77
0.48
0.16
0.14
0.15
0.12
0.14
0.15
0.17
0.27
0.30
0.43
0.64
0.85
0.91
1.08
1.04
1.06
1.02
1.08
1.08
0.97
1.08
1.08
1.10
1.07
1.14
1.08
1.08
1.09
1.08
1.09
1.15
1.13
1.07
0.97
0.71
0.44
0.43
0.37
0.36
0.45
0.36
0.40
0.39
0.41
0.45
0.46
0.53
0.61
0.70
0.68
0.64
0.66
0.67
0.65
0.66
0.68
0.79
0.78
0.72
0.68
0.75
0.81
0.74
0.74
0.71
0.77
0.74
0.78
0.79
0.80
0.84
0.90
0.88
0.85
0.82
0.79
0.89
0.85
0.96
0.91
0.88
0.91
0.93
0.96
0.94
0.95
0.98
0.91
0.94
0.87
0.87
0.89
0.91
0.91
0.94
0.89
0.90
0.95
0.97
1.02
0.99
1.00
0.95
0.99
0.96
0.81
0.75
0.73
0.79
0.80
0.98
1.09
1.08
0.95
0.96
0.95
0.99
0.95
0.94
0.98
0.92
0.90
0.89
0.91
0.88
0.90
0.92
0.94
0.94
0.91
0.85
0.76
0.70
0.68
0.55
0.52
0.60
0.69
0.88
0.80
0.80
0.74
0.77
0.78
0.80
0.77
0.80
0.79
0.77
0.69
0.81
0.82
0.72
0.78
0.81
0.84
0.71
0.73
0.71
0.65
0.69
0.68
0.67
0.67
0.73
0.69
0.69
0.80
0.79
0.76
0.81
0.73
0.67
0.70
0.57
0.59
0.53
0.53
0.51
0.53
0.44
0.37
0.40
0.34
0.36
0.35
0.31
0.26
0.43
0.38
0.31
0.28
0.31
0.28
0.22
0.17
0.20
0.23
0.21
0.34
0.27
0.38
0.37
0.41
0.46
0.45
0.42
0.47
0.47
0.39
0.49
0.47
0.49
0.49
0.47
0.47
0.44
0.56
0.52
0.56
0.56
0.50
0.52
0.46
0.52
0.52
0.46
0.52
0.40
0.41
0.44
0.46
0.52
0.49
0.56
0.61
0.68
0.70
0.78
0.74
0.77
0.77
0.77
0.68
0.94
0.98
0.92
0.89
0.91
0.86
0.84
0.98
0.97
0.96
0.99
0.97
1.01
0.97
1.00
0.96
0.94
0.96
0.95
0.95
0.98
0.95
0.99
0.97
0.98
0.98
0.94
0.97
0.86
0.82
0.91
0.86
0.86
0.86
0.88
0.79
0.81
0.76
0.78
0.75
0.68
0.69
0.69
0.60
0.61
0.61
0.60
0.55
0.55
0.53
0.47
0.52
0.52
0.50
0.43
0.48
0.38
0.38
0.37
0.36
0.38
0.45
0.44
0.46
0.44
0.50
0.47
0.48
0.49
0.48
0.50
0.55
0.61
0.61
0.62
0.69
0.68
0.67
0.61
0.65
0.59
0.60
0.59
0.61
0.59
0.67
0.67
0.64
0.63
0.67
0.64
0.66
0.61
0.70
0.69
0.70
0.71
0.71
0.56
0.50
0.53
0.54
0.52
0.64
0.62
0.67
0.66
0.64
0.69
0.67
0.69
0.73
0.72
0.73
0.65
0.66
0.67
0.75
0.76
0.76
0.75
0.79
0.68
0.63
0.64
0.73
0.75
0.78
0.74
0.78
0.70
0.58
0.31
0.21
0.31
0.40
0.31
0.36
0.35
0.43
0.39
0.42
0.45
0.50
0.60
0.62
0.50
0.40
0.41
0.43
0.50
0.52
0.46
0.50
0.49
0.59
0.74
0.76
0.75
0.77
0.81
0.74
0.75
0.75
0.81
0.79
0.82
0.87
0.89
0.92
0.89
0.87
0.96
1.00
1.07
1.14
1.13
1.05
1.07
1.10
1.02
1.00
1.12
1.04
1.01
1.02
1.00
0.95
0.95
0.88
0.95
0.93
0.83
0.84
0.85
0.76
0.70
0.70
0.74
0.65
0.54
0.49
0.42
0.28
0.45
0.55
0.64
0.66
0.66
0.65
0.56
0.54
0.53
0.59
0.64
0.55
0.56
0.59
0.65
0.71
0.74
0.74
0.75
0.76
0.76
0.79
0.72
0.70
0.60
0.60
0.57
0.55
0.71
0.81
0.84
0.77
0.67
0.69
0.58
0.65
0.63
0.65
0.59
0.66
0.76
0.84
0.81
0.75
0.69
0.65
0.70
0.74
0.83
0.84
0.84
0.71
0.64
0.56
0.58
0.69
0.71
0.69
0.70
0.73
0.75
0.79
0.81
0.82
0.85
0.88
0.80
0.76
0.78
0.73
0.58
0.56
0.48
0.42
0.53
0.71
0.67
0.64
0.63
0.63
0.73
0.74
0.72
0.69
0.69
0.73
0.80
0.71
0.69
0.80
0.74
0.91
0.80
0.82
0.78
0.96
0.88
0.99
