0.430022
0.040080
0.040096
0.040319
0.040705
0.041031
0.041225
0.041131
0.041179
0.041053
0.041066
0.041072
0.041224
0.041288
0.041142
0.041188
0.041323
0.041306
0.041667
0.041465
0.069654
0.041437
0.041223
0.041211
0.041383
0.041674
0.041399
0.041465
0.041253
0.041402
0.041326
0.041630
0.041484
0.041896
0.041335
0.041472
0.041256
0.041500
0.042084
0.041538
0.075375
0.041856
0.041558
0.041682
0.041654
0.041556
0.041540
0.041542
0.041473
0.041387
0.041390
0.041502
0.041469
0.041754
0.041569
0.041220
0.041608
0.041620
0.041416
0.041448
0.075762
0.041572
0.041497
0.041392
0.041539
0.041506
0.041651
0.041777
0.041403
0.041566
0.041433
0.041596
0.041576
0.041592
0.041570
0.041882
0.041928
0.041875
0.041847
0.042206
0.075150
0.041987
0.041811
0.041795
0.050292
0.041970
0.041834
0.041813
0.041816
0.041863
0.041803
0.041790
0.042074
0.041897
0.042256
0.042187
0.041932
0.041781
0.042093
0.042004
0.075883
0.041733
0.042274
0.041898
0.041797
0.042216
0.041865
0.042151
0.042357
0.042182
0.042400
0.042049
0.042252
0.042325
0.042470
0.039666
0.040509
0.043288
0.050966
0.038165
0.071789
0.038151
0.038184
0.038231
0.038311
0.038178
0.038175
0.038253
0.038130
0.038230
0.039268
0.040375
0.045321
0.038659
0.038752
0.038755
0.038933
0.038751
0.038645
0.038730
0.072351
0.038885
0.038727
0.038789
0.038718
0.038623
0.038654
0.038897
0.041539
0.041346
0.041359
0.041288
0.041229
0.041206
0.045763
0.053860
0.040725
0.040715
0.040559
0.040651
0.074090
0.040709
0.040680
0.040594
0.040607
0.040587
0.040483
0.040694
0.041690
0.047784
0.039885
0.040064
0.039959
0.039826
0.040533
0.040490
0.040593
0.040011
0.039838
0.040005
0.073428
0.039895
0.039995
0.039958
0.039823
0.039961
0.039949
0.040005
0.040058
0.040030
0.040059
0.039885
0.039865
0.039678
0.039532
0.039835
0.039523
0.039878
0.039841
0.039860
0.073477
0.040068
0.040056
0.039818
0.040307
0.040099
0.040211
0.040122
0.040476
0.040368
0.040554
0.040283
0.040598
0.040690
0.040350
0.040731
0.040408
0.040262
0.040197
0.040218
0.073735
0.040357
0.040522
0.040169
0.040157
0.040288
0.041587
0.040833
0.040360
0.040206
0.040219
0.040085
0.039887
0.040332
0.040330
0.040154
0.040167
0.040175
0.040151
0.040416
0.073900
0.040661
0.040476
0.040358
0.041264
0.042877
0.040170
0.040208
0.040260
0.040024
0.040277
0.039924
0.040034
0.040013
0.039904
0.039869
0.040039
0.039999
0.040090
0.040172
0.073533
0.040117
0.040318
0.040664
0.040168
0.040430
0.040387
0.040020
0.040244
0.040378
0.040535
0.040606
0.038213
0.038565
0.038437
0.038563
0.038497
0.039119
0.039373
0.038995
0.072649
0.039533
0.039059
0.040166
0.040538
0.039327
0.039108
0.039048
0.040886
0.039210
0.039181
0.038965
0.040020
0.040608
0.039485
0.038502
0.038414
0.038538
0.038914
0.039531
0.072808
0.039024
0.039146
0.038925
0.038945
0.038654
0.038486
0.038643
0.038499
0.038321
0.038350
0.039326
0.041161
0.038170
0.040973
0.038322
0.041502
0.041404
0.041313
0.041295
0.074707
0.041183
0.042224
0.051638
0.042001
0.051831
0.042220
0.042250
0.042256
0.042229
0.042260
0.042262
0.051618
0.050951
0.051209
0.047571
0.044683
0.044730
0.041988
0.042978
0.075876
0.042399
0.045746
0.042326
0.042358
0.042488
0.042503
0.045664
0.042264
0.048858
0.042190
0.042331
0.042037
0.042128
0.042796
0.042186
0.042836
0.041911
0.042109
0.042053
0.075737
0.041976
0.041753
0.042067
0.042038
0.048193
0.051665
0.042219
0.043690
0.048170
0.043833
0.041568
0.041825
0.041655
0.041847
0.050307
0.050748
0.042099
0.041738
0.041971
0.083064
0.041400
0.049551
0.049690
0.046593
0.041564
0.041615
0.041695
0.041760
0.043764
0.043457
0.046454
0.043467
0.043755
0.050752
0.047382
0.043366
0.043559
0.050374
0.043707
0.081065
0.043584
0.052827
0.043857
0.052428
0.052444
0.042546
0.051635
0.053508
0.041734
0.042181
0.042625
0.042735
0.042590
0.051446
0.042795
0.042800
0.040118
0.042755
0.040190
0.075930
0.039866
0.043786
0.044914
0.041788
0.039983
0.039928
0.043335
0.045257
0.039867
0.039984
0.039865
0.046058
0.040468
0.045422
0.045706
0.040627
0.040828
0.040780
0.040781
0.074359
0.040629
0.040393
0.040735
0.043163
0.047052
0.040635
0.040856
0.040767
0.041938
0.041180
0.040920
0.041146
0.044821
0.045284
0.040966
0.046769
0.046303
0.040950
0.047511
0.074516
0.040751
0.045349
0.040805
0.040553
0.044877
0.040461
0.040660
0.044919
0.042835
0.040497
0.040962
0.040647
0.041091
0.040964
0.039903
0.039757
0.038962
0.039056
0.039062
0.072768
0.038539
0.039733
0.039382
0.039532
0.038783
0.039192
0.040962
0.038121
0.038211
0.038375
0.038425
0.038300
0.038268
0.038246
0.038149
0.038301
0.038187
0.038107
0.038344
0.071673
0.038345
0.038239
0.038351
0.038439
0.038463
0.038263
0.038384
0.038175
0.040112
0.039062
0.039328
0.038960
0.038908
0.038824
0.039304
0.044008
0.039994
0.040559
0.045843
0.076972
0.040131
0.040038
0.040292
0.039616
0.039673
0.040413
0.039826
0.039689
0.039912
0.039602
0.042105
0.040389
0.039471
0.043626
0.043467
0.039933
0.039719
0.040039
0.039827
0.071967
0.038095
0.038254
0.037892
0.038288
0.038030
0.037863
0.037838
0.037917
0.038221
0.038066
0.038055
0.037989
0.038294
0.038116
0.038299
0.037998
0.038128
0.038216
0.037974
0.071529
0.037908
0.037939
0.038088
0.038950
0.038082
0.037873
0.038057
0.038105
0.038263
0.038061
0.038040
0.037901
0.038292
0.038698
0.037941
0.038041
0.038146
0.038015
0.038000
0.071554
0.038062
0.038254
0.038076
0.038083
0.038099
0.037904
0.038214
0.037979
0.038027
0.038114
0.038069
0.038291
0.038063
0.038178
0.038242
0.038198
0.040330
0.038382
0.038031
0.071689
0.038312
0.038209
0.038178
0.038134
0.038131
0.037872
0.037934
0.038129
0.038006
0.038203
0.038415
0.038007
0.037923
0.037818
0.038307
0.038100
0.038349
0.038413
0.038007
0.072203
0.038610
0.038267
0.038025
0.038424
0.038045
0.038324
0.038017
0.037817
0.037970
0.038276
0.038212
0.038263
0.038386
0.038180
0.038132
0.038022
0.038433
0.038311
0.038005
0.071645
0.038385
0.038341
0.038342
0.038097
0.038078
0.038689
0.038100
0.038250
0.038125
0.038255
0.038138
0.038192
0.038095
0.038557
0.039160
0.039047
0.038950
0.039148
0.039290
0.076744
0.038913
0.043002
0.043131
0.043055
0.043218
0.043217
0.038985
0.045277
0.038930
0.046129
0.038440
0.045938
0.044106
0.045244
0.043026
0.038993
0.041254
0.041023
0.041275
0.078186
0.040098
0.041994
0.042123
0.044954
0.045845
0.040599
0.040473
0.039686
0.043342
0.042362
0.039689
0.039624
0.042401
0.044742
0.040315
0.044283
0.045967
0.040177
0.043931
0.077520
0.044671
0.040434
0.040511
0.040266
0.040338
0.045651
0.040393
0.044734
0.045955
0.040406
0.042756
0.040377
0.040343
0.040456
0.046664
0.040499
0.040401
0.042042
0.040391
0.079195
0.040790
0.040457
0.040448
0.045506
0.040649
0.045681
0.040750
0.045830
0.046039
0.040614
0.040654
0.040540
0.044694
0.040417
0.046151
0.046400
0.042121
0.040543
0.040607
0.074538
0.043626
0.041025
0.040785
0.046838
0.045085
0.040897
0.043060
0.040377
0.040224
0.040818
0.046288
0.044503
0.040384
0.040807
0.040526
0.040818
0.045093
0.040661
0.040733
0.074590
0.040853
0.040682
0.046352
0.047222
0.041410
0.040720
0.046297
0.045933
0.040223
0.040971
0.047484
0.044925
0.043684
0.046641
0.045510
0.046295
0.046558
0.040823
0.046296
0.080376
0.046572
0.040774
0.040638
0.045273
0.045501
0.043502
0.045400
0.039464
0.039389
0.040965
0.041747
0.048652
0.039478
0.044329
0.039531
0.039267
0.046680
0.041166
0.046317
0.075293
0.039761
0.041602
0.041911
0.043425
0.040247
0.046237
0.043416
0.039736
0.042876
0.042878
0.039708
0.039708
0.039732
0.039683
0.042909
0.044457
0.044879
0.043386
0.039618
0.075445
0.039637
0.039664
0.039766
0.043037
0.039718
0.042826
0.042730
0.039681
0.039759
0.039690
0.039758
0.045180
0.039697
0.039814
0.039908
0.039761
0.039833
0.039656
0.040904
0.079608
0.046191
0.040504
0.040542
0.040523
0.045963
0.044015
0.040677
0.040495
0.040707
0.040456
0.045601
0.045503
0.043677
0.044628
0.040497
0.040686
0.040503
0.040684
0.039987
0.073794
0.039988
0.040289
0.039805
0.039729
0.039823
0.040063
0.039938
0.040015
0.039836
0.039897
0.039737
0.039735
0.039720
0.039971
0.039788
0.039840
0.039928
0.040018
0.039596
0.074480
0.039881
0.039959
0.040123
0.040012
0.040181
0.039729
0.039871
0.038454
0.039871
0.040043
0.039862
0.039830
0.039990
0.039744
0.039896
0.039774
0.039868
0.040147
0.040040
0.073649
0.040099
0.040197
0.039948
0.040161
0.038649
0.038251
0.038357
0.038402
0.038465
0.038463
0.038522
0.038366
0.038278
0.038087
0.038337
0.038194
0.038493
0.038330
0.038190
0.071767
0.038841
0.038999
0.039020
0.039001
0.040640
0.039103
0.039085
0.039431
0.039008
0.039539
0.039602
0.039536
0.040893
0.040637
0.040450
0.040553
0.040501
0.040736
0.038939
0.072407
0.039490
0.038919
0.038817
0.038931
0.039028
0.038794
0.038960
0.038943
0.038877
0.038961
0.038930
0.039011
0.038918
0.039067
0.038831
0.038921
0.039091
0.038964
0.039037
0.072308
0.038861
0.038916
0.038901
0.039101
0.038947
0.038783
0.038943
0.039000
0.039028
0.038948
0.038913
0.038904
0.038855
0.038957
0.038955
0.038866
0.038920
0.039036
0.038888
0.072553
0.038717
0.038795
0.038765
0.038897
0.038896
0.038810
0.038835
0.038957
0.038841
0.038837
0.038934
0.038911
0.038913
0.038966
0.038845
0.039035
0.038939
0.038785
0.039355
0.073335
0.039228
0.040509
0.039045
0.038893
0.038795
0.039047
0.038948
0.038864
0.038742
0.039040
0.039074
0.039114
0.038933
0.038888
0.039011
0.038989
0.038937
0.038966
0.038939
0.072540
0.038928
0.039079
0.039014
0.038018
0.038156
0.038105
0.038054
0.038144
0.038235
0.039235
0.038081
0.038954
0.039012
0.038026
0.038237
0.038190
0.038280
0.038231
0.038342
0.071580
0.038142
0.038222
0.038152
0.038156
0.038249
0.038145
0.038172
0.038197
0.038131
0.038275
0.038194
0.038055
0.038264
0.038234
0.038108
0.038120
0.038189
0.038252
0.038209
0.071652
0.038195
0.038199
0.038099
0.038230
0.038349
0.038262
0.038152
0.038157
0.038147
0.038038
0.039064
0.037964
0.038128
0.038134
0.038077
0.039038
0.038227
0.038176
0.038167
0.071477
0.038053
0.038160
0.039093
0.038005
0.039077
0.039044
0.039510
0.039575
0.038754
0.039708
0.040504
0.044229
0.040586
0.040353
0.038683
0.038646
0.038823
0.038671
0.038943
0.072517
0.038728
0.038742
0.038687
0.038713
0.038614
0.038516
0.038641
0.038596
0.038805
0.039046
0.038722
0.038845
0.038773
0.038810
0.038901
0.038837
0.039107
0.038789
0.038729
0.072244
0.038833
0.038730
0.038682
0.038713
0.038726
0.039030
0.039275
0.039324
0.039281
0.039201
0.038577
0.038463
0.038479
0.038299
0.038311
0.040954
0.040739
0.040697
0.040463
0.073769
0.040128
0.040339
0.040140
0.040188
0.040039
0.040211
0.039933
0.040208
0.039949
0.040010
0.040132
0.040063
0.039637
0.039896
0.039930
0.039795
0.039900
0.039684
0.039734
0.073465
0.039802
0.039777
0.039834
0.039768
0.039770
0.039916
0.039425
0.039622
0.039708
0.039821
0.039725
0.041302
0.039772
0.039697
0.039681
0.039594
0.039561
0.039683
0.039631
0.073142
0.039628
0.039625
0.039804
0.040400
0.040330
0.040351
0.040372
0.040252
0.040221
0.040243
0.040809
0.041386
0.041265
0.041460
0.041453
0.047874
0.041168
0.041463
0.041445
0.075156
0.041320
0.049634
0.041245
0.041071
0.041073
0.041159
0.041519
0.041492
0.041285
0.041825
0.041669
0.041931
0.042016
0.046515
0.041872
0.049899
0.042166
0.041822
0.041828
0.075986
0.041766
0.042008
0.041796
0.041830
0.041914
0.042156
0.049858
0.042222
0.042130
0.042278
0.041902
0.042064
0.041980
0.042000
0.042065
0.041681
0.045106
0.046419
0.040408
0.073697
0.040274
0.040359
0.040644
0.041958
0.045305
0.041824
0.042007
0.041851
0.041882
0.043877
0.048945
0.041047
0.045891
0.041167
0.058681
0.041088
0.065413
0.042304
0.040891
0.074634
0.040885
0.058761
0.040986
0.040631
0.040493
0.058439
0.040571
0.058364
0.058297
0.058583
0.040258
0.040598
0.040464
0.040809
0.040626
0.040463
0.040695
0.040739
0.040386
0.072755
0.040750
0.040625
0.040570
0.040505
0.040610
0.040231
0.040420
0.040575
0.040728
0.042698
0.040466
0.040861
0.064409
0.040644
