1.00
1.06
0.81
0.74
0.76
0.77
0.75
0.84
0.83
0.77
0.73
0.71
0.75
0.66
0.69
0.71
0.71
0.70
0.67
0.63
0.62
0.70
0.68
0.70
0.71
0.71
0.74
0.77
0.69
0.61
0.54
0.58
0.60
0.58
0.60
0.62
0.59
0.58
0.62
0.60
0.57
0.65
0.62
0.60
0.58
0.55
0.54
0.56
0.58
0.60
0.60
0.61
0.62
0.58
0.57
0.48
0.40
0.32
0.19
0.13
0.07
0.07
0.16
0.04
0.04
0.14
0.19
0.09
0.14
0.16
0.16
0.15
0.16
0.16
0.15
0.17
0.14
0.13
0.12
0.16
0.18
0.27
0.40
0.44
0.43
0.40
0.43
0.48
0.41
0.41
0.42
0.39
0.44
0.43
0.46
0.44
0.44
0.46
0.42
0.43
0.46
0.48
0.54
0.55
0.55
0.56
0.52
0.55
0.58
0.52
0.50
0.55
0.47
0.55
0.53
0.47
0.55
0.48
0.51
0.56
0.54
0.65
0.66
0.64
0.67
0.66
0.63
0.63
0.65
0.62
0.64
0.60
0.61
0.64
0.56
0.59
0.61
0.65
0.66
0.64
0.54
0.70
0.75
0.71
0.68
0.71
0.67
0.62
0.68
0.68
0.65
0.65
0.64
0.68
0.64
0.65
0.62
0.71
0.72
0.67
0.66
0.77
0.72
0.71
0.74
0.75
0.76
0.77
0.77
0.78
0.75
0.74
0.73
0.76
0.74
0.75
0.74
0.80
0.75
0.83
0.81
0.93
0.91
0.94
0.93
0.92
0.94
0.82
0.80
0.82
0.88
0.84
0.84
0.65
0.82
0.81
0.74
0.66
0.72
0.64
0.66
0.59
0.60
0.36
0.29
0.37
0.25
0.29
0.54
0.83
0.79
0.81
0.94
0.94
0.89
0.78
0.84
0.93
0.86
0.85
0.89
0.88
0.83
0.81
0.92
0.95
0.87
0.97
0.98
0.94
0.92
0.82
0.87
1.01
0.94
0.90
0.88
1.04
1.06
0.98
0.98
1.08
0.97
1.06
1.06
1.05
0.94
0.92
1.10
1.07
0.98
1.05
1.04
1.03
1.02
1.05
1.07
1.03
1.04
1.08
1.08
1.01
0.99
1.04
0.90
0.94
0.91
0.91
0.90
1.05
0.99
0.95
0.99
1.00
0.99
0.98
0.90
0.82
1.01
1.01
0.95
0.89
1.02
0.94
0.89
1.04
1.05
0.96
0.96
1.02
0.98
1.03
1.02
1.01
1.02
1.05
0.95
0.97
1.04
0.97
0.99
1.00
1.00
1.02
0.99
1.06
0.92
1.03
0.94
0.98
1.01
0.93
1.00
1.03
1.03
1.02
1.00
0.78
0.92
1.02
1.04
0.97
1.06
0.98
1.08
1.02
1.03
1.05
1.06
0.97
1.03
0.88
0.92
0.92
0.90
0.93
1.02
1.04
0.95
1.00
1.02
1.01
0.99
0.97
0.85
1.04
1.03
1.01
0.93
1.00
1.01
0.97
0.96
0.94
0.95
0.96
1.01
0.94
1.08
1.02
1.00
1.04
1.02
1.02
1.03
0.98
1.00
1.01
0.92
0.91
0.92
1.01
0.98
1.02
1.06
1.01
0.99
1.01
1.03
1.03
1.02
1.04
1.02
1.10
1.07
1.02
1.12
1.03
1.04
1.06
1.12
1.02
0.96
1.04
1.06
1.06
1.06
1.03
0.88
1.02
1.06
1.01
1.09
1.07
1.05
1.09
1.01
1.00
1.03
0.96
1.00
1.06
1.07
0.98
1.08
1.10
1.07
1.01
1.08
1.02
1.01
1.03
1.05
1.00
1.02
0.93
0.93
0.89
0.87
1.00
1.09
0.97
1.08
1.08
1.08
1.09
0.85
0.96
0.96
1.04
1.06
1.02
1.03
0.88
0.86
0.97
1.04
0.93
0.90
1.06
1.04
0.96
0.88
0.87
1.03
0.98
1.03
1.04
1.09
1.05
1.09
1.09
1.12
1.02
1.06
1.03
1.10
0.97
0.86
0.98
1.02
1.00
1.03
1.10
1.01
1.07
1.02
0.96
1.06
1.03
1.09
1.05
0.86
0.98
1.02
1.00
0.98
0.92
0.78
0.70
0.77
0.75
0.79
0.81
0.94
0.92
0.91
0.97
0.81
0.90
0.87
0.97
1.03
1.00
0.96
0.84
0.79
0.88
0.87
0.89
0.91
0.88
0.96
0.87
0.91
0.88
0.76
0.71
0.83
0.80
0.75
1.07
1.03
0.94
1.01
1.06
1.15
1.15
1.07
1.14
1.15
1.10
1.19
1.18
1.23
1.13
1.18
1.15
1.11
1.12
1.19
1.12
1.20
1.22
1.19
1.21
1.12
1.20
1.13
1.15
1.12
1.16
1.16
1.10
1.10
1.17
1.13
1.15
1.15
1.16
1.14
1.09
1.13
1.14
1.12
1.11
1.18
1.09
1.16
1.07
1.16
1.10
1.16
1.13
1.09
1.14
1.06
1.13
1.10
1.10
1.10
1.05
0.63
0.07
0.22
0.60
0.54
0.55
0.75
0.72
0.56
0.41
0.26
0.19
0.29
0.36
0.34
0.49
0.49
0.66
0.61
0.77
0.77
0.78
0.80
0.77
0.74
0.72
0.68
0.58
0.55
0.63
0.62
0.56
0.49
0.49
0.48
0.51
0.48
0.48
0.50
0.68
0.70
0.74
0.75
0.77
0.77
0.81
0.86
0.88
0.91
0.85
0.81
0.81
0.70
0.70
0.66
0.66
0.56
0.57
0.56
0.49
0.28
0.30
0.30
0.32
0.33
0.08
0.25
0.35
0.37
0.53
0.48
0.45
0.44
0.49
0.51
0.53
0.52
0.52
0.46
0.64
0.62
0.65
0.60
0.59
0.56
0.53
0.45
0.60
0.59
0.53
0.57
0.62
0.56
0.59
0.55
0.57
0.63
0.60
0.62
0.89
0.96
0.95
0.93
0.92
0.92
0.88
0.89
0.92
0.95
0.96
0.89
0.93
0.88
0.91
0.93
0.91
0.89
0.93
0.97
0.98
1.05
1.03
1.03
1.04
0.97
0.94
0.95
0.99
0.94
0.94
0.92
0.92
0.91
0.90
0.91
0.86
0.86
0.82
0.82
0.83
0.74
0.74
0.78
0.77
0.81
0.86
0.88
0.85
0.82
0.74
0.66
0.59
0.49
0.44
0.50
0.55
0.51
0.51
0.56
0.63
0.62
0.65
0.59
0.59
0.60
0.60
0.56
0.56
0.47
0.52
0.48
0.45
0.38
0.47
0.51
0.46
0.50
0.45
0.45
0.81
0.82
0.85
0.89
0.98
1.00
1.06
1.12
1.03
1.06
1.05
1.07
1.03
1.03
0.99
0.91
0.92
1.02
0.96
0.99
0.92
0.90
0.88
0.75
0.69
0.60
0.67
0.70
0.67
0.70
0.68
0.71
0.70
0.69
0.65
0.69
0.68
0.62
0.60
0.57
0.77
0.78
0.77
0.66
0.56
0.82
0.90
0.94
0.90
0.83
0.88
0.89
0.86
0.81
0.69
0.74
0.86
0.75
0.90
0.92
1.10
1.01
1.03
0.97
0.92
0.91
0.90
0.82
0.79
0.79
0.72
0.76
0.74
0.69
0.70
0.66
0.69
0.71
0.70
0.68
0.86
0.78
0.83
0.85
0.92
0.94
0.97
0.90
0.92
0.87
0.88
0.88
0.81
0.84
0.81
0.77
0.82
0.73
0.86
0.92
1.08
1.12
1.07
1.16
1.10
1.08
1.14
1.08
1.11
1.06
1.07
1.09
1.12
1.10
1.11
1.12
1.12
1.08
1.11
1.07
1.07
1.05
1.06
1.05
0.99
0.99
1.03
1.02
0.97
0.99
0.97
0.96
1.00
1.00
1.00
1.00
0.93
0.97
0.97
0.94
0.96
0.94
0.97
0.97
0.98
0.99
0.98
1.01
0.96
0.99
0.95
0.98
1.02
0.99
1.04
1.05
1.03
1.00
1.01
1.02
1.08
1.06
1.08
1.09
1.08
1.09
1.05
1.09
1.10
1.10
1.09
1.10
1.06
1.05
1.07
1.07
1.11
1.09
1.11
1.09
1.12
1.09
1.09
1.14
1.12
1.10
1.12
1.07
1.10
1.08
1.04
1.07
1.08
1.04
1.05
1.10
1.06
1.19
1.15
1.13
1.16
1.13
1.16
1.13
1.20
1.17
1.11
1.12
1.15
1.10
1.13
1.10
1.06
1.12
1.10
1.13
1.08
1.04
1.02
0.94
0.96
0.97
0.90
0.95
0.91
0.89
0.99
0.92
0.99
0.98
0.96
0.98
0.92
0.94
0.87
0.87
0.86
0.90
0.85
0.88
1.04
1.08
0.98
0.95
0.95
0.91
0.88
0.81
0.84
0.83
0.80
0.79
0.80
0.83
0.79
0.79
0.79
0.74
0.75
0.72
0.95
0.92
0.95
0.97
0.94
0.97
0.98
0.98
0.89
0.89
0.90
0.93
0.96
1.12
1.12
1.21
1.17
1.13
1.16
1.16
1.07
1.06
0.95
1.05
1.05
0.97
0.86
0.87
1.08
1.08
1.01
1.00
1.01
0.97
0.90
0.97
0.96
0.97
1.02
0.96
1.00
1.02
1.02
1.14
1.13
1.02
0.94
0.97
0.91
0.94
0.89
0.91
0.99
1.07
1.00
0.95
0.91
0.78
0.90
1.02
1.02
0.95
0.96
0.92
0.89
0.93
0.82
0.71
0.65
0.62
0.57
0.57
0.53
0.51
0.40
0.39
0.30
0.27
0.33
0.51
0.82
0.74
0.64
0.70
0.59
0.65
0.67
0.75
0.71
0.68
0.65
0.73
0.73
0.51
0.39
0.28
0.23
0.28
0.38
0.52
0.35
0.41
0.34
0.41
0.38
0.29
0.30
0.16
0.18
0.22
0.19
0.21
