0.429995
0.042597
0.041805
0.041144
0.040687
0.040732
0.041037
0.040621
0.040811
0.040772
0.040707
0.040721
0.040676
0.040772
0.040436
0.040306
0.040273
0.040419
0.048319
0.046270
0.074042
0.040173
0.049045
0.043310
0.041967
0.039031
0.038851
0.039016
0.040728
0.039916
0.040322
0.040251
0.040109
0.040018
0.040020
0.040006
0.040565
0.040074
0.040029
0.039997
0.074087
0.040150
0.040147
0.040079
0.040110
0.039866
0.040063
0.040323
0.040966
0.040229
0.040045
0.039966
0.040225
0.039909
0.039981
0.039807
0.040043
0.040294
0.040301
0.040200
0.074186
0.040195
0.040048
0.040212
0.039978
0.040190
0.040238
0.040566
0.040367
0.040260
0.040331
0.040166
0.040602
0.040305
0.040598
0.040503
0.040436
0.040891
0.040583
0.040794
0.074459
0.041004
0.040863
0.040969
0.041302
0.038475
0.041264
0.040879
0.041056
0.040085
0.040117
0.040367
0.040688
0.040634
0.040664
0.040809
0.040537
0.040744
0.040434
0.040838
0.074126
0.040735
0.040601
0.039314
0.039080
0.039284
0.039657
0.038967
0.039077
0.038874
0.038781
0.038894
0.038997
0.039016
0.039061
0.039426
0.038842
0.038912
0.038640
0.038723
0.072480
0.038868
0.038791
0.038923
0.038881
0.038818
0.038700
0.038784
0.038958
0.038733
0.038668
0.039130
0.038784
0.038652
0.038765
0.038838
0.038658
0.038549
0.038749
0.038906
0.072131
0.038868
0.038945
0.038917
0.038815
0.039325
0.039297
0.039340
0.039178
0.039280
0.038944
0.038888
0.039580
0.039936
0.039883
0.039634
0.039582
0.039753
0.039770
0.039721
0.073397
0.039714
0.039687
0.040130
0.039795
0.041652
0.039860
0.039950
0.039634
0.040407
0.040346
0.040183
0.039760
0.039885
0.039899
0.040137
0.040149
0.040180
0.040082
0.040025
0.073808
0.040189
0.040282
0.040179
0.040419
0.040819
0.040413
0.040814
0.040464
0.040543
0.040604
0.040697
0.040580
0.040620
0.040425
0.040916
0.040504
0.040605
0.040442
0.040613
0.074423
0.040629
0.040456
0.040361
0.040291
0.040327
0.040474
0.039454
0.039469
0.039538
0.039359
0.039251
0.039352
0.039380
0.039304
0.039321
0.039273
0.039380
0.040770
0.039312
0.072753
0.039122
0.039230
0.039082
0.039006
0.039223
0.039073
0.038946
0.040000
0.039789
0.040213
0.039531
0.040172
0.040015
0.040163
0.040012
0.040074
0.040456
0.038461
0.038193
0.071884
0.038230
0.038559
0.038335
0.038490
0.038507
0.045635
0.039173
0.039176
0.039298
0.039152
0.040413
0.040129
0.040431
0.040379
0.040403
0.040042
0.039991
0.040017
0.039673
0.073680
0.040343
0.040105
0.040285
0.040083
0.040816
0.038712
0.038558
0.038648
0.038616
0.038593
0.038760
0.038759
0.039107
0.039038
0.038941
0.038665
0.038537
0.038779
0.038567
0.072062
0.038648
0.038571
0.038465
0.038556
0.038774
0.038646
0.038712
0.038675
0.041050
0.038725
0.038830
0.038876
0.039011
0.039142
0.039014
0.039207
0.039025
0.039463
0.039261
0.072708
0.039182
0.039069
0.039270
0.039244
0.039097
0.039153
0.039177
0.039093
0.039100
0.039007
0.038854
0.039026
0.039621
0.039138
0.038958
0.038938
0.038870
0.038509
0.038217
0.071702
0.038145
0.038167
0.038241
0.038285
0.038257
0.038245
0.038375
0.038353
0.038284
0.038266
0.038260
0.038270
0.038355
0.038345
0.038367
0.038344
0.038278
0.038430
0.038324
0.071706
0.038615
0.038388
0.038601
0.038584
0.038693
0.038857
0.038821
0.038944
0.039088
0.039094
0.039205
0.039435
0.039412
0.039178
0.039294
0.039248
0.039015
0.039322
0.039369
0.073072
0.037217
0.039462
0.039506
0.039773
0.037169
0.037349
0.037405
0.037287
0.037389
0.037298
0.037313
0.037288
0.037179
0.039652
0.039498
0.039500
0.039426
0.039311
0.039117
0.072762
0.038821
0.038696
0.039409
0.038997
0.038757
0.038622
0.038333
0.038275
0.039283
0.039532
0.039437
0.039727
0.039896
0.040396
0.058298
0.040410
0.040753
0.040503
0.040198
0.073644
0.040025
0.039712
0.039766
0.039688
0.039946
0.040210
0.040319
0.040432
0.039008
0.039147
0.039658
0.037198
0.037033
0.039458
0.039428
0.039398
0.039057
0.038650
0.056050
0.055803
0.038186
0.038314
0.038481
0.038415
0.038400
0.038365
0.038428
0.055859
0.038376
0.038326
0.038315
0.038610
0.038205
0.038276
0.038508
0.055791
0.038247
0.055715
0.038114
0.072184
0.039464
0.037086
0.037280
0.037195
0.037380
0.037206
0.037236
0.037255
0.037319
0.037414
0.037349
0.037345
0.037450
0.037365
0.037386
0.037387
0.037458
0.037510
0.037475
0.070777
0.037400
0.037495
0.037269
0.037190
0.037192
0.037275
0.039613
0.039432
0.039531
0.039651
0.039505
0.037446
0.037155
0.037096
0.039796
0.039421
0.039593
0.039389
0.056671
0.072616
0.039418
0.039194
0.039369
0.039415
0.039248
0.039580
0.039719
0.037114
0.037387
0.037246
0.037380
0.037784
0.037370
0.037315
0.037347
0.037292
0.037344
0.037348
0.037291
0.072935
0.040478
0.037995
0.039195
0.039761
0.038379
0.038712
0.038793
0.038982
0.038755
0.038839
0.039351
0.038845
0.038905
0.038888
0.038918
0.038921
0.038688
0.039058
0.039065
0.072561
0.038810
0.038801
0.041813
0.037944
0.038693
0.038840
0.039044
0.038917
0.038809
0.039130
0.038860
0.038885
0.038396
0.038990
0.038953
0.039160
0.039074
0.038647
0.038777
0.072784
0.038821
0.041065
0.040335
0.040284
0.040088
0.041905
0.040004
0.040203
0.040245
0.040166
0.040020
0.040042
0.040071
0.040105
0.040050
0.040056
0.040145
0.040088
0.039949
0.073531
0.040115
0.039724
0.040146
0.041271
0.039956
0.040259
0.040232
0.040098
0.040218
0.040027
0.040162
0.040073
0.040134
0.040150
0.040208
0.040076
0.040359
0.040139
0.039958
0.073800
0.040055
0.040231
0.040140
0.040100
0.040233
0.040307
0.040375
0.040175
0.039925
0.040174
0.040248
0.040224
0.040122
0.040357
0.040258
0.040250
0.040151
0.040279
0.040059
0.058006
0.057829
0.057771
0.057906
0.057936
0.040196
0.040084
0.040332
0.040126
0.040062
0.039909
0.040008
0.039414
0.039604
0.039855
0.039698
0.039707
0.039352
0.039598
0.039534
0.038183
0.039361
0.039997
0.040893
0.041267
0.041249
0.041136
0.041213
0.041312
0.041137
0.041235
0.041041
0.041008
0.040909
0.041148
0.041026
0.041148
0.041006
0.040773
0.040979
0.074409
0.040629
0.040797
0.041046
0.040949
0.040892
0.040784
0.040599
0.040810
0.040725
0.040701
0.040621
0.040376
0.040854
0.040459
0.040286
0.040389
0.040495
0.041068
0.040410
0.074114
0.040729
0.040857
0.041051
0.041066
0.041243
0.040882
0.041104
0.040819
0.041048
0.040967
0.041161
0.041133
0.041104
0.041126
0.040440
0.040735
0.040748
0.041166
0.039233
0.072600
0.039278
0.039267
0.039428
0.040382
0.040646
0.040842
0.040774
0.040688
0.058288
0.040601
0.058676
0.040805
0.041259
0.040287
0.039901
0.040041
0.039757
0.040317
0.040901
0.074582
0.040982
0.040998
0.041058
0.041088
0.040971
0.041212
0.041131
0.040873
0.040887
0.041145
0.041304
0.041375
0.038795
0.038779
0.039061
0.055647
0.038551
0.039310
0.038892
0.072465
0.041275
0.040535
0.040164
0.039880
0.040316
0.040122
0.039722
0.039579
0.039448
0.039402
0.039757
0.039647
0.039898
0.039611
0.039745
0.040065
0.039789
0.039708
0.039861
0.073675
0.039888
0.040153
0.039922
0.039563
0.039266
0.039103
0.057061
0.038919
0.038794
0.038314
0.038620
0.037041
0.037206
0.037053
0.037393
0.037094
0.037183
0.055039
0.037192
0.070477
0.037256
0.055023
0.036338
0.037215
0.054988
0.037600
0.037797
0.038112
0.039048
0.038959
0.038900
0.039134
0.039396
0.039393
0.039610
0.040170
0.040473
0.040342
0.040097
0.057821
0.039604
0.057488
0.040025
0.040027
0.040191
0.040075
0.040187
0.040194
0.040164
0.040326
0.040193
0.040170
0.040611
0.040126
0.040253
0.040073
0.040504
0.040745
0.040694
0.075031
0.041065
0.041060
0.040970
0.040962
0.040672
0.041083
0.041036
0.040986
0.040826
0.041035
0.041167
0.041080
0.041068
0.040825
0.040485
0.040855
0.040517
0.040642
0.040539
0.074125
0.040570
0.040767
0.040634
0.040246
0.040329
0.040315
0.040539
0.040497
0.040429
0.040473
0.040484
0.040878
0.040966
0.040796
0.040925
0.040977
0.041222
0.041140
0.041027
0.074508
0.040961
0.041041
0.041008
0.040905
0.040920
0.040876
0.040483
0.040370
0.040465
0.040595
0.040929
0.051447
0.039270
0.039270
0.039132
0.039264
0.039305
0.039998
0.040063
0.073519
0.040112
0.040197
0.040312
0.040171
0.038650
0.038779
0.038951
0.038977
0.038903
0.038666
0.038811
0.038727
0.038910
0.038957
0.039206
0.039086
0.039041
0.038912
0.039102
0.072423
0.038943
0.038970
0.038869
0.039093
0.039124
0.039159
0.038963
0.037868
0.038753
0.039175
0.039049
0.039066
0.039041
0.039094
0.039106
0.039101
0.039067
0.039109
