313	155	44	54
313	153	45	53
311	153	46	54
312	152	46	56
312	153	44	54
313	151	46	58
311	152	46	57
313	152	45	56
311	152	46	58
313	154	44	52
311	153	46	55
311	151	48	60
311	153	47	58
312	152	45	57
312	152	45	56
311	151	47	62
311	151	47	59
311	153	46	57
313	152	46	56
311	153	46	56
313	153	46	54
313	152	45	59
311	152	46	58
311	152	48	59
311	155	47	54
313	153	46	53
312	153	45	55
311	154	46	52
313	152	46	56
311	151	47	63
312	152	48	59
310	152	48	60
311	153	49	58
312	154	46	54
312	153	46	58
311	155	47	53
313	155	45	54
312	155	46	56
313	155	46	58
311	155	47	60
312	156	46	59
312	156	46	58
311	157	47	56
313	157	47	58
311	157	46	58
313	159	46	55
313	158	45	59
312	160	45	55
313	161	45	51
312	161	47	53
311	161	46	55
313	162	45	54
311	163	45	52
313	162	45	53
312	162	45	57
313	162	46	59
312	164	44	55
313	163	47	56
310	164	48	57
312	164	45	56
312	164	47	59
312	167	45	54
313	165	47	57
311	165	47	59
312	166	46	58
312	167	47	59
310	167	48	58
312	169	47	56
311	169	46	56
312	169	47	58
312	170	45	56
312	169	47	58
310	171	46	56
313	171	45	56
311	170	47	61
310	173	48	57
311	173	48	58
311	173	48	57
311	173	47	58
312	172	47	60
312	173	46	58
310	174	48	59
310	175	47	57
312	174	47	60
312	176	45	57
311	175	47	60
312	175	46	61
312	177	46	56
311	178	45	57
312	180	45	51
311	179	46	52
311	179	47	56
312	179	46	56
311	181	48	53
312	180	47	56
311	182	47	53
312	180	47	57
311	181	47	58
311	181	48	57
311	181	49	59
312	182	46	56
310	182	49	58
312	185	47	53
310	185	46	52
313	184	46	52
312	185	47	53
310	186	48	54
312	187	47	52
310	186	47	54
313	186	48	54
310	187	47	56
312	185	47	57
310	189	47	53
312	187	47	55
311	188	45	54
311	188	48	57
310	189	47	56
313	189	47	56
312	191	45	53
313	190	47	54
312	190	47	55
311	194	48	50
314	193	45	50
312	193	46	51
313	191	47	55
311	195	45	49
311	196	47	49
311	195	44	51
313	195	45	54
311	195	47	55
314	195	46	53
311	199	47	51
311	199	45	47
313	197	45	53
311	196	47	56
311	198	48	51
312	196	46	55
312	197	46	55
312	197	45	54
314	195	46	57
310	197	47	56
312	194	47	59
311	197	45	53
312	195	47	56
310	196	46	56
312	194	48	59
312	197	48	54
310	196	47	54
314	199	46	48
312	196	46	56
311	195	47	59
311	198	47	52
312	197	46	53
313	197	46	51
312	198	44	50
312	197	46	52
311	195	48	58
310	197	46	54
312	196	47	56
311	197	47	53
313	197	46	51
312	195	47	58
310	197	49	53
314	196	46	56
311	196	45	57
311	196	48	56
313	197	45	55
311	198	47	51
311	199	45	52
312	196	48	58
310	198	47	59
313	198	47	56
311	200	45	57
313	201	45	56
311	203	45	52
313	203	46	56
311	204	46	56
312	204	44	57
313	207	44	52
312	206	46	55
313	207	46	57
313	210	45	53
312	209	45	58
312	210	45	57
312	210	45	58
312	209	46	62
311	212	45	59
312	211	47	61
311	213	45	59
313	213	44	59
312	215	44	60
313	216	44	60
311	216	46	61
312	217	44	60
312	217	45	62
310	218	47	60
312	220	45	57
313	218	45	59
312	219	45	58
312	218	45	59
313	219	43	57
314	217	44	60
313	219	44	58
312	219	45	58
314	218	44	60
314	220	44	56
315	217	44	60
315	221	45	55
315	219	45	58
317	220	44	55
318	219	45	58
320	218	44	60
320	219	44	57
320	219	46	58
322	219	44	59
323	217	45	62
324	220	45	56
324	219	45	59
325	219	45	60
328	219	44	60
329	220	45	56
327	220	45	57
330	219	45	61
329	219	43	59
331	218	47	61
333	220	44	57
332	219	46	60
336	220	45	58
334	219	46	61
337	220	45	58
336	219	46	60
338	220	47	58
338	221	45	56
340	220	46	57
338	219	47	61
343	220	46	59
341	221	47	56
344	219	45	60
344	219	47	59
345	219	46	58
346	219	47	58
346	219	48	62
347	218	47	61
349	220	47	57
351	218	46	62
349	218	47	59
352	220	47	57
352	220	47	56
353	219	47	57
356	221	45	57
355	219	47	57
356	218	48	60
355	219	48	59
358	220	47	55
358	219	49	58
358	221	50	55
361	218	49	60
359	219	50	59
363	220	47	58
363	219	49	57
366	219	47	59
363	218	50	60
366	221	47	54
368	221	48	54
368	219	48	56
370	219	47	58
370	219	48	59
373	222	47	52
371	219	48	58
374	219	46	58
375	219	46	59
376	219	46	60
376	218	47	60
377	221	47	55
377	219	49	56
379	220	48	58
377	219	50	59
380	220	49	57
379	219	48	59
380	219	48	58
379	219	49	58
379	219	48	60
381	220	49	57
377	220	51	59
381	219	49	59
378	219	50	60
381	223	48	52
379	221	48	54
379	219	50	58
379	219	49	59
380	219	50	60
379	221	48	56
380	220	48	56
380	218	48	60
382	219	47	57
379	220	49	56
380	219	48	59
381	219	47	56
381	219	47	57
380	219	49	57
379	219	50	59
380	219	49	57
381	218	47	60
379	219	48	57
381	219	49	55
379	219	48	57
381	218	48	58
380	220	48	55
380	218	48	59
380	219	49	56
380	218	48	57
380	220	48	54
381	218	47	57
381	218	47	58
378	218	49	58
380	220	49	52
380	220	47	51
378	219	50	55
381	218	48	58
380	217	47	58
381	219	46	56
381	219	47	54
381	219	46	55
381	219	47	56
379	219	48	53
381	218	48	57
382	218	44	56
381	218	47	54
379	218	49	53
382	220	46	50
380	219	47	51
381	219	46	48
380	218	49	56
378	218	49	56
382	218	46	53
379	219	47	51
381	218	46	55
381	219	47	51
380	218	48	55
382	218	46	53
380	219	47	52
382	219	47	52
381	218	46	55
379	218	49	54
381	220	46	48
380	218	48	53
381	219	47	50
380	218	47	53
380	219	46	53
381	218	46	55
379	217	48	56
380	218	46	54
379	218	48	53
379	220	45	49
377	218	47	55
376	218	46	54
374	217	49	57
374	220	47	50
374	217	46	54
370	216	50	60
372	218	47	56
371	216	47	59
367	217	51	57
368	219	47	51
369	218	46	54
366	217	47	57
366	217	44	54
365	217	47	56
363	217	46	55
365	218	45	51
363	217	46	55
360	218	48	54
361	218	46	52
360	217	45	55
359	216	46	57
357	218	46	54
355	217	48	55
355	218	47	53
355	218	46	53
352	217	49	59
353	218	46	53
352	216	47	57
352	217	46	55
350	218	46	52
351	217	47	55
348	219	46	53
349	219	46	54
349	219	46	54
347	219	46	57
347	220	46	58
346	221	48	56
344	221	48	58
345	223	45	53
344	222	46	57
344	224	47	55
343	224	44	54
343	224	46	56
341	225	45	54
341	224	47	60
340	225	46	58
340	227	46	55
337	228	48	56
337	228	48	56
337	228	46	55
336	229	46	55
335	230	46	57
336	230	48	58
334	232	46	56
334	233	46	50
333	233	45	55
334	233	47	56
331	233	46	56
332	233	46	57
332	234	47	58
329	235	48	57
328	238	45	51
329	235	47	58
327	237	46	58
328	237	47	58
325	239	46	56
328	238	45	59
325	239	46	59
326	239	46	58
324	240	47	56
323	241	47	58
321	241	48	60
321	242	48	60
321	242	47	60
321	242	48	61
319	245	48	58
320	244	46	61
319	244	46	60
318	244	47	58
316	244	48	61
317	245	46	58
316	244	46	59
314	245	47	59
316	244	47	58
316	244	47	59
315	245	46	58
315	244	47	60
315	243	47	63
315	244	48	61
314	244	49	60
315	243	46	61
315	244	48	59
316	244	46	58
315	243	47	61
317	244	46	59
316	244	45	59
316	244	47	59
315	245	47	58
316	244	47	59
314	244	47	59
316	245	46	58
315	244	47	59
314	244	47	61
315	244	48	60
315	244	46	58
316	244	45	58
315	245	45	58
314	244	47	59
313	244	47	60
314	244	48	60
313	243	47	61
314	244	46	59
315	244	46	57
313	245	47	58
314	244	46	57
313	244	47	59
314	243	45	60
312	243	46	60
313	245	45	57
312	245	46	57
312	246	46	54
312	245	46	56
312	246	46	54
313	246	47	55
312	245	45	57
311	245	48	57
311	245	46	57
314	245	46	56
311	244	45	59
311	244	45	59
312	243	45	60
311	244	46	60
312	244	45	60
311	245	47	56
310	245	47	58
313	246	46	56
311	246	46	57
313	246	45	54
311	245	45	57
313	244	46	59
315	244	46	60
314	245	46	56
316	244	46	56
316	244	46	58
318	245	46	56
317	244	46	59
320	243	47	60
318	244	48	59
320	245	47	56
321	243	48	61
321	245	47	56
324	244	46	56
323	244	47	57
322	245	50	58
325	243	49	61
326	244	47	57
328	244	47	56
327	244	47	58
329	244	48	58
331	244	48	56
330	244	48	58
331	243	50	56
333	246	48	52
333	244	47	52
334	243	49	60
334	242	49	60
335	243	49	60
338	243	47	55
336	244	47	56
338	244	48	54
338	244	48	58
341	243	48	56
339	243	47	59
341	244	49	54
342	244	47	57
343	243	48	57
342	244	48	54
344	243	49	57
344	243	48	56
346	244	49	54
345	245	50	53
347	243	49	55
348	243	48	54
349	243	48	54
351	242	46	58
352	243	48	56
351	241	49	59
352	244	47	52
352	241	47	59
351	244	46	51
353	243	47	55
351	242	47	58
352	242	49	57
351	243	49	53
352	242	49	56
352	244	48	50
352	242	49	56
352	243	47	52
352	242	48	58
351	243	46	52
353	243	47	55
353	243	45	53
352	243	48	54
352	242	48	58
352	244	47	51
353	242	49	58
352	242	48	58
353	243	47	54
352	243	46	54
353	243	47	55
353	243	47	54
355	242	47	57
352	244	46	53
354	244	48	55
353	245	46	52
355	244	47	54
354	243	47	58
356	245	46	52
355	245	46	52
356	245	46	53
356	244	48	56
357	244	47	55
356	245	46	56
359	244	46	57
358	246	45	50
358	244	46	57
357	246	46	54
359	245	46	53
358	246	46	54
359	246	47	54
359	245	45	55
361	249	46	48
361	247	45	55
359	247	46	54
361	247	47	54
361	247	46	51
360	247	45	55
362	247	47	55
361	247	47	54
361	248	45	54
363	249	47	52
362	248	45	52
364	248	46	55
362	248	45	55
364	248	47	57
364	250	48	49
364	249	45	53
364	250	46	50
365	250	46	51
364	251	46	49
365	249	46	53
364	250	46	53
366	250	45	52
366	249	45	54
368	251	45	50
367	251	43	48
369	251	43	51
367	249	43	55
369	250	43	52
367	250	44	53
369	250	44	52
368	250	44	53
369	249	44	56
367	250	43	51
369	250	44	54
366	251	44	52
368	251	45	51
366	249	46	55
369	250	43	53
366	249	47	55
367	252	45	51
367	252	45	46
368	252	45	50
368	251	43	50
368	250	44	54
367	250	44	53
368	250	46	54
367	251	43	50
368	250	44	54
367	250	42	52
368	251	45	51
367	250	44	53
370	251	44	50
367	251	44	53
369	250	45	53
368	251	44	51
369	250	44	53
369	251	45	53
368	252	44	49
370	251	43	52
369	251	44	53
370	253	44	47
369	251	45	54
370	249	45	56
369	251	45	52
370	251	44	52
369	250	44	53
371	250	45	52
369	251	45	53
369	250	47	53
370	250	44	53
372	249	43	53
369	250	46	54
372	249	45	54
371	250	44	53
371	250	45	53
370	250	44	53
371	249	45	53
371	249	45	57
371	251	46	49
372	249	45	55
371	248	46	58
370	252	45	49
373	251	43	51
372	250	45	52
371	250	45	54
372	250	46	52
370	250	46	54
372	251	44	50
372	249	46	55
372	250	44	53
373	250	45	52
372	251	44	50
374	250	43	51
372	249	45	55
374	250	43	52
373	250	45	54
373	249	45	56
374	251	44	52
373	249	45	55
374	250	43	55
374	250	44	51
374	251	44	49
373	250	44	53
373	250	45	54
373	248	45	57
373	250	44	54
374	250	44	54
373	249	44	56
374	249	44	54
373	251	45	52
374	251	43	52
372	250	46	55
373	252	45	53
372	252	46	52
373	252	45	54
374	253	44	55
373	254	45	54
373	254	45	55
374	257	44	53
374	256	43	53
376	256	43	56
373	257	46	57
374	257	44	56
373	259	45	57
374	259	45	58
374	262	44	51
375	262	44	54
374	263	45	54
373	264	45	53
375	264	45	55
374	265	45	55
373	267	45	53
374	266	46	56
374	266	45	58
374	269	44	53
374	270	45	53
374	271	44	53
375	269	45	56
374	270	45	54
375	270	44	55
374	269	45	57
374	271	46	53
374	270	46	54
374	270	46	55
372	269	47	57
375	270	46	52
373	270	45	55
374	268	46	59
375	271	44	52
374	270	45	56
373	267	47	60
373	270	47	54
375	270	45	55
374	269	45	56
375	269	44	58
374	270	46	55
375	269	45	55
374	272	45	50
373	269	47	57
374	271	45	52
374	271	44	51
374	270	45	54
374	270	45	53
373	270	47	56
373	270	46	53
373	269	46	57
373	270	45	52
373	269	45	57
374	271	45	52
374	269	44	56
374	271	44	52
373	271	45	54
373	269	45	55
373	270	46	54
373	270	45	54
373	271	45	52
374	270	45	55
374	270	44	53
373	271	45	53
373	271	46	52
374	271	44	54
373	270	45	55
373	271	45	53
373	270	46	54
373	272	44	50
373	271	45	51
373	271	44	53
371	270	48	55
371	270	48	55
372	272	46	51
373	272	43	49
371	271	46	52
371	272	46	50
372	271	45	53
372	271	45	54
372	272	45	51
372	271	44	54
369	272	50	53
371	270	46	54
371	272	46	51
371	271	46	53
371	272	45	52
371	271	45	52
371	271	45	53
371	270	45	55
371	273	46	51
370	272	46	52
371	272	45	50
372	272	44	52
370	271	47	54
371	272	47	52
371	271	46	52
371	271	44	52
369	271	48	54
370	272	47	50
370	271	45	50
370	271	46	51
370	271	46	51
370	269	46	50
370	269	46	51
370	267	45	49
370	268	44	48
369	265	46	53
369	265	45	51
369	265	46	52
369	264	45	50
369	261	44	53
368	262	47	53
369	260	47	56
368	259	45	52
368	259	44	52
368	258	43	52
367	257	47	53
367	256	46	53
366	256	48	54
366	253	47	55
367	255	45	49
366	253	44	53
366	253	44	50
366	252	46	53
366	251	46	53
365	251	45	49
365	249	44	53
364	247	45	54
366	248	43	53
365	246	44	53
363	245	47	54
363	246	49	51
362	246	48	50
362	244	50	52
362	244	51	51
363	242	46	50
362	242	46	51
362	241	46	50
362	240	47	49
362	238	47	52
362	239	46	49
359	237	52	55
361	236	48	52
360	236	48	51
360	235	47	52
360	235	47	52
360	232	45	53
359	234	50	51
359	233	48	50
358	231	47	52
359	231	50	52
359	229	45	53
358	228	48	54
358	228	48	52
357	227	49	52
357	227	50	52
358	224	45	53
358	225	48	52
357	224	46	51
358	223	45	52
357	223	46	52
356	222	49	52
355	221	51	51
356	220	45	50
356	220	47	50
357	219	44	49
356	217	45	51
356	215	45	53
355	216	47	50
355	215	45	51
355	215	45	51
354	214	46	52
354	212	45	53
354	212	46	51
354	211	47	51
354	211	45	48
353	211	46	49
354	212	46	49
353	211	45	49
353	211	47	50
354	212	45	46
354	211	43	48
354	211	45	50
354	210	44	50
354	211	48	52
353	211	46	49
354	211	45	49
354	211	44	48
353	211	45	51
353	210	49	52
353	211	44	47
355	211	43	47
355	210	43	50
354	210	44	53
354	211	45	48
354	210	44	52
353	211	46	51
353	211	48	50
354	211	44	46
354	210	45	49
353	209	45	53
354	211	43	48
353	210	45	50
353	211	46	52
354	211	45	49
354	211	44	51
354	212	44	49
354	211	45	51
354	211	47	51
354	210	45	51
354	210	45	53
353	211	48	53
353	209	47	54
353	212	49	53
353	212	45	50
353	212	45	49
354	212	43	50
353	212	45	51
354	212	45	52
353	212	46	52
353	213	48	52
354	210	44	53
353	212	45	52
353	214	49	50
354	211	43	54
354	212	43	52
353	212	44	53
353	214	46	49
353	213	49	52
353	211	44	54
353	213	47	51
353	210	43	54
353	213	45	49
353	212	46	52
352	211	45	53
352	212	49	54
354	214	44	48
352	212	46	53
353	213	45	50
353	213	44	50
352	214	47	50
353	213	44	50
352	211	46	53
353	214	45	50
353	213	43	49
353	214	45	49
354	213	42	50
352	212	44	51
353	211	43	53
352	213	45	51
353	216	44	47
353	214	46	51
353	213	43	52
353	214	44	51
353	216	49	49
352	214	48	53
353	215	45	50
353	216	48	50
352	213	45	52
352	213	45	52
352	213	45	52
352	214	45	51
353	215	44	50
352	212	44	52
352	213	44	51
352	214	44	49
352	213	43	51
353	212	43	51
352	215	44	48
352	214	44	50
353	214	43	48
353	213	43	51
352	212	42	54
352	212	45	53
353	213	44	53
352	212	44	52
352	213	43	53
352	215	44	49
353	213	43	50
352	213	44	51
353	211	43	54
352	209	43	58
352	213	46	54
352	211	43	56
352	213	45	52
352	212	44	53
352	214	44	50
352	211	44	54
353	214	43	51
352	212	45	53
353	213	44	52
352	213	44	50
352	214	45	49
351	212	49	53
352	214	47	51
352	212	44	55
352	213	47	53
352	215	52	52
353	213	43	51
352	213	43	50
352	214	45	48
353	215	44	48
352	215	45	48
352	214	44	49
352	214	44	49
352	213	45	50
352	215	49	50
353	216	49	49
353	213	45	52
353	214	47	52
353	214	46	53
354	215	48	50
354	213	51	54
356	214	44	51
357	213	43	52
359	215	43	50
360	215	44	48
362	214	45	48
363	214	45	49
367	214	44	49
369	213	46	50
371	213	47	53
374	215	47	51
378	213	47	55
381	214	47	52
384	215	48	52
385	214	52	54
387	213	53	54
391	215	51	50
394	214	52	53
397	215	50	50
399	214	52	53
404	215	51	50
406	215	52	50
408	215	49	51
411	215	50	50
413	216	49	49
413	215	49	52
415	215	48	52
415	216	48	50
415	216	47	50
415	216	46	51
416	214	46	53
416	215	46	52
415	215	48	51
415	216	48	50
415	215	46	50
416	216	44	49
415	214	49	52
415	215	47	50
415	216	47	50
416	215	45	50
415	216	49	49
416	216	46	48
415	215	47	50
415	216	47	49
414	215	51	50
415	216	49	48
415	216	47	48
416	216	48	49
416	216	46	49
415	216	48	50
415	215	47	52
416	216	48	49
415	215	47	49
415	215	46	51
416	215	47	51
416	216	46	50
416	215	46	52
416	216	47	49
416	215	46	51
416	215	46	50
416	215	50	50
416	215	48	50
416	215	51	52
417	215	48	49
417	215	52	51
419	215	50	49
420	215	51	51
423	215	50	51
425	215	48	49
428	215	47	48
431	214	47	51
433	215	47	48
435	214	48	50
438	214	47	51
441	215	48	49
443	215	47	48
446	215	46	48
449	215	46	48
451	214	46	51
452	214	47	49
454	214	46	49
455	214	46	51
455	214	45	50
455	214	46	49
455	214	45	47
455	214	45	47
455	214	45	48
455	214	44	51
454	214	46	52
454	213	45	52
453	214	46	49
452	214	46	49
452	215	45	48
452	215	45	48
451	214	45	50
450	214	45	49
448	214	46	51
447	214	45	50
445	214	45	49
443	214	46	50
440	215	47	51
439	215	44	50
435	214	46	51
431	214	48	52
430	215	46	48
427	214	45	50
424	214	46	50
421	215	47	48
417	215	47	50
414	214	49	51
413	214	47	50
410	216	48	49
405	215	50	51
402	214	50	53
400	213	50	53
398	215	49	50
394	214	50	53
392	214	49	54
389	215	47	52
385	213	48	53
383	214	46	53
379	213	46	54
377	213	46	53
373	214	49	54
372	214	46	52
368	215	47	52
366	214	44	52
361	215	49	52
358	214	47	52
355	214	48	53
353	213	45	53
350	213	43	52
346	214	44	50
344	214	43	50
341	216	42	46
338	214	43	49
335	215	42	48
331	213	43	52
327	213	43	51
324	213	44	50
321	212	45	51
318	215	45	50
315	215	44	49
313	211	42	55
310	213	45	52
309	213	44	52
307	212	44	53
306	212	44	54
306	214	44	50
306	214	44	50
306	214	45	49
306	214	44	50
306	214	49	52
306	213	47	51
306	214	47	52
307	215	43	48
306	214	46	52
306	213	45	51
306	215	45	49
306	215	44	48
306	214	44	49
306	214	46	50
306	213	44	50
306	213	46	50
306	212	44	51
306	211	45	50
305	210	44	51
306	210	43	49
306	209	44	50
306	208	48	50
306	208	44	51
305	207	45	51
305	206	48	52
306	207	46	50
305	204	49	53
305	205	49	51
305	204	47	49
305	203	47	49
305	202	46	50
305	202	43	47
305	201	48	51
305	200	46	49
305	200	49	50
305	199	49	50
304	200	47	49
305	199	45	49
305	200	47	49
305	199	50	51
305	200	50	50
304	199	51	49
304	199	49	51
305	199	48	51
305	200	48	49
304	199	48	51
305	199	47	50
305	200	46	48
305	200	47	51
305	201	45	47
304	202	50	50
304	202	51	49
304	203	47	48
305	203	45	51
306	203	46	51
305	205	49	52
305	206	50	52
305	206	45	50
306	205	43	51
305	207	45	52
306	208	43	51
305	208	44	51
305	209	45	51
306	211	44	49
306	211	43	48
307	213	43	47
306	214	44	48
306	214	44	48
306	214	45	50
306	216	44	49
306	217	44	49
306	218	45	49
306	219	45	49
307	219	45	50
305	219	49	53
307	218	43	54
306	219	45	54
306	220	44	54
307	221	44	54
307	221	44	54
307	221	43	53
306	221	46	53
307	222	45	52
306	222	44	52
307	220	45	54
307	220	45	54
307	220	44	53
307	222	45	51
307	221	45	51
307	221	44	52
307	221	45	52
307	221	47	54
307	220	46	54
308	220	45	54
308	220	46	53
309	220	43	53
308	219	44	54
310	220	43	54
310	219	43	54
309	219	46	56
309	221	45	52
310	221	45	51
311	221	44	52
311	220	43	53
311	220	43	54
312	219	43	57
313	218	42	59
313	217	42	60
313	217	43	61
314	217	41	60
314	217	41	60
314	218	41	58
314	219	42	57
314	218	42	59
314	219	43	57
314	218	42	59
316	218	41	60
315	219	41	58
317	218	42	59
316	218	42	58
316	217	42	60
316	219	40	57
317	218	43	59
316	220	42	55
317	219	43	57
317	220	42	55
317	221	42	54
319	220	42	56
317	220	41	56
319	220	43	56
318	220	43	57
320	222	43	53
318	221	42	54
321	222	43	53
319	222	42	52
321	221	43	54
318	221	42	54
318	221	44	54
320	222	43	53
318	222	43	52
320	221	44	54
318	221	44	54
320	221	42	53
319	221	43	54
317	222	44	53
321	221	43	54
319	221	42	53
321	222	42	52
319	221	42	53
319	221	43	56
321	222	42	53
321	222	42	53
320	220	42	56
320	222	42	52
319	221	42	54
321	222	42	53
319	221	42	54
320	221	44	56
319	222	44	54
320	221	43	56
319	221	42	55
319	221	44	55
318	221	44	54
320	222	44	54
318	220	43	57
320	219	43	58
320	221	42	54
319	220	42	55
320	221	42	54
319	221	43	54
319	220	42	55
319	218	41	56
318	218	43	55
318	218	43	53
316	216	42	55
318	217	42	52
315	214	43	57
316	215	41	53
315	213	42	55
315	212	43	55
313	213	44	53
312	209	43	58
314	209	44	55
312	209	43	55
313	207	43	56
312	208	43	53
310	206	46	55
310	207	43	52
311	205	43	57
311	205	44	57
311	207	41	50
311	206	44	54
312	205	44	54
311	205	45	55
310	206	45	54
312	206	43	55
309	205	46	53
311	207	45	50
310	206	44	52
312	206	44	51
311	205	43	54
310	206	45	52
312	205	46	55
311	206	43	54
311	205	45	55
310	206	44	52
312	207	43	50
311	206	43	54
312	205	44	53
310	206	44	54
311	205	45	56
310	205	45	55
312	206	43	51
311	205	45	56
311	205	44	54
310	205	44	54
311	206	45	52
310	206	43	52
310	205	45	56
311	204	44	56
310	206	46	53
311	207	44	50
312	207	42	49
312	205	45	56
310	208	45	51
311	207	44	55
311	207	43	54
311	209	44	54
310	209	44	54
310	210	44	53
310	209	46	57
309	209	47	58
310	210	44	58
310	211	44	57
310	210	44	59
309	212	44	56
308	212	45	59
308	213	45	57
310	215	42	55
309	217	44	53
308	217	44	55
309	218	43	55
308	220	44	54
308	222	45	53
308	223	44	52
308	223	44	52
308	226	46	50
308	225	44	50
308	227	45	52
308	229	44	50
308	229	45	49
308	230	43	48
309	229	43	49
308	230	44	47
308	230	45	49
309	230	44	49
308	230	45	48
308	229	46	50
308	229	44	50
308	230	45	49
309	228	43	50
308	229	44	49
308	229	44	49
308	229	44	49
308	229	45	49
308	229	45	50
308	229	45	49
308	229	44	49
309	230	43	46
309	230	43	47
308	230	44	48
308	230	45	49
307	229	45	51
307	230	44	48
307	230	44	49
306	231	44	48
304	230	46	49
304	230	43	48
302	230	43	47
302	230	43	50
299	230	43	49
298	230	43	49
296	229	43	51
293	230	42	49
290	230	42	47
287	230	42	48
283	230	43	47
280	230	42	48
277	231	43	46
274	229	41	49
270	231	46	46
266	229	47	49
264	230	42	46
261	229	42	47
257	231	42	46
254	231	43	46
251	231	46	47
248	231	43	46
244	231	42	45
241	230	42	47
238	231	42	45
235	230	41	45
232	231	40	46
230	232	41	44
227	230	42	47
227	231	41	44
225	230	41	46
225	230	41	47
225	231	41	44
225	230	40	47
225	230	41	48
225	231	41	46
225	230	41	46
225	230	42	46
225	231	42	44
225	231	41	45
225	230	41	45
225	230	42	46
225	230	40	47
225	230	42	46
225	231	41	45
225	230	42	46
225	230	41	47
225	231	42	46
225	231	41	45
225	231	41	45
224	230	42	46
225	231	42	45
225	230	40	47
225	230	41	49
224	230	42	46
225	230	41	47
225	231	41	44
225	230	40	48
225	230	42	46
225	230	41	46
225	231	42	47
224	230	41	47
225	230	41	47
225	230	40	47
225	230	41	46
225	231	41	46
225	231	41	44
225	230	41	46
224	231	42	45
225	231	41	45
225	232	41	43
225	231	41	45
224	230	42	46
225	231	42	45
224	230	42	47
225	232	41	43
225	230	40	45
225	231	41	45
225	230	41	46
224	229	42	49
225	230	42	47
224	230	43	47
224	231	43	45
224	231	42	46
225	230	41	46
225	231	41	46
225	230	42	45
224	230	41	45
225	231	41	44
224	231	40	46
224	231	40	46
223	231	40	45
223	231	41	46
222	232	40	47
221	232	41	45
220	233	41	45
220	234	40	44
218	234	42	45
218	235	41	44
216	234	42	46
217	235	40	47
215	235	42	46
214	235	42	48
215	236	41	47
215	236	42	46
215	236	41	44
214	235	41	47
215	236	40	45
215	235	41	47
216	236	40	46
215	236	41	45
215	235	46	46
216	236	51	47
217	235	46	47
218	234	41	47
219	234	41	45
219	234	42	44
219	233	42	44
221	232	41	44
221	232	42	46
222	230	40	47
223	231	40	45
224	230	41	47
225	230	41	46
225	230	41	45
225	229	42	46
226	229	41	47
227	229	43	47
228	228	42	46
229	227	41	46
229	228	41	45
231	227	41	46
232	227	40	45
232	227	41	47
233	226	42	47
234	227	42	46
235	226	41	45
236	226	41	45
236	225	41	45
238	225	41	46
238	225	41	46
239	223	39	48
240	223	40	46
240	224	41	46
240	223	41	46
241	223	42	46
242	222	42	46
242	222	42	44
244	221	41	46
244	221	41	45
245	221	41	45
245	219	43	48
245	220	44	47
247	219	43	49
248	218	42	50
248	219	44	48
250	218	41	49
250	217	42	48
251	217	42	49
251	216	43	50
252	217	43	48
254	215	41	47
254	215	42	47
255	214	41	48
256	214	41	47
256	213	42	49
257	214	41	46
258	213	42	47
257	212	43	48
259	212	43	46
259	212	43	45
261	211	42	48
261	210	42	49
262	210	43	48
263	210	42	46
264	209	42	49
264	209	43	47
264	210	43	45
266	209	42	46
267	209	43	46
267	208	42	48
269	208	42	44
270	208	42	45
271	207	42	46
272	207	41	45
272	207	41	45
273	206	42	44
273	206	43	44
274	205	42	45
275	205	43	46
276	205	43	46
276	204	43	47
276	204	42	47
276	204	43	46
275	205	44	47
276	205	43	46
275	205	45	45
276	205	42	45
276	205	43	45
276	204	42	46
276	205	42	46
276	204	42	46
276	205	43	45
276	205	43	45
276	204	43	47
276	204	42	47
276	205	43	46
276	204	43	46
276	205	43	45
276	205	43	45
276	204	43	46
276	204	42	47
276	204	43	46
276	204	43	45
276	204	43	45
276	204	43	46
277	205	42	44
276	204	42	46
277	203	42	47
277	204	42	46
277	203	43	47
277	203	43	47
277	203	43	47
277	203	43	47
277	204	42	47
278	203	42	47
277	204	43	46
277	203	43	48
278	203	42	47
277	203	43	46
278	203	43	48
277	204	42	46
278	203	43	47
278	203	42	48
278	202	45	49
277	203	43	46
277	203	44	47
277	203	44	48
278	202	42	48
277	202	46	50
278	202	42	48
278	203	44	46
278	203	45	48
277	202	43	48
278	203	43	47
278	203	43	47
278	203	42	47
277	202	44	48
277	203	44	48
278	202	43	48
278	203	43	47
278	203	42	47
278	203	43	47
278	203	43	48
278	203	44	48
278	203	43	46
278	202	42	49
278	203	43	48
278	203	43	48
278	203	42	47
278	202	42	47
278	203	43	46
278	203	44	48
277	203	46	46
278	203	44	46
278	203	43	46
278	203	45	47
277	203	44	46
278	202	43	47
278	202	45	48
278	202	43	49
278	202	45	48
278	202	43	49
278	201	43	50
278	201	44	50
278	202	44	48
278	201	44	50
279	201	45	50
279	200	46	51
279	201	44	50
278	201	45	50
278	200	46	52
278	201	49	53
278	200	47	53
278	201	49	51
279	199	45	54
279	200	45	52
279	202	47	51
279	200	46	53
279	200	44	51
279	200	45	52
279	199	48	55
279	200	49	53
279	201	47	51
279	200	48	52
279	200	46	52
279	199	45	52
279	199	47	54
279	198	48	57
279	199	45	54
279	199	47	55
279	197	49	56
280	199	47	53
280	198	47	54
281	198	46	55
280	197	47	57
280	198	46	55
280	196	48	59
279	197	46	57
280	196	49	60
280	199	47	53
281	197	46	56
280	197	47	57
281	197	47	56
280	199	45	54
280	196	49	59
280	196	47	59
280	197	45	57
281	198	48	54
281	199	46	52
281	198	46	54
281	198	46	54
281	199	47	52
281	199	46	53
281	198	46	54
281	197	46	55
282	199	47	50
282	197	45	55
282	198	47	54
280	197	48	55
282	198	48	54
283	199	46	51
281	196	46	58
283	195	47	57
281	198	46	54
283	200	46	49
281	197	45	55
282	197	48	55
283	197	46	52
282	197	46	55
282	196	47	57
281	196	48	57
282	196	47	56
282	196	47	55
283	196	47	55
283	196	47	57
282	196	46	56
281	198	47	52
283	196	45	55
282	198	47	54
281	198	47	52
282	199	46	51
281	196	47	57
282	196	47	56
281	194	48	60
281	197	48	56
281	199	51	52
282	197	47	55
283	198	47	51
283	197	46	54
284	198	47	52
284	199	47	51
284	197	48	54
287	197	46	54
286	197	47	53
287	197	47	53
289	197	46	53
289	197	46	53
291	196	46	56
290	196	48	57
294	197	46	54
292	196	46	57
294	195	46	58
295	195	46	57
296	196	46	55
298	195	47	58
297	196	48	55
299	195	47	56
301	194	47	59
301	195	46	56
303	194	46	56
303	194	47	59
304	193	48	60
306	196	46	53
306	195	45	56
307	196	47	54
307	195	47	55
309	195	47	55
309	196	46	52
310	195	46	54
312	195	45	55
312	194	46	59
314	193	46	58
314	195	47	55
315	194	48	60
316	194	46	57
318	195	46	55
317	193	47	60
320	194	45	56
319	196	46	55
321	193	47	60
322	193	47	58
323	195	46	56
324	197	45	50
324	194	46	56
326	195	46	55
326	194	47	55
327	195	47	56
328	193	47	59
329	192	49	62
329	194	49	57
331	193	46	59
332	194	47	56
334	197	47	50
334	196	46	50
335	195	47	53
336	196	45	49
337	195	46	52
338	194	45	54
339	194	47	57
339	197	51	55
340	199	48	50
342	195	46	54
342	195	47	57
343	197	50	55
343	200	49	49
345	196	47	54
346	195	47	56
347	195	49	58
348	195	47	58
349	196	50	55
349	196	49	54
351	197	50	54
351	198	49	53
353	194	48	58
353	196	47	55
355	196	48	53
356	195	47	58
357	196	46	56
358	193	48	59
358	195	47	58
359	194	49	57
361	197	48	52
361	195	48	55
363	193	50	61
364	194	49	58
364	197	49	52
366	193	49	57
366	194	48	58
367	193	48	59
368	192	47	61
370	195	48	55
370	194	47	55
371	195	49	54
373	193	48	59
374	194	46	56
375	196	47	52
376	194	47	55
375	194	48	56
378	194	48	56
379	195	47	52
379	195	49	53
380	193	48	57
380	194	49	55
379	192	49	59
380	195	46	49
381	193	47	55
380	194	48	55
379	193	50	58
379	196	48	50
380	194	47	53
380	195	49	53
379	194	49	55
379	193	50	58
380	193	47	56
380	194	48	54
379	195	48	53
379	194	48	54
380	195	46	51
379	194	46	52
379	194	50	55
377	196	50	52
379	193	50	58
379	193	48	55
378	194	47	55
378	194	50	57
377	194	47	56
378	195	50	53
378	195	48	54
378	193	48	55
378	194	48	55
378	192	47	59
378	193	48	57
376	192	50	59
377	194	49	56
376	192	50	61
375	192	50	61
377	194	48	57
375	192	51	59
376	193	49	59
375	194	49	54
375	192	50	59
376	192	49	61
375	194	49	56
374	194	50	58
376	191	50	61
373	193	51	61
375	191	51	62
374	193	51	59
375	193	49	58
374	193	50	58
374	192	50	59
374	193	49	59
373	192	51	62
372	194	49	57
374	194	50	58
373	192	49	62
373	194	49	58
374	192	49	61
372	192	51	62
373	192	53	61
371	194	51	58
372	192	51	61
371	193	52	61
372	193	50	60
371	192	52	63
371	193	51	58
372	193	50	57
370	194	52	58
371	192	49	61
371	192	49	60
370	193	51	58
371	193	51	57
370	194	50	58
371	192	51	60
369	193	51	60
370	191	53	63
369	194	51	58
371	192	51	58
370	194	49	57
370	193	51	58
370	192	51	63
371	192	52	60
371	191	50	64
370	191	52	62
369	193	51	61
370	192	53	61
369	194	51	55
370	194	52	57
371	193	51	58
370	191	52	64
369	192	49	63
371	192	51	61
369	193	52	59
371	191	50	62
370	193	49	56
371	191	50	59
370	190	51	64
369	189	49	63
371	189	51	62
369	190	50	58
371	186	51	65
370	185	51	66
371	185	51	62
369	184	51	63
370	184	53	63
369	182	50	62
369	181	53	64
368	179	51	68
370	179	50	64
369	178	51	63
369	178	51	58
371	179	49	53
369	176	51	62
370	174	50	58
370	175	49	56
370	172	50	63
371	171	49	61
370	172	49	60
370	169	50	62
368	169	50	62
371	167	51	64
368	167	50	64
369	166	50	59
370	165	48	59
368	164	50	61
371	162	50	61
368	161	51	64
370	160	50	60
369	160	49	63
369	160	50	57
370	157	49	63
369	156	51	64
370	157	49	59
368	155	51	62
370	154	52	64
370	154	49	59
368	152	49	60
369	151	51	62
370	148	51	65
368	149	50	63
369	148	50	63
368	147	50	62
369	146	51	60
370	144	51	63
368	145	50	62
368	145	49	57
367	142	52	61
369	141	53	62
368	140	51	61
371	139	50	60
367	138	51	61
368	137	53	61
368	136	52	60
368	137	49	54
369	135	48	57
368	135	51	60
368	133	53	60
367	132	50	62
369	130	51	63
367	131	50	61
