954	432	328	299
956	443	336	288
963	433	338	295
970	433	327	304
971	438	332	302
974	444	336	303
991	457	315	287
995	434	304	318
1007	455	297	299
1023	438	285	314
1010	467	303	297
987	479	335	286
970	483	358	283
968	491	368	274
952	481	393	288
950	486	399	301
934	479	428	294
936	479	439	302
937	488	436	292
929	488	450	297
923	476	453	316
917	479	457	311
914	476	454	321
920	479	457	331
919	484	450	314
907	477	461	333
904	493	465	325
899	482	469	336
887	500	482	318
899	520	455	312
884	511	467	317
889	501	457	346
869	499	471	339
871	522	464	334
857	524	474	340
850	534	479	331
824	544	503	324
803	545	516	328
800	544	499	331
792	557	504	319
780	569	511	320
762	571	528	318
760	566	519	330
755	558	519	352
737	554	531	353
738	578	523	339
722	554	525	369
726	571	510	361
716	555	514	385
705	578	524	358
691	568	506	379
695	563	494	403
715	568	441	397
695	569	448	413
705	545	438	433
708	570	435	436
717	566	408	427
700	574	415	433
693	568	414	441
680	570	431	454
670	563	439	469
677	570	430	459
682	577	412	470
665	582	436	490
670	609	438	443
658	603	459	444
652	598	459	464
675	615	428	445
682	618	420	431
667	620	451	451
705	598	404	451
713	609	403	466
702	595	444	479
708	604	457	475
681	648	474	420
630	645	571	418
627	664	600	385
601	666	631	411
609	650	629	412
618	642	627	431
624	666	624	400
621	656	629	406
630	644	601	420
625	636	620	433
630	652	620	429
632	670	612	381
634	656	605	402
636	670	612	373
636	647	579	398
644	644	591	412
648	632	586	410
646	623	592	420
657	666	566	370
661	645	574	387
671	603	557	417
674	591	581	449
676	610	549	425
671	586	598	434
687	582	602	431
690	590	616	424
706	586	590	412
720	605	585	403
727	586	568	388
747	591	575	417
744	570	593	395
754	601	588	365
765	570	593	396
778	584	594	395
810	543	565	426
801	553	602	425
804	559	603	402
837	551	590	428
829	523	599	444
838	545	603	429
834	529	606	439
851	519	627	456
839	544	627	434
851	535	628	432
851	535	615	430
853	546	637	425
861	507	638	460
862	529	629	441
853	493	637	497
867	512	637	467
864	505	630	476
866	498	640	481
871	485	637	504
879	462	640	530
859	496	656	485
869	492	639	510
872	455	648	544
870	466	625	534
873	500	637	508
871	457	635	539
876	443	605	566
875	460	608	552
878	474	599	522
875	442	606	580
878	407	593	612
873	371	580	646
857	426	649	633
866	413	605	612
840	410	642	622
849	408	633	645
847	422	621	607
846	403	623	654
856	432	582	627
849	405	577	654
824	448	626	634
839	423	556	653
876	439	493	616
866	536	489	549
903	485	426	584
849	594	462	487
792	604	497	451
721	615	538	451
709	660	515	403
709	634	492	439
801	671	601	401
730	697	704	373
688	670	788	406
678	695	774	380
674	705	759	368
677	738	764	332
681	825	838	238
669	827	843	242
687	734	840	262
699	781	873	290
670	759	832	315
709	618	887	455
487	590	932	483
524	617	894	462
608	426	682	489
622	399	608	644
609	373	577	688
579	365	578	703
537	382	620	668
519	367	609	720
505	377	603	696
476	392	608	646
446	392	586	651
430	377	595	646
392	385	586	567
387	402	586	521
362	414	595	518
361	408	590	570
336	388	605	542
330	405	574	555
325	418	550	485
301	440	563	492
301	464	533	493
267	449	521	483
291	461	482	490
268	488	476	433
269	503	435	406
243	507	420	407
233	509	393	393
228	512	371	393
235	536	336	375
240	545	304	360
234	552	278	358
742	747	356	335
728	732	378	351
687	729	409	340
674	731	428	346
662	723	455	347
643	703	478	368
647	717	472	350
650	703	476	380
657	695	464	370
647	668	494	410
646	695	487	379
643	678	506	390
653	643	482	420
653	670	488	409
655	645	500	428
662	643	483	430
662	646	499	420
663	669	490	394
647	647	504	421
662	648	495	421
655	642	499	426
656	660	503	410
647	638	512	432
646	655	505	421
641	638	530	426
633	669	536	396
623	629	532	439
636	692	539	373
634	668	539	387
637	655	555	404
638	624	551	440
647	631	556	428
631	588	576	460
663	663	536	380
685	631	537	407
686	636	546	391
712	606	534	430
719	612	535	416
733	608	530	409
731	619	544	386
758	621	526	390
762	632	528	361
769	684	531	305
787	693	532	286
792	677	518	303
798	694	537	279
798	701	538	259
798	693	542	268
712	701	654	263
773	689	591	269
815	675	553	285
759	689	606	263
801	671	576	281
768	678	609	280
756	668	630	285
777	670	601	274
761	668	623	281
778	663	605	279
769	665	613	269
766	663	627	278
765	661	631	275
755	659	635	276
754	627	630	304
776	626	616	311
767	615	608	321
767	623	616	307
757	630	627	297
757	625	627	302
751	644	634	276
765	650	626	256
770	645	615	266
785	641	603	269
791	627	597	289
784	639	611	270
807	638	606	273
803	590	606	324
827	541	599	367
833	503	587	418
838	491	592	420
868	478	553	439
846	472	601	435
878	510	569	411
871	508	600	393
875	508	606	404
883	503	612	394
881	496	608	405
867	527	637	370
909	538	612	372
918	545	594	340
896	550	652	345
918	567	602	314
933	527	602	357
897	521	651	351
940	561	605	324
946	525	598	350
931	499	603	381
949	539	594	355
938	523	625	341
946	492	604	399
968	525	590	358
987	511	565	362
995	529	569	342
1006	510	554	364
1024	528	543	353
1045	505	525	350
1049	520	513	375
1048	507	522	350
1038	514	539	363
1056	504	518	353
1063	487	511	385
1088	516	469	361
1086	507	471	359
1077	491	482	370
1089	486	454	372
1085	484	469	381
1089	451	452	401
1067	476	485	385
1108	462	422	367
1089	466	460	379
1117	503	398	350
1111	495	420	337
1096	501	427	338
1094	482	428	350
1097	460	405	362
1104	477	398	332
1090	487	419	348
1090	478	406	333
1084	458	403	354
1090	447	372	351
1080	462	382	348
1064	445	406	344
1063	455	395	332
1057	460	396	324
1049	434	400	345
1038	449	413	336
1044	440	397	322
1034	459	403	312
1019	428	415	325
1014	463	418	303
1008	432	414	319
1014	469	398	289
1004	456	414	290
1000	455	409	294
983	422	417	315
993	455	388	290
976	435	412	299
973	469	415	267
966	456	414	274
941	435	440	300
946	431	419	300
928	420	438	307
934	427	417	293
912	442	438	285
921	457	413	268
918	459	412	256
913	472	408	249
924	469	390	248
912	456	394	256
913	461	387	248
915	476	375	229
922	475	356	229
919	456	357	253
922	460	331	239
926	469	320	233
917	437	321	269
923	447	298	261
924	472	291	224
920	464	283	230
923	452	275	241
918	443	274	253
920	455	263	234
919	469	257	210
921	477	245	197
917	482	236	186
920	484	224	181
920	492	217	172
916	504	212	154
918	510	198	148
917	508	197	150
918	516	191	126
920	518	181	133
919	519	177	131
921	497	159	136
921	496	153	145
924	492	144	152
924	490	138	151
922	483	134	155
922	469	124	170
926	474	113	160
921	470	110	166
923	469	100	162
922	464	97	171
923	459	91	171
925	466	85	164
926	466	77	166
924	457	75	172
923	461	66	164
924	463	61	161
1006	473	62	156
925	467	51	154
924	473	46	147
923	476	42	142
925	480	35	136
924	473	34	143
925	455	29	158
921	462	29	150
923	466	26	142
923	472	26	133
899	469	39	131
924	478	31	119
900	475	38	123
894	479	47	117
918	488	43	111
925	490	38	106
929	503	33	93
902	504	38	94
926	508	33	86
910	515	32	76
909	515	33	77
901	513	38	78
924	512	31	81
900	512	39	79
924	509	39	86
896	509	45	84
917	510	41	86
926	514	35	82
899	511	40	80
917	510	35	85
924	510	22	84
904	511	26	83
918	511	26	82
927	511	18	82
910	516	27	85
902	510	30	84
925	508	21	86
904	509	27	84
926	511	20	83
911	516	28	79
907	514	24	79
925	518	22	75
905	514	22	79
920	516	23	78
928	521	17	72
918	521	21	72
923	518	23	75
903	516	26	75
912	515	30	78
909	510	31	82
898	509	40	84
925	511	28	84
903	512	30	81
918	509	25	86
928	509	17	86
910	509	20	87
928	508	17	86
913	507	20	87
907	508	22	90
928	510	17	84
912	510	22	84
906	513	22	81
914	514	27	79
910	518	30	73
901	516	36	76
918	524	37	69
895	521	45	67
899	520	49	71
891	515	53	77
914	515	44	80
925	515	34	80
899	510	43	84
926	508	34	88
902	508	39	89
896	513	43	80
915	512	37	84
923	515	23	78
903	513	26	79
913	516	28	77
917	515	27	77
927	510	18	84
913	508	23	86
906	510	27	85
899	511	33	81
902	511	42	84
893	509	49	85
915	512	44	82
895	512	40	81
898	516	46	75
893	512	46	81
909	515	42	80
899	509	40	86
894	512	43	80
908	515	40	77
898	517	45	73
893	514	46	74
899	515	46	75
894	513	46	79
908	510	45	85
898	509	42	87
926	510	31	83
908	511	33	82
897	512	41	79
923	515	31	78
900	516	36	75
896	511	42	79
911	514	38	82
902	512	39	81
895	513	44	78
915	514	40	79
896	508	45	82
892	509	48	82
907	509	46	84
896	513	48	79
894	511	44	80
906	512	43	82
894	510	48	80
916	515	42	81
892	508	46	84
897	509	54	85
888	512	60	78
895	511	59	83
890	509	58	83
893	508	46	85
894	507	40	86
899	509	45	85
895	512	46	82
894	509	44	82
907	511	47	84
898	514	43	77
894	513	43	76
899	514	45	77
893	512	47	79
898	511	50	82
892	511	50	82
892	508	45	85
899	507	44	88
897	508	35	89
911	512	29	82
911	513	30	80
901	512	35	80
897	506	36	86
894	511	37	80
899	513	42	79
896	512	40	79
914	515	35	76
895	514	37	75
897	512	44	77
896	511	42	76
892	510	49	81
892	511	48	81
891	513	39	79
898	512	44	81
895	513	39	79
892	515	40	77
897	515	45	75
896	511	36	84
899	513	44	79
895	513	44	79
891	512	51	81
893	512	43	80
895	512	37	79
903	514	39	78
895	515	45	77
892	513	38	79
897	510	44	83
895	513	43	80
893	511	39	81
898	514	43	78
896	513	38	78
895	513	35	78
898	512	43	81
895	510	42	83
893	514	44	77
892	513	40	78
900	514	39	77
897	512	37	80
891	513	37	77
895	514	44	76
893	511	44	81
892	512	42	78
899	515	43	77
897	513	41	78
895	510	44	81
893	510	48	81
893	513	45	78
895	512	41	81
891	514	43	75
896	513	48	80
896	511	39	83
894	510	43	82
889	511	50	80
892	513	51	79
896	513	38	81
891	513	39	77
896	512	45	78
895	511	39	81
889	513	46	76
893	514	33	78
897	512	41	80
894	512	48	80
893	512	42	80
895	512	31	81
902	510	37	82
897	514	39	78
893	514	40	75
892	512	35	78
897	509	41	83
892	512	51	78
892	511	47	79
894	514	39	77
893	514	35	73
899	517	40	70
894	514	42	75
894	511	38	80
892	513	34	76
895	511	43	80
896	511	33	81
895	509	31	86
900	511	39	81
898	511	36	83
894	512	39	77
891	512	35	78
898	514	39	78
895	512	41	79
895	512	37	77
893	513	34	75
897	511	42	82
896	512	37	78
892	512	34	78
897	516	42	75
893	516	36	73
893	516	32	70
900	517	34	71
895	513	40	76
893	512	48	79
892	512	52	80
893	511	48	81
894	511	44	79
891	513	48	77
891	516	41	71
892	517	32	63
900	517	34	69
896	512	44	77
895	512	41	79
892	512	45	78
895	513	38	76
892	513	33	75
896	514	41	74
896	514	34	74
893	516	33	73
900	515	35	75
897	514	38	76
894	510	39	82
892	511	44	82
893	515	33	76
899	512	40	81
896	512	43	81
895	511	39	81
892	513	43	78
892	516	34	71
897	514	39	76
892	512	51	78
893	511	43	82
892	513	45	78
893	515	37	71
893	518	31	68
900	514	36	75
895	510	42	82
891	513	48	78
891	514	42	74
891	515	33	68
898	515	39	72
895	516	43	71
891	514	53	74
891	511	54	82
893	513	45	79
894	515	38	74
894	515	31	73
902	515	33	73
897	513	44	76
894	513	43	76
892	516	34	71
897	513	40	76
893	511	50	82
895	514	38	79
893	511	33	81
893	514	32	79
902	513	35	81
898	514	34	79
892	513	33	75
896	511	43	81
892	512	47	80
896	516	32	75
892	516	33	72
897	513	40	78
895	514	45	76
896	512	39	80
891	512	46	78
891	513	46	76
890	514	37	75
897	513	39	78
892	515	40	75
891	519	34	62
899	516	37	73
894	514	41	76
895	513	30	76
893	515	32	73
900	514	33	76
897	513	42	77
893	515	40	75
892	516	32	69
900	515	35	74
896	512	38	79
893	512	47	79
892	511	49	81
891	512	50	81
892	511	48	81
893	514	40	76
890	511	38	82
892	514	32	74
897	514	40	75
892	509	48	83
892	511	47	80
891	513	48	79
891	515	39	77
894	517	30	66
903	517	26	74
899	514	29	78
891	515	35	72
896	513	40	77
895	512	32	78
893	515	31	71
898	511	35	79
893	514	36	76
894	514	31	76
899	515	39	76
894	511	47	82
892	510	40	86
895	514	31	78
894	513	30	79
893	513	31	77
902	512	31	81
897	513	35	78
894	512	37	80
894	512	35	80
893	513	32	81
892	511	34	85
891	512	36	82
891	515	32	72
891	516	32	66
892	514	31	64
892	518	30	59
899	513	35	63
895	512	44	67
892	515	40	67
892	518	31	63
892	519	30	61
893	521	30	62
893	523	31	59
893	527	31	54
893	519	31	62
893	519	30	65
892	519	30	61
892	523	30	56
893	521	31	62
893	518	30	61
893	520	29	60
893	518	29	64
893	519	29	62
892	520	30	58
893	521	29	60
893	523	28	55
892	522	32	57
892	521	31	58
893	520	28	59
892	519	32	62
893	518	29	60
893	518	29	62
893	516	28	64
893	515	29	66
893	517	29	62
892	521	29	56
893	519	31	59
892	519	30	61
893	518	28	60
893	520	29	59
893	520	29	59
894	518	28	59
893	518	31	64
892	519	31	60
893	520	28	58
893	517	30	61
892	515	31	66
893	515	29	64
894	517	28	63
893	521	30	58
893	520	31	60
893	518	30	61
892	519	31	59
892	520	31	58
892	519	30	60
893	520	31	57
893	519	30	57
893	520	31	57
893	520	30	59
893	520	31	59
892	521	32	60
892	521	32	60
892	522	32	60
892	520	31	61
892	520	31	61
892	520	32	61
893	518	30	63
893	520	30	61
892	521	32	58
893	520	31	62
893	517	31	66
892	521	32	62
893	521	31	59
893	524	31	56
894	523	31	59
893	524	31	57
893	522	31	57
893	523	31	57
893	526	30	53
893	521	30	62
893	520	30	60
893	519	29	61
892	519	31	62
892	519	31	61
893	523	30	57
893	527	21	49
879	521	24	56
894	511	24	59
897	507	29	56
889	513	35	52
881	517	41	43
891	514	36	48
892	510	30	52
892	519	31	48
892	518	30	51
894	518	29	51
892	514	30	57
892	517	29	54
892	519	32	57
892	517	30	62
893	517	29	66
893	515	32	73
894	515	30	78
893	514	32	84
891	512	35	89
892	509	33	98
892	507	36	106
893	505	34	111
894	506	33	107
893	506	33	98
891	510	34	86
892	511	32	81
891	514	35	76
891	510	34	77
890	509	38	81
893	504	35	87
895	503	33	90
894	505	36	87
894	508	35	85
895	508	35	84
894	509	37	83
893	512	38	76
892	512	40	78
892	517	38	70
893	521	34	62
891	516	35	64
891	517	35	68
892	512	31	76
892	513	32	80
890	512	38	87
891	512	38	88
891	514	39	86
894	516	40	91
896	521	37	82
900	526	41	81
902	533	57	73
1039	641	67	78
1066	646	70	84
1088	650	72	91
1122	561	79	92
1009	519	68	78
886	515	76	80
871	514	66	80
870	512	67	80
877	509	56	86
887	513	45	81
890	515	37	75
891	519	35	65
892	518	33	64
894	519	29	62
893	519	30	65
893	517	33	67
894	520	29	61
894	521	29	58
894	521	29	62
893	519	31	64
894	519	29	62
893	519	32	65
893	519	30	63
894	520	29	63
894	520	29	64
894	519	30	64
893	519	31	65
893	520	32	63
893	520	31	65
893	519	31	64
893	519	31	61
893	518	31	66
893	520	31	63
893	518	31	66
893	516	30	71
892	517	33	70
892	517	32	69
892	517	32	69
892	517	32	70
893	518	31	66
893	518	29	64
892	521	31	59
893	519	29	60
892	519	32	63
893	519	31	61
894	520	29	60
893	520	31	64
893	520	30	62
893	520	30	62
893	519	32	65
892	518	32	64
893	518	32	64
893	519	32	64
892	519	31	62
893	517	31	64
892	519	33	63
893	520	30	60
893	519	30	62
893	520	31	61
893	519	31	62
892	518	32	64
892	522	31	57
892	521	32	59
891	519	31	60
891	519	32	62
891	521	31	59
891	522	32	57
892	521	30	59
892	520	32	62
892	520	32	65
891	518	32	67
891	517	31	67
892	516	32	72
891	515	32	71
891	514	34	76
891	515	33	75
891	518	32	65
892	516	31	68
892	515	32	71
891	514	32	70
893	513	30	70
892	516	30	66
892	516	31	68
893	517	32	68
892	517	31	64
892	517	31	68
892	516	31	65
892	518	31	64
893	518	30	64
893	521	30	60
893	521	30	59
893	520	31	62
893	520	32	63
892	519	34	64
891	519	34	65
892	519	33	64
893	518	30	62
893	519	32	63
893	519	31	65
893	518	32	68
892	519	32	64
892	522	32	59
893	520	30	61
893	518	31	68
893	519	30	65
893	520	31	61
893	519	31	65
893	519	31	62
892	522	31	58
893	523	31	56
894	523	28	56
894	523	28	58
893	523	30	59
893	520	30	63
892	519	32	61
893	521	31	61
892	520	32	61
