408	167	97	126
417	163	98	131
406	165	98	130
415	163	102	129
412	166	96	119
410	163	99	132
414	169	92	120
412	170	98	126
413	173	92	134
410	179	102	125
413	182	97	126
410	186	93	127
414	183	93	125
413	180	94	119
416	175	86	119
415	168	87	117
416	159	86	115
418	155	86	112
423	154	84	107
420	154	86	110
422	152	89	109
419	155	83	105
426	150	84	109
421	151	83	112
423	151	86	106
421	152	83	103
425	149	83	106
423	149	83	106
427	144	86	105
425	141	84	111
427	139	86	110
427	140	81	109
429	135	85	110
429	137	85	107
432	132	85	108
436	131	85	101
432	129	83	108
430	126	84	106
421	124	85	110
414	122	86	108
410	120	82	108
405	116	83	110
400	116	80	108
396	117	82	107
392	115	81	108
388	114	83	106
383	112	85	108
376	112	85	108
371	110	86	109
366	109	86	107
363	109	84	105
360	106	83	107
358	104	82	105
357	103	83	101
362	102	82	107
364	100	83	106
365	98	90	110
371	98	88	109
374	96	88	110
379	96	87	107
384	91	88	111
393	92	83	105
396	89	83	110
399	86	85	113
407	88	85	110
408	89	88	111
413	89	89	113
415	92	92	113
424	96	86	115
427	100	90	116
428	112	87	115
430	118	94	115
432	127	90	117
429	136	96	119
435	143	93	119
431	157	92	112
434	161	99	118
437	170	100	116
440	175	103	121
443	186	103	121
446	194	103	121
445	201	103	125
444	210	105	123
443	207	100	133
429	204	108	140
422	213	104	129
413	210	103	129
402	209	100	129
391	205	101	128
381	199	97	130
372	193	99	132
369	197	90	121
364	193	94	118
358	190	94	118
354	186	99	117
354	182	94	115
358	177	97	116
356	171	94	119
359	164	95	121
365	162	95	116
372	158	97	114
378	155	94	114
389	151	96	111
394	147	98	117
406	146	94	115
413	142	95	121
420	143	96	113
427	140	94	116
434	139	94	112
437	138	93	108
440	135	96	112
443	132	94	115
442	133	95	110
446	126	93	115
446	121	93	116
448	117	90	108
449	109	92	110
449	102	90	112
451	92	87	114
449	87	90	114
447	83	90	114
444	77	93	114
442	72	90	118
438	67	94	118
433	68	90	113
425	68	92	114
418	65	94	116
411	62	92	122
405	65	89	115
402	66	86	116
398	70	81	113
393	67	85	118
387	70	88	117
382	76	90	113
380	82	96	112
382	87	92	113
388	93	85	109
394	95	85	115
400	99	89	117
406	100	89	118
408	103	92	117
414	102	92	119
419	105	93	116
426	108	88	115
426	105	90	122
431	105	84	120
431	104	83	122
438	103	82	112
436	100	79	118
442	102	75	113
443	103	73	113
441	102	78	115
446	105	71	116
449	108	69	113
448	110	71	107
452	114	68	101
454	111	68	105
453	110	66	115
450	112	71	114
452	110	67	115
453	107	62	124
456	104	66	123
456	104	63	125
455	103	64	128
455	101	67	128
455	100	67	124
454	98	68	123
457	102	62	124
454	103	68	138
455	98	67	151
456	92	70	123
458	94	69	115
458	92	71	117
460	89	73	118
460	86	75	120
460	86	77	118
462	88	78	114
463	84	79	118
460	82	84	117
463	81	79	120
465	77	78	123
464	76	82	122
464	79	88	114
463	75	90	123
462	74	94	117
463	72	92	115
463	70	92	122
464	69	91	121
462	68	95	122
464	66	94	124
462	64	94	126
462	65	92	125
464	67	94	125
464	68	90	125
459	69	94	125
461	70	89	118
456	69	90	123
455	70	89	122
454	71	90	123
454	71	88	122
451	71	90	122
452	71	88	122
451	72	90	120
452	71	88	119
451	71	88	119
449	70	89	120
448	71	91	118
448	72	91	118
445	76	93	114
443	77	92	113
445	78	86	114
441	80	89	114
441	82	89	113
444	81	85	117
443	81	86	118
442	81	88	117
441	80	89	118
442	81	85	116
440	82	87	109
442	80	83	114
443	79	82	114
441	80	86	113
442	78	85	114
442	77	83	113
444	75	79	114
443	73	79	120
447	77	71	116
442	78	77	117
446	75	72	121
448	80	70	119
445	82	71	115
447	83	72	115
446	82	72	115
445	83	73	113
445	84	71	107
443	85	72	104
444	85	72	105
445	84	71	109
446	86	70	107
446	87	73	108
447	92	75	102
450	92	74	105
450	91	78	105
451	94	79	103
451	93	80	105
452	93	79	105
453	93	84	107
450	96	89	98
452	95	87	99
448	97	91	93
448	97	93	99
451	98	91	97
449	99	94	97
449	99	91	97
452	100	92	94
456	101	87	93
458	100	89	94
457	101	89	93
461	102	86	91
459	102	85	92
460	102	86	93
460	102	83	93
457	101	88	100
455	101	88	101
457	102	86	101
457	101	88	100
456	102	88	97
458	103	89	99
459	102	87	104
458	104	85	104
454	107	88	105
453	110	96	101
445	110	97	111
446	110	97	113
446	111	90	108
446	105	85	111
443	103	85	103
443	98	81	108
440	94	81	107
439	93	79	109
438	93	77	113
435	95	75	113
432	99	73	113
424	101	77	114
417	103	77	118
409	99	78	123
403	102	78	125
394	104	80	120
388	109	75	119
379	105	78	122
369	104	81	122
357	107	84	121
346	111	84	118
338	109	85	121
327	109	88	125
317	117	92	118
310	114	92	121
303	115	98	119
301	106	95	123
296	102	94	121
293	97	97	118
293	90	95	117
285	85	102	114
287	74	99	118
286	72	99	115
288	65	97	114
280	66	104	108
292	55	95	116
289	48	93	117
298	37	91	123
295	33	87	119
303	24	91	125
305	15	85	132
306	8	91	127
308	7	91	115
314	7	94	114
314	4	95	108
320	5	93	91
326	9	99	75
341	2	89	83
351	2	86	82
367	2	82	81
374	2	85	83
387	3	81	90
403	5	73	104
410	10	74	105
422	11	71	108
429	16	73	106
438	15	70	110
445	16	68	112
450	16	69	115
457	17	68	115
461	23	71	106
465	21	71	115
471	26	69	111
477	31	69	109
484	36	70	106
491	40	73	107
498	43	67	108
502	44	71	114
506	46	72	116
511	47	76	117
514	47	75	119
516	49	81	119
519	50	81	119
519	48	85	123
517	53	89	118
513	52	94	121
518	54	93	123
515	59	99	116
515	59	103	122
516	63	107	122
515	66	106	121
520	71	101	117
521	71	103	123
527	77	97	122
532	89	98	118
535	94	102	119
539	103	100	120
540	112	108	128
543	122	112	131
553	130	102	129
554	144	106	124
554	151	109	131
554	163	111	137
548	178	118	135
545	188	115	143
539	200	124	152
544	213	114	156
541	226	120	149
538	240	122	137
540	243	120	135
540	244	114	133
537	257	113	121
536	253	108	119
532	255	101	121
526	262	104	115
521	270	107	110
516	282	115	96
517	287	118	94
515	291	116	85
510	301	121	77
512	276	120	100
507	269	98	108
496	310	95	72
483	321	98	59
473	324	96	54
462	326	91	52
449	325	91	53
431	320	89	57
388	313	97	60
356	313	101	61
326	307	112	66
294	306	122	73
273	306	125	70
243	303	137	73
217	300	145	76
207	303	138	74
191	310	137	69
182	321	132	59
166	327	137	57
158	331	133	52
149	339	136	44
138	337	134	46
126	331	137	49
116	316	135	61
103	293	143	65
53	308	129	70
47	264	127	88
54	229	121	101
65	185	117	120
79	145	112	131
91	106	107	140
104	75	101	127
115	35	106	131
127	5	108	125
142	-3	110	107
165	-20	105	93
366	83	78	100
371	71	73	107
375	65	67	115
375	61	67	120
377	60	68	120
378	57	66	127
379	57	65	127
381	56	65	128
382	61	65	122
384	61	64	125
383	62	66	122
385	60	62	124
384	61	64	124
385	60	66	125
384	63	63	119
386	63	65	122
386	64	63	122
384	68	66	116
388	66	66	118
388	67	61	119
387	70	59	116
445	-2	78	129
438	4	105	129
430	9	115	146
428	24	116	148
419	47	126	137
415	63	130	141
422	77	123	142
423	97	129	132
417	108	133	135
420	116	125	138
418	119	128	143
419	123	125	144
419	129	126	147
425	133	126	154
422	140	122	152
424	156	125	147
427	166	130	145
428	168	132	152
429	165	136	150
431	156	134	148
435	148	133	148
440	139	126	141
446	133	127	139
455	121	124	143
461	124	114	135
458	124	119	134
454	125	115	130
459	126	112	123
466	124	107	120
466	125	110	119
466	122	115	119
468	116	113	119
465	109	119	126
468	113	120	121
470	113	119	123
472	117	114	119
474	117	103	124
473	116	100	129
478	117	93	129
475	118	92	122
470	119	96	124
469	116	95	129
476	114	90	135
475	114	92	134
477	114	93	133
479	115	98	132
481	116	103	131
482	111	100	140
484	110	104	145
480	107	111	148
487	109	109	149
489	109	115	150
494	106	112	148
499	104	115	147
504	103	121	149
511	103	128	151
521	107	122	147
528	107	123	155
531	107	121	155
536	103	114	151
539	104	115	149
540	101	115	148
539	101	116	147
538	99	116	150
542	102	113	156
532	103	120	149
531	101	118	154
530	98	112	159
528	100	113	153
523	100	116	151
516	101	122	150
512	101	123	150
511	96	121	152
511	97	118	158
505	95	121	158
498	100	121	155
490	104	119	154
478	100	122	159
475	107	116	158
468	106	115	154
471	108	107	152
472	112	105	147
467	110	106	144
460	109	120	148
459	107	118	145
455	102	119	140
453	99	123	145
455	94	122	145
450	100	124	139
448	94	118	143
446	92	117	143
446	89	118	144
444	81	116	146
438	73	117	148
435	58	119	157
434	42	123	161
433	25	119	161
427	9	125	163
423	10	121	146
422	3	124	142
421	-4	127	126
418	-7	135	112
363	66	113	118
365	68	89	115
377	57	74	130
380	61	68	119
381	59	65	125
382	58	66	128
382	59	66	125
382	57	66	129
382	58	65	128
380	59	68	125
382	60	65	124
384	59	64	126
384	59	65	126
384	58	66	127
386	59	66	125
385	59	67	126
387	59	65	125
388	62	64	122
389	61	63	125
387	61	67	122
389	59	66	125
391	60	64	124
390	62	67	122
389	59	68	126
390	59	69	126
390	57	68	129
393	58	67	129
393	57	68	130
394	56	67	130
392	55	68	132
395	57	68	128
393	57	69	128
393	58	68	126
395	56	67	131
395	58	68	128
392	55	71	131
396	56	67	132
394	55	69	131
393	58	69	129
394	57	68	130
392	58	69	128
394	57	69	129
392	57	68	130
394	57	67	130
393	59	67	128
391	57	70	130
394	57	63	131
391	58	67	129
390	56	68	130
389	54	67	134
389	54	69	134
387	52	69	136
390	53	67	136
389	56	67	131
386	57	69	129
387	56	68	131
387	60	68	126
388	56	68	134
388	57	66	131
387	59	68	127
389	57	67	129
387	58	67	129
388	59	67	127
387	57	68	130
387	58	67	133
388	56	65	134
386	59	69	128
384	57	68	130
388	58	65	121
388	58	63	120
389	60	61	108
390	60	64	106
388	57	62	114
389	56	57	111
389	61	58	103
389	61	55	105
390	60	53	107
391	63	47	101
392	61	38	108
422	84	47	108
415	94	69	109
389	85	98	121
368	86	104	126
353	87	106	126
339	88	106	124
327	87	105	128
309	90	111	124
303	90	110	120
294	90	109	122
289	91	107	119
287	91	106	114
285	93	107	115
288	92	103	119
293	91	107	116
297	89	111	120
311	88	103	118
322	89	102	118
338	86	100	122
348	88	101	121
358	94	98	117
362	94	106	119
367	97	111	117
384	94	102	121
395	96	101	116
405	95	99	118
418	96	94	119
427	96	92	118
437	100	88	121
438	104	90	121
439	107	91	121
445	106	82	120
441	108	85	117
443	107	85	115
441	110	79	117
436	109	80	121
427	107	82	121
409	95	93	124
404	107	84	119
388	104	93	124
376	110	99	118
369	113	99	114
364	112	104	117
353	108	111	120
356	110	107	114
359	104	104	115
359	100	105	124
366	99	100	115
368	95	100	121
373	92	102	122
382	88	96	120
386	88	100	124
384	85	101	123
389	85	97	127
392	88	92	120
391	87	93	117
391	88	96	118
389	85	103	118
419	91	79	111
432	92	74	112
436	91	78	109
444	86	84	107
452	78	91	109
459	69	100	112
474	60	96	114
484	45	100	120
500	36	99	115
507	29	102	111
517	26	104	108
524	29	104	110
532	34	106	112
541	41	103	120
547	50	102	121
541	52	106	130
548	57	99	133
555	58	91	138
558	63	90	137
557	69	91	132
557	72	91	133
563	76	90	134
566	71	88	150
573	74	87	155
577	73	85	159
584	76	81	162
589	89	82	151
593	97	91	145
596	103	93	140
597	119	93	130
597	137	94	124
596	146	96	132
593	160	101	132
591	174	101	138
590	189	106	143
591	215	114	137
589	232	118	132
586	231	120	141
582	244	127	134
576	229	132	144
567	238	129	141
569	250	116	131
553	268	120	108
549	285	111	90
540	298	108	77
525	309	107	70
517	316	112	72
500	318	117	61
493	325	105	60
479	324	105	56
469	324	97	54
458	320	100	59
449	316	100	63
441	313	101	63
432	311	102	68
424	313	96	65
418	313	91	64
409	309	92	68
408	306	84	73
401	300	91	77
397	301	89	76
389	298	94	78
383	298	100	77
386	299	104	76
399	305	102	69
425	310	94	66
454	325	83	54
488	339	72	42
590	339	62	39
582	341	54	30
595	343	39	25
597	344	38	22
592	344	42	22
589	344	44	23
586	344	46	23
585	344	48	23
584	344	50	24
584	343	50	24
582	343	51	24
581	343	53	25
578	343	55	25
578	343	56	25
577	343	56	25
577	343	56	26
580	343	55	26
505	353	52	25
492	347	59	31
494	333	62	44
490	310	71	60
479	292	87	70
478	280	95	73
485	269	92	73
491	261	94	72
502	255	101	77
516	249	93	83
528	240	91	95
536	236	85	103
546	234	77	102
542	221	77	114
526	208	87	113
510	167	81	98
489	151	80	79
309	119	66	80
305	117	74	82
306	131	79	93
318	118	74	107
318	124	83	104
326	117	76	117
331	119	73	119
332	120	75	116
337	120	78	115
344	119	74	118
350	120	76	112
357	121	78	114
363	121	79	116
372	120	75	118
374	116	78	117
374	114	88	114
377	108	88	121
379	108	95	119
384	110	97	115
391	106	98	121
399	105	105	117
407	102	105	116
412	103	109	113
418	106	109	111
422	102	113	116
430	99	110	120
436	104	114	112
441	99	111	115
448	98	108	116
452	98	111	116
453	98	111	117
455	98	109	119
453	102	112	115
451	105	113	108
451	103	107	101
449	94	104	111
448	90	103	110
447	93	98	108
446	96	95	109
445	100	92	110
444	102	94	113
445	100	91	123
446	101	89	125
454	101	80	120
456	100	77	123
456	99	81	119
459	97	82	122
463	95	84	119
464	92	88	120
468	90	85	121
465	89	89	123
465	88	96	124
465	87	102	122
467	87	104	113
465	84	105	123
465	86	108	125
462	89	113	121
461	88	116	121
465	90	109	118
466	95	109	112
470	92	105	122
473	94	104	116
477	99	106	119
479	102	106	115
484	102	103	116
495	101	95	123
502	101	89	123
503	106	81	125
501	103	85	128
503	108	86	126
497	112	89	124
494	112	89	123
487	113	91	123
484	110	92	126
483	109	89	127
476	108	91	126
472	101	87	135
466	98	90	138
459	94	92	139
453	88	96	134
453	87	94	136
452	83	98	138
451	75	98	146
450	70	94	142
445	60	98	148
443	55	98	153
444	51	99	156
439	54	101	150
442	53	104	153
440	47	99	161
436	46	106	166
440	45	100	168
435	45	110	165
437	44	112	168
438	45	113	164
441	43	119	170
444	41	114	169
447	41	115	168
446	44	116	171
447	44	116	176
444	47	117	180
446	51	110	176
443	51	116	179
445	54	115	177
441	57	120	175
448	55	121	179
442	57	116	175
449	55	117	180
447	56	116	182
451	57	117	179
441	57	124	182
449	58	126	178
449	57	115	184
451	58	120	177
450	57	120	177
451	56	121	181
444	53	126	188
448	55	123	176
443	55	119	178
