0.392756
0.036613
0.037782
0.038059
0.038024
0.037934
0.038014
0.037885
0.037947
0.037957
0.037922
0.038058
0.037866
0.038094
0.037010
0.037066
0.038049
0.038065
0.038122
0.037390
0.066431
0.037957
0.038026
0.037968
0.038075
0.037999
0.037907
0.037796
0.037942
0.042472
0.037246
0.037300
0.037083
0.037043
0.037021
0.037234
0.037027
0.037076
0.037084
0.037331
0.070677
0.037145
0.037213
0.037143
0.037172
0.037279
0.037034
0.037065
0.037102
0.037082
0.037089
0.037062
0.037211
0.037787
0.037919
0.038061
0.038196
0.037765
0.038271
0.038125
0.071843
0.038869
0.036851
0.041212
0.044469
0.036855
0.037211
0.037337
0.037182
0.037368
0.037117
0.037095
0.037024
0.037318
0.036952
0.037156
0.037186
0.037217
0.037182
0.040981
0.069866
0.036467
0.036587
0.036630
0.036675
0.036499
0.036552
0.036648
0.036562
0.036677
0.036359
0.036546
0.036521
0.036563
0.036468
0.036590
0.036429
0.036651
0.036551
0.036507
0.069907
0.036428
0.036522
0.036459
0.036432
0.036493
0.036501
0.036573
0.036541
0.036623
0.036614
0.036570
0.036548
0.036501
0.036656
0.036449
0.036504
0.036521
0.036487
0.036588
0.070007
0.036355
0.036383
0.036478
0.036477
0.036503
0.036592
0.036565
0.037055
0.037052
0.037164
0.038556
0.038204
0.038078
0.038158
0.038115
0.037953
0.038261
0.038142
0.038230
0.071847
0.038244
0.037918
0.038151
0.038103
0.037963
0.038213
0.038087
0.038186
0.038031
0.038268
0.038180
0.037977
0.038112
0.038090
0.038327
0.038058
0.038285
0.038119
0.038144
0.071935
0.038432
0.038203
0.038299
0.038190
0.037997
0.038501
0.038297
0.038150
0.037998
0.038262
0.038210
0.038078
0.038175
0.038139
0.038356
0.038109
0.037997
0.038343
0.038158
0.072069
0.038267
0.038129
0.038331
0.038209
0.038221
0.038290
0.038054
0.038136
0.038100
0.038060
0.037756
0.038689
0.038204
0.038068
0.038076
0.038328
0.038224
0.038207
0.038440
0.071986
0.038278
0.038324
0.038179
0.038105
0.037979
0.038311
0.038263
0.038203
0.038098
0.038039
0.038163
0.038012
0.038237
0.038397
0.038070
0.038199
0.038059
0.038139
0.038256
0.072121
0.038184
0.038274
0.038195
0.038058
0.038249
0.038268
0.038290
0.038121
0.038057
0.037970
0.038170
0.038124
0.038154
0.038315
0.038395
0.038487
0.038312
0.038515
0.037321
0.070760
0.037338
0.038580
0.038269
0.038447
0.038246
0.038411
0.038618
0.036888
0.036786
0.036639
0.036829
0.036855
0.036772
0.036811
0.036854
0.036727
0.037439
0.037329
0.036898
0.070272
0.036804
0.037006
0.037493
0.037187
0.038328
0.038269
0.038601
0.038290
0.038431
0.038424
0.038300
0.038432
0.038287
0.037973
0.038391
0.038588
0.038568
0.038318
0.038454
0.072060
0.038361
0.038234
0.038371
0.038381
0.038563
0.038424
0.038276
0.038313
0.038222
0.038360
0.038600
0.038253
0.038397
0.038344
0.038420
0.038364
0.038323
0.038217
0.038297
0.072165
0.038371
0.038261
0.038409
0.038544
0.038671
0.038455
0.038384
0.038418
0.038396
0.038597
0.038989
0.036761
0.036976
0.036783
0.036832
0.036712
0.036718
0.036744
0.036851
0.070269
0.037065
0.036720
0.036654
0.036760
0.036689
0.038435
0.036697
0.036625
0.036874
0.036693
0.036597
0.036615
0.036753
0.036833
0.037543
0.037212
0.037295
0.038527
0.038295
0.072000
0.038306
0.038319
0.038505
0.038324
0.038368
0.038266
0.038281
0.038211
0.038454
0.038237
0.038273
0.038258
0.038237
0.038314
0.038306
0.038361
0.038255
0.038326
0.038439
0.072407
0.038357
0.038407
0.038630
0.038306
0.038381
0.038276
0.038543
0.038122
0.038373
0.038351
0.038312
0.038277
0.038364
0.038213
0.038306
0.038259
0.038391
0.038460
0.038456
0.072265
0.038246
0.038347
0.038138
0.038173
0.038484
0.038213
0.038149
0.038253
0.038420
0.038337
0.038228
0.038328
0.038397
0.038296
0.038648
0.038246
0.038466
0.038502
0.038484
0.072267
0.038352
0.038234
0.038263
0.037903
0.038098
0.038259
0.038633
0.038579
0.038179
0.038217
0.038333
0.038504
0.038363
0.038260
0.038529
0.038133
0.038246
0.038485
0.038125
0.072241
0.038191
0.038289
0.036982
0.036845
0.036822
0.036773
0.036876
0.036767
0.036686
0.036774
0.036704
0.036603
0.036774
0.036794
0.036858
0.036692
0.041883
0.036718
0.036715
0.070296
0.036607
0.036788
0.036734
0.036816
0.036891
0.036788
0.036689
0.036701
0.036694
0.036685
0.036737
0.036779
0.036858
0.036702
0.036731
0.036880
0.037064
0.036678
0.036675
0.070213
0.036515
0.036680
0.036770
0.036788
0.036856
0.036735
0.036778
0.036721
0.036628
0.036735
0.036623
0.036717
0.036629
0.036731
0.036739
0.036689
0.036799
0.036603
0.036712
0.070234
0.036813
0.036705
0.036781
0.036633
0.036777
0.036990
0.036678
0.036623
0.036677
0.036543
0.036643
0.036646
0.036800
0.036710
0.036691
0.036762
0.036652
0.036741
0.036737
0.070134
0.036828
0.036904
0.036801
0.037236
0.037302
0.037378
0.037506
0.038439
0.038400
0.038379
0.038409
0.038270
0.038349
0.038332
0.038337
0.038401
0.038532
0.038243
0.038475
0.072303
0.038400
0.038435
0.038177
0.038125
0.038394
0.038413
0.038502
0.038419
0.038463
0.038335
0.038249
0.038305
0.038273
0.038294
0.037997
0.038233
0.038522
0.038459
0.038304
0.072173
0.038251
0.038325
0.038322
0.038235
0.038338
0.038245
0.038347
0.038588
0.038362
0.038180
0.038392
0.038342
0.038510
0.038332
0.038409
0.038266
0.038069
0.038326
0.038359
0.072103
0.038543
0.038143
0.038194
0.039320
0.038482
0.038581
0.038448
0.038259
0.038293
0.038434
0.038393
0.038367
0.038472
0.038289
0.038433
0.038484
0.038470
0.038399
0.038265
0.072223
0.038239
0.038347
0.038429
0.038262
0.038476
0.038352
0.038309
0.038246
0.038243
0.038330
0.038318
0.038453
0.038553
0.038342
0.038013
0.038360
0.038256
0.038388
0.038341
0.072152
0.038214
0.038361
0.038423
0.038289
0.038287
0.038411
0.038520
0.038565
0.038632
0.038289
0.038140
0.038347
0.038453
0.038352
0.038153
0.038363
0.038313
0.038513
0.038291
0.072062
0.038487
0.038511
0.038174
0.038314
0.038459
0.038205
0.038258
0.037919
0.037586
0.041014
0.046970
0.048809
0.038459
0.038126
0.038201
0.038274
0.038313
0.038481
0.038209
0.072129
0.038194
0.040136
0.038294
0.038510
0.038229
0.038595
0.038430
0.038284
0.038291
0.038690
0.038256
0.038407
0.038304
0.038260
0.038245
0.038398
0.038300
0.038255
0.038400
0.072066
0.038395
0.038313
0.038293
0.038433
0.038365
0.038182
0.038280
0.038318
0.038159
0.038145
0.038300
0.038363
0.038213
0.038326
0.038224
0.038131
0.038350
0.038390
0.038381
0.072173
0.038587
0.038229
0.038404
0.038630
0.038412
0.038200
0.038211
0.038226
0.038284
0.039340
0.038480
0.038290
0.038361
0.042585
0.044312
0.040031
0.039230
0.038637
0.039455
0.070248
0.037701
0.036805
0.039609
0.040133
0.040880
0.042025
0.040736
0.040647
0.038491
0.038307
0.038148
0.038345
0.038554
0.039042
0.038522
0.042419
0.044365
0.039827
0.039975
0.078830
0.038431
0.038486
0.038478
0.038463
0.038095
0.038586
0.038641
0.038504
0.038550
0.037480
0.037469
0.037442
0.037356
0.037361
0.040391
0.038702
0.039370
0.038422
0.038653
0.072301
0.038424
0.038504
0.038322
0.038661
0.039130
0.038677
0.038468
0.038514
0.038693
0.038447
0.039054
0.037953
0.039394
0.038145
0.038422
0.038734
0.038476
0.038561
0.038513
0.072019
0.038325
0.038644
0.038336
0.038412
0.038363
0.038304
0.038396
0.038367
0.038522
0.038360
0.038532
0.038437
0.038507
0.038222
0.038589
0.038302
0.038345
0.038435
0.038522
0.072138
0.038423
0.038477
0.038289
0.038369
0.038329
0.038346
0.038642
0.038293
0.038265
0.038316
0.038690
0.038348
0.038185
0.038141
0.038257
0.038412
0.038472
0.038296
0.038108
0.072186
0.038395
0.038316
0.038194
0.038338
0.038551
0.038274
0.038316
0.038408
0.038322
0.038259
0.038517
0.038533
0.038238
0.038278
0.038486
0.037424
0.037408
0.038020
0.039130
0.072344
0.038286
0.038429
0.038227
0.038407
0.038352
0.038656
0.037920
0.038657
0.038425
0.039493
0.039305
0.038477
0.037913
0.038289
0.037506
0.038432
0.038737
0.038961
0.043056
0.079055
0.037511
0.037886
0.038077
0.037619
0.037946
0.038147
0.037660
0.036920
0.037848
0.037964
0.038736
0.037801
0.038159
0.039039
0.042434
0.039048
0.038743
0.038864
0.038761
0.073654
0.038316
0.038309
0.037681
0.037350
0.037420
0.037325
0.037889
0.037379
0.037879
0.037435
0.036853
0.037357
0.036706
0.037358
0.037483
0.037340
0.037524
0.037881
0.037275
0.071190
0.037374
0.037149
0.036763
0.036880
0.036792
0.037027
0.037334
0.036641
0.036604
0.036659
0.036833
0.036666
0.036624
0.036714
0.036646
0.036689
0.036735
0.036726
0.036684
0.070121
0.036633
0.036953
0.036908
0.036683
0.036981
0.036954
0.036663
0.037345
0.036830
0.036647
0.037250
0.036758
0.036881
0.036777
0.036856
0.036726
0.036892
0.036679
0.036831
0.070353
0.036578
0.036785
0.036707
0.036609
0.036749
0.036853
0.036654
0.036747
0.037119
0.037442
0.037088
0.038557
0.037434
0.036729
0.036789
0.036848
0.036853
0.036765
0.036999
0.070373
0.037049
0.036664
0.036847
0.037331
0.036792
0.036698
0.037335
0.036749
0.036725
0.036811
0.036789
0.036914
0.037280
0.037552
0.037021
0.038490
0.036716
0.036740
0.037070
0.070397
0.036757
0.037674
0.036837
0.036821
0.036833
0.037279
0.036839
0.037613
0.037056
0.036671
0.036671
0.036794
0.036603
0.036780
0.036937
0.036758
0.036664
0.036846
0.036712
0.070947
0.037157
0.036870
0.036741
0.036740
0.036866
0.036633
0.036664
0.037052
0.036810
0.037100
0.036802
0.036763
0.037343
0.036996
0.037645
0.036965
0.037250
0.037186
0.037392
0.071095
0.036939
0.036808
0.037579
0.037220
0.037541
0.037710
0.038226
0.037681
0.037677
0.037749
0.037336
0.037321
0.037369
0.037489
0.037306
0.037418
0.037252
0.037482
0.037582
0.070834
0.037202
0.037391
0.037494
0.037450
0.038081
0.038313
0.038994
0.037481
0.037401
0.037325
0.037388
0.037475
0.037354
0.037360
0.037286
0.037169
0.036857
0.036892
0.037627
0.071696
0.038141
0.037557
0.037281
0.037351
0.038419
0.037470
0.037452
0.037376
0.037306
0.037478
0.037304
0.037524
0.037410
0.037200
0.037761
0.038026
0.043279
0.044746
0.038332
0.074940
0.038344
0.043272
0.041694
0.041840
0.041715
0.041533
0.042104
0.036965
0.036948
0.036953
0.038004
0.037490
0.040391
0.039719
0.036878
0.036983
0.036812
0.036826
0.036973
0.070477
0.037140
0.037921
0.037493
0.037381
0.036826
0.036837
0.036726
0.036927
0.036896
0.036729
0.037854
0.039393
0.041045
0.040936
0.044515
0.037932
0.037512
0.037836
0.038709
0.075331
0.043396
0.043772
0.042697
0.042891
0.045352
0.041246
0.041623
0.040170
0.040342
0.042029
0.038204
0.038379
0.038468
0.038903
0.041498
0.042562
0.042675
0.042221
0.042508
0.078429
0.039910
0.042975
0.043107
0.041903
0.042945
0.041450
0.042264
0.042073
0.040771
0.043162
0.041652
0.046590
0.043323
0.039258
0.040076
0.039194
0.040926
0.041290
0.042124
0.077354
0.041832
0.043641
0.045022
0.038523
0.038612
0.038435
0.038130
0.038113
0.038300
0.045649
0.041922
0.042338
0.041377
0.043139
0.038618
0.037354
0.037196
0.037573
0.037348
0.073566
0.042445
0.037400
0.037442
0.037462
0.037423
0.038188
0.041836
0.042896
0.043303
0.041206
0.041214
0.043464
0.044160
0.043900
0.043824
0.040031
0.040179
0.043542
0.044277
0.076465
0.040552
0.043392
0.043387
0.042737
0.043398
0.041960
0.041904
0.039562
0.038365
0.038382
0.038531
0.039419
0.038099
0.042410
0.044120
0.044408
0.040328
0.039896
0.037266
0.070835
0.037481
0.041718
0.041212
0.042725
0.041472
0.041836
0.042950
0.036895
0.036939
0.036691
0.036733
0.036698
0.037433
0.037850
0.037629
0.038957
0.042275
0.040803
0.040417
0.075920
0.037215
0.037386
0.037373
0.037393
0.037406
0.037265
0.037195
0.037403
0.038034
0.043670
0.037224
0.037225
0.037459
0.037217
0.037422
0.037408
0.037316
0.037816
0.038118
0.071193
0.037672
0.038293
0.038102
0.047641
0.038632
0.038167
0.037112
0.036900
0.036749
0.043298
0.043941
0.042990
0.037108
0.037471
0.036924
0.036944
0.038067
0.041305
0.041148
0.079101
0.044947
0.036827
0.038730
0.038309
0.040968
0.045259
0.042928
0.044875
0.037446
0.039230
0.041552
0.040215
0.043643
0.045159
0.045930
0.046822
0.039749
0.040857
0.039761
0.071478
0.037521
0.040247
0.043478
0.038440
0.038388
0.038242
0.038332
0.039016
0.044352
0.042521
0.047269
0.042832
0.046050
0.044595
0.044829
0.044630
0.044500
0.040495
0.042309
0.076670
0.043283
0.045622
0.045199
0.042241
0.044140
0.045037
0.037285
0.039986
0.046728
0.045421
0.041874
0.040636
0.042124
0.040044
0.041030
0.040675
0.038949
0.037296
0.037031
0.071065
0.037694
0.039200
0.040341
0.040103
0.040999
0.041660
0.039705
0.038377
0.038230
0.039157
0.043520
0.046873
0.042029
0.039511
0.039716
0.039026
0.037941
0.037126
0.036793
0.070522
0.036908
0.037115
0.036987
0.039243
0.037934
0.039190
0.038198
0.037880
0.037525
0.037966
0.037265
0.038072
0.037735
0.037378
0.037308
0.037492
0.037360
0.037429
0.037176
0.072499
0.036936
0.040828
0.045481
0.041984
0.044457
0.040148
0.043651
0.042974
0.043615
0.044722
0.043203
0.040909
0.041155
0.039694
0.037518
0.037566
0.038296
0.042923
0.044696
0.075236
0.037849
0.037573
0.037237
0.037461
0.037565
0.039097
0.038489
0.036741
0.036784
0.036758
0.036773
0.037181
0.038084
0.042834
0.040497
0.037448
0.037417
0.037250
0.038384
0.075880
0.038465
0.042048
0.043281
0.043201
0.043305
0.043233
0.044338
0.037168
0.037026
0.036769
0.036825
0.037224
0.036846
0.036916
0.036823
0.036914
0.037466
0.036938
0.036775
0.070228
0.036829
0.037960
0.036851
0.037016
0.037024
0.036778
0.036947
0.036824
0.036742
0.040662
0.040872
0.042987
0.042677
0.041562
0.038568
0.036746
0.036727
0.036798
0.036759
0.070178
0.036792
0.036823
0.037322
0.040297
0.038937
0.036984
0.036842
0.037166
0.036958
0.039268
0.041775
0.040132
0.039764
0.039609
0.037249
0.037542
0.037208
0.037599
0.038256
0.076554
0.041238
0.042357
0.041384
0.039419
0.039420
0.041685
0.041935
0.042410
0.041276
0.043553
0.041580
0.037304
0.037154
0.037301
0.037185
0.037497
0.037585
0.037368
0.037403
0.070756
0.037371
0.037186
0.037187
0.038261
0.042591
0.041327
0.042243
0.041566
0.044347
0.041102
0.041081
0.043788
0.036694
0.036595
0.036895
0.036802
0.036863
0.036689
0.036736
0.070083
0.036621
0.036623
0.036831
0.040009
0.037519
0.037768
0.039618
0.044242
0.039527
0.039992
0.040301
0.044112
0.042622
0.038296
0.040289
0.037291
0.037255
0.037133
0.037282
0.070709
0.037248
0.037132
0.037138
0.055391
0.037551
0.036916
0.036550
0.036621
0.036565
0.036827
0.036649
0.036730
0.036612
0.036603
0.036677
0.036646
0.036648
0.036659
0.036716
0.070248
0.036919
0.036663
0.036652
0.038150
0.036685
0.036738
0.036672
0.036672
0.036814
0.036758
0.036619
0.036659
0.036768
0.036724
0.036719
0.036706
0.036619
0.036705
0.036643
0.070409
0.037190
0.037338
0.037230
0.036759
0.036864
0.036657
0.036597
0.036716
0.036598
0.036646
0.036618
0.036783
0.036668
0.036740
0.036672
0.036648
0.036923
0.037183
0.037259
0.071716
0.040888
0.041091
0.042778
0.041920
0.041393
0.042125
0.043472
0.042973
0.042008
0.043008
0.043720
0.043689
0.042546
0.042788
0.042284
0.042791
0.043352
0.038946
0.039362
0.075981
0.038858
0.045129
0.047345
0.040610
0.042190
0.044259
0.039147
0.038230
0.038214
0.037658
0.037629
0.037837
0.037791
0.037525
0.036864
0.036750
0.036786
0.036891
0.036871
0.070276
0.036730
0.036839
0.039254
0.042736
0.042920
0.036805
0.036861
0.036577
0.036788
0.036753
0.036812
0.036696
0.036730
0.036854
0.036740
0.036581
0.036687
0.036723
0.036705
0.070241
0.036761
0.037577
0.036670
0.036827
0.036690
0.036715
0.036739
0.036623
0.037454
0.036688
0.036599
0.036752
0.036690
0.036735
0.036684
0.036619
0.036839
0.036779
0.037143
0.070512
0.036729
0.037125
0.037261
0.041582
0.044776
0.037511
0.037184
0.037270
0.037426
0.037317
0.037267
0.037100
0.037411
0.037977
0.043690
0.044409
0.042725
0.043329
0.042222
0.081884
0.040829
0.042147
0.040465
0.040482
0.037336
0.037910
0.039972
0.042939
0.043386
0.042540
0.040125
0.042966
0.038799
0.039047
0.037232
0.037049
0.036902
0.036727
0.036644
0.081346
0.036845
0.036770
0.036874
0.036955
0.036814
0.036669
0.036699
0.036765
0.036863
0.037527
0.037147
0.039500
0.043777
0.039341
0.037140
0.037050
0.037215
0.036955
0.036776
0.072437
0.038972
0.036803
0.036927
0.036815
0.036817
0.036829
0.037191
0.037750
0.037450
0.037408
0.037764
0.043328
0.045082
0.042472
0.041395
0.040682
0.043153
0.042663
0.042843
0.078543
0.038294
0.040130
0.039848
0.043432
0.041848
0.042900
0.044016
0.043734
0.043327
0.043531
0.038254
0.038432
0.038811
0.043596
0.043826
0.042900
0.044158
0.038312
0.038520
0.075318
0.042084
0.038672
0.038267
0.038179
0.038596
0.038218
0.039641
0.043647
0.042121
0.041861
0.043259
0.043531
0.042357
0.042524
0.043339
0.039048
0.042588
0.042906
0.043309
0.076924
0.040316
0.043067
0.043018
0.042003
0.043668
0.043092
0.041097
0.042407
0.037634
0.037972
0.037822
0.037438
0.036998
0.036936
0.036928
0.036781
0.036813
0.036757
0.036864
0.070517
0.036880
0.036817
0.038361
0.041152
0.037771
0.040747
0.042994
0.043336
0.039061
0.038672
0.040535
0.037947
0.039524
0.043269
0.041672
0.040366
0.040638
0.039599
0.038535
0.073672
0.038851
0.037405
0.039925
0.037755
0.038217
0.045816
0.038941
0.042253
0.041448
0.038602
0.038985
0.041577
0.040173
0.040816
0.040998
0.038528
0.039782
0.040225
0.038197
0.072296
0.041565
0.042030
0.042761
0.041974
0.044426
0.041438
0.042206
0.041352
0.042068
0.037065
0.037799
0.037778
0.037040
0.036989
0.036988
0.036924
0.040491
0.038320
0.038420
0.070717
0.036930
0.037073
0.040010
0.042470
0.042276
0.041239
0.041457
0.041615
0.037791
0.040656
0.038620
0.038123
0.036901
0.036850
0.040078
0.039137
0.037952
0.037970
0.037826
0.071558
0.038069
0.037874
0.040002
0.046346
0.043252
0.039477
0.041395
0.047980
0.046282
0.040976
0.042698
0.040835
0.037773
0.037634
0.037698
0.037789
0.037463
0.036763
0.036819
0.072215
0.037298
0.037301
0.037354
0.037528
0.037751
0.037467
0.037371
0.037399
0.037368
0.037435
0.037448
0.037328
0.038083
0.037404
0.037574
0.037266
0.037294
0.037426
0.037321
0.070959
0.037357
0.037438
0.037467
0.037696
0.037782
0.037466
0.037452
0.037042
0.037456
0.037922
0.037469
0.037111
0.037538
0.036975
0.037351
0.037117
0.037596
0.037448
0.037754
0.071873
0.037650
0.037463
0.037050
0.037477
0.037502
0.037423
0.037094
0.037773
0.037438
0.037465
0.037386
0.037533
0.037531
0.038117
0.043210
0.042068
0.038584
0.038297
0.038103
0.072400
0.038121
0.037998
0.035978
0.037180
0.037269
0.037474
0.037250
0.037428
0.037563
0.037548
0.037306
0.037105
0.037508
0.036917
0.037267
0.038183
0.038382
0.038527
0.037581
0.071993
0.037422
0.037145
0.037451
0.037414
0.037720
0.037282
0.037185
0.037408
0.037649
0.037511
0.037156
0.037512
0.039019
0.037564
0.035445
0.036896
0.037373
0.036855
0.037167
0.070394
0.037022
0.036926
0.036846
0.036922
0.036821
0.036669
0.037592
0.035399
0.036928
0.037398
0.036988
0.036873
0.036890
0.036821
0.036866
0.036638
0.037338
0.036891
0.037127
0.070454
0.036905
0.036949
0.037071
0.036882
0.036963
0.036881
0.036836
0.038810
0.042444
0.037515
0.039205
0.043861
0.037101
0.037493
0.037520
0.037792
0.037888
0.038258
0.038114
0.070913
0.037395
0.037381
0.038493
0.043843
0.037621
0.036068
0.037351
0.037108
0.037482
0.037594
0.037358
0.037372
0.037533
0.037238
0.037756
0.037819
0.038156
