0.404852
0.038866
0.039021
0.039047
0.039092
0.038308
0.038335
0.038346
0.038778
0.039350
0.039502
0.039761
0.039261
0.040021
0.039106
0.039386
0.039002
0.039771
0.039362
0.039037
0.068065
0.039188
0.039980
0.039227
0.039291
0.039263
0.039134
0.039004
0.039127
0.039159
0.039730
0.039196
0.039159
0.039273
0.039199
0.039325
0.039187
0.039219
0.039186
0.039734
0.072617
0.041505
0.039594
0.039529
0.039191
0.039299
0.040510
0.039641
0.039582
0.046904
0.047440
0.039389
0.039545
0.039455
0.039989
0.043405
0.043636
0.043408
0.043422
0.043260
0.076815
0.042963
0.042739
0.042961
0.042729
0.043268
0.043391
0.043081
0.043075
0.043186
0.043129
0.043159
0.042993
0.043388
0.043109
0.039071
0.039523
0.045354
0.046675
0.045450
0.079323
0.045645
0.046776
0.038598
0.038516
0.042112
0.039041
0.040169
0.040806
0.037776
0.037909
0.038315
0.038164
0.038186
0.038223
0.038200
0.038372
0.038254
0.039279
0.038233
0.071844
0.038448
0.038123
0.038807
0.038081
0.039611
0.044355
0.039509
0.039198
0.039333
0.039192
0.037957
0.038009
0.039520
0.043905
0.041470
0.044264
0.039871
0.039153
0.038711
0.076909
0.044060
0.044045
0.046124
0.043844
0.046479
0.045180
0.044467
0.045128
0.043584
0.037907
0.038194
0.038081
0.038160
0.038157
0.037782
0.045060
0.043581
0.039452
0.038402
0.072145
0.038670
0.038621
0.038783
0.038467
0.038221
0.038251
0.038527
0.038242
0.038398
0.038483
0.043329
0.038851
0.038419
0.038397
0.038245
0.037823
0.037858
0.037683
0.037899
0.071250
0.037863
0.037561
0.038115
0.037808
0.038058
0.038049
0.037845
0.038129
0.037673
0.037876
0.038436
0.038208
0.043379
0.038453
0.038624
0.039004
0.038032
0.037930
0.038081
0.071447
0.038303
0.038210
0.038267
0.038524
0.038226
0.038976
0.043031
0.043578
0.044096
0.043760
0.042830
0.048632
0.042572
0.043507
0.039462
0.039499
0.046316
0.044088
0.039757
0.071833
0.038652
0.039960
0.038408
0.040291
0.041025
0.042367
0.045244
0.045032
0.044081
0.038474
0.038444
0.038399
0.040476
0.038347
0.038163
0.038428
0.038893
0.040000
0.038875
0.074030
0.038097
0.038237
0.040495
0.042850
0.042818
0.042548
0.044876
0.044813
0.043176
0.043617
0.045293
0.045921
0.045403
0.042904
0.045543
0.042811
0.040792
0.039393
0.039953
0.074736
0.038068
0.037853
0.038232
0.039762
0.040873
0.040357
0.039229
0.038694
0.039005
0.044546
0.045465
0.045917
0.045026
0.044711
0.044600
0.044952
0.045264
0.045254
0.051123
0.081477
0.046789
0.046262
0.044070
0.040426
0.046581
0.044554
0.045781
0.038428
0.037863
0.037964
0.037695
0.038057
0.038131
0.037870
0.037831
0.042778
0.040249
0.038888
0.042644
0.078091
0.043805
0.040289
0.039693
0.038658
0.041072
0.044899
0.041632
0.039658
0.049944
0.040832
0.048535
0.046408
0.047520
0.074532
0.047926
0.056519
0.047530
0.049887
0.047854
0.082295
0.042778
0.039806
0.045883
0.053576
0.049228
0.049075
0.050443
0.075351
0.050059
0.055875
0.039932
0.055283
0.051687
0.043624
0.047444
0.056790
0.047300
0.046493
0.047052
0.086117
0.047220
0.047220
0.044590
0.052585
0.044268
0.047265
0.044252
0.058132
0.045592
0.042884
0.042662
0.049810
0.042837
0.044971
0.046765
0.046101
0.047944
0.044724
0.044469
0.102626
0.040323
0.047632
0.048033
0.046696
0.056370
0.047113
0.046345
0.048019
0.049531
0.041290
0.048057
0.046923
0.045933
0.045984
0.046888
0.068749
0.062175
0.062896
0.062854
0.087933
0.044430
0.047767
0.051782
0.073830
0.044702
0.045040
0.043514
0.050315
0.047880
0.048995
0.052306
0.047242
0.048775
0.044644
0.046079
0.046304
0.053076
0.044129
0.043159
0.080702
0.043878
0.042778
0.046641
0.044109
0.043559
0.043914
0.043451
0.042672
0.043308
0.050444
0.042620
0.045472
0.043940
0.044266
0.053229
0.043767
0.044482
0.044560
0.051111
0.077083
0.046778
0.043726
0.045775
0.042791
0.044045
0.042952
0.044793
0.043517
0.042805
0.044120
0.043911
0.043398
0.042886
0.051512
0.042514
0.043130
0.043802
0.042954
0.044579
0.083786
0.053104
0.043974
0.043931
0.060659
0.045524
0.042964
0.044993
0.044153
0.042811
0.044317
0.045895
0.042171
0.055073
0.043325
0.045050
0.043713
0.043128
0.044201
0.044267
0.076980
0.045844
0.044442
0.043040
0.048095
0.043380
0.044789
0.043494
0.042656
0.043470
0.044000
0.042577
0.043463
0.043072
0.042305
0.048052
0.043577
0.043696
0.063730
0.043786
0.076214
0.066956
0.042698
0.044132
0.044027
0.044644
0.048793
0.043383
0.042765
0.045382
0.043276
0.045046
0.044174
0.042396
0.043002
0.043835
0.043333
0.042041
0.054652
0.043622
0.080313
0.043522
0.044142
0.043886
0.044224
0.043466
0.046406
0.043415
0.042675
0.044395
0.043975
0.049013
0.043232
0.043086
0.044090
0.069671
0.043184
0.046363
0.044170
0.043103
0.100916
0.044498
0.042485
0.046086
0.043128
0.042769
0.044962
0.044498
0.048213
0.044090
0.044271
0.044423
0.065604
0.044087
0.049674
0.045874
0.046571
0.047060
0.042732
0.044573
0.076871
0.043517
0.044089
0.042778
0.045475
0.041669
0.044017
0.068727
0.041174
0.043451
0.044317
0.044939
0.047627
0.054502
0.039717
0.043351
0.038663
0.038838
0.039542
0.039515
0.074290
0.039404
0.040758
0.039469
0.039037
0.039182
0.039216
0.039366
0.039884
0.039534
0.044186
0.044735
0.039173
0.039883
0.041188
0.041424
0.040991
0.040819
0.039427
0.038736
0.072931
0.037423
0.037362
0.037359
0.038354
0.037689
0.037866
0.037568
0.037530
0.039099
0.038026
0.038152
0.038434
0.038093
0.038077
0.038117
0.038011
0.038146
0.055757
0.039424
0.077234
0.039540
0.039445
0.039731
0.039724
0.039660
0.038833
0.038777
0.038722
0.039458
0.038812
0.039321
0.039258
0.039534
0.039303
0.039437
0.039417
0.039190
0.039485
0.039183
0.072865
0.039252
0.039259
0.039314
0.039336
0.039213
0.037810
0.037974
0.038398
0.038293
0.038881
0.037944
0.038048
0.038292
0.037483
0.037663
0.037432
0.037477
0.037669
0.038022
0.071299
0.038079
0.037636
0.037729
0.037562
0.037803
0.037543
0.037524
0.038072
0.038214
0.038148
0.038793
0.038080
0.038598
0.038064
0.037825
0.038198
0.037989
0.038101
0.038180
0.071710
0.038226
0.038076
0.037951
0.037698
0.037522
0.037567
0.037589
0.037707
0.037540
0.037782
0.037528
0.037524
0.037727
0.037487
0.037605
0.037478
0.037511
0.037616
0.037578
0.071170
0.037424
0.037612
0.037531
0.037534
0.037414
0.038118
0.037577
0.037962
0.037613
0.037466
0.037664
0.037461
0.037513
0.037544
0.037576
0.037511
0.037957
0.037610
0.037767
0.071321
0.037949
0.037836
0.038018
0.049197
0.049083
0.045025
0.047250
0.038072
0.038063
0.038155
0.038385
0.038820
0.038351
0.038330
0.038274
0.038245
0.038445
0.038148
0.038250
0.071766
0.038251
0.038178
0.038201
0.038110
0.038062
0.038288
0.038372
0.038162
0.038188
0.038468
0.038290
0.039260
0.042792
0.042787
0.042518
0.042369
0.042633
0.042837
0.043735
0.076754
0.042714
0.042892
0.042873
0.045674
0.043607
0.048706
0.044460
0.044216
0.043111
0.043632
0.043427
0.043270
0.043453
0.042614
0.043086
0.043794
0.044075
0.043724
0.043549
0.077445
0.043346
0.043327
0.043388
0.043462
0.043691
0.043554
0.043733
0.043565
0.043066
0.046278
0.044096
0.042663
0.042782
0.042912
0.043020
0.043861
0.042998
0.038543
0.039514
0.074408
0.043200
0.043377
0.044599
0.044848
0.043364
0.043235
0.043420
0.043150
0.043205
0.043591
0.043219
0.043194
0.042783
0.043504
0.043100
0.043477
0.050791
0.045162
0.048903
0.078410
0.049480
0.044263
0.043190
0.042837
0.042763
0.042660
0.046235
0.039396
0.043369
0.043032
0.043931
0.040071
0.043304
0.043053
0.043795
0.053258
0.044239
0.043339
0.046323
0.078490
0.047306
0.047180
0.050327
0.046820
0.046274
0.051789
0.043803
0.046619
0.047621
0.044984
0.080528
0.043647
0.052575
0.041329
0.047472
0.047410
0.043629
0.065257
0.045454
0.077183
0.047464
0.072381
0.047387
0.043273
0.046956
0.046004
0.046305
0.045756
0.058865
0.044883
0.042892
0.044791
0.053668
0.038296
0.045793
0.039212
0.044928
0.043603
0.043672
0.079193
0.052441
0.038116
0.042192
0.041605
0.053385
0.042695
0.042984
0.071990
0.045584
0.048323
0.044175
0.043467
0.044571
0.044522
0.042716
0.042963
0.063989
0.045790
0.072060
0.079079
0.053431
0.044559
0.042198
0.039748
0.043036
0.044371
0.053213
0.043192
0.050977
0.051081
0.060142
0.045089
0.052941
0.040385
0.045330
0.043511
0.044087
0.043108
0.045953
0.074779
0.039622
0.043842
0.044374
0.044463
0.043812
0.042958
0.043789
0.043506
0.043426
0.043314
0.043890
0.059421
0.043869
0.043498
0.064181
0.039360
0.039036
0.048979
0.043689
0.079865
0.040882
0.043315
0.043635
0.049517
0.041909
0.049719
0.046416
0.047330
0.042969
0.042719
0.044179
0.043158
0.038115
0.048128
0.043826
0.060458
0.043402
0.045175
0.043855
0.077415
0.041441
0.045330
0.064741
0.049188
0.049385
0.043117
0.044858
0.051725
0.043529
0.045238
0.046623
0.049435
0.047506
0.043450
0.043233
0.043818
0.043418
0.043926
0.043834
0.078884
0.043123
0.044219
0.042778
0.043965
0.045882
0.042606
0.046716
0.043269
0.044936
0.043257
0.043291
0.050961
0.044114
0.042693
0.043294
0.051727
0.042621
0.047691
0.043985
