0.513866
0.046133
0.045302
0.045308
0.049847
0.045076
0.045585
0.047939
0.048151
0.041171
0.046519
0.046902
0.045543
0.044677
0.046032
0.045070
0.060640
0.044808
0.045879
0.045762
0.096690
0.045629
0.045879
0.047580
0.100851
0.044858
0.048132
0.046273
0.049183
0.046232
0.045055
0.045690
0.046633
0.047125
0.045820
0.045155
0.047030
0.046688
0.046233
0.047439
0.079734
0.045241
0.045946
0.046423
0.045327
0.045831
0.046756
0.048324
0.046219
0.047280
0.046200
0.047573
0.048525
0.046542
0.045940
0.047707
0.047818
0.048750
0.050569
0.044957
0.104148
0.045774
0.044666
0.047397
0.044812
0.046978
0.048026
0.047302
0.045428
0.045099
0.047793
0.046286
0.047365
0.041758
0.044474
0.049621
0.049824
0.040603
0.045935
0.046735
0.085481
0.038393
0.038146
0.040880
0.051950
0.051495
0.047853
0.046808
0.050655
0.051279
0.050003
0.043623
0.044043
0.041823
0.046218
0.052575
0.050844
0.051840
0.051637
0.055875
0.078835
0.051193
0.046371
0.048280
0.076068
0.043790
0.046099
0.045800
0.065729
0.045548
0.045343
0.038763
0.046346
0.052276
0.045840
0.049767
0.045970
0.047613
0.046608
0.045345
0.085263
0.046516
0.046151
0.045890
0.052301
0.045560
0.047122
0.046095
0.045231
0.052637
0.046607
0.046550
0.050610
0.048676
0.045415
0.045621
0.047625
0.046153
0.045116
0.047379
0.081420
0.047214
0.048925
0.045954
0.045206
0.046521
0.042254
0.045799
0.047425
0.047130
0.045708
0.047025
0.045965
0.046177
0.046152
0.045651
0.046465
0.046168
0.045702
0.046361
0.080689
0.046198
0.047315
0.046185
0.046328
0.045280
0.045720
0.045461
0.045416
0.045823
0.046345
0.045356
0.047183
0.046843
0.048137
0.046484
0.045035
0.047763
0.045632
0.065596
0.080160
0.045756
0.043190
0.044609
0.044634
0.050433
0.042824
0.045430
0.045089
0.056157
0.046605
0.038131
0.042980
0.045457
0.041874
0.047123
0.045636
0.044670
0.046906
0.046601
0.085381
0.040276
0.048186
0.055370
0.041844
0.048645
0.046553
0.043874
0.046966
0.046939
0.064477
0.043221
0.049423
0.048806
0.049567
0.049113
0.048517
0.047530
0.050271
0.048404
0.083322
0.048405
0.051081
0.047260
0.048733
0.049839
0.055845
0.055433
0.048287
0.040258
0.039744
0.056619
0.050000
0.091291
0.050131
0.048987
0.054727
0.054518
0.047979
0.050038
0.085390
0.050185
0.049236
0.050410
0.051531
0.057495
0.049483
0.049336
0.048666
0.049982
0.048939
0.050353
0.050008
0.056631
0.048085
0.053005
0.051776
0.059983
0.053252
0.048380
0.084699
0.050609
0.048852
0.054215
0.050465
0.060718
0.052293
0.051307
0.080080
0.049810
0.050138
0.048087
0.049146
0.048405
0.047647
0.048532
0.049488
0.049412
0.051576
0.040776
0.075923
0.039924
0.039004
0.048019
0.039262
0.040878
0.039761
0.040138
0.039435
0.039807
0.039460
0.039054
0.039103
0.039729
0.039253
0.038639
0.038516
0.039594
0.038857
0.039427
0.081028
0.039323
0.039739
0.039357
0.039859
0.038816
0.038933
0.038512
0.038652
0.038882
0.038703
0.038595
0.038842
0.039622
0.038745
0.036680
0.036899
0.038777
0.038857
0.036489
0.072168
0.038910
0.038630
0.049571
0.039592
0.038576
0.039108
0.037133
0.039267
0.036940
0.039447
0.037050
0.039122
0.040123
0.039274
0.039304
0.039052
0.039266
0.039273
0.039182
0.072950
0.045218
0.044963
0.049722
0.049016
0.041157
0.037266
0.038810
0.036605
0.036529
0.036603
0.036475
0.037847
0.043514
0.036533
0.036957
0.036452
0.036561
0.036497
0.036477
0.070139
0.036563
0.036690
0.036650
0.037919
0.036434
0.036297
0.036350
0.036446
0.036375
0.036469
0.037356
0.037066
0.037075
0.036920
0.036808
0.037138
0.036927
0.037090
0.036948
0.070527
0.036996
0.037189
0.036884
0.036817
0.037086
0.037082
0.037169
0.037105
0.036937
0.037017
0.037047
0.036968
0.037068
0.036383
0.036562
0.036478
0.036643
0.037103
0.037042
0.070687
0.036935
0.037263
0.037077
0.037143
0.037407
0.037110
0.037075
0.038086
0.038216
0.043606
0.043027
0.043303
0.043705
0.042984
0.037134
0.036998
0.037057
0.036909
0.038059
0.072898
0.037047
0.039143
0.039242
0.037052
0.037178
0.037038
0.037408
0.037093
0.037078
0.036978
0.036916
0.037029
0.036909
0.037161
0.036906
0.037044
0.037174
0.036929
0.037297
0.070712
0.037012
0.039335
0.037226
0.037095
0.039174
0.040218
0.050024
0.040656
0.048130
0.048908
0.049782
0.049849
0.050316
0.040360
0.049791
0.038128
0.041206
0.042902
0.043461
0.074515
0.038028
0.050100
0.050398
0.050689
0.038178
0.040194
0.040236
0.050141
0.044787
0.045307
0.046412
0.047329
0.040831
0.049970
0.045223
0.045140
0.049416
0.049972
0.046249
0.084042
0.041157
0.040816
0.049726
0.050845
0.046801
0.040739
0.040815
0.040756
0.049680
0.048955
0.048941
0.040594
0.042844
0.048342
0.048180
0.049500
0.049007
0.049205
0.049685
0.082986
0.040960
0.040612
0.046304
0.041388
0.039593
0.039894
0.040002
0.040044
0.037846
0.039261
0.039261
0.038976
0.039099
0.039290
0.039483
0.039171
0.039021
0.039439
0.037061
0.072762
0.039224
0.039151
0.039324
0.039192
0.039165
0.039260
0.039284
0.039342
0.037143
0.038775
0.036935
0.037237
0.037119
0.036965
0.037380
0.037112
0.037083
0.036981
0.037435
0.072631
0.037239
0.037470
0.043910
0.044873
0.037711
0.036692
0.036810
0.036868
0.041764
0.041719
0.037210
0.037149
0.037835
0.044323
0.044215
0.043202
0.043967
0.044421
0.043009
0.074286
0.043998
0.040862
0.044213
0.043600
0.044258
0.043437
0.043282
0.045271
0.042208
0.044947
0.042578
0.043120
0.044260
0.044788
0.041575
0.041503
0.042568
0.044519
0.043747
0.073108
0.038753
0.041113
0.045456
0.038369
0.038735
0.042876
0.045981
0.038571
0.038455
0.038539
0.038417
0.038273
0.038267
0.037905
0.037616
0.037935
0.037460
0.037588
0.038323
0.077675
0.039510
0.046102
0.037319
0.037229
0.037343
0.037388
0.037399
0.037583
0.037761
0.037685
0.037600
0.046392
0.044851
0.043589
0.041671
0.036912
0.038678
0.037401
0.037649
0.071390
0.037805
0.037693
0.037578
0.038111
0.036655
0.036730
0.037004
0.038188
0.037914
0.039114
0.037799
0.044057
0.037027
0.036907
0.037099
0.036780
0.038732
0.039549
0.040976
0.078367
0.036847
0.043713
0.042040
0.039168
0.037630
0.037679
0.037499
0.037479
0.037394
0.037638
0.037906
0.038757
0.038936
0.044811
0.038862
0.042340
0.037011
0.036973
0.037994
0.070972
0.037016
0.037847
0.039033
0.045965
0.040898
0.037467
0.038315
0.037824
0.037930
0.037178
0.037282
0.037415
0.037437
0.037455
0.038401
0.043432
0.044174
0.044439
0.045272
0.073435
0.037860
0.039651
0.037353
0.037425
0.038489
0.051271
0.044302
0.040895
0.039543
0.037375
0.040580
0.046661
0.039608
0.039520
0.037389
0.039690
0.037334
0.037267
0.037270
0.070596
0.037553
0.039782
0.037379
0.037431
0.037517
0.037403
0.039667
0.037499
0.037373
0.037390
0.037451
0.041457
0.040835
0.039945
0.040953
0.039488
0.039524
0.039476
0.039330
0.072929
0.039736
0.039478
0.039665
0.039440
0.039513
0.039650
0.039092
0.039173
0.039275
0.039265
0.039363
0.039836
0.039388
0.039130
0.039141
0.039161
0.039105
0.039111
0.039308
0.072730
0.039545
0.039314
0.041169
0.046799
0.050062
0.038628
0.038791
0.038523
0.038762
0.038654
0.038817
0.038616
0.038501
0.038572
0.038584
0.038825
0.038744
0.038488
0.038655
0.072259
0.038595
0.038552
0.038996
0.039245
0.039207
0.039863
0.039110
0.039014
0.039736
0.039197
0.038823
0.039206
0.040297
0.048317
0.046663
0.047017
0.049124
0.048879
0.049278
0.079361
0.040411
0.050588
0.047568
0.049588
0.049357
0.049541
0.046157
0.047179
0.048785
0.050125
0.046021
0.046787
0.050110
0.041051
0.047853
0.044463
0.045604
0.045449
0.049945
0.083349
0.049353
0.044564
0.045570
0.049886
0.041470
0.046475
0.048632
0.045754
0.046973
0.049293
0.050400
0.050839
0.050272
0.049823
0.041203
0.051634
0.040591
0.041287
0.044415
0.083021
0.049123
0.052948
0.049060
0.048870
0.048971
0.044285
0.049291
0.048031
0.049456
0.047509
0.039757
0.039735
0.040327
0.039811
0.038896
0.038685
0.039088
0.039380
0.039341
0.073212
0.039470
0.039313
0.039855
0.039282
0.039246
0.039248
0.039406
0.039343
0.039402
0.040506
0.039214
0.039594
0.039626
0.039489
0.039563
0.039549
0.037133
0.036719
0.036711
0.072586
0.036898
0.036656
0.038897
0.039188
0.038806
0.036794
0.037632
0.036900
0.036820
0.038781
0.036765
0.036809
0.036827
0.036715
0.042388
0.044059
0.041626
0.040921
0.037263
0.072998
0.037354
0.037905
0.042001
0.043729
0.042594
0.043761
0.042915
0.040279
0.044239
0.043274
0.042485
0.043856
0.044104
0.041284
0.040921
0.041709
0.041127
0.041191
0.047583
0.072190
0.039206
0.050365
0.042392
0.039038
0.044282
0.041262
0.050643
0.041289
0.044588
0.049819
0.043139
0.044338
0.044194
0.043521
0.038530
0.038260
0.038528
0.038486
0.038133
0.071811
0.038173
0.038037
0.037344
0.037243
0.037748
0.037313
0.037155
0.037865
0.037491
0.037800
0.037237
0.037430
0.037340
0.037153
0.037182
0.037402
0.037350
0.037306
0.037429
0.070837
0.037858
0.037244
0.037317
0.037349
0.037801
0.037367
0.037367
0.037483
0.037501
0.037530
0.037512
0.037346
0.037384
0.037503
0.037505
0.037447
0.037488
0.037453
0.037582
0.071539
0.038131
0.038100
0.038332
0.037557
0.037594
0.038152
0.037546
0.037578
0.038442
0.038536
0.043753
0.037558
0.037549
0.037737
0.037622
0.037665
0.038794
0.041942
0.037995
0.071083
0.038121
0.037450
0.037082
0.037009
0.037001
0.037246
0.037147
0.037319
0.037274
0.036985
0.037030
0.037048
0.036958
0.037687
0.036900
0.036915
0.037025
0.037015
0.036903
0.070497
0.037327
0.037624
0.037032
0.037054
0.036945
0.037033
0.037423
0.036967
0.037124
0.036968
0.037102
0.037837
0.037075
0.037151
0.037085
0.037196
0.037067
0.037590
0.038032
0.072119
0.037947
0.038083
0.037815
0.038463
0.037790
0.037726
0.037869
0.039035
0.044899
0.038537
0.044323
0.043621
0.046760
0.041133
0.046558
0.044716
0.048253
0.043192
0.039748
0.072490
0.039635
0.038384
0.039447
0.043124
0.037192
0.039717
0.038319
0.037950
0.038369
0.043330
0.040101
0.037744
0.039160
0.041257
0.045428
0.042049
0.042183
0.040209
0.037812
0.074177
0.038959
0.039111
0.039198
0.045459
0.040760
0.042178
0.040532
0.043789
0.039156
0.037201
0.037006
0.037167
0.041889
0.040520
0.040734
0.039089
0.037161
0.037043
0.037071
0.070628
0.037432
0.037063
0.038547
0.038375
0.040104
0.038692
0.038534
0.038570
0.038471
0.039630
0.046259
0.046829
0.043289
0.040590
0.043489
0.044540
0.039522
0.039590
0.038296
0.076305
0.042396
0.037431
0.037770
0.037656
0.039313
0.040574
0.044318
0.043584
0.042235
0.045066
0.041999
0.042216
0.037837
0.042710
0.039485
0.036847
0.036830
0.038734
0.043156
0.076119
0.038170
0.043427
0.042843
0.038802
0.038502
0.038350
0.039855
0.042679
0.043647
0.042940
0.037399
0.037353
0.038388
0.041082
0.048733
0.041570
0.042403
0.044408
0.046878
0.076005
0.038707
0.039089
0.043434
0.039392
0.038781
0.037695
0.037653
0.037784
0.037625
0.037777
0.037038
0.036792
0.036817
0.036740
0.036978
0.038968
0.039167
0.039013
0.036822
0.070416
0.036781
0.038937
0.038856
0.038720
0.036760
0.038849
0.038954
0.038981
0.038857
0.038747
0.038846
0.038760
0.038939
0.038925
0.038754
0.038859
0.038810
0.038861
0.038656
0.073492
0.039516
0.039760
0.038967
0.038979
0.038803
0.038656
0.038732
0.038835
0.038724
0.038952
0.038977
0.039721
0.039444
0.039714
0.040150
0.050406
0.039259
0.041228
0.047372
0.085604
0.041502
0.049679
0.049782
0.050224
0.039899
0.039626
0.039329
0.040548
0.040551
0.040620
0.040590
0.040458
0.050348
0.042325
0.041020
0.040696
0.043030
0.042698
0.042849
0.078976
0.038378
0.043752
0.038447
0.038414
0.039040
0.038281
0.038723
0.040573
0.040496
0.046887
0.049130
0.050224
0.039321
0.039354
0.039241
0.039470
0.039297
0.040154
0.040424
0.081198
0.039503
0.039216
0.039417
0.039510
0.039465
0.039471
0.040257
0.039115
0.039298
0.039220
0.039355
0.039267
0.040051
0.040423
0.040066
0.040089
0.039869
0.039974
0.040063
0.074033
0.039985
0.040250
0.040024
0.040174
0.039999
0.039886
0.040156
0.040405
0.039905
0.040163
0.040115
0.039761
0.039931
0.040000
0.039989
0.039977
0.039886
0.040150
0.040113
0.073854
0.040115
0.039932
0.040232
0.039910
0.040166
0.040147
0.040234
0.040045
0.040277
0.040238
0.040074
0.040159
0.040325
0.040402
0.040329
0.040165
0.040309
0.040293
0.040416
0.073616
0.040354
0.040465
0.040491
0.040388
0.040292
0.040405
0.040436
0.040472
0.040392
0.040368
0.040775
0.040627
0.045094
0.042576
0.039678
0.041756
0.042778
0.041492
0.039176
0.074321
0.038487
0.037483
0.037208
0.037429
0.037205
0.037256
0.037299
0.039517
0.037846
0.039780
0.040949
0.041579
0.037468
0.037314
0.037521
0.037338
0.037320
0.037470
0.037401
0.071512
0.037465
0.037225
0.037414
0.037260
0.037462
0.038923
0.043406
0.040255
0.039689
0.039713
0.037239
0.039582
0.039604
0.039712
0.040301
0.039436
0.039581
0.039689
0.039462
0.073043
0.039256
0.039392
0.039278
0.039517
0.039560
0.039207
0.039953
0.040587
0.040477
0.040511
0.040365
0.040225
0.040403
0.040524
0.040672
0.040257
0.042039
0.055207
0.054119
0.085577
0.042864
0.040678
0.040498
0.041467
0.049279
0.049186
0.049115
0.050028
0.048929
0.048357
0.039780
0.051077
0.052973
0.049867
0.039495
0.039492
0.039421
0.048180
0.038805
0.072288
0.038667
0.038797
0.039541
0.047484
0.047399
0.051963
0.040407
0.040018
0.039670
0.040827
0.039913
0.040488
0.039766
0.053711
0.055017
0.051981
0.042429
0.049927
0.042248
0.072909
0.039905
0.039684
0.039714
0.039629
0.041650
0.046425
0.046374
0.043684
0.041383
0.041079
0.042021
0.040689
0.049293
0.049427
0.049450
0.048327
0.049131
0.049378
0.049513
0.083373
0.049837
0.049329
0.048908
0.048412
0.049616
0.049192
0.048180
0.049186
0.049272
0.049566
0.049432
0.051522
0.050730
0.049721
0.049812
0.048588
0.048207
0.048376
0.050271
0.083877
0.049023
0.049432
0.047974
0.049282
0.050036
0.049727
0.049740
0.047563
0.047588
0.047561
0.047171
0.047648
0.047457
0.047199
0.047310
0.047024
0.047294
0.046517
0.047016
0.089906
0.049281
0.047159
0.059013
0.057626
0.046647
0.055455
0.048150
0.053724
0.047621
0.046561
0.056530
0.052388
0.047207
0.046299
0.046561
0.047485
0.047133
0.046214
0.046381
0.080339
0.045832
0.046061
0.045576
0.045304
0.045556
0.045388
0.048028
0.045060
0.045278
0.045186
0.044770
0.045380
0.045238
0.046468
0.045537
0.047329
0.046037
0.046704
0.045716
0.079490
0.047503
0.048602
0.045145
0.045959
0.046092
0.045774
0.047439
0.046192
0.046053
0.050582
0.064516
0.040053
0.038163
0.049081
0.047286
0.054131
0.039907
0.046974
0.047779
0.084109
0.041672
0.040017
0.047267
0.051865
0.050174
0.046578
0.047304
0.047623
0.052976
0.046972
0.050430
0.041852
0.040252
0.046162
0.048957
0.045811
0.046304
0.047001
0.057008
0.081064
0.049858
0.045204
0.051769
0.039788
0.047361
0.047259
0.063899
0.040331
0.049417
0.048254
0.047469
0.055636
0.039152
0.046885
0.046985
0.062989
0.046555
0.045596
0.047055
0.080296
0.044915
0.044492
0.038502
0.046075
0.044260
0.044487
0.049027
0.046115
0.045338
0.046274
0.047487
0.046961
0.049803
0.047446
0.047347
0.047365
0.046905
0.046384
0.048333
0.082116
0.061775
0.045179
0.048263
0.046421
0.063084
0.045808
0.045293
0.046064
0.046469
0.050041
0.048848
0.046355
0.047500
0.047464
0.046230
0.045445
0.049700
0.046869
0.049521
0.081728
0.048623
0.046336
0.046629
0.049106
0.046907
0.039291
0.043434
0.048315
0.047432
0.064695
0.046247
0.046791
0.049124
0.048759
0.042453
0.040272
0.064043
0.049420
0.045242
0.087033
0.041333
0.046124
0.046032
