131	173	111	69
127	173	114	68
125	173	117	70
126	173	116	68
123	173	119	69
124	173	118	69
125	173	117	70
124	173	118	70
125	173	117	69
127	174	114	70
126	173	114	70
129	174	111	70
123	174	119	69
127	174	115	69
126	173	115	71
129	175	111	68
125	174	116	66
128	174	113	69
126	174	116	69
125	173	116	68
126	171	117	69
125	174	118	70
126	173	118	71
124	171	119	72
127	173	115	71
126	174	117	68
127	174	116	68
123	175	123	66
123	173	124	71
124	174	122	67
123	173	125	69
125	173	124	71
124	173	125	69
123	175	126	68
125	174	122	69
123	172	125	73
125	169	125	74
121	173	127	74
123	166	125	77
121	172	125	70
123	172	125	69
122	170	124	74
126	170	120	74
125	171	122	71
126	171	119	70
126	168	119	74
127	167	118	73
123	168	123	78
126	161	119	79
126	167	120	77
127	159	119	82
131	159	114	78
132	151	115	81
129	150	115	86
132	145	115	86
130	143	120	86
129	146	121	78
132	148	117	76
134	146	114	74
133	144	117	71
136	145	113	70
134	142	115	71
134	142	114	69
135	141	115	68
136	140	112	67
137	141	114	69
136	134	116	73
136	133	117	73
137	132	116	73
137	132	116	74
137	130	119	76
138	128	117	77
138	128	117	74
139	128	122	70
137	127	123	74
138	125	123	74
139	123	123	78
140	123	121	73
140	122	124	77
141	123	127	75
144	123	121	71
144	123	122	73
143	120	126	74
145	123	122	76
146	122	120	71
146	125	123	68
148	124	124	70
148	122	123	70
150	121	120	70
149	119	125	71
150	117	126	75
151	116	126	78
152	121	126	72
155	119	120	74
153	119	129	73
155	118	126	75
157	118	124	75
159	121	122	71
157	118	128	74
161	119	123	73
157	120	127	72
160	119	127	72
160	119	128	74
162	118	125	73
162	117	127	74
161	118	133	73
161	117	135	73
163	117	134	71
165	118	130	71
169	119	124	69
166	115	130	74
168	117	129	71
169	118	128	70
169	117	127	72
168	117	131	71
171	119	128	69
171	116	128	73
172	118	130	71
171	117	130	71
173	118	127	71
171	117	131	75
173	117	127	73
172	117	129	72
171	118	128	71
171	118	130	72
172	118	126	71
170	119	128	71
170	118	127	71
170	119	125	71
169	117	130	72
168	119	129	70
170	120	126	71
167	118	129	74
167	120	128	71
167	119	128	74
168	121	127	71
166	123	128	68
167	120	127	70
167	123	125	70
163	120	132	73
161	121	133	73
164	119	128	73
164	123	128	71
162	120	130	71
160	121	133	70
160	124	134	70
160	121	133	70
158	123	134	71
162	123	129	73
160	125	130	68
159	128	136	68
158	126	133	68
159	124	132	72
159	126	135	69
157	128	135	67
159	130	136	68
158	129	134	68
160	129	131	66
161	128	133	69
159	129	133	68
159	131	133	63
160	132	135	67
160	132	131	67
161	130	129	67
159	134	134	64
161	132	124	67
161	131	130	67
161	131	128	67
159	132	133	63
162	132	127	66
158	129	135	68
158	132	134	65
160	131	130	64
162	132	131	67
160	131	129	64
163	133	130	63
158	129	133	67
160	131	132	66
160	130	130	64
159	130	135	69
159	130	131	65
160	128	133	68
161	129	132	66
159	128	133	65
160	128	130	68
161	128	131	66
160	127	132	69
160	126	132	68
161	125	129	70
158	124	136	69
157	124	136	70
160	121	133	75
160	121	133	73
162	122	130	73
161	120	132	74
164	120	125	76
161	119	133	74
162	118	130	74
161	118	132	74
162	117	132	75
163	117	130	76
163	115	132	78
164	115	130	78
166	112	130	85
168	114	126	84
169	112	127	83
167	113	132	82
169	112	133	83
169	112	128	85
172	111	127	84
168	109	132	89
171	110	130	85
170	109	130	92
169	107	130	94
171	108	127	91
172	107	126	94
171	105	130	96
170	106	129	94
171	106	130	95
169	105	129	95
170	106	130	95
170	106	129	93
172	105	127	96
172	105	126	95
172	105	127	95
172	105	126	95
172	104	126	99
173	104	127	100
175	103	126	98
174	102	125	103
176	102	128	101
173	101	129	99
174	104	130	99
174	100	129	101
176	100	127	102
173	103	129	97
175	101	127	103
176	99	127	101
176	101	125	102
174	101	131	99
178	98	128	109
174	98	128	99
177	97	128	107
174	97	127	105
178	102	130	102
177	99	127	102
175	97	126	104
178	101	129	103
175	103	128	95
176	101	129	99
176	100	125	99
179	100	127	100
176	97	129	100
180	99	127	102
177	98	124	99
179	97	127	102
176	96	131	102
180	100	126	99
181	97	126	104
180	98	126	99
182	97	126	104
181	95	128	106
182	97	127	99
186	99	123	99
182	95	129	102
185	97	127	102
186	97	124	97
188	96	126	101
186	99	128	95
189	100	124	96
189	94	125	103
190	96	129	103
191	95	126	102
195	97	121	98
195	96	125	100
196	94	124	101
197	92	125	105
200	93	122	102
199	92	124	103
203	94	123	100
201	93	128	100
201	91	128	103
204	92	124	103
205	90	121	102
207	94	116	99
206	94	122	98
206	92	125	101
208	90	122	103
209	90	123	103
210	90	123	105
211	90	122	102
211	91	121	101
213	91	118	101
212	90	121	102
214	91	124	100
214	90	123	100
213	90	129	100
215	87	134	107
216	89	137	103
218	91	135	101
219	90	135	105
221	93	134	100
222	88	135	107
223	91	136	106
226	91	134	104
223	94	138	101
225	93	139	100
229	95	133	98
230	91	135	104
232	92	134	103
234	93	133	102
235	90	135	105
238	89	135	107
239	94	132	102
240	87	140	112
242	88	135	109
243	93	133	103
245	94	133	100
245	90	136	108
247	91	133	103
247	92	135	104
248	93	135	101
248	93	134	101
248	91	136	105
249	93	136	101
249	91	135	103
248	88	136	107
248	90	138	103
250	87	139	110
249	90	134	102
247	89	144	106
249	93	135	100
249	90	139	103
249	91	135	101
249	91	138	101
249	95	135	96
248	96	137	96
249	91	139	101
249	89	137	103
248	90	138	102
249	91	137	100
249	91	136	101
248	93	139	97
248	91	137	100
249	87	139	104
248	87	142	103
247	85	139	104
248	75	140	114
245	80	148	109
244	81	148	104
242	83	148	99
248	78	147	104
243	77	147	102
242	74	148	106
245	72	147	106
242	72	150	106
241	67	150	111
245	68	149	111
246	68	148	108
244	70	149	106
245	64	151	113
243	64	149	114
244	64	154	112
245	66	148	115
244	71	149	100
245	70	146	101
246	68	143	107
242	67	148	106
242	66	148	108
247	69	150	106
244	66	147	107
241	65	150	109
240	64	154	109
246	69	143	103
246	67	142	105
244	64	148	108
241	67	148	105
245	68	148	106
247	69	143	102
247	66	145	108
249	66	144	109
244	66	147	106
247	68	144	104
245	66	145	105
245	64	145	111
246	66	145	106
245	69	146	103
247	69	145	105
247	68	142	104
247	69	145	106
247	71	144	103
247	67	145	109
248	66	147	110
248	71	140	103
250	68	139	108
249	68	143	109
250	68	144	111
249	68	148	108
251	67	143	111
252	68	147	110
251	63	142	116
252	65	143	115
250	65	143	114
253	65	142	111
252	63	138	115
255	66	132	112
254	64	136	114
253	65	137	112
255	67	135	108
254	63	140	117
252	65	136	114
254	67	139	110
254	66	135	115
254	68	138	110
254	66	141	114
255	68	133	114
256	69	135	111
252	68	138	112
256	68	136	112
258	71	131	111
254	70	133	111
256	74	133	105
255	72	132	108
255	67	138	114
253	69	132	112
257	65	130	117
255	68	135	117
256	71	133	112
255	69	132	113
254	66	135	114
253	68	134	112
253	67	137	113
253	67	134	116
256	67	131	112
252	67	134	112
254	64	133	116
252	64	134	116
253	64	131	115
249	62	135	117
249	64	135	114
248	64	136	113
251	63	137	116
246	65	138	110
247	63	140	114
247	65	133	109
248	67	136	103
246	64	135	106
246	63	141	106
245	65	140	102
243	66	140	96
244	63	142	100
244	64	142	101
241	65	144	97
243	64	140	98
242	62	142	102
243	61	144	105
243	62	144	103
245	62	143	104
246	60	144	108
243	61	146	107
245	62	145	105
244	63	143	101
244	63	143	101
244	65	141	97
246	61	139	105
245	63	140	99
246	63	138	100
247	64	134	97
246	62	136	99
245	63	142	95
248	62	135	100
245	63	140	101
246	64	139	95
247	64	136	97
247	61	136	102
246	63	138	98
246	68	138	91
247	64	138	98
246	64	140	97
246	63	140	100
248	61	136	103
247	66	138	95
248	63	136	101
246	64	143	96
248	67	140	92
249	65	137	96
248	67	140	94
251	67	137	93
251	68	140	92
251	69	135	88
252	69	138	88
252	69	136	91
255	70	134	88
254	70	132	88
253	71	140	87
254	69	138	91
255	72	134	88
251	71	138	90
252	70	138	95
251	72	142	90
250	70	142	93
253	69	139	93
251	70	139	90
255	72	134	86
253	71	134	85
254	68	134	93
252	67	136	95
253	67	139	96
253	59	138	105
254	64	140	101
254	63	137	101
256	64	131	100
254	62	135	104
255	61	133	105
255	63	133	103
255	62	133	104
256	62	129	104
254	62	136	104
254	59	137	110
257	62	134	106
252	61	141	99
256	62	130	104
255	63	136	104
258	61	134	108
256	61	137	104
261	61	132	106
259	62	136	105
261	58	132	109
258	60	138	110
261	61	135	108
258	64	140	104
260	61	139	109
257	60	142	110
260	64	136	108
261	60	137	112
260	66	138	107
261	62	140	109
257	65	142	109
259	62	146	111
259	62	142	115
261	59	147	118
263	61	140	118
261	61	141	117
264	63	139	115
262	61	139	117
263	60	138	119
261	59	144	120
262	58	143	121
264	69	141	110
262	66	145	113
262	62	144	119
263	63	140	118
262	63	144	118
263	58	143	124
262	58	141	124
263	62	139	120
265	60	136	121
265	59	136	122
266	59	133	123
265	66	136	112
265	64	133	116
264	61	136	121
264	61	142	118
264	61	139	119
263	62	140	117
264	61	138	119
265	54	139	128
266	58	133	122
263	55	141	124
263	57	148	122
265	55	140	124
262	55	139	125
266	53	139	127
263	57	137	123
265	58	137	121
263	58	142	120
264	56	140	126
263	59	141	121
263	59	142	119
265	58	139	119
264	57	142	124
262	58	142	123
263	55	145	125
263	58	138	122
264	59	143	122
262	59	142	122
259	60	148	122
261	59	145	122
260	60	144	123
260	63	144	121
260	61	144	123
260	62	144	121
259	65	145	118
257	62	144	123
257	65	145	117
259	64	146	117
257	66	148	117
256	64	145	121
257	68	150	114
258	63	144	122
259	69	143	117
258	66	144	119
257	68	148	116
257	68	146	117
256	68	146	117
256	64	149	123
257	69	149	114
255	69	144	114
256	66	145	117
254	66	149	118
255	68	148	118
256	70	147	113
256	66	148	120
258	68	146	120
255	69	146	117
254	69	147	115
257	69	142	115
255	67	146	117
255	68	147	117
253	71	150	116
254	72	148	114
255	70	145	116
254	71	147	114
255	70	144	116
255	69	142	118
257	73	142	112
255	69	148	116
252	75	148	107
255	76	147	107
256	73	145	111
255	74	146	111
256	70	146	115
256	72	142	113
255	73	145	111
255	70	146	116
258	72	143	115
257	71	144	114
259	71	143	114
260	73	142	112
261	74	142	109
260	74	145	109
263	70	143	113
261	73	143	110
261	73	145	109
264	74	142	110
264	68	142	117
266	71	141	111
267	73	141	110
267	72	141	111
267	72	142	109
268	71	142	112
268	71	145	110
268	70	142	113
268	74	143	108
269	74	146	104
267	73	145	109
269	70	145	110
272	71	143	110
269	70	144	108
272	73	146	106
270	75	145	102
271	74	148	104
268	77	148	99
272	75	144	102
270	74	146	103
272	74	146	104
269	75	149	102
272	72	146	108
269	75	150	101
269	75	146	101
272	73	148	102
273	74	140	105
270	70	143	113
268	75	147	104
270	72	144	108
269	74	144	105
265	70	145	110
267	69	146	110
263	72	145	108
266	77	144	100
265	71	145	106
264	71	135	107
260	70	142	105
256	72	144	101
256	68	141	107
255	73	145	100
251	76	145	99
251	76	143	99
250	73	141	102
249	72	140	104
247	75	144	98
245	70	141	107
242	74	144	99
241	73	143	100
242	69	135	108
239	69	136	106
236	68	142	107
234	68	144	109
233	66	145	111
232	66	143	109
230	71	145	104
230	70	140	103
228	69	139	105
227	70	142	105
227	68	143	107
226	70	141	106
227	71	138	103
226	68	139	108
226	68	139	110
223	68	142	108
224	70	139	106
224	69	137	104
226	74	138	99
226	72	134	101
226	69	135	104
230	72	132	104
229	69	132	105
227	72	135	101
227	70	136	102
226	73	133	100
227	73	134	98
228	73	135	99
227	69	136	104
229	69	129	102
228	76	137	94
229	73	132	96
227	75	135	92
229	75	133	95
228	75	132	93
227	76	134	94
230	75	131	97
229	71	133	97
232	75	130	98
228	76	133	89
232	75	127	94
230	75	130	93
231	73	130	95
230	78	133	92
231	72	128	95
231	71	129	98
234	73	130	101
232	72	130	95
233	73	130	96
234	75	130	94
234	72	130	96
233	71	129	94
233	72	132	97
236	71	127	96
236	70	131	98
236	69	127	96
236	68	131	99
236	73	128	97
237	69	123	96
240	70	121	100
237	68	124	99
238	69	128	101
237	70	129	100
238	71	122	97
239	69	125	101
239	70	124	101
238	70	123	100
240	69	121	102
242	70	123	100
240	68	125	103
239	69	125	102
242	70	120	100
240	70	122	99
239	72	122	98
240	72	123	98
240	72	124	98
240	73	117	98
239	75	124	96
239	73	125	100
240	74	124	99
238	74	130	100
236	73	130	101
238	72	128	102
238	74	123	100
240	74	123	99
238	73	126	101
238	74	127	99
238	73	126	103
239	77	125	96
238	74	127	101
238	76	124	98
239	75	125	101
238	76	125	99
236	73	129	102
237	72	130	104
236	75	129	100
237	73	132	103
235	75	134	102
239	76	131	98
238	77	127	98
236	74	129	104
238	77	130	98
236	74	130	102
235	75	134	100
236	74	128	101
235	75	132	100
234	72	133	103
232	74	133	102
231	74	133	101
233	75	132	101
232	73	131	102
231	76	133	99
229	75	129	99
227	77	126	98
225	73	130	103
221	76	131	98
220	74	133	102
220	74	129	103
216	72	132	107
214	73	131	103
213	75	131	104
212	77	127	99
208	74	133	101
208	74	127	105
205	76	126	98
202	79	131	97
201	76	130	100
199	76	136	99
198	74	130	102
196	76	131	100
194	77	130	97
193	77	132	99
192	77	130	99
189	80	129	93
189	77	130	100
186	78	132	98
185	78	129	96
184	79	128	99
183	79	128	97
179	78	132	100
177	81	130	97
175	83	132	96
172	82	134	96
171	82	132	101
169	81	132	97
167	81	132	102
164	79	135	103
160	83	138	97
158	83	138	96
152	84	143	94
151	88	139	91
150	83	137	95
147	81	137	104
144	84	137	97
141	84	138	96
135	83	144	98
135	84	138	94
131	83	142	102
129	84	142	97
125	83	144	99
124	83	144	100
122	83	141	99
118	83	145	101
114	79	149	102
116	83	147	100
110	82	145	100
109	82	146	102
103	82	146	101
105	84	139	101
96	85	148	97
95	85	145	99
89	84	149	100
83	82	153	103
81	83	154	101
77	80	149	102
75	85	145	99
70	84	151	99
65	81	151	102
65	81	147	104
59	86	153	98
56	85	149	97
54	81	151	102
49	85	153	100
48	80	151	104
46	85	153	102
43	90	153	94
40	84	155	103
38	83	151	101
37	88	153	100
32	87	153	100
32	87	151	98
28	87	156	104
28	90	152	96
28	90	148	100
24	91	153	98
20	89	156	99
23	89	150	100
20	89	152	103
20	88	151	103
21	89	145	102
19	88	145	102
17	91	153	103
19	90	146	101
20	93	147	101
18	94	146	95
19	90	144	104
14	94	155	97
18	93	148	97
14	95	153	97
15	91	156	99
17	94	152	97
17	95	152	96
18	96	152	95
18	94	154	96
15	94	158	95
23	93	149	97
24	93	148	100
23	90	153	99
27	92	150	99
27	90	152	98
27	92	154	95
32	93	155	98
32	89	154	99
34	89	157	99
38	88	156	104
43	86	153	104
45	89	152	102
49	85	152	102
55	89	152	106
55	87	159	102
61	86	157	107
65	84	156	106
67	85	159	104
72	91	157	96
77	87	155	102
79	83	160	107
83	83	159	105
86	85	158	99
91	82	162	105
93	81	162	102
98	83	160	101
102	79	159	104
106	77	158	104
110	77	159	103
113	77	157	103
113	78	158	100
118	77	157	107
122	75	156	106
124	75	162	106
123	75	164	104
125	74	162	105
129	75	164	104
129	75	163	107
135	73	165	111
137	72	166	111
137	75	169	110
144	71	165	118
146	72	166	111
151	73	166	115
154	71	172	121
157	68	170	125
161	73	166	119
167	69	170	123
173	67	167	126
175	67	165	127
180	66	167	126
182	66	170	124
186	66	171	128
188	66	172	124
194	71	169	118
197	64	165	124
206	65	163	126
203	61	169	127
209	59	169	127
215	60	163	126
216	58	167	124
218	58	168	121
226	61	167	122
225	60	171	118
229	59	169	118
230	58	167	119
238	57	166	121
238	57	170	119
242	59	170	120
245	58	169	119
249	57	170	120
253	54	171	121
259	56	170	120
263	55	173	123
266	58	175	118
273	55	175	121
271	56	174	122
278	54	176	123
282	52	172	127
284	55	177	124
293	53	171	123
295	51	171	128
295	53	176	121
297	55	177	118
302	54	176	122
305	55	182	119
306	55	178	120
311	54	174	121
313	55	175	118
318	53	173	121
322	53	169	124
318	51	180	123
323	50	175	128
325	53	179	124
329	52	175	127
331	55	179	118
334	55	173	117
336	58	178	115
334	55	181	119
337	54	180	122
341	54	177	121
341	53	179	125
341	51	181	125
343	55	183	122
349	56	176	118
347	53	182	121
352	56	179	122
349	57	183	122
360	54	172	122
358	54	178	123
358	53	179	126
361	54	178	125
363	54	179	125
361	55	185	123
360	57	192	123
362	53	191	126
368	55	185	126
362	54	196	125
368	54	188	125
368	54	190	124
369	52	190	126
373	53	187	126
376	53	183	125
370	53	189	125
369	54	193	124
364	53	198	127
370	55	194	128
372	52	192	129
377	55	189	128
374	57	191	125
378	56	184	127
380	57	182	129
377	56	186	129
369	57	195	133
379	59	184	129
379	59	182	125
375	58	187	131
364	59	201	130
370	63	192	124
373	60	187	124
371	70	191	124
367	66	194	124
370	68	185	120
365	67	194	123
367	68	188	121
359	70	201	119
364	72	192	119
361	73	193	116
360	71	192	117
362	72	192	119
361	75	188	117
359	75	193	115
353	81	198	111
343	81	205	110
353	83	194	110
354	83	191	111
353	87	190	106
358	86	185	105
355	85	187	105
352	87	191	103
353	85	188	106
349	88	192	103
351	92	191	96
354	91	188	98
350	90	193	102
353	90	188	97
354	88	189	95
351	86	191	99
351	89	189	96
348	89	196	96
350	88	189	95
355	91	189	94
353	90	184	96
350	91	193	93
355	93	184	93
349	93	191	91
351	95	188	91
345	96	195	91
350	97	190	87
350	101	188	84
351	101	184	85
344	102	191	84
355	105	179	82
355	105	179	86
347	106	187	91
351	106	182	91
343	110	191	87
353	111	179	87
348	115	187	88
349	115	182	93
350	118	180	87
348	118	180	91
349	122	179	89
341	120	189	92
345	121	180	92
344	124	180	89
346	125	179	90
349	121	175	94
345	127	177	87
343	125	179	89
341	124	182	90
343	124	179	89
348	125	173	93
345	125	174	90
337	124	184	93
343	124	178	93
341	123	178	92
341	127	175	87
344	126	172	93
337	128	177	89
341	130	170	86
338	130	174	87
338	129	171	87
334	130	177	90
338	128	170	90
335	128	173	92
328	129	177	89
324	127	182	89
326	127	180	88
326	129	181	89
330	127	172	88
324	126	180	90
323	129	179	86
327	131	175	83
320	131	180	84
330	129	169	84
325	129	178	86
326	127	175	87
319	126	180	87
321	127	180	85
318	128	183	82
317	125	182	85
319	126	182	84
319	126	180	84
317	125	180	85
314	123	183	86
321	124	177	85
321	123	178	87
318	120	174	89
317	123	178	86
321	123	173	87
311	119	181	92
315	123	177	85
312	122	177	86
311	122	178	85
314	119	172	88
314	121	171	84
310	124	173	81
312	122	170	84
308	120	173	85
312	117	168	88
308	119	172	84
312	119	166	83
309	119	166	83
309	119	163	82
304	115	170	85
306	119	163	81
303	117	167	82
301	117	167	81
302	117	165	80
302	118	162	79
300	116	165	80
302	117	162	81
298	117	165	81
299	115	162	81
295	117	168	78
298	116	163	82
296	117	167	78
296	116	166	79
300	119	160	78
301	121	159	76
300	120	160	82
303	123	158	78
301	120	163	84
299	122	165	83
303	123	160	81
305	123	158	82
302	122	161	83
303	124	160	81
304	124	160	83
303	122	161	83
304	122	165	87
306	122	161	87
309	125	159	84
307	122	161	87
310	121	160	89
310	123	162	86
311	124	165	85
316	124	160	88
314	126	162	85
315	125	162	86
316	126	164	85
320	127	160	87
320	128	161	86
322	127	160	86
322	129	161	86
325	128	158	88
321	131	164	86
324	129	159	91
322	129	160	89
326	131	157	91
326	131	155	89
321	132	160	89
325	131	157	92
326	129	155	95
322	131	157	93
319	128	164	95
317	130	161	95
321	129	158	95
323	130	157	95
324	125	155	97
320	128	158	98
316	125	164	101
319	127	159	100
317	125	163	99
319	128	159	98
320	127	154	98
324	125	151	97
325	131	147	93
326	130	145	94
329	129	141	95
331	129	138	95
328	132	143	90
331	131	138	93
331	128	137	98
332	131	135	94
329	132	140	94
332	131	131	97
329	127	136	103
329	130	139	98
329	131	136	96
330	129	133	99
331	132	131	93
331	130	131	100
329	129	134	99
331	126	128	103
334	130	124	97
334	130	122	100
333	131	125	95
338	130	119	101
338	129	116	101
333	126	123	102
334	131	119	96
334	129	121	97
335	133	120	97
335	131	121	93
336	129	116	99
336	131	117	98
336	129	115	98
340	129	109	99
337	127	114	106
338	128	111	100
337	128	111	104
336	129	112	103
336	131	111	98
336	130	110	101
336	129	109	100
335	129	109	101
334	128	110	104
333	128	108	102
331	134	109	102
333	134	103	94
331	135	105	99
327	132	109	94
325	135	110	102
324	134	110	96
322	135	114	99
322	135	111	96
318	134	120	99
316	134	116	98
317	136	116	98
314	135	115	98
311	137	120	90
313	137	116	98
309	135	122	93
305	139	123	96
305	136	121	91
302	138	126	96
302	137	123	90
300	139	128	93
300	139	128	90
299	138	127	93
296	138	132	92
295	137	133	96
294	137	134	93
297	137	130	97
299	136	129	94
297	141	132	92
295	134	135	94
293	137	137	94
296	140	134	89
298	136	132	97
295	140	137	91
292	135	141	94
292	139	141	90
295	139	136	91
292	135	142	93
291	137	145	95
292	138	143	90
291	138	145	89
292	138	145	92
289	136	153	95
290	137	151	92
289	139	152	93
289	138	150	95
288	138	152	95
288	136	154	96
289	141	152	91
284	134	160	100
283	137	159	96
285	136	157	94
284	137	160	93
286	139	156	94
286	139	154	97
283	134	155	97
282	137	159	93
282	135	157	95
281	136	158	93
284	139	157	91
281	138	159	96
282	138	156	92
279	140	161	89
278	136	162	92
280	137	160	93
281	137	156	94
276	134	165	97
281	136	160	95
278	132	161	99
280	138	161	94
280	137	158	92
275	134	165	97
279	138	159	98
276	136	167	95
277	139	160	93
275	137	162	95
277	141	161	91
273	140	165	88
277	143	161	91
277	143	157	86
274	141	163	87
275	144	166	87
275	142	161	90
276	141	162	87
278	144	160	86
276	140	160	89
275	144	163	84
276	143	157	87
276	142	160	87
274	142	163	87
276	143	159	83
277	143	158	86
278	144	154	84
277	143	156	84
277	143	153	85
278	144	153	86
274	143	158	88
277	145	153	85
277	144	153	86
275	144	156	87
275	144	155	87
275	143	155	87
279	145	149	84
276	145	155	82
277	143	155	84
275	142	159	87
278	141	155	88
277	144	154	82
279	141	154	86
277	140	159	85
278	141	157	86
279	142	154	84
280	140	155	83
279	138	156	86
280	139	156	82
280	135	159	88
282	136	158	88
282	135	159	87
285	135	159	86
285	133	157	88
284	133	160	88
288	132	157	88
289	131	156	90
290	131	155	89
292	131	153	89
295	132	151	90
294	131	153	90
298	131	146	88
298	133	148	85
296	133	152	84
296	134	152	84
297	138	152	81
298	138	154	80
296	135	155	85
301	135	146	87
297	136	153	83
296	135	155	87
300	135	148	87
298	135	150	84
297	135	153	82
295	133	156	85
295	133	154	84
297	134	151	82
294	132	158	82
295	132	153	82
293	132	157	82
293	129	156	85
294	129	156	86
293	131	156	81
295	131	155	81
295	132	154	81
294	131	156	80
295	132	156	81
295	131	158	81
293	131	163	81
294	128	162	85
296	132	158	81
297	131	157	82
296	130	160	82
297	130	162	83
300	130	154	84
298	130	158	85
301	129	154	86
298	128	158	87
300	129	155	82
298	129	159	82
298	129	157	82
301	130	154	84
300	130	157	82
299	128	156	84
297	130	164	83
301	130	154	85
298	130	171	82
298	130	162	83
299	130	157	84
302	132	153	82
301	130	153	86
301	132	157	82
301	133	151	82
302	132	155	85
301	132	162	81
302	130	150	91
303	130	150	90
304	134	147	87
301	132	151	88
303	135	156	84
302	132	151	87
305	132	143	89
303	135	147	83
305	135	146	84
305	132	145	91
305	134	142	86
306	134	142	84
306	136	141	81
309	135	140	83
305	133	143	86
306	133	142	86
307	131	140	89
308	135	137	83
310	132	137	85
309	133	135	85
311	132	132	87
311	133	131	84
310	132	131	86
311	134	131	84
312	132	129	85
312	133	129	87
314	132	128	86
315	134	127	88
321	133	118	88
318	135	121	85
323	134	114	88
324	133	112	94
323	135	114	88
324	135	112	89
326	135	107	88
329	133	106	95
328	134	103	90
330	135	103	90
329	134	102	90
330	134	102	93
330	134	100	91
329	133	101	91
331	133	97	92
329	135	100	91
329	134	100	91
328	136	97	88
325	134	100	90
325	136	99	88
323	135	101	89
323	134	99	89
322	136	101	89
320	136	100	88
317	136	104	89
318	142	101	81
319	139	101	81
319	137	100	87
318	137	100	86
316	137	103	85
316	137	103	83
315	136	104	87
317	135	102	87
317	139	101	81
316	134	103	88
315	134	103	84
314	137	104	84
314	136	105	83
316	136	102	82
312	136	109	83
315	135	103	84
315	135	104	88
316	134	104	87
316	137	103	83
316	137	104	80
319	134	100	88
319	136	99	84
316	137	103	83
316	136	103	87
315	138	103	81
314	136	103	88
312	136	103	85
311	137	106	90
306	139	107	89
308	139	106	87
306	143	104	88
304	142	104	86
301	144	104	91
296	145	102	85
291	144	106	90
287	143	106	91
282	147	107	89
278	143	105	93
274	142	105	96
266	146	111	86
260	147	114	86
253	144	116	88
244	147	121	86
240	147	120	83
231	146	127	82
224	144	127	83
218	144	128	82
213	151	121	71
204	151	127	70
199	153	125	69
194	154	125	69
187	152	125	72
184	155	119	68
177	152	130	73
173	155	129	71
168	159	132	70
163	161	134	66
158	161	133	69
153	160	138	70
148	159	136	73
142	162	141	72
140	160	143	74
130	162	150	74
133	163	144	73
129	165	137	74
127	166	143	73
122	170	149	71
120	172	143	70
116	171	146	74
116	170	147	75
113	173	147	73
114	173	132	70
112	174	130	73
110	179	128	66
109	181	125	65
109	177	121	67
106	179	122	71
108	183	119	63
105	186	118	63
106	182	116	65
102	183	120	62
99	183	124	62
100	186	121	60
101	186	121	61
100	183	125	60
101	181	122	66
99	179	124	67
100	182	124	66
100	180	126	67
99	180	124	64
102	179	121	70
100	179	122	67
99	181	123	66
100	178	123	66
97	181	128	67
97	179	127	68
103	179	118	68
100	180	123	66
99	182	122	65
97	178	124	69
104	178	119	71
98	178	122	68
100	179	123	70
106	179	117	68
100	181	122	67
99	179	125	68
99	180	124	67
96	181	125	67
102	179	119	67
98	179	125	71
98	181	123	65
100	179	124	66
102	182	119	67
96	178	125	69
101	179	121	65
100	180	123	68
99	179	122	67
102	179	121	70
98	180	122	65
103	179	120	69
101	178	119	67
103	177	122	71
98	180	125	68
100	177	120	71
106	178	118	70
100	179	121	69
98	179	124	71
99	180	124	65
97	180	126	67
100	179	120	69
100	180	124	68
101	180	122	68
97	178	126	71
102	180	121	68
100	178	124	69
100	180	122	69
98	179	121	66
101	182	121	66
103	178	118	68
100	182	122	66
100	180	120	66
100	181	123	66
