1.00
1.09
1.03
1.08
1.09
1.08
1.05
1.02
1.04
1.02
1.00
0.99
0.99
1.00
0.98
0.98
0.96
0.97
0.94
0.94
0.93
0.99
0.98
1.00
0.98
0.98
0.97
0.97
0.97
0.99
1.00
0.99
0.96
0.97
0.93
0.91
0.89
0.88
0.90
0.87
0.89
0.91
0.91
0.92
0.88
0.90
0.93
0.95
0.98
0.97
0.97
0.98
0.97
0.98
0.96
0.95
0.99
0.92
0.94
0.86
0.89
0.89
0.88
0.84
0.86
0.88
0.92
0.94
0.96
0.94
0.97
0.94
0.94
0.96
0.94
0.92
0.92
0.96
0.93
0.92
0.91
0.98
1.03
1.03
1.00
0.99
1.00
1.00
1.01
1.04
0.97
1.00
1.03
0.98
1.01
0.98
0.93
0.86
0.77
0.74
0.73
0.80
0.84
0.86
0.83
0.85
0.79
0.76
0.74
0.76
0.77
0.75
0.77
0.73
0.76
0.72
0.73
0.69
0.69
0.71
0.79
0.87
0.89
0.88
0.91
0.94
0.88
0.87
0.77
0.80
0.86
0.84
0.84
0.81
0.79
0.81
0.77
0.79
0.80
0.80
0.76
0.84
0.81
0.76
0.78
0.75
0.78
0.76
0.82
0.73
0.70
0.71
0.69
0.66
0.63
0.58
0.56
0.65
0.71
0.66
0.70
0.85
0.91
0.90
0.89
0.84
0.77
0.80
0.78
0.86
0.91
0.83
0.84
0.85
0.75
0.76
0.87
0.74
0.87
0.81
0.77
0.86
0.79
0.85
0.85
0.90
0.86
0.88
0.88
0.91
0.95
0.91
0.85
0.88
0.84
0.78
0.77
0.68
0.75
0.76
0.65
0.57
0.53
0.48
0.44
0.46
0.46
0.50
0.42
0.44
0.44
0.49
0.55
0.53
0.55
0.48
0.52
0.53
0.50
0.51
0.49
0.78
0.77
0.77
0.73
0.71
0.68
0.70
0.71
0.82
0.81
0.77
0.79
0.84
0.77
0.83
0.83
0.78
0.73
0.71
0.74
0.88
0.94
0.85
0.83
0.86
0.89
0.92
0.99
0.96
0.89
0.92
0.94
0.90
0.94
0.88
0.82
0.86
0.93
0.97
1.05
1.07
1.12
1.17
1.09
1.08
1.07
1.11
1.10
1.02
1.09
1.07
1.05
1.06
1.03
1.03
1.01
1.04
1.04
1.05
1.02
1.04
1.06
1.06
1.02
1.03
1.04
1.05
1.02
1.03
0.98
0.99
0.99
0.98
0.96
1.00
0.97
1.00
0.96
1.02
0.97
0.98
0.97
0.96
0.91
0.95
0.91
0.95
0.94
0.91
0.97
0.96
0.96
0.87
0.89
0.89
0.95
0.86
0.89
0.88
0.85
0.91
0.94
0.91
0.91
0.95
0.97
0.98
0.98
0.97
0.98
0.98
1.01
0.96
0.94
0.95
1.02
0.97
1.01
0.99
0.99
0.95
0.95
0.97
0.94
1.04
1.04
0.91
0.97
0.94
0.97
0.95
1.06
1.02
1.07
0.96
1.00
1.03
0.98
1.12
1.08
1.01
1.02
1.10
1.05
1.16
1.15
1.14
1.05
1.00
1.02
0.98
1.05
1.07
1.01
0.99
0.98
1.04
0.98
1.05
1.07
1.01
0.93
1.01
0.94
0.99
0.93
1.00
0.95
0.99
0.97
0.94
0.95
0.91
0.93
0.94
0.90
0.89
0.93
0.96
0.99
1.05
1.04
1.05
1.01
0.93
0.86
1.00
0.98
1.00
1.06
1.03
1.05
1.05
1.05
1.03
1.03
1.04
1.04
1.04
1.06
1.11
1.14
1.17
1.19
1.18
1.08
1.15
1.16
1.06
1.05
1.00
0.95
0.88
0.86
0.82
0.78
0.79
0.86
0.86
0.86
0.85
0.91
0.88
0.91
0.92
0.91
0.95
0.94
0.96
1.03
1.04
1.10
1.13
1.11
1.16
1.13
1.15
1.10
1.13
1.14
1.10
1.11
1.07
1.08
1.10
1.08
0.99
1.09
1.21
1.23
1.15
1.14
1.14
1.12
1.14
1.18
1.17
1.07
1.14
1.17
1.04
1.03
1.01
0.98
0.99
1.00
0.98
0.99
0.95
0.91
0.87
0.84
0.88
1.00
1.00
1.02
1.02
1.07
1.05
1.06
1.06
1.08
1.02
1.05
1.04
1.03
1.04
1.05
1.11
1.08
1.10
1.11
1.12
1.11
1.07
1.05
1.05
1.06
1.04
1.04
1.05
1.06
1.00
1.03
1.04
1.04
1.00
0.98
0.98
0.99
1.02
1.01
1.03
1.04
1.00
1.01
0.96
0.97
0.93
0.91
0.94
0.98
0.96
0.98
0.97
1.02
0.98
0.97
0.95
0.99
0.92
0.98
0.92
0.93
0.92
0.93
0.91
0.94
0.95
0.97
1.07
1.12
1.07
1.05
1.03
0.99
1.01
0.97
1.00
1.05
1.05
1.02
1.02
0.99
0.98
1.01
1.00
1.00
0.98
0.99
1.00
0.96
0.99
0.99
1.03
1.02
1.04
1.01
1.03
1.01
1.08
1.04
1.04
1.05
1.08
1.12
1.14
1.03
1.05
1.04
1.07
1.05
1.04
1.01
1.05
1.06
1.08
1.09
1.07
1.10
1.11
1.12
1.15
1.13
1.18
1.16
1.16
1.14
1.15
1.13
1.11
1.11
1.11
1.05
1.06
1.04
1.05
1.10
1.07
1.05
1.02
1.01
0.98
0.98
1.00
1.02
0.98
0.99
1.02
0.96
0.98
0.96
0.93
0.96
0.94
0.96
0.96
1.02
1.03
1.04
1.06
1.06
1.06
1.10
1.07
1.05
1.08
1.05
1.06
1.08
1.11
1.13
1.12
1.08
1.04
1.01
1.03
1.04
1.07
1.02
1.09
1.09
1.11
1.12
1.09
1.03
1.07
1.06
1.06
1.05
1.08
1.10
1.05
1.05
1.08
1.06
1.06
1.04
1.05
1.02
0.99
1.01
1.01
1.07
1.07
1.06
1.07
1.11
1.06
1.06
1.06
1.05
1.07
1.08
1.09
1.10
1.11
1.08
1.10
1.10
1.11
1.13
1.14
1.16
1.12
1.12
1.11
1.05
1.03
1.03
1.02
1.04
1.05
1.07
1.02
1.02
1.02
1.01
0.98
1.00
1.00
1.10
1.11
1.10
1.09
1.09
1.07
1.07
1.04
1.02
0.99
0.98
0.99
1.01
0.97
0.95
0.96
1.00
0.96
0.97
0.96
0.96
0.99
1.00
1.02
1.00
1.03
1.02
1.04
1.00
1.05
1.06
1.03
0.99
1.02
1.01
1.03
1.06
1.05
1.02
1.07
1.06
1.12
1.12
1.11
1.11
1.10
1.07
1.14
1.10
1.08
1.04
0.99
0.93
0.91
0.92
0.89
0.93
0.96
0.96
0.97
0.98
1.01
1.01
1.02
1.04
1.05
1.03
1.07
1.10
1.15
1.09
1.09
0.98
0.95
0.93
0.94
0.96
0.99
0.94
0.98
0.97
1.02
1.01
0.98
1.05
1.07
1.01
1.04
1.03
1.06
1.04
0.91
0.97
0.91
0.93
0.90
0.96
0.99
0.97
1.04
1.03
1.04
1.05
0.98
0.99
0.91
0.95
0.98
0.90
0.91
0.85
0.85
0.95
0.98
0.98
0.97
0.88
0.95
1.06
1.09
0.97
0.91
0.88
0.88
0.88
0.95
0.95
0.89
0.68
0.71
0.71
0.84
0.89
0.80
0.69
0.79
0.69
0.71
0.63
0.66
0.50
0.38
0.33
0.32
0.28
0.27
0.26
0.27
0.10
0.07
0.07
0.11
0.14
0.21
0.27
0.19
0.11
0.12
0.25
0.25
0.31
0.38
0.48
0.50
0.53
0.40
0.41
0.40
0.46
0.56
0.50
0.68
0.43
0.29
0.17
0.08
0.26
0.17
0.13
0.13
0.09
0.12
0.18
0.20
0.26
0.22
0.15
0.08
0.34
0.15
0.08
0.33
0.37
0.40
0.39
0.54
0.52
0.53
0.56
0.54
0.58
0.54
0.67
0.69
0.64
0.70
0.69
0.63
0.65
0.81
0.75
0.75
0.78
0.76
0.77
0.78
0.80
0.78
0.76
0.76
0.76
0.76
0.73
0.78
0.81
0.79
0.78
0.76
0.75
0.94
0.90
0.90
0.88
0.93
0.91
0.91
0.91
0.86
0.90
0.91
0.90
0.93
0.88
0.93
0.91
0.90
0.93
0.88
0.89
0.95
0.97
0.98
1.00
0.95
0.96
0.93
0.94
1.02
1.00
0.99
0.96
1.02
0.94
0.98
1.00
1.03
1.02
0.99
0.98
1.09
1.13
1.09
1.08
1.07
1.06
1.12
1.11
1.11
1.08
1.09
1.03
1.05
1.01
1.16
1.08
1.07
1.06
1.09
1.09
1.05
1.05
1.08
1.08
1.09
1.07
1.06
1.02
1.05
1.04
1.07
1.08
1.08
1.00
1.03
1.07
1.05
1.06
1.08
1.06
1.05
1.06
1.12
1.09
1.07
1.08
1.07
1.06
1.11
1.12
1.06
1.10
1.09
1.06
