0.490452
0.042583
0.043548
0.043109
0.042609
0.042391
0.043600
0.044610
0.043283
0.042606
0.050582
0.043444
0.043880
0.048074
0.065876
0.043576
0.049426
0.043640
0.067924
0.043679
0.082728
0.047838
0.043541
0.045727
0.043078
0.039020
0.043334
0.044240
0.041466
0.043321
0.045234
0.042016
0.042210
0.044867
0.043476
0.046575
0.042916
0.043207
0.041295
0.043663
0.079234
0.043287
0.043000
0.041610
0.044245
0.043522
0.039098
0.041244
0.041339
0.038702
0.040810
0.040019
0.042976
0.043914
0.043079
0.038742
0.038909
0.042361
0.041459
0.041927
0.077522
0.043137
0.047302
0.042631
0.043626
0.039648
0.044736
0.045225
0.045814
0.041455
0.041863
0.040118
0.046029
0.038624
0.043394
0.039635
0.043453
0.044955
0.038921
0.040768
0.074915
0.039144
0.043851
0.043588
0.039359
0.043468
0.046583
0.044990
0.045450
0.043512
0.045133
0.043872
0.039704
0.045964
0.039228
0.038594
0.038192
0.042080
0.041750
0.040822
0.071590
0.038973
0.037417
0.038398
0.038999
0.041679
0.039832
0.038203
0.037982
0.038239
0.038743
0.041735
0.043075
0.043098
0.044559
0.037868
0.037838
0.037832
0.037801
0.037642
0.071185
0.037727
0.037899
0.037968
0.038497
0.037766
0.037900
0.037663
0.037822
0.037934
0.038312
0.038316
0.043124
0.040283
0.038259
0.043238
0.040785
0.037793
0.037762
0.037912
0.071516
0.037702
0.037939
0.037805
0.038544
0.040934
0.041225
0.040873
0.042603
0.039471
0.038741
0.037478
0.037600
0.037515
0.042299
0.041150
0.041727
0.041743
0.041449
0.041893
0.076535
0.042044
0.041671
0.043481
0.041331
0.041790
0.040997
0.043239
0.041901
0.042032
0.041837
0.041691
0.040902
0.042405
0.037842
0.037734
0.037890
0.040668
0.037549
0.037797
0.071306
0.038742
0.038290
0.039320
0.037923
0.037994
0.037885
0.037818
0.038152
0.039888
0.039804
0.044202
0.041427
0.041218
0.041919
0.039447
0.041439
0.041189
0.041304
0.042114
0.074964
0.041526
0.041380
0.041162
0.041034
0.041241
0.041277
0.041863
0.041350
0.042058
0.043325
0.042453
0.042031
0.042274
0.042473
0.042210
0.042398
0.042116
0.041720
0.042025
0.075953
0.041038
0.041072
0.042181
0.041154
0.037935
0.041322
0.037718
0.037993
0.037212
0.037287
0.037727
0.038021
0.038390
0.041670
0.041413
0.041692
0.040828
0.041669
0.038476
0.072707
0.038109
0.037972
0.038385
0.038650
0.038386
0.037926
0.042089
0.047256
0.046168
0.038337
0.039145
0.041270
0.046753
0.046245
0.045001
0.046173
0.046444
0.043164
0.045954
0.079684
0.041996
0.041654
0.037806
0.037523
0.039590
0.039397
0.041605
0.045201
0.040778
0.040961
0.042323
0.043695
0.043098
0.044332
0.045984
0.045883
0.045297
0.045261
0.045100
0.081716
0.045938
0.043660
0.042217
0.043091
0.043092
0.042805
0.042114
0.042755
0.043062
0.042159
0.042246
0.041904
0.042093
0.041816
0.041309
0.043915
0.042864
0.041326
0.041149
0.074909
0.041131
0.041905
0.041147
0.041420
0.043774
0.044602
0.044454
0.041763
0.041836
0.037489
0.037402
0.037567
0.037622
0.038087
0.038146
0.038458
0.038402
0.038452
0.038215
0.076904
0.043972
0.046313
0.041393
0.041623
0.041810
0.053555
0.047557
0.062966
0.045719
0.048238
0.041963
0.042413
0.041395
0.040806
0.046833
0.042329
0.040296
0.043303
0.043934
0.074587
0.038666
0.038353
0.038874
0.037604
0.038148
0.037590
0.037344
0.037395
0.037455
0.037475
0.037499
0.038399
0.037290
0.037646
0.037639
0.037286
0.037284
0.037401
0.037971
0.072625
0.037457
0.037304
0.037693
0.037628
0.037862
0.038111
0.043183
0.042926
0.043499
0.038148
0.038049
0.037845
0.037625
0.038913
0.043688
0.040814
0.040669
0.037867
0.038365
0.071640
0.037965
0.038003
0.037852
0.037805
0.037819
0.037856
0.037943
0.038868
0.043509
0.037909
0.038017
0.037939
0.038119
0.038023
0.038270
0.037809
0.038118
0.037932
0.037932
0.071393
0.037915
0.038001
0.037956
0.038199
0.038008
0.038314
0.037933
0.037903
0.037969
0.038214
0.038327
0.038051
0.038478
0.038648
0.043738
0.041305
0.041583
0.040178
0.044100
0.077938
0.039166
0.042713
0.045578
0.038418
0.038059
0.041939
0.037682
0.038776
0.042565
0.045205
0.045489
0.044167
0.039260
0.044345
0.043160
0.038678
0.038377
0.038445
0.038479
0.071971
0.038360
0.039015
0.038135
0.037667
0.037575
0.037810
0.037607
0.037527
0.037679
0.037399
0.037501
0.037588
0.037523
0.040801
0.038124
0.038611
0.038006
0.038341
0.037824
0.071390
0.038296
0.037989
0.038016
0.037876
0.038036
0.037925
0.038365
0.038003
0.037894
0.038951
0.037816
0.039638
0.041888
0.041415
0.044419
0.041663
0.044623
0.038588
0.041075
0.073248
0.039861
0.039021
0.039032
0.044381
0.039618
0.037718
0.037949
0.037825
0.038114
0.037985
0.038193
0.038090
0.037898
0.037960
0.037916
0.037912
0.037873
0.038101
0.038738
0.071577
0.038115
0.037766
0.037908
0.038625
0.037903
0.037934
0.037891
0.037953
0.038067
0.037951
0.038053
0.037920
0.038061
0.038055
0.038562
0.038919
0.041571
0.041558
0.038550
0.071524
0.038327
0.038996
0.042931
0.039884
0.042696
0.043061
0.039068
0.044524
0.040029
0.041718
0.041376
0.040207
0.044183
0.042520
0.042927
0.039962
0.043034
0.040306
0.040858
0.075728
0.039569
0.041445
0.043998
0.041714
0.039762
0.044362
0.045291
0.039075
0.038740
0.038038
0.037804
0.037752
0.037761
0.037821
0.037923
0.037804
0.038282
0.037792
0.037886
0.071446
0.037977
0.038714
0.039186
0.038392
0.037597
0.037336
0.038070
0.037196
0.038009
0.037243
0.037339
0.037301
0.037462
0.037358
0.037420
0.037361
0.037596
0.037677
0.037621
0.070796
0.037381
0.037410
0.038188
0.038035
0.038260
0.037950
0.038261
0.038752
0.038297
0.037960
0.037831
0.037922
0.038121
0.037974
0.038204
0.038014
0.038101
0.037919
0.038025
0.071509
0.038072
0.037922
0.037996
0.041363
0.039646
0.044008
0.037514
0.037568
0.043287
0.037629
0.037551
0.037960
0.037603
0.037625
0.037799
0.037644
0.038247
0.037682
0.037512
0.074532
0.038280
0.038687
0.037908
0.038212
0.038101
0.038137
0.038169
0.038272
0.038084
0.039642
0.044900
0.045867
0.044523
0.043950
0.043689
0.043830
0.045567
0.045570
0.045817
0.079947
0.046221
0.046968
0.046610
0.046427
0.044234
0.044447
0.043716
0.045544
0.046744
0.045918
0.045771
0.045766
0.045891
0.045244
0.047003
0.042895
0.042963
0.042770
0.042494
0.080720
0.040320
0.040337
0.041680
0.042278
0.041956
0.041146
0.044578
0.044031
0.039399
0.040459
0.043481
0.044096
0.041762
0.039485
0.044475
0.039073
0.045444
0.044116
0.043259
0.071946
0.043204
0.043344
0.043104
0.042861
0.038316
0.043423
0.040493
0.041596
0.038877
0.044114
0.039023
0.038837
0.038863
0.038934
0.041067
0.041788
0.040744
0.041819
0.041857
0.079250
0.043099
0.043988
0.041203
0.038764
0.040770
0.038193
0.040550
0.042810
0.040710
0.043492
0.043349
0.040646
0.042304
0.044086
0.043013
0.038261
0.040394
0.038912
0.042187
0.078685
0.042496
0.042845
0.042732
0.039601
0.041906
0.041789
0.042066
0.044799
0.044322
0.045230
0.044231
0.044971
0.044459
0.040789
0.041504
0.043877
0.044009
0.044051
0.042528
0.076022
0.039626
0.040504
0.041732
0.042091
0.042693
0.043773
0.042709
0.042482
0.042625
0.040809
0.042158
0.043437
0.039408
0.038265
0.038372
0.038102
0.038002
0.038256
0.037902
0.073653
0.043104
0.043310
0.042825
0.041375
0.039314
0.041118
0.040052
0.039241
0.043973
0.044090
0.041715
0.042330
0.040317
0.043499
0.044012
0.043675
0.041760
0.041695
0.041353
0.074312
0.039471
0.043424
0.043889
0.043287
0.041470
0.044108
0.045151
0.041786
0.042264
0.041942
0.041612
0.041944
0.043377
0.045897
0.041738
0.041674
0.041758
0.042201
0.043124
0.076344
0.042959
0.043391
0.043953
0.039595
0.042541
0.042697
0.043223
0.042712
0.043007
0.045018
0.042912
0.043086
0.039819
0.041303
0.043129
0.043000
0.043170
0.042780
0.042897
0.076693
0.043311
0.043602
0.043906
0.043790
0.043803
0.044312
0.044010
0.043640
0.043719
0.043772
0.043161
0.043463
0.044437
0.046289
0.048667
0.045290
0.044784
0.045092
0.044342
0.080290
0.045842
0.044613
0.045830
0.045125
0.044535
0.045796
0.044399
0.043734
0.044235
0.045226
0.045411
0.045308
0.046874
0.045560
0.045292
0.045575
0.045726
0.046032
0.052608
0.092940
0.047209
0.052690
0.048077
0.047854
0.047312
0.048926
0.047782
0.049851
0.050129
0.048716
0.048158
0.049455
0.048770
0.047121
0.045529
0.047140
0.048306
0.048602
0.049524
0.094964
0.046577
0.044387
0.064231
0.065579
0.066284
0.045296
0.043089
0.044478
0.060347
0.044166
0.045863
0.042874
0.041637
0.044126
0.044456
0.046080
0.042216
0.041360
0.041302
0.077332
0.045295
0.044095
0.042419
0.042325
0.042387
0.059202
0.064271
0.057951
0.041165
0.059262
0.060760
0.059422
0.064612
0.041397
0.060757
0.064236
0.061311
0.064053
0.061603
0.096068
0.041639
0.059964
0.044231
0.042274
0.060548
0.062715
0.041869
0.061054
0.041749
0.042270
0.058565
0.042793
0.060483
0.042049
0.060059
0.041737
0.041767
0.041996
0.041338
0.078608
0.042254
0.043456
0.044509
0.042674
0.043766
0.046940
0.042739
0.041921
0.043000
0.042712
0.068655
0.041487
0.041334
0.041569
0.042433
0.042921
0.043152
0.042684
0.077093
0.077252
0.042343
0.044303
0.042882
0.043956
0.042366
0.042116
0.042874
0.041907
0.043247
0.044755
0.042875
0.042380
0.042472
0.056617
0.041718
0.042183
0.054217
0.040517
0.043982
0.075669
0.043103
0.044389
0.041834
0.041898
0.061396
0.043568
0.044005
0.043987
0.048511
0.042846
0.043285
0.042016
0.043927
0.045888
0.042685
0.041819
0.080456
0.042410
0.045928
0.087378
0.042235
0.044748
0.049057
0.047906
0.042074
0.042095
0.041641
0.043237
0.042420
0.042883
0.047713
0.044170
0.044919
0.045798
0.044350
0.066289
0.041552
0.041259
0.043926
0.078739
0.042140
0.038655
0.042580
0.043219
0.042657
0.041891
0.046189
0.042480
0.043413
0.042441
0.041798
0.054556
0.042333
0.042062
0.054462
0.043794
0.045305
0.043196
0.042931
0.076481
0.041517
0.041645
0.043430
0.038851
0.039234
0.038516
0.037858
0.037840
0.038311
0.037924
0.037966
0.037715
0.038802
0.042140
