336	117	108	312
326	106	116	328
321	109	114	322
319	106	103	322
315	104	104	326
311	118	101	313
305	108	106	324
304	102	100	330
302	105	98	331
302	96	93	343
299	111	95	324
299	97	91	339
297	101	93	335
291	101	99	335
297	101	91	335
290	105	99	328
295	112	92	319
288	102	101	330
290	101	97	334
286	117	104	316
290	97	98	336
284	104	105	328
281	101	109	332
279	100	110	333
274	98	116	335
276	107	113	325
277	108	110	321
278	106	106	326
275	93	109	340
269	111	114	320
249	115	138	317
242	116	149	313
242	127	143	305
240	128	148	303
233	122	157	310
238	100	133	334
220	134	166	300
210	112	178	318
213	117	173	315
188	102	185	332
209	103	177	330
196	95	174	345
212	98	154	335
209	107	157	325
211	110	138	325
213	130	121	305
215	155	117	284
217	161	113	275
216	160	114	277
217	195	112	239
216	214	116	219
220	224	112	207
222	223	110	208
215	223	118	210
221	228	111	203
222	225	110	206
223	218	110	216
219	217	116	217
221	228	114	203
222	221	112	212
219	219	117	214
221	214	113	220
226	225	107	205
225	224	109	206
224	228	110	204
224	227	111	201
222	223	114	209
220	223	117	208
218	225	120	205
220	200	115	233
217	223	119	210
221	234	114	198
237	120	91	203
229	211	105	222
207	189	132	243
219	173	118	259
214	173	125	257
210	176	127	257
217	172	116	262
218	154	116	280
215	159	120	276
217	137	119	296
217	119	118	315
215	94	118	342
219	94	111	343
222	91	107	342
212	90	119	349
214	90	116	348
219	91	109	349
226	94	101	340
217	93	115	343
218	108	113	323
215	116	120	318
216	112	119	320
219	114	116	322
221	123	114	310
220	110	117	324
218	108	122	329
218	93	123	341
219	95	121	339
217	99	125	334
214	96	129	337
217	97	124	338
215	105	129	328
218	101	124	335
209	98	137	340
211	105	135	332
214	103	129	335
208	114	151	321
205	110	156	326
209	115	163	321
212	111	143	325
212	108	133	326
213	101	129	338
210	108	148	327
209	113	157	321
207	107	165	326
207	115	169	318
210	112	167	322
208	103	163	333
209	110	158	323
206	108	170	323
211	105	159	329
205	105	178	327
205	109	178	320
208	104	177	330
213	108	172	325
222	116	156	319
232	96	140	338
232	99	149	334
234	97	144	341
233	99	152	333
225	102	159	326
231	109	152	322
235	117	148	319
231	121	144	318
229	139	150	295
227	142	158	291
228	135	157	297
227	147	154	284
217	156	174	275
211	182	184	249
211	174	172	257
211	185	169	249
209	208	154	222
205	225	146	205
195	237	155	191
193	226	148	204
187	224	161	207
182	203	178	229
181	180	162	251
179	162	149	271
177	166	146	268
178	166	137	267
172	153	141	282
179	151	129	286
181	177	142	256
180	198	140	231
198	200	133	234
186	192	158	239
183	204	170	232
177	218	190	217
169	211	199	222
165	182	208	251
176	167	191	268
180	174	160	257
185	154	133	278
180	143	137	292
189	161	142	281
186	154	123	282
181	154	125	278
194	150	97	283
185	133	104	300
182	113	103	321
194	124	132	313
177	110	153	325
176	122	150	312
176	97	144	340
181	128	157	306
185	136	130	294
181	117	124	316
182	100	114	328
182	92	115	343
185	97	113	336
185	95	112	335
186	102	111	326
185	101	120	330
190	96	108	342
186	103	114	331
187	103	114	333
187	96	120	341
182	104	136	330
188	94	109	341
184	94	131	341
182	100	144	329
179	107	146	327
184	114	135	325
185	104	135	329
179	123	150	310
183	108	142	324
181	106	147	325
178	133	157	298
175	129	164	304
172	112	170	319
175	116	168	319
174	126	176	306
178	130	170	306
173	113	187	321
171	131	203	300
172	139	199	290
158	132	223	298
173	133	206	298
171	109	202	321
174	131	197	301
171	135	200	294
166	116	201	312
163	120	211	309
159	116	217	314
165	102	208	327
163	110	211	320
163	132	211	297
166	129	200	300
170	102	192	328
168	107	183	324
169	105	190	326
171	100	166	334
174	101	165	334
162	100	208	335
173	104	176	326
166	100	205	332
174	99	195	331
172	102	206	327
152	94	211	338
163	82	223	353
166	91	218	340
165	89	217	342
155	90	230	343
158	101	203	328
166	115	191	317
159	137	204	297
169	132	147	301
191	161	124	271
189	163	125	270
185	156	134	278
181	145	136	288
186	126	129	307
182	102	134	335
179	109	140	327
186	109	133	321
184	103	134	333
186	110	132	326
190	103	125	335
175	103	144	333
172	112	149	321
178	110	140	326
188	120	129	316
190	126	126	310
190	108	127	332
191	118	128	318
193	106	125	334
193	131	125	305
189	118	131	319
181	118	140	318
176	119	146	315
188	122	135	314
176	131	151	304
184	133	141	302
183	125	140	308
182	124	146	309
189	119	135	312
186	107	151	327
184	123	152	311
186	130	135	304
183	106	133	323
184	119	128	315
186	118	124	313
182	107	130	324
191	94	115	343
190	95	113	343
190	97	115	337
190	107	114	325
191	99	112	335
186	91	120	343
192	93	115	342
189	92	116	345
190	93	114	341
177	91	133	344
180	94	126	339
189	96	119	338
174	102	132	329
193	89	115	346
195	93	113	344
192	92	115	344
193	96	113	339
187	82	120	353
189	71	116	364
185	60	121	374
189	77	113	354
188	78	117	353
188	78	118	354
192	93	115	340
191	91	115	342
193	90	112	343
193	97	112	335
188	97	119	333
187	92	120	340
184	82	124	353
185	84	122	347
192	77	114	355
188	83	119	349
190	86	118	346
195	97	111	337
193	89	113	345
188	90	119	342
188	71	117	364
183	72	125	361
186	86	122	349
189	96	121	339
179	99	131	333
174	99	136	333
165	103	146	331
159	104	151	327
159	105	148	327
165	105	144	332
179	98	131	336
182	95	130	341
188	97	124	336
185	106	134	324
188	102	134	331
187	100	144	333
189	97	132	338
190	94	125	338
184	101	152	331
186	97	166	337
182	98	180	335
184	96	160	335
192	95	110	338
183	95	124	337
183	95	124	335
180	95	130	338
179	98	129	334
184	93	119	339
185	93	121	340
184	98	120	333
184	100	120	336
183	96	123	334
181	96	128	336
183	99	123	332
184	95	123	336
186	89	120	346
187	84	119	352
187	94	119	339
192	93	111	340
187	93	119	339
189	90	119	346
185	92	122	344
190	91	115	342
192	92	114	343
191	89	116	347
189	93	120	343
184	94	126	338
189	84	118	350
191	91	113	342
189	88	117	347
191	84	114	351
190	90	116	346
189	87	117	351
191	89	114	348
191	88	113	348
185	94	121	340
187	92	116	341
190	89	112	346
188	93	116	334
187	94	116	337
186	91	119	340
181	87	126	346
186	79	121	356
185	66	124	370
184	55	126	379
183	72	127	360
183	86	126	345
190	92	117	342
188	81	123	353
194	94	114	339
199	83	108	351
193	88	121	344
193	91	119	344
190	96	124	337
199	98	113	334
200	98	111	336
201	99	109	335
203	100	109	334
197	95	117	340
196	103	116	333
195	110	119	323
199	109	114	322
196	104	118	330
205	106	106	327
200	106	112	324
199	106	114	327
198	103	116	332
198	95	116	340
202	98	111	336
198	91	119	342
200	78	117	357
202	80	116	352
202	80	118	353
199	90	121	343
199	83	121	352
195	94	129	340
201	93	120	339
191	101	128	331
191	105	121	335
198	92	115	341
193	95	121	338
194	92	119	341
199	92	111	341
197	98	113	338
201	95	111	340
205	99	106	336
208	91	104	342
209	91	103	343
205	100	109	332
205	94	111	341
200	120	115	313
203	89	118	342
200	87	122	346
200	92	144	341
202	104	157	327
204	88	138	344
198	90	159	344
194	91	191	341
153	97	237	332
172	98	212	332
179	115	205	317
187	102	195	333
197	101	182	334
194	100	135	330
197	99	128	333
196	100	128	333
201	100	116	331
202	109	112	324
201	103	111	332
197	107	119	327
196	104	121	330
193	101	125	333
199	108	113	326
195	119	121	315
198	119	114	315
198	111	116	322
198	106	117	329
195	115	122	318
196	103	121	329
198	99	119	334
198	104	120	330
194	99	126	332
196	99	122	332
201	96	116	337
200	110	117	324
204	101	115	332
201	97	122	336
207	90	118	345
204	87	123	347
207	92	121	334
203	95	134	334
205	97	135	326
207	97	124	332
204	93	123	343
202	99	117	335
201	99	110	337
197	98	109	339
191	111	111	329
186	103	114	337
179	108	119	330
172	111	125	325
163	104	133	333
162	116	134	321
162	123	134	308
161	116	131	319
162	108	127	327
162	122	123	313
162	118	120	317
158	120	123	315
162	130	113	304
161	114	113	317
160	103	117	330
162	97	111	338
163	100	114	335
167	102	111	332
167	110	109	323
170	102	106	331
171	100	110	334
174	104	105	330
180	111	98	324
183	116	99	319
188	110	97	324
192	105	101	331
197	99	99	337
204	109	96	328
210	109	93	327
210	113	99	322
218	104	94	331
217	97	101	338
238	101	91	334
235	109	87	324
235	104	92	327
237	101	93	333
239	109	98	325
241	107	109	327
239	107	120	328
244	108	109	326
246	103	101	332
254	97	85	336
255	118	77	311
258	126	95	308
280	87	115	342
282	66	110	363
277	53	115	380
305	94	158	341
288	72	182	362
276	35	189	402
289	38	174	397
276	58	189	378
262	57	210	380
279	43	188	391
280	48	186	385
279	50	187	394
283	51	185	383
289	57	179	382
291	57	179	383
277	70	202	366
281	82	197	355
280	61	198	375
283	80	196	357
292	84	183	350
299	45	171	396
296	59	178	380
296	55	177	384
290	71	182	363
273	83	211	355
272	74	211	360
260	80	223	354
260	57	222	382
254	85	231	349
254	79	232	358
249	73	244	362
252	69	238	367
261	73	211	361
267	62	183	375
267	71	164	368
269	65	161	369
278	79	151	354
276	88	151	348
279	77	150	357
284	71	144	369
281	75	151	362
287	72	146	366
291	79	142	358
299	78	136	357
289	80	157	354
303	81	141	349
316	66	128	367
320	75	125	357
329	77	114	355
333	78	113	352
336	82	109	345
335	72	116	361
343	79	105	353
346	76	102	358
344	73	106	359
340	73	113	361
344	86	108	345
338	84	115	346
345	86	111	336
342	87	114	340
352	85	103	347
352	86	103	349
354	86	103	350
350	83	110	356
354	87	106	351
349	91	114	341
357	89	107	343
360	92	104	336
364	96	98	333
372	96	89	333
373	96	91	330
371	84	94	351
371	84	96	351
376	86	92	345
380	78	85	350
380	69	90	359
380	87	93	338
384	88	80	338
386	96	78	324
381	98	88	315
378	98	92	321
382	94	80	328
377	90	85	333
378	97	81	320
372	95	87	318
369	96	87	311
369	93	83	307
365	100	85	293
366	98	73	295
365	96	69	299
363	90	67	299
361	106	64	282
358	101	65	286
355	93	66	296
355	96	64	293
351	92	66	298
342	89	74	302
345	92	69	290
345	91	66	283
338	101	76	275
337	99	77	265
333	111	72	253
331	104	77	251
328	112	81	234
329	118	77	219
327	119	67	197
321	119	72	191
316	118	76	193
305	117	86	185
294	118	98	185
300	115	88	187
294	116	94	184
295	113	90	187
291	116	95	182
289	111	97	189
286	117	100	182
287	116	100	186
286	117	101	188
286	119	100	183
288	119	96	183
290	122	94	178
287	118	98	183
290	113	94	189
295	112	82	189
295	114	88	186
294	111	90	190
292	110	92	191
295	111	88	188
293	117	89	185
295	116	88	185
291	116	93	185
292	117	91	186
292	116	90	186
292	119	90	182
294	120	86	181
296	119	82	181
293	118	86	184
289	116	92	186
292	117	86	186
294	121	85	181
287	121	94	180
291	121	90	180
299	122	83	180
312	116	69	188
313	120	69	183
315	122	69	180
319	115	65	189
326	111	58	195
329	119	57	184
328	122	60	181
331	122	57	182
334	119	54	191
337	120	49	187
338	120	50	185
341	118	45	188
343	120	42	185
349	124	36	179
350	122	36	170
355	124	31	178
356	117	33	180
354	122	34	178
360	115	32	179
357	112	35	192
353	105	35	192
351	105	36	194
349	115	38	198
344	110	43	210
340	88	44	213
331	91	55	200
314	96	70	197
323	96	62	200
319	97	65	199
307	100	79	192
315	104	70	177
305	94	80	173
305	102	83	186
300	94	86	176
312	105	75	187
291	107	95	189
295	99	93	192
300	95	88	200
321	102	67	184
311	106	75	171
307	97	79	148
301	111	87	127
305	119	80	110
294	132	91	90
309	130	76	100
305	120	80	102
300	127	85	94
302	124	83	100
306	125	80	108
294	127	90	95
307	117	79	111
301	126	84	99
304	126	82	104
299	116	87	106
305	133	81	102
302	125	83	99
307	131	77	93
302	126	83	95
306	116	79	102
301	121	84	101
297	128	89	95
285	126	101	92
289	124	97	89
300	118	86	104
300	115	85	103
300	121	86	100
308	113	75	103
305	112	80	109
301	116	85	107
437	146	77	116
308	113	76	109
450	136	67	125
454	141	61	127
456	142	60	137
314	104	70	126
456	143	66	137
307	105	79	117
455	147	82	134
455	138	80	143
456	135	85	162
455	125	86	177
463	121	67	214
464	116	63	228
461	118	71	227
460	118	77	229
462	116	74	236
457	113	83	249
456	114	83	248
456	111	77	255
450	113	87	250
451	115	76	247
450	114	74	249
446	108	78	257
444	112	76	252
439	113	78	250
434	111	81	256
432	113	77	255
432	109	74	264
430	111	73	266
434	110	65	273
429	108	69	278
426	107	69	279
420	104	75	281
416	106	78	273
413	106	80	271
412	105	80	272
410	105	80	279
404	106	85	282
400	107	86	283
397	107	86	286
398	107	82	282
390	106	87	289
386	106	87	287
381	103	87	294
378	102	89	290
371	100	96	304
365	99	101	311
364	99	95	301
361	100	94	313
364	93	80	326
356	94	95	307
356	97	87	291
350	100	90	270
345	103	94	264
340	101	99	276
334	101	106	298
329	96	113	305
331	96	103	320
330	96	101	313
325	88	107	336
322	91	110	338
316	88	113	345
318	87	108	348
315	85	110	350
311	89	113	346
312	92	109	341
299	97	125	335
301	90	116	345
297	92	118	342
290	91	125	343
289	85	122	349
286	80	121	358
281	81	126	357
276	79	132	354
281	75	123	365
274	80	131	358
275	75	131	361
278	82	127	355
274	82	133	355
265	99	150	335
279	103	129	333
274	119	137	316
279	116	138	319
279	83	143	353
273	95	167	343
274	127	162	311
274	103	172	331
277	85	173	352
280	107	171	327
281	104	169	328
285	84	164	348
289	93	165	338
288	83	167	347
287	72	170	361
291	59	169	371
296	57	167	372
307	59	160	366
318	58	153	363
332	41	139	387
344	41	128	388
347	35	129	396
344	68	141	361
344	86	149	341
340	62	151	366
344	69	156	363
343	77	176	354
342	87	192	343
346	70	195	356
348	76	195	355
357	50	188	378
364	64	189	366
372	61	176	368
374	59	179	371
389	72	159	355
390	82	170	351
389	67	181	364
394	95	189	341
398	84	186	347
401	79	187	353
400	88	197	348
406	83	193	349
410	76	198	356
414	70	200	358
416	78	209	351
412	71	226	371
417	46	230	387
433	48	211	396
425	81	237	356
457	51	201	383
463	56	200	391
468	33	200	403
484	49	180	402
499	30	164	404
494	39	176	393
494	50	180	382
494	37	197	396
492	64	201	371
499	42	190	393
492	33	202	405
487	50	213	386
501	45	175	394
496	37	175	399
500	34	164	399
496	53	165	386
487	32	171	412
489	32	161	404
486	49	159	393
481	37	161	397
464	34	179	403
473	49	161	387
474	62	156	377
455	59	180	376
460	36	169	398
455	50	177	382
434	46	206	385
418	66	224	361
418	65	219	365
404	79	231	347
397	82	237	345
453	49	175	382
466	44	158	386
458	51	164	377
473	57	138	374
470	50	142	382
479	49	126	385
481	57	120	376
478	61	124	373
474	70	128	361
486	66	114	368
391	101	93	333
386	107	101	322
382	103	101	333
386	105	93	330
371	107	110	325
363	116	116	312
353	115	124	316
346	118	123	301
337	116	127	309
329	112	130	315
326	108	128	323
319	106	126	325
312	107	124	325
314	100	105	332
315	94	96	329
514	127	112	324
500	100	135	336
493	123	142	313
502	146	135	291
506	181	127	256
506	195	126	242
500	190	132	250
489	202	147	229
489	209	143	225
484	215	146	219
483	216	143	218
477	217	147	218
471	220	151	213
469	224	149	208
456	218	159	217
452	221	155	215
453	224	148	211
246	241	116	180
443	229	145	204
438	220	147	212
433	216	150	215
428	211	151	220
428	219	147	213
424	216	147	215
421	214	146	216
417	212	148	223
416	220	144	212
418	217	138	217
416	225	140	210
414	216	141	216
418	223	137	212
416	227	139	209
413	227	142	209
423	233	132	200
423	239	132	193
419	239	137	194
418	248	142	186
418	251	143	184
423	258	138	176
432	259	128	174
442	260	120	171
441	261	118	171
187	243	89	181
189	235	83	194
191	226	80	203
435	249	113	201
181	169	106	223
187	152	95	252
190	148	81	277
184	145	88	288
186	142	83	290
184	126	84	306
185	122	81	312
442	188	105	298
180	121	91	312
179	106	91	329
185	100	79	334
182	116	80	323
179	100	83	335
183	106	76	333
179	128	82	312
177	115	82	322
175	120	85	316
169	107	92	329
166	97	95	343
157	94	108	349
158	98	106	338
155	98	111	335
144	96	128	341
144	108	126	324
140	101	131	330
152	98	115	337
149	106	128	329
136	129	167	305
129	122	175	308
135	104	160	328
132	127	168	306
136	133	164	298
128	123	175	307
137	122	164	309
140	123	161	311
141	115	159	318
144	99	152	337
149	99	145	336
160	99	131	333
159	101	135	333
165	102	132	333
174	103	125	331
184	101	117	330
183	102	119	334
183	99	122	336
186	101	121	332
190	100	120	333
192	99	119	337
188	102	126	331
200	103	107	330
200	103	113	330
197	101	125	333
203	100	114	334
201	105	123	330
201	108	143	323
196	108	145	320
206	103	129	330
199	101	135	333
205	97	123	337
195	103	129	329
193	99	123	336
196	104	115	329
186	101	127	331
183	114	129	317
188	101	124	331
191	103	119	330
187	99	121	336
188	95	115	336
187	94	116	338
179	97	121	335
181	98	118	337
177	97	119	337
178	107	115	325
168	98	129	335
165	101	135	331
167	110	136	323
166	124	137	310
164	113	143	319
163	101	142	332
159	107	160	326
155	99	168	332
158	104	164	325
159	98	147	334
153	101	167	327
152	106	218	326
149	113	193	314
152	118	192	315
148	104	179	328
155	107	175	329
155	105	177	327
153	112	209	314
150	108	230	314
148	110	191	314
148	105	172	324
152	106	171	329
156	102	159	328
153	103	168	327
158	108	172	327
163	111	164	320
166	107	160	328
174	105	151	331
176	93	152	336
180	98	132	340
186	92	120	340
184	97	120	340
190	97	114	335
189	98	116	337
198	97	102	339
194	110	107	326
194	99	106	337
192	101	109	334
198	112	86	321
208	101	98	333
203	101	126	330
197	106	166	320
198	105	202	326
191	100	198	330
184	109	162	321
187	105	145	326
198	99	122	335
199	99	114	336
198	97	121	337
199	100	129	336
200	105	137	329
197	104	135	329
201	110	114	323
199	98	117	337
193	98	139	335
188	104	150	328
182	102	156	331
183	98	147	330
180	96	150	335
174	96	164	339
171	108	168	329
178	117	155	317
176	121	156	313
169	117	164	320
155	97	175	336
153	95	179	339
152	103	186	328
172	108	164	323
145	103	183	330
143	106	196	325
155	98	163	334
176	90	131	347
180	101	118	334
169	97	131	336
180	95	123	338
191	91	112	345
193	91	109	342
194	87	109	348
198	80	105	356
201	82	104	355
202	71	105	365
202	68	107	369
207	73	102	364
207	74	106	363
205	73	111	367
210	86	105	350
208	90	112	345
209	88	111	348
214	89	109	344
217	91	108	343
213	88	116	346
213	94	118	345
211	96	124	341
220	88	101	349
218	92	99	345
223	102	92	331
219	101	98	334
219	105	102	329
212	104	113	330
207	108	116	326
210	107	102	332
211	109	100	326
209	114	100	320
209	110	101	325
210	111	99	324
214	114	96	321
207	113	102	324
220	98	87	337
209	123	97	314
211	103	95	331
213	84	92	351
218	80	85	359
209	88	95	354
207	73	96	364
210	92	91	347
213	97	88	340
208	94	91	347
204	95	96	342
204	99	96	336
209	85	91	352
205	96	93	340
205	100	93	335
201	99	98	341
202	84	96	352
199	87	100	352
201	100	98	340
206	80	91	358
203	88	97	352
201	73	98	365
195	84	105	361
192	75	108	363
193	84	107	360
193	71	107	365
184	70	120	369
186	50	116	386
194	67	109	373
195	85	108	352
198	74	106	360
197	76	108	363
195	81	111	355
197	86	109	348
203	87	102	348
195	95	112	340
197	86	109	350
197	87	110	346
198	82	110	352
204	98	100	335
193	100	110	337
190	102	116	333
190	100	116	336
188	113	114	322
186	107	125	328
182	109	128	326
179	115	129	319
183	121	122	314
184	129	121	304
192	126	109	309
193	134	105	300
192	147	103	287
195	152	96	281
194	167	106	267
193	175	114	258
196	178	110	256
194	204	113	229
202	226	104	208
210	237	94	194
210	243	97	189
210	244	97	186
213	244	94	188
207	254	102	175
213	251	96	177
210	253	102	178
181	145	124	163
386	235	123	195
198	174	117	215
205	206	116	223
204	180	103	253
203	170	106	264
203	155	105	279
200	139	108	295
189	138	118	299
193	163	112	275
192	163	112	276
187	176	117	260
187	184	111	251
186	191	107	242
182	204	111	231
181	197	109	237
184	217	104	216
175	242	113	192
177	243	113	190
176	208	108	208
171	204	115	216
172	191	110	235
164	177	119	256
160	155	122	273
160	148	124	285
167	131	119	304
169	119	118	313
170	104	115	335
167	104	118	329
164	107	135	327
167	115	129	321
172	118	109	324
174	117	101	318
175	120	99	315
174	119	97	315
170	120	103	315
167	129	111	306
162	137	125	297
165	132	123	305
168	139	111	296
169	134	120	302
172	133	113	303
173	123	118	313
174	117	115	320
174	128	115	306
171	141	119	293
174	150	103	286
174	148	102	287
177	139	92	298
178	144	97	291
176	143	104	293
176	148	105	289
179	144	99	290
174	142	107	292
174	125	107	309
178	109	103	327
177	123	103	313
180	122	104	313
179	134	103	302
178	123	109	314
184	125	104	309
185	132	105	303
186	126	111	310
191	119	110	318
199	117	106	320
205	113	108	326
209	110	112	325
218	117	107	318
225	110	104	322
228	106	106	324
233	96	105	335
239	101	102	328
242	96	101	333
245	101	99	328
247	94	97	333
247	92	97	336
247	94	93	335
252	95	88	336
250	94	94	338
249	91	97	340
247	91	97	340
252	88	89	342
249	96	95	336
250	94	106	338
251	96	106	333
252	92	106	339
250	93	108	340
249	92	111	338
252	93	94	336
252	94	107	336
249	96	127	335
251	107	121	325
252	97	134	335
254	92	116	341
257	92	103	341
257	98	97	325
257	96	97	331
258	92	100	341
258	93	109	340
252	98	121	333
253	95	131	340
256	98	129	335
259	94	126	339
260	100	124	328
261	96	126	335
260	99	129	332
267	95	120	338
274	101	112	335
277	103	111	332
280	95	112	341
285	96	109	341
292	98	107	337
298	105	118	328
307	102	102	333
307	102	112	330
315	102	108	331
318	101	111	331
317	103	123	329
318	97	126	337
328	99	119	335
331	103	118	330
334	103	123	329
334	104	131	333
338	111	131	323
349	108	122	327
351	113	123	320
360	115	143	317
357	111	167	321
361	106	185	324
358	107	164	326
374	105	142	331
379	108	124	328
382	107	129	329
383	110	123	324
384	115	126	317
383	113	136	318
384	113	138	316
382	115	138	312
386	112	132	320
385	115	134	313
383	115	136	316
385	111	133	322
387	112	130	314
383	111	134	312
382	114	135	304
385	119	128	296
381	112	133	301
384	117	127	294
391	113	110	303
394	119	99	288
388	118	105	292
387	119	117	289
399	120	92	287
396	123	97	279
406	122	99	277
405	117	95	288
408	116	90	287
409	116	95	273
409	122	93	265
410	125	94	257
415	126	82	256
417	114	84	270
419	114	80	269
424	120	77	264
426	111	80	274
420	122	96	260
421	130	89	249
420	124	98	256
423	127	95	250
428	125	88	247
433	121	83	242
433	123	84	241
444	122	71	234
442	124	76	226
447	129	71	230
445	119	75	240
448	113	74	244
454	129	74	228
456	130	75	221
459	128	72	226
461	131	79	223
462	134	82	216
475	129	73	221
480	128	67	217
479	119	68	231
492	130	63	219
492	126	55	229
498	129	65	217
504	128	55	218
507	132	48	210
507	130	45	224
513	131	64	232
519	130	63	238
527	147	57	218
534	140	50	231
667	26	58	239
499	104	76	252
522	130	71	240
531	147	57	223
514	143	72	223
522	140	64	227
531	142	54	228
531	145	57	222
537	143	47	230
531	135	48	235
538	140	45	236
529	145	52	222
537	148	45	220
529	140	55	229
538	149	44	223
522	142	59	223
533	157	48	209
540	148	40	225
526	138	56	233
540	138	43	239
525	141	59	229
534	137	51	237
534	141	53	231
539	150	42	225
537	140	49	239
537	139	45	239
536	134	46	245
538	142	45	242
539	142	41	237
538	141	46	234
538	138	44	241
535	130	52	248
