1.612165
0.091999
0.089879
0.088735
0.088673
0.090522
0.090343
0.089927
0.092052
0.092357
0.091588
0.091982
0.092553
0.091603
0.128026
0.091787
0.132104
0.130778
0.132263
0.137142
0.135697
0.093002
0.093019
0.099451
0.084824
0.085338
0.085685
0.083944
0.085251
0.083955
0.084338
0.083827
0.084066
0.084196
0.085204
0.084942
0.086459
0.085544
0.086218
0.084501
0.198523
0.084749
0.084602
0.085904
0.084462
0.085113
0.085613
0.085193
0.084720
0.084919
0.085342
0.086282
0.085451
0.086763
0.086579
0.087018
0.085891
0.086059
0.086897
0.086800
0.202228
0.085162
0.085392
0.085491
0.086776
0.087562
0.086685
0.086618
0.087163
0.085651
0.084655
0.084322
0.085179
0.084701
0.085066
0.085052
0.085111
0.086194
0.086553
0.086775
0.201228
0.088051
0.087819
0.089375
0.084962
0.084479
0.085434
0.085072
0.083806
0.084516
0.085094
0.084845
0.088289
0.087903
0.087183
0.087281
0.086948
0.087418
0.087666
0.086679
0.201074
0.086695
0.086540
0.153931
0.084743
0.154027
0.145272
0.152582
0.152105
0.153721
0.152417
0.152319
0.151237
0.150732
0.150257
0.150100
0.090192
0.089314
0.090089
0.090369
0.204203
0.089366
0.089676
0.090916
0.090620
0.091530
0.090526
0.091386
0.149810
0.090756
0.090387
0.091205
0.150298
0.150803
0.150776
0.090801
0.151767
0.151477
0.152591
0.153144
0.151340
0.084882
0.084173
0.083828
0.093258
0.152237
0.150988
0.150585
0.150584
0.150161
0.150430
0.149387
0.151059
0.146903
0.147309
0.147278
0.147674
0.146643
0.146559
0.088741
0.201728
0.088708
0.089784
0.089641
0.089883
0.090153
0.090397
0.090098
0.089422
0.089778
0.090405
0.089379
0.090090
0.091149
0.089436
0.149386
0.149143
0.089700
0.150176
0.091151
0.205908
0.091225
0.089490
0.089516
0.090645
0.091722
0.091160
0.093004
0.092256
0.092774
0.092432
0.093607
0.093283
0.093253
0.092067
0.092525
0.092659
0.092944
0.093100
0.092484
0.207722
0.093930
0.086012
0.086304
0.086187
0.085163
0.085614
0.086383
0.087216
0.085230
0.085798
0.085604
0.085504
0.086755
0.086286
0.085888
0.086162
0.086034
0.085834
0.086843
0.200490
0.086303
0.085268
0.084425
0.084792
0.085002
0.085604
0.085581
0.084964
0.143180
0.084460
0.092276
0.091490
0.092204
0.083880
0.084543
0.084492
0.084779
0.143111
0.084003
0.197360
0.092432
0.084307
0.084741
0.084832
0.084889
0.085156
0.086189
0.085501
0.085943
0.084805
0.085095
0.085185
0.086620
0.085007
0.084018
0.093061
0.152762
0.092175
0.093827
0.205858
0.150947
0.091157
0.151274
0.092947
0.151185
0.085381
0.085484
0.086069
0.086008
0.085733
0.085526
0.089563
0.084849
0.084990
0.152192
0.152112
0.151951
0.093099
0.094079
0.198979
0.086550
0.153063
0.094341
0.093620
0.093784
0.085031
0.093619
0.153322
0.154804
0.085108
0.085438
0.094159
0.093441
0.085239
0.093161
0.151413
0.153129
0.093821
0.085928
0.200126
0.086244
0.085993
0.085884
0.086482
0.086108
0.086018
0.086899
0.086361
0.087021
0.086730
0.085529
0.086120
0.085415
0.094364
0.095247
0.150256
0.084108
0.092002
0.091408
0.149933
0.089900
0.083367
0.091020
0.091331
0.090747
0.090722
0.090597
0.084320
0.142861
0.083167
0.151745
0.143806
0.084233
0.084294
0.084162
0.084657
0.085688
0.084498
0.084461
0.198272
0.092543
0.090678
0.091007
0.091340
0.090848
0.091701
0.084265
0.084137
0.084229
0.084735
0.084515
0.084246
0.083458
0.084352
0.084524
0.083568
0.092158
0.091539
0.092002
0.197602
0.092244
0.092242
0.084759
0.084001
0.084068
0.083290
0.092913
0.084166
0.083929
0.085112
0.084944
0.084543
0.084612
0.083878
0.092534
0.084380
0.084523
0.084089
0.084398
0.197700
0.092023
0.083478
0.084391
0.083286
0.091826
0.093094
0.084581
0.092126
0.083784
0.083577
0.084047
0.084074
0.083985
0.084110
0.083932
0.084609
0.083791
0.083904
0.083924
0.205175
0.092129
0.091723
0.091369
0.083682
0.092305
0.083765
0.083814
0.083922
0.083843
0.084231
0.084598
0.084134
0.084279
0.092899
0.083397
0.084064
0.092497
0.092111
0.083870
0.198075
0.083984
0.083942
0.083568
0.084020
0.084551
0.084231
0.084090
0.085065
0.084512
0.083947
0.093489
0.085083
0.085001
0.085928
0.085302
0.085717
0.086780
0.085988
0.086509
0.202241
0.085883
0.085537
0.085949
0.085140
0.085002
0.093896
0.093882
0.083663
0.083824
0.084217
0.083224
0.083672
0.083622
0.083179
0.083338
0.083333
0.083189
0.084056
0.083447
0.206249
0.092531
0.092014
0.083920
0.083683
0.083438
0.083753
0.084060
0.092112
0.083657
0.083212
0.091765
0.083845
0.084030
0.084272
0.083493
0.084037
0.084465
0.083659
0.085673
0.197210
0.084552
0.084836
0.085618
0.085515
0.085916
0.085742
0.085181
0.085435
0.084947
0.085035
0.085593
0.093476
0.094103
0.093310
0.093921
0.093889
0.094260
0.093465
0.093261
0.208709
0.093612
0.093716
0.084934
0.086591
0.084486
0.085150
0.085037
0.085809
0.085483
0.085370
0.085174
0.093574
0.085840
0.085616
0.085503
0.084972
0.093322
0.092006
0.091882
0.206430
0.090863
0.092511
0.091030
0.092237
0.091515
0.092037
0.091324
0.092304
0.092600
0.093652
0.094245
0.093481
0.094707
0.093672
0.093972
0.085132
0.084930
0.086446
0.085536
0.199558
0.084808
0.093990
0.093247
0.084831
0.085932
0.094027
0.085142
0.086181
0.086076
0.094200
0.084957
0.093130
0.085235
0.092736
0.092789
0.092834
0.084312
0.085090
0.086277
0.199410
0.085749
0.085012
0.085036
0.095072
0.085704
0.083657
0.084482
0.085687
0.083531
0.083880
0.084192
0.084196
0.091802
0.091413
0.091659
0.092492
0.083889
0.083342
0.083996
0.206154
0.083722
0.083429
0.083878
0.091581
0.091561
0.092232
0.092344
0.091430
0.093109
0.091887
0.091856
0.092655
0.093489
0.093345
0.092398
0.092489
0.092928
0.092673
0.093426
0.205638
0.091296
0.090920
0.091236
0.089399
0.089711
0.090436
0.090141
0.091318
0.091391
0.090767
0.091223
0.092706
0.092102
0.092874
0.091999
0.090493
0.089366
0.090615
0.088774
0.200235
0.088620
0.089392
0.088695
0.087991
0.086874
0.085845
0.086397
0.085697
0.084187
0.147380
0.084773
0.143838
0.083730
0.083964
0.143702
0.143757
0.083859
0.142443
0.083340
0.196774
0.083640
0.083131
0.083468
0.083077
0.083176
0.083448
0.083622
0.083297
0.082881
0.082756
0.083085
0.083242
0.083005
0.082738
0.083010
0.082958
0.082669
0.083234
0.082662
0.196960
0.082583
0.082554
0.082862
0.082541
0.083064
0.082539
0.082878
0.083173
0.083025
0.083330
0.083019
0.084593
0.084951
0.083832
0.084545
0.084493
0.084718
0.084130
0.084302
0.197839
0.085010
0.083930
0.084205
0.083575
0.083955
0.084141
0.083958
0.083716
0.084398
0.084764
0.082172
0.082460
0.082394
0.083632
0.082937
0.082583
0.081704
0.083648
0.082345
0.195821
0.082519
0.082406
0.082166
0.082296
0.082088
0.082354
0.082314
0.082720
0.082515
0.082749
0.083321
0.082785
0.082607
0.082807
0.083254
0.082536
0.082379
0.082592
0.082932
0.196983
0.082993
0.082423
0.083090
0.088360
0.086498
0.088705
0.086162
0.081924
0.083130
0.082828
0.082492
0.082932
0.084376
0.083137
0.082049
0.082109
0.081953
0.081850
0.081769
0.195552
0.081791
0.081749
0.082092
0.081609
0.082021
0.082634
0.081869
0.082028
0.081971
0.081739
0.082162
0.081932
0.081815
0.081563
0.081349
0.082270
0.082145
0.081845
0.082119
0.198576
0.082771
0.082160
0.081650
0.081272
0.081923
0.082853
0.083412
0.081845
0.081991
0.081726
0.082777
0.081832
0.081917
0.082150
0.081671
0.081786
0.081537
0.081142
0.140631
0.195357
0.082181
0.081516
0.081735
0.081402
0.081815
0.080885
0.082168
0.082315
0.082571
0.082371
0.082033
0.082602
0.140714
0.082887
0.082319
0.142165
0.141434
0.141410
0.082266
0.197170
0.082821
0.083580
0.082362
0.082672
0.082460
0.083086
0.082702
0.141463
0.082536
0.083205
0.082265
0.141309
0.082219
0.141236
0.141676
0.082339
0.082309
0.082805
0.142406
0.195677
0.085709
0.082586
0.082279
0.082964
0.082763
0.083002
0.082432
0.082269
0.083539
0.082465
0.083059
0.083052
0.082663
0.082191
0.083214
0.083866
0.083213
0.082623
0.083659
0.142302
0.082802
0.083236
0.083641
0.089090
0.084331
0.084203
0.083746
0.087975
0.083464
0.083933
0.083229
0.084068
0.083700
0.143769
0.083741
0.082665
0.082930
0.083423
0.084001
0.200027
0.083779
0.084651
0.085378
0.083683
0.083879
0.083805
0.084129
0.084149
0.083531
0.083522
0.089447
0.083489
0.142549
0.083995
0.082950
0.083238
0.142131
0.141651
0.142498
0.142297
0.143164
0.083684
0.083963
0.083712
0.141974
0.083652
0.084234
0.083608
0.084130
0.083117
0.082417
0.082638
0.082420
0.082684
0.082259
0.083092
0.083053
0.084483
0.082523
0.194434
0.082713
0.082780
0.083536
0.082918
0.083299
0.083512
0.082739
0.083488
0.083409
0.083663
0.083464
0.085594
0.083494
0.083330
0.083369
0.084272
0.088339
0.085076
0.087974
0.199622
0.085405
0.089127
0.085498
0.087662
0.091070
0.091362
0.088573
0.088769
0.089576
0.085810
0.144222
0.086307
0.087348
0.085734
0.084021
0.083876
0.084291
0.083369
0.084287
0.195829
0.084066
0.083507
0.085653
0.083473
0.082732
0.083597
0.083859
0.083411
0.083552
0.083715
0.084403
0.083911
0.083347
0.083144
0.083773
0.083221
0.083639
0.082971
0.083392
0.194959
0.090729
0.084202
0.083970
0.084216
0.086230
0.083817
0.084555
0.083842
0.083609
0.083247
0.083752
0.083545
0.083419
0.083540
0.083354
0.083416
0.084165
0.083211
0.083578
0.197084
0.083389
0.083798
0.084023
0.082726
0.083418
0.083293
0.083143
0.083297
0.083086
0.083235
0.083145
0.083578
0.084002
0.083554
0.142267
0.084168
0.085052
0.089532
0.083942
0.197966
0.083230
0.083190
0.143351
0.142783
0.084283
0.084148
0.143387
0.143542
0.083886
0.083786
0.084543
0.090832
0.088928
0.084746
0.086805
0.084670
0.089036
0.085059
0.084984
0.199442
0.085736
0.085053
0.090598
0.083903
0.083842
0.083932
0.085507
0.088262
0.085917
0.086832
0.083622
0.084322
0.084851
0.084087
0.084151
0.083616
0.084148
0.083715
0.084013
0.197167
0.084341
0.083825
0.084071
0.083991
0.083904
0.084172
0.084864
0.084821
0.084084
0.084025
0.084443
0.084159
0.084460
0.084490
0.084788
0.084558
0.084843
0.084986
0.085880
0.198160
0.085016
0.084556
0.085040
0.084468
0.083892
0.085323
0.084455
0.084487
0.084601
0.085164
0.083968
0.084915
0.084467
0.084826
0.084118
0.084507
0.143711
0.084232
0.144278
0.143261
0.142955
0.143464
0.143631
0.143355
0.142755
0.143229
0.143337
0.143736
0.083894
0.084336
0.084360
0.086254
0.089103
0.085747
0.084819
0.084953
0.083845
0.083979
0.084367
0.198693
0.084750
0.086123
0.085228
0.085782
0.085214
0.085640
0.085089
0.084899
0.085065
0.085239
0.084310
0.085814
0.084307
0.085154
0.084950
0.085148
0.084419
0.084749
0.084718
0.198597
0.084677
0.084980
0.084932
0.084791
0.084688
0.084960
0.084740
0.084564
0.084439
0.086410
0.087348
0.088321
0.092751
0.088400
0.088181
0.090232
0.084883
0.084322
0.084129
0.202293
0.084584
0.084940
0.084822
0.084504
0.086018
0.084352
0.084539
0.084580
0.085808
0.086988
0.085229
0.085679
0.085349
0.085466
0.087722
0.085721
0.091178
0.085662
0.085128
0.198747
0.086317
0.085650
0.085948
0.085847
0.085506
0.085659
0.082528
0.085762
0.092576
0.084699
0.086171
0.084815
0.084292
0.084780
0.085946
0.084703
0.085526
0.143286
0.144038
0.199401
0.084062
0.084663
0.083786
0.084226
0.084824
0.090821
0.084503
0.083661
0.083616
0.089140
0.085122
0.084563
0.084819
0.085052
0.085163
0.079300
0.084476
0.084507
0.085660
0.206271
0.086082
0.085828
0.085387
0.085723
0.085672
0.088650
0.085501
0.085986
0.085348
0.085277
0.085448
0.085819
0.085877
0.089602
0.084464
0.085761
0.084591
0.084934
0.085231
0.199061
0.084481
0.084915
0.085358
0.084595
0.083870
0.084012
0.083704
0.083261
0.083264
0.083465
0.083197
0.083082
0.083043
0.084171
0.082728
0.083318
0.082820
0.083608
0.083058
0.196682
0.083073
0.082950
0.083271
0.083060
0.082662
0.082605
0.082740
0.082950
0.083273
0.142528
0.082760
0.083092
0.083200
0.083563
0.082646
0.142160
0.083807
0.083468
0.083722
0.141686
0.142689
0.142191
0.082881
0.142595
0.083204
0.083614
0.083591
0.083413
0.083124
0.084442
0.089906
0.084552
0.087414
0.086409
0.084800
0.084254
0.085051
0.084871
0.146010
0.143979
0.142362
0.083018
0.083673
0.083736
0.082785
0.142391
0.142377
0.142241
0.083447
0.083220
0.143586
0.142629
0.083879
0.083974
0.083775
0.084608
0.084258
0.083925
0.083996
0.197402
0.085658
0.085265
0.084644
0.084898
0.085235
0.084579
0.084386
0.083843
0.084716
0.086169
0.092852
0.091803
0.084474
0.089005
0.099640
0.092885
0.084467
0.086677
0.096843
0.148608
0.144858
0.144086
0.143558
0.143639
0.143415
0.084780
0.084286
0.143496
0.143864
0.143128
0.144232
0.084792
0.084608
0.084695
0.084451
0.084391
0.085089
0.084925
0.084412
0.197571
0.085368
0.084174
0.084861
0.084489
0.084279
0.086489
0.085435
0.096068
0.093794
0.085090
0.086368
0.086377
0.087083
0.086429
0.086061
0.087236
0.094702
0.096303
0.089516
0.200200
0.090590
0.095390
0.089116
0.085566
0.086603
0.086565
0.086659
0.086374
0.086342
0.085772
0.086126
0.085985
0.089234
0.086205
0.143072
0.145075
0.144748
0.144812
0.083656
0.142845
0.143262
0.144409
0.085480
0.085834
0.085189
0.085751
0.084933
0.085387
0.084877
0.085662
0.085926
0.085254
0.086000
0.085230
0.084565
0.085430
0.084834
0.084605
0.083976
0.194839
0.084378
0.084632
0.084576
0.085220
0.085751
0.082692
0.084141
0.085860
0.088127
0.082980
0.083325
0.083709
0.083608
0.083362
0.082862
0.082713
0.083172
0.083784
0.082940
0.196545
0.083287
0.082526
0.082511
0.082456
0.082840
0.082753
0.083247
0.142884
0.142601
0.082482
0.141852
0.082512
0.141282
0.142432
0.082851
0.140761
0.082421
0.082412
0.140579
0.141628
0.142059
0.082261
0.141350
0.082476
0.142556
0.142408
0.141077
0.141831
0.142118
0.082646
0.082667
0.141857
0.082724
0.083158
0.140924
0.142007
0.082440
0.082499
0.082803
0.195931
0.082576
0.082062
0.141258
0.141518
0.082444
0.140854
0.141730
0.141791
0.140966
0.140293
0.140425
0.141464
0.142218
0.081712
0.082397
0.082007
0.082174
0.082332
0.082611
0.196032
0.082253
0.082675
0.081967
0.082100
0.082175
0.082674
0.082119
0.081805
0.082514
0.081512
0.081468
0.081722
0.081266
0.141037
0.081192
0.081354
0.140721
0.141069
0.140874
0.141796
0.141056
0.082258
0.082174
0.141555
0.142041
0.142084
0.141509
0.082107
0.141794
0.141581
0.082252
0.142068
0.082448
0.082286
0.081974
0.082385
0.082794
0.082236
0.082629
0.141900
0.082358
0.081722
0.082539
0.082352
0.083006
0.082653
0.082623
0.082810
0.081930
0.082142
0.083002
0.083115
