1.00
0.95
0.85
0.80
0.72
0.66
0.66
0.65
0.64
0.64
0.63
0.62
0.60
0.71
0.73
0.72
0.72
0.73
0.73
0.73
0.70
0.75
0.80
0.73
0.75
0.74
0.66
0.65
0.74
0.75
0.72
0.74
0.72
0.74
0.71
0.74
0.69
0.73
0.67
0.62
0.59
0.71
0.71
0.64
0.65
0.61
0.57
0.52
0.49
0.49
0.45
0.47
0.36
0.38
0.38
0.34
0.33
0.30
0.26
0.27
0.31
0.32
0.34
0.39
0.43
0.41
0.32
0.32
0.38
0.48
0.58
0.61
0.62
0.64
0.64
0.63
0.66
0.65
0.58
0.42
0.43
0.65
0.63
0.63
0.62
0.64
0.60
0.48
0.34
0.15
0.06
0.05
0.03
0.07
0.08
0.06
0.06
0.06
0.01
0.07
0.12
0.30
0.29
0.23
0.27
0.25
0.29
0.24
0.38
0.34
0.52
0.76
0.84
0.74
0.75
0.81
0.74
0.73
0.74
0.64
0.79
0.89
0.85
0.85
0.75
0.84
0.76
0.71
0.70
0.64
0.53
0.50
0.61
0.66
0.56
0.43
0.52
0.50
0.63
0.39
0.51
0.82
0.65
0.63
0.66
0.72
0.62
0.61
0.83
0.91
0.81
0.73
0.61
0.51
0.50
0.42
0.74
0.65
0.57
0.60
0.73
0.91
0.91
0.91
0.94
0.93
0.95
0.94
0.85
0.91
0.83
0.80
0.80
0.79
0.71
0.70
0.77
0.77
0.77
0.73
0.79
1.02
1.06
1.11
1.08
1.10
1.02
1.04
1.05
1.07
1.03
1.00
0.96
1.00
1.00
1.02
1.08
1.09
1.08
1.12
1.16
1.23
1.20
1.22
1.20
1.22
1.19
1.15
1.11
1.05
1.05
0.88
0.86
0.87
0.76
0.98
0.95
1.16
1.03
0.75
0.90
0.92
0.82
0.75
0.85
0.80
0.96
0.83
0.80
0.93
0.82
0.68
0.76
0.82
0.72
0.74
0.81
0.91
0.93
1.00
0.94
1.09
1.14
1.07
1.05
1.09
1.12
1.08
0.97
1.05
1.13
1.12
1.17
1.08
1.07
1.06
1.05
1.06
0.98
0.89
0.81
0.76
0.62
0.63
0.72
0.81
0.67
0.71
0.66
0.59
0.44
0.34
0.23
0.39
0.40
0.48
0.47
0.40
0.48
0.44
0.71
0.89
0.84
0.97
0.98
1.04
0.97
0.98
1.02
1.03
1.01
1.03
1.08
1.02
1.04
1.05
1.17
1.16
1.14
1.05
1.11
1.05
1.07
1.10
1.08
1.08
1.07
1.06
1.05
1.05
1.11
1.02
1.03
0.94
1.09
1.08
1.04
1.09
1.07
1.15
1.16
1.21
1.20
1.20
1.18
1.16
1.12
1.15
1.19
1.05
0.96
1.05
1.10
1.04
1.05
0.94
0.93
1.06
1.05
1.01
1.01
1.09
1.07
1.13
1.17
1.18
1.13
1.10
1.06
1.07
1.07
1.03
1.00
0.99
1.06
1.06
0.99
0.95
0.99
1.03
1.12
1.10
0.99
1.05
1.00
1.00
1.04
1.04
1.00
0.99
1.01
1.05
1.04
0.96
0.96
1.00
0.97
1.02
1.02
0.97
0.91
1.07
1.02
1.03
1.03
1.00
1.02
1.03
0.99
0.98
0.95
0.92
0.88
0.91
0.90
0.91
0.91
0.95
0.90
0.94
0.96
0.97
0.91
0.90
0.88
0.86
0.88
0.88
0.86
0.86
0.88
0.85
0.79
0.78
0.72
0.71
0.73
0.71
0.65
0.69
0.74
0.81
0.75
0.70
0.64
0.64
0.57
0.57
0.60
0.63
0.55
0.57
0.62
0.63
0.65
0.66
0.63
0.67
0.59
0.62
0.55
0.68
0.66
0.69
0.65
0.63
0.70
0.67
0.70
0.57
0.60
0.56
0.64
0.73
0.70
0.64
0.64
0.50
0.48
0.44
0.42
0.57
0.54
0.54
0.49
0.48
0.38
0.34
0.24
0.18
0.27
0.34
0.26
0.17
0.22
0.23
0.18
0.20
0.27
0.19
0.16
0.44
0.35
0.38
0.39
0.40
0.40
0.40
0.41
0.36
0.36
0.43
0.42
0.40
0.40
0.39
0.40
0.42
0.44
0.37
0.32
0.87
0.73
0.79
0.73
0.81
0.81
0.81
0.76
0.86
0.81
0.68
0.79
0.87
0.82
0.80
0.80
0.87
0.81
0.83
0.71
0.88
0.88
0.77
0.71
0.93
0.94
0.88
0.86
0.87
0.79
0.91
