1.00
0.89
0.87
0.87
0.81
0.71
0.74
0.67
0.65
0.65
0.70
0.68
0.68
0.74
0.73
0.73
0.70
0.66
0.66
0.69
0.64
0.69
0.68
0.62
0.65
0.64
0.60
0.54
0.46
0.46
0.42
0.41
0.43
0.39
0.39
0.39
0.38
0.36
0.35
0.38
0.39
0.42
0.45
0.43
0.49
0.54
0.53
0.55
0.49
0.46
0.45
0.38
0.38
0.38
0.36
0.33
0.36
0.39
0.44
0.43
0.37
0.45
0.48
0.48
0.47
0.46
0.50
0.56
0.57
0.56
0.53
0.52
0.48
0.49
0.44
0.44
0.48
0.53
0.54
0.57
0.65
0.69
0.63
0.63
0.59
0.55
0.51
0.50
0.49
0.52
0.51
0.52
0.54
0.48
0.47
0.43
0.46
0.44
0.52
0.55
0.55
0.78
0.77
0.76
0.74
0.72
0.73
0.71
0.69
0.73
0.71
0.71
0.73
0.70
0.66
0.63
0.61
0.57
0.58
0.53
0.54
0.78
0.77
0.79
0.80
0.81
0.74
0.76
0.74
0.72
0.81
0.82
0.83
0.85
0.84
0.88
0.80
0.83
0.83
0.80
0.76
0.79
0.82
0.87
0.88
0.88
0.87
0.88
0.80
0.83
0.88
0.87
0.82
0.82
0.82
0.80
0.80
0.78
0.74
0.72
0.71
0.73
0.71
0.76
0.85
0.88
0.86
0.81
0.79
0.76
0.74
0.71
0.71
0.70
0.74
0.82
0.76
0.76
0.78
0.66
0.69
0.80
0.75
0.78
0.90
0.97
0.97
0.86
0.87
0.87
0.77
0.83
0.88
0.87
0.87
0.88
0.85
0.93
0.91
0.84
0.83
0.81
0.79
0.78
0.81
0.74
0.76
0.80
0.81
0.79
0.75
0.70
0.75
0.86
0.87
0.93
0.91
0.90
0.87
0.82
0.86
0.88
0.81
0.87
0.85
0.84
0.85
0.81
0.85
0.87
0.85
0.86
0.81
0.83
0.82
0.83
0.81
0.84
0.85
0.80
0.82
0.95
0.90
0.91
0.89
1.00
0.96
0.94
0.91
0.96
0.95
0.99
0.96
0.95
0.92
0.94
0.94
0.92
0.89
0.81
0.79
0.80
0.79
0.86
0.86
0.90
0.92
0.96
1.00
0.91
0.91
0.84
0.78
0.76
0.79
0.80
0.81
0.84
0.86
0.84
0.82
0.92
0.87
0.97
1.02
0.93
0.92
0.86
0.85
0.90
0.83
0.76
0.74
0.61
0.62
0.67
0.74
0.78
0.82
0.81
0.76
0.90
0.90
0.98
0.96
0.93
1.01
0.96
0.95
0.88
0.92
0.88
0.87
0.71
0.72
0.68
0.66
0.64
0.63
0.57
0.54
0.52
0.54
0.65
0.67
0.63
0.75
0.77
0.77
0.75
0.68
0.82
0.73
0.67
0.79
0.82
0.81
0.79
0.86
0.81
0.72
0.74
0.71
0.74
0.69
0.75
0.80
0.84
0.78
0.76
0.78
0.74
0.74
0.66
0.66
0.70
0.76
0.80
0.83
0.85
0.79
0.88
0.86
0.68
0.80
0.74
0.75
0.77
0.80
0.83
0.72
0.69
0.73
0.76
0.66
0.69
0.70
0.66
0.82
0.67
0.84
0.95
0.85
0.86
0.93
0.87
0.88
0.90
0.93
0.97
0.75
0.91
0.95
0.97
0.93
0.89
0.93
0.95
0.93
0.96
0.98
0.96
0.93
0.90
0.88
0.89
0.84
0.75
0.83
0.78
0.70
0.74
0.83
0.74
0.53
0.62
0.61
0.52
0.56
0.65
0.67
0.65
0.86
0.64
0.43
0.50
0.57
0.45
0.43
0.32
0.47
0.51
0.33
0.44
0.45
0.37
0.46
0.36
0.45
0.46
0.37
0.47
0.50
0.52
0.53
0.46
0.49
0.39
0.46
0.39
0.34
0.44
0.56
0.53
0.63
0.67
0.60
0.56
0.64
0.58
0.54
0.64
0.68
0.61
0.68
0.70
0.74
0.79
0.75
0.67
0.66
0.67
0.67
0.72
0.81
0.79
0.68
0.65
0.67
0.67
0.59
0.78
0.72
0.73
0.81
0.74
0.70
0.74
0.71
0.73
0.69
0.68
0.71
0.71
0.74
0.81
0.63
0.65
0.73
0.75
0.61
0.72
0.73
0.65
0.75
0.75
0.63
0.69
0.68
0.64
0.61
0.71
0.81
0.69
0.59
0.58
0.64
0.58
0.61
0.62
0.58
0.60
0.64
0.76
0.72
0.71
0.73
0.90
0.78
0.73
0.75
0.77
0.80
0.74
0.70
0.64
0.65
0.70
0.73
0.59
0.77
0.84
0.79
0.79
0.77
0.76
0.72
0.65
0.56
0.41
0.42
0.47
0.47
0.48
0.52
0.61
0.62
0.65
0.54
0.48
0.50
0.37
0.29
0.21
0.21
0.27
0.26
0.21
0.36
0.40
0.33
0.25
0.17
0.10
0.06
0.17
0.19
0.10
0.06
0.11
0.06
0.10
0.09
0.15
0.23
0.28
0.25
0.25
0.29
0.28
0.27
0.27
0.24
0.29
0.24
0.31
0.34
0.28
0.39
0.26
0.35
0.48
0.44
0.44
0.54
0.51
0.44
0.45
0.43
0.45
0.44
0.53
0.50
0.54
0.49
0.47
0.42
0.44
0.49
0.44
0.45
0.61
0.63
0.61
0.66
0.69
0.59
0.56
0.56
0.59
0.62
0.57
0.59
0.60
0.57
0.68
0.60
0.60
0.68
0.59
0.69
0.78
0.74
0.73
0.80
0.79
0.75
0.74
0.70
0.79
0.81
0.73
0.71
0.69
0.76
0.67
0.62
0.68
0.69
0.70
0.73
0.78
0.80
0.73
0.69
0.82
0.63
0.78
0.69
0.68
0.81
0.77
0.79
0.79
0.69
0.75
0.80
0.72
0.68
0.78
0.77
0.99
0.95
0.89
0.92
0.91
0.88
0.90
0.86
0.91
0.92
0.79
0.80
0.89
0.83
0.82
0.80
0.82
0.89
0.82
0.83
0.78
0.73
0.72
0.75
0.66
0.70
0.68
0.78
0.93
0.78
0.74
0.74
0.75
0.86
0.87
0.84
0.86
0.87
0.77
0.82
0.87
0.84
0.80
0.75
0.79
0.89
0.91
0.75
0.77
0.87
0.88
0.83
0.78
0.81
0.76
0.80
0.82
0.70
0.73
0.80
0.81
0.73
0.91
0.80
0.81
0.84
0.75
0.87
0.87
0.91
0.86
0.88
0.77
0.93
0.90
0.89
0.76
0.84
0.81
0.80
0.80
0.76
0.86
0.86
0.80
0.80
0.81
0.76
0.76
0.75
0.72
0.86
0.74
0.62
0.64
0.78
0.85
0.80
0.77
0.90
0.84
0.80
0.86
0.86
0.92
0.87
0.83
0.75
0.75
0.86
0.88
0.79
0.85
0.72
0.80
0.88
0.82
0.76
0.73
0.83
0.79
0.86
0.86
0.85
0.82
0.80
0.86
0.85
0.90
0.88
0.97
0.86
0.85
0.73
0.80
0.85
0.81
0.87
0.75
0.74
0.88
0.74
0.80
0.78
0.76
0.80
0.76
0.84
0.88
0.83
0.82
0.71
0.71
0.77
0.68
0.74
0.76
0.66
0.76
0.79
0.85
0.89
0.78
0.81
0.85
0.80
0.75
0.65
0.70
0.67
0.79
0.83
0.85
0.86
0.83
0.82
0.76
0.78
0.76
0.75
0.81
0.76
0.71
0.83
0.77
0.83
0.82
0.89
0.90
0.84
0.84
0.79
0.82
0.69
0.81
0.91
0.73
0.79
0.76
0.72
0.83
0.86
0.70
0.69
0.69
0.81
0.81
0.75
0.74
0.74
0.67
0.82
0.79
0.80
0.67
0.75
0.90
0.81
0.80
0.80
0.92
0.79
0.83
0.86
0.84
0.85
0.77
0.90
0.80
0.88
0.89
0.86
0.76
0.74
0.78
0.79
0.79
0.78
0.76
0.69
0.84
0.89
0.86
0.87
0.83
0.83
0.85
0.79
0.81
0.77
0.78
0.70
0.88
0.95
0.85
0.85
0.80
0.74
0.81
0.92
0.77
0.81
0.78
0.83
0.82
0.80
0.64
0.84
0.89
0.76
0.88
0.79
0.83
0.80
0.79
0.87
0.79
0.91
0.72
0.65
0.82
0.76
0.78
0.77
0.73
0.77
0.84
0.81
0.77
0.89
0.84
0.76
0.80
0.81
0.85
0.83
0.78
0.81
0.86
0.64
0.72
0.87
0.67
0.79
0.86
0.78
0.77
0.90
0.85
0.76
0.68
0.63
0.64
0.72
0.76
0.72
0.81
0.89
0.87
0.86
0.92
0.83
0.80
0.71
0.80
0.81
0.78
0.85
0.79
0.88
0.80
0.81
0.85
0.71
0.76
0.69
0.69
0.74
0.65
0.71
0.80
0.75
0.77
0.83
0.86
0.76
0.91
0.83
0.70
0.79
0.84
0.83
0.72
0.81
0.76
0.82
0.81
0.86
0.77
0.86
0.81
0.73
0.72
0.87
0.87
0.90
0.80
0.83
0.84
0.80
0.84
0.86
0.82
0.69
0.73
0.77
0.75
0.86
0.81
0.87
0.89
0.88
0.80
0.87
0.83
0.80
0.79
0.65
0.70
0.63
0.68
0.61
0.58
0.63
0.60
0.48
0.72
0.50
0.52
0.72
0.57
0.50
0.57
0.61
0.71
0.75
0.91
0.78
0.78
0.83
0.86
0.81
0.83
0.83
0.76
0.75
0.73
0.79
0.86
0.80
0.75
0.80
0.72
0.76
0.74
0.75
0.87
0.89
0.86
0.74
0.64
0.70
0.71
0.71
0.66
0.75
0.72
0.87
0.88
0.90
0.79
1.01
0.89
0.81
0.78
0.73
0.70
0.72
0.62
0.71
0.72
0.84
0.73
0.75
0.76
0.71
0.75
0.66
0.71
0.60
0.64
0.72
0.70
0.64
0.65
0.61
0.71
0.75
0.71
0.79
0.75
0.76
0.78
0.79
0.82
0.70
0.77
0.76
0.77
0.78
0.73
0.79
0.67
0.64
0.73
0.66
0.74
0.77
0.65
0.70
0.68
0.69
0.86
0.80
0.85
0.83
0.75
0.83
0.74
0.60
0.87
0.82
0.87
0.70
0.77
0.72
0.84
0.71
0.78
0.75
0.82
0.81
0.77
0.81
0.82
0.80
0.83
0.79
0.81
0.76
0.84
0.86
0.91
0.81
0.88
0.82
0.85
0.69
0.77
0.70
0.71
0.76
0.61
0.67
0.81
0.76
0.72
0.83
0.83
0.90
0.75
0.85
0.90
0.94
0.81
0.81
0.83
0.87
0.82
0.77
0.74
0.77
0.78
0.88
0.76
0.85
0.87
0.91
0.86
0.87
0.79
0.80
0.81
0.71
0.75
0.80
0.90
0.80
0.83
0.74
0.72
0.83
0.79
0.90
0.80
0.77
0.83
0.84
0.80
0.82
0.77
0.81
0.79
0.68
0.89
0.81
0.96
0.86
0.86
0.88
0.80
0.83
0.81
0.78
0.87
0.79
0.80
0.85
0.94
0.92
0.77
0.77
0.81
0.79
0.91
0.94
0.93
0.86
0.86
0.94
0.77
0.83
0.73
0.92
0.88
0.90
0.87
0.90
0.87
0.78
0.74
0.81
0.87
0.79
0.72
0.72
0.80
0.74
0.92
0.91
0.84
0.86
0.83
0.84
0.80
0.91
0.86
0.86
0.89
0.80
0.81
0.96
0.80
0.79
0.81
0.90
0.86
0.77
0.85
0.86
0.80
0.81
0.79
0.88
0.71
0.88
0.75
0.83
0.90
0.88
0.89
0.83
0.88
0.93
0.81
0.84
0.90
0.82
0.87
0.77
0.73
0.89
0.90
0.82
0.76
0.80
0.85
0.83
0.88
0.85
0.71
0.85
0.89
0.93
0.82
0.85
0.92
0.82
0.79
0.77
0.80
0.74
0.77
0.80
0.84
0.86
0.74
0.73
0.84
0.80
0.99
0.87
0.85
0.82
0.84
0.81
0.88
0.90
0.85
0.79
0.86
0.90
0.95
0.91
0.87
0.81
0.81
0.91
0.86
0.82
0.78
0.94
0.89
0.83
0.84
0.98
0.90
0.86
0.85
0.75
0.78
0.67
0.77
0.74
0.88
0.80
0.80
0.83
0.82
0.78
0.89
0.91
0.85
0.97
0.95
0.82
0.93
0.90
0.84
0.85
0.84
0.67
0.76
0.82
0.79
