1.515606
0.084760
0.085189
0.084983
0.085320
0.085023
0.085413
0.084669
0.084990
0.085016
0.086020
0.085336
0.085099
0.085036
0.085027
0.084833
0.084268
0.083852
0.084793
0.084771
0.165624
0.084877
0.084564
0.085316
0.084527
0.084999
0.085086
0.085417
0.084729
0.084496
0.084126
0.084637
0.085278
0.142528
0.084608
0.085024
0.085607
0.085438
0.085624
0.085061
0.198960
0.085825
0.085822
0.085282
0.085262
0.085164
0.144145
0.143436
0.084380
0.143389
0.084485
0.084245
0.084188
0.084869
0.083856
0.087993
0.143426
0.143018
0.143751
0.142701
0.197651
0.083537
0.084143
0.084241
0.083417
0.083506
0.083750
0.143016
0.142117
0.150132
0.150684
0.151247
0.084507
0.084586
0.083926
0.084885
0.143184
0.143322
0.084976
0.084181
0.198370
0.085078
0.085442
0.086314
0.085640
0.085135
0.084794
0.085110
0.084575
0.085689
0.085953
0.084660
0.084893
0.085109
0.085365
0.089021
0.090196
0.084485
0.084499
0.085124
0.198262
0.084607
0.084198
0.084517
0.084615
0.084430
0.083855
0.083467
0.083696
0.083672
0.083684
0.083525
0.083889
0.084895
0.084086
0.083413
0.092449
0.091874
0.092681
0.092253
0.205557
0.091469
0.092397
0.091208
0.090548
0.090744
0.091445
0.091100
0.091878
0.090271
0.091321
0.091783
0.090678
0.089761
0.090012
0.089987
0.089919
0.089556
0.089189
0.089664
0.204065
0.089467
0.090606
0.088655
0.088696
0.088544
0.088944
0.089776
0.088103
0.087884
0.088241
0.087584
0.086765
0.087479
0.087502
0.086859
0.086317
0.087667
0.086838
0.086771
0.201460
0.086812
0.086812
0.086529
0.086984
0.086121
0.085826
0.086713
0.085942
0.087242
0.086569
0.086819
0.086238
0.086330
0.085896
0.085141
0.085886
0.085680
0.085539
0.086460
0.199252
0.085658
0.085327
0.085302
0.085909
0.084793
0.085386
0.085038
0.086025
0.085768
0.084974
0.085516
0.143394
0.085172
0.084125
0.085286
0.084918
0.143769
0.084574
0.085050
0.198854
0.084762
0.084992
0.084802
0.092589
0.086406
0.085320
0.085755
0.085152
0.084864
0.084893
0.084692
0.143389
0.143922
0.143292
0.143805
0.144354
0.143756
0.084681
0.085412
0.198202
0.084792
0.084201
0.084383
0.145216
0.083457
0.083653
0.084002
0.142874
0.083384
0.083102
0.083903
0.083078
0.083167
0.083937
0.083250
0.083469
0.083659
0.083622
0.083439
0.197347
0.084241
0.083296
0.083540
0.083674
0.084105
0.084014
0.084923
0.085005
0.085338
0.084157
0.084093
0.084261
0.084267
0.143908
0.084967
0.084852
0.144047
0.142982
0.084860
0.198253
0.084269
0.085511
0.146598
0.086662
0.089410
0.151865
0.148734
0.087867
0.146394
0.147534
0.087080
0.092747
0.087924
0.091825
0.087641
0.087012
0.093809
0.146451
0.087455
0.201429
0.087506
0.092354
0.091646
0.087815
0.086894
0.087462
0.087253
0.091939
0.088009
0.086923
0.145850
0.092630
0.087857
0.086472
0.088050
0.088650
0.087997
0.092293
0.087836
0.201452
0.089160
0.085486
0.085869
0.085815
0.085493
0.086104
0.085741
0.085795
0.086736
0.085865
0.086474
0.086145
0.085360
0.086489
0.086156
0.085461
0.085880
0.085692
0.087043
0.200196
0.087337
0.088048
0.090168
0.084823
0.086457
0.085180
0.085337
0.086138
0.086277
0.086250
0.084985
0.085451
0.086777
0.087317
0.087673
0.148025
0.148673
0.149699
0.089519
0.148517
0.148480
0.149191
0.089760
0.090694
0.089684
0.088981
0.101479
0.167483
0.100322
0.092509
0.087891
0.091280
0.092140
0.147646
0.147364
0.087862
0.145149
0.146500
0.145293
0.144083
0.144056
0.147103
0.154909
0.149154
0.143729
0.085748
0.087626
0.087203
0.084535
0.084994
0.086932
0.085413
0.084332
0.083991
0.086835
0.091878
0.086332
0.085491
0.089559
0.204937
0.092209
0.079877
0.098459
0.100357
0.086461
0.090366
0.087671
0.086767
0.090353
0.094075
0.100254
0.103490
0.103617
0.089153
0.090072
0.095517
0.095562
0.097091
0.094394
0.208764
0.096595
0.094912
0.095493
0.086260
0.089804
0.092229
0.091376
0.086161
0.087425
0.088645
0.089583
0.086483
0.086009
0.089849
0.096714
0.097607
0.083922
0.091605
0.087379
0.201403
0.089708
0.092738
0.095610
0.086694
0.086029
0.090403
0.087471
0.084306
0.094774
0.086650
0.084262
0.091024
0.090904
0.088035
0.084714
0.085032
0.084651
0.086517
0.088178
0.198151
0.084370
0.083770
0.091987
0.089456
0.084146
0.084743
0.084340
0.087487
0.090635
0.087218
0.085063
0.083676
0.086633
0.090542
0.084736
0.084106
0.083735
0.083838
0.084052
0.198170
0.083998
0.084000
0.084762
0.145128
0.150411
0.084582
0.084729
0.084974
0.084899
0.084751
0.085200
0.085232
0.085351
0.085197
0.086138
0.085696
0.085494
0.085057
0.085939
0.198004
0.085469
0.085285
0.085210
0.086754
0.090162
0.083905
0.084325
0.085006
0.084116
0.084359
0.088526
0.084814
0.084429
0.083352
0.084391
0.083874
0.084647
0.085166
0.084695
0.209831
0.083866
0.085177
0.092202
0.083951
0.084992
0.084428
0.083677
0.083853
0.083748
0.084685
0.084862
0.084415
0.084660
0.085171
0.083977
0.084131
0.084665
0.084507
0.083825
0.198347
0.083572
0.084057
0.090103
0.086818
0.083359
0.084108
0.083978
0.083778
0.083263
0.084071
0.086504
0.089834
0.084297
0.083411
0.085338
0.083794
0.083699
0.084185
0.083877
0.198076
0.084008
0.083727
0.083199
0.083682
0.083402
0.084224
0.083587
0.084168
0.083038
0.083155
0.083994
0.083951
0.083307
0.084117
0.083853
0.084344
0.083851
0.083714
0.084073
0.198054
0.084067
0.082775
0.084701
0.086535
0.086818
0.082767
0.082671
0.083484
0.082190
0.082844
0.082414
0.082908
0.083287
0.082585
0.082825
0.083168
0.082470
0.083131
0.082746
0.197324
0.091825
0.086892
0.083488
0.084969
0.084488
0.083247
0.083086
0.083097
0.082562
0.084063
0.089897
0.085559
0.090512
0.083122
0.082629
0.091114
0.092928
0.090943
0.089698
0.210962
0.088667
0.087765
0.084825
0.084028
0.091126
0.092025
0.091588
0.091217
0.085900
0.084082
0.083889
0.084524
0.083882
0.083814
0.083964
0.086723
0.089888
0.083878
0.084390
0.200208
0.083366
0.085247
0.084096
0.084293
0.084013
0.087586
0.084057
0.084231
0.083587
0.083591
0.084402
0.085596
0.084120
0.084611
0.086136
0.083672
0.084422
0.086740
0.084016
0.202117
0.084632
0.083962
0.145546
0.142538
0.082726
0.142953
0.142039
0.143115
0.083745
0.084550
0.143164
0.141635
0.143701
0.140743
0.140945
0.144316
0.141095
0.142910
0.140347
0.142381
0.141342
0.082264
0.142415
0.081725
0.081665
0.142735
0.141426
0.082063
0.140476
0.081777
0.082364
0.140529
0.141778
0.084228
0.082454
0.082472
0.084278
0.081702
0.082607
0.198364
0.082776
0.082069
0.143291
0.082237
0.140522
0.142754
0.081299
0.081720
0.082996
0.082282
0.081499
0.081770
0.081788
0.082511
0.140358
0.141485
0.081791
0.082723
0.144398
0.198318
0.083578
0.143686
0.085416
0.085786
0.086584
0.083125
0.082105
0.082019
0.082422
0.084713
0.082686
0.082698
0.083765
0.082671
0.082458
0.084332
0.083721
0.082373
0.082887
0.197515
0.082321
0.082602
0.084290
0.082407
0.082552
0.085109
0.084436
0.084249
0.083108
0.083635
0.083762
0.086932
0.086116
0.083850
0.085573
0.085109
0.085834
0.083447
0.086174
0.197220
0.085141
0.085573
0.084581
0.084583
0.085700
0.083999
0.084301
0.082311
0.084015
0.082713
0.082201
0.082538
0.082506
0.085380
0.088475
0.087338
0.085891
0.085367
0.085046
0.201614
0.083493
0.088511
0.085680
0.084321
0.084529
0.082574
0.083022
0.082501
0.085483
0.085033
0.084118
0.085235
0.086674
0.088861
0.085703
0.081917
0.082477
0.083075
0.091248
0.196958
0.083674
0.082753
0.083402
0.083556
0.082465
0.082880
0.082441
0.082745
0.082825
0.083152
0.084609
0.082686
0.082541
0.084297
0.082560
0.081608
0.142479
0.082580
0.081826
0.197629
0.081878
0.082021
0.082690
0.081875
0.081858
0.081884
0.142348
0.081659
0.140946
0.142093
0.141162
0.083532
0.082606
0.081853
0.082381
0.082143
0.081767
0.082231
0.083392
0.196251
0.081872
0.082057
0.082685
0.081782
0.082919
0.082383
0.082999
0.082992
0.083807
0.083462
0.082305
0.083906
0.084410
0.083262
0.083301
0.084659
0.083928
0.085964
0.083858
0.201188
0.085115
0.084615
0.087547
0.084922
0.083585
0.142276
0.085757
0.083735
0.083429
0.083895
0.081821
0.081570
0.081716
0.083583
0.082248
0.140671
0.083172
0.082806
0.082371
0.196859
0.081858
0.081987
0.084274
0.081995
0.083230
0.083641
0.082392
0.082306
0.081971
0.083452
0.081599
0.082125
0.083362
0.082821
0.082383
0.083246
0.143089
0.084090
0.083468
0.197401
0.083726
0.085218
0.083219
0.083406
0.084736
0.084138
0.083824
0.083536
0.084784
0.083695
0.083841
0.083449
0.083375
0.083739
0.083906
0.085323
0.082946
0.083775
0.094262
0.209167
0.082560
0.081817
0.081978
0.082563
0.081931
0.088374
0.093135
0.084792
0.088450
0.082788
0.083823
0.083074
0.088582
0.091949
0.088470
0.084620
0.083629
0.090737
0.089660
0.199056
0.083798
0.083965
0.083837
0.085632
0.083815
0.088398
0.094644
0.083442
0.081869
0.082978
0.087774
0.091267
0.158633
0.083606
0.141623
0.083961
0.082554
0.082876
0.083262
0.197298
0.083986
0.083426
0.144349
0.143227
0.146504
0.081657
0.149466
0.142803
0.143500
0.143731
0.146692
0.145856
0.144528
0.145441
0.082242
0.151569
0.157483
0.086432
0.141436
0.195999
0.084231
0.081820
0.081812
0.082751
0.085488
0.084051
0.083107
0.082485
0.140665
0.140864
0.082357
0.082007
0.082584
0.082398
0.081882
0.083241
0.082163
0.082508
0.141340
0.140849
0.082028
0.140827
0.080630
0.140488
0.081061
0.140683
0.140724
0.141128
0.141336
0.141989
0.141732
0.140966
0.141230
0.141979
0.082164
0.082167
0.082170
0.082998
0.083848
0.201089
0.082690
0.081950
0.082040
0.081961
0.081522
0.081499
0.082267
0.081489
0.081608
0.081970
0.081997
0.081976
0.082163
0.082379
0.082882
0.081671
0.082048
0.081201
0.081723
0.195909
0.082037
0.081653
0.081935
0.081916
0.082133
0.140889
0.080933
0.141680
0.141837
0.142132
0.140455
0.081983
0.081591
0.081295
0.080810
0.080935
0.140447
0.141061
0.141203
0.081390
0.140630
0.082159
0.082239
0.081905
0.082628
0.082492
0.082016
0.082261
0.081839
0.082284
0.082372
0.082217
0.082816
0.152673
0.149365
0.095227
0.159478
0.151034
0.147223
0.218745
0.082931
0.082339
0.084958
0.087948
0.083326
0.092762
0.091246
0.085378
0.084314
0.082200
0.082582
0.081975
0.084643
0.095556
0.097091
0.085238
0.090173
0.083200
0.085419
0.196709
0.085989
0.083533
0.083864
0.144129
0.085860
0.092020
0.091915
0.083535
0.082360
0.082276
0.081955
0.083320
0.083889
0.088844
0.083558
0.083735
0.085305
0.083340
0.083488
0.198023
0.083926
0.083229
0.085653
0.083333
0.087677
0.085171
0.083690
0.083947
0.083575
0.083629
0.083443
0.083802
0.084769
0.083771
0.083289
0.085323
0.082527
0.081446
0.082274
0.214439
0.092179
0.083888
0.082380
0.082521
0.083651
0.084973
0.083782
0.083919
0.087864
0.086982
0.084289
0.089597
0.087687
0.082348
0.081930
0.081439
0.081518
0.083950
0.082514
0.197985
0.082962
0.081793
0.083161
0.084645
0.083889
0.143608
0.084260
0.142253
0.081185
0.143040
0.142976
0.142108
0.140785
0.142690
0.142929
0.082617
0.084051
0.083569
0.083575
0.198969
0.081235
0.082569
0.085670
0.083192
0.083281
0.082787
0.083032
0.082620
0.082300
0.084515
0.086808
0.081972
0.082005
0.081625
0.082430
0.082309
0.081927
0.082091
0.083417
0.214145
0.084542
0.083504
0.083939
0.083688
0.082334
0.082421
0.084572
0.081905
0.085500
0.083269
0.087852
0.090637
0.087158
0.084162
0.083285
0.085187
0.090322
0.089059
0.084577
0.196610
0.083580
0.083750
0.083450
0.081640
0.084734
0.083342
0.083423
0.083024
0.084504
0.083495
0.084598
0.084684
0.084329
0.083974
0.086812
0.084759
0.083268
0.086069
0.083374
0.197113
0.085013
0.083218
0.084351
0.090284
0.088257
0.091948
0.083311
0.084765
0.083366
0.082871
0.083711
0.083539
0.084417
0.086342
0.082904
0.082913
0.086440
0.088936
0.084404
0.204474
0.089814
0.089139
0.091418
0.082113
0.081931
0.082518
0.087557
0.082195
0.082563
0.082911
0.085660
0.082795
0.083458
0.082794
0.082354
0.082238
0.086847
0.083636
0.082479
0.198003
0.087473
0.089164
0.083867
0.084412
0.082266
0.084496
0.082016
0.082378
0.083352
0.082973
0.089452
0.093389
0.084277
0.082103
0.082211
0.083769
0.082002
0.082320
0.082544
0.197848
0.085613
0.082301
0.092204
0.094072
0.088276
0.093635
0.086126
0.088956
0.093031
0.089001
0.086857
0.084551
0.082364
0.087280
0.082056
0.082214
0.083591
0.089997
0.090321
0.213492
0.082323
0.082065
0.083705
0.085670
0.093393
0.093759
0.090764
0.093873
0.094098
0.085810
0.082257
0.084093
0.091525
0.091591
0.089135
0.084062
0.087822
0.087467
0.082313
0.199769
0.086107
0.089595
0.084221
0.083306
0.087996
0.083243
0.088884
0.085251
0.084131
0.088287
0.083904
0.084698
0.083536
0.084324
0.085325
0.083033
0.083423
0.084805
0.081667
0.197378
0.082535
0.082245
0.082286
0.083541
0.082863
0.085441
0.082238
0.082108
0.082263
0.083350
0.090432
0.081900
0.081841
0.083367
0.086053
0.096939
0.089062
0.086939
0.089205
