0.419315
0.038254
0.037826
0.040541
0.040607
0.038257
0.038195
0.038047
0.041611
0.038545
0.038412
0.041241
0.042916
0.039129
0.039150
0.038705
0.038603
0.042434
0.038722
0.038573
0.067725
0.042500
0.045335
0.039877
0.039831
0.038857
0.040109
0.038763
0.038724
0.040601
0.038390
0.039859
0.039468
0.038195
0.037880
0.038004
0.038244
0.039122
0.038706
0.039071
0.072061
0.039052
0.039904
0.038534
0.038551
0.038419
0.038547
0.042445
0.040028
0.041607
0.042951
0.039153
0.041923
0.041846
0.041009
0.040169
0.038390
0.038497
0.042458
0.041050
0.073261
0.040410
0.039622
0.040316
0.043435
0.040192
0.042687
0.040454
0.039612
0.039803
0.039561
0.040166
0.039583
0.040337
0.040100
0.040179
0.039895
0.040145
0.039880
0.039975
0.073664
0.040438
0.039540
0.039803
0.040233
0.039718
0.040201
0.039872
0.039757
0.046830
0.043513
0.038684
0.038632
0.038706
0.039968
0.039738
0.039679
0.039804
0.040330
0.039081
0.072326
0.039078
0.039192
0.040154
0.040055
0.040012
0.040832
0.040231
0.039929
0.039983
0.039756
0.039758
0.039702
0.039910
0.039703
0.040020
0.039896
0.039897
0.039821
0.048215
0.073222
0.039760
0.039558
0.039774
0.039723
0.039759
0.039512
0.039733
0.039635
0.039821
0.039695
0.039553
0.039782
0.041789
0.040695
0.040583
0.040329
0.040575
0.040652
0.040667
0.072903
0.040565
0.040345
0.040461
0.040301
0.040443
0.040322
0.040405
0.040416
0.040073
0.040292
0.040176
0.040059
0.040120
0.039839
0.040129
0.040309
0.040131
0.040034
0.041356
0.074207
0.040231
0.042289
0.040437
0.040169
0.041191
0.040027
0.040317
0.040215
0.040224
0.040201
0.040321
0.039823
0.045650
0.040203
0.039889
0.039995
0.039937
0.039660
0.039795
0.073658
0.039951
0.039807
0.039793
0.043029
0.042801
0.043080
0.039838
0.039872
0.039966
0.039919
0.043177
0.044625
0.041729
0.041704
0.041587
0.041336
0.038378
0.038371
0.038502
0.075089
0.040780
0.040778
0.040517
0.040648
0.040562
0.040498
0.040523
0.040636
0.040719
0.040523
0.040401
0.040527
0.040534
0.040420
0.040478
0.040117
0.040276
0.040099
0.040278
0.073718
0.040126
0.040090
0.040377
0.040367
0.040065
0.039964
0.040085
0.047648
0.041299
0.040010
0.039901
0.039966
0.040147
0.040119
0.040026
0.039955
0.040066
0.040030
0.039850
0.074500
0.040054
0.040037
0.039828
0.039834
0.039894
0.040112
0.039920
0.040034
0.039972
0.039958
0.040061
0.039930
0.040936
0.040027
0.040086
0.040133
0.040328
0.040694
0.038360
0.072118
0.038567
0.038820
0.038416
0.038666
0.038420
0.039664
0.039298
0.039118
0.039069
0.039832
0.040024
0.042828
0.042202
0.042438
0.043109
0.043125
0.042717
0.040070
0.040001
0.077072
0.042532
0.042765
0.042704
0.042207
0.044569
0.042521
0.042666
0.042340
0.040078
0.041354
0.039030
0.038878
0.039410
0.039388
0.039222
0.039300
0.039275
0.039241
0.039308
0.073320
0.039767
0.040463
0.040362
0.040539
0.040784
0.038876
0.038849
0.038972
0.038928
0.038979
0.038722
0.038782
0.038941
0.038911
0.038943
0.038807
0.038861
0.038830
0.038809
0.072437
0.038905
0.038749
0.038785
0.039000
0.038681
0.039050
0.038904
0.038869
0.038896
0.038864
0.038992
0.038855
0.038660
0.038649
0.038429
0.038663
0.038952
0.038617
0.041613
0.072021
0.041379
0.041531
0.040865
0.038662
0.038765
0.038592
0.038449
0.038757
0.038954
0.038680
0.038784
0.039168
0.038253
0.038344
0.038168
0.056615
0.040922
0.056466
0.056184
0.056566
0.056511
0.038352
0.038057
0.038128
0.038185
0.038064
0.037838
0.038049
0.037772
0.038091
0.037839
0.037842
0.037900
0.038194
0.038057
0.040565
0.037935
0.056206
0.059045
0.058705
0.037723
0.041576
0.041178
0.038330
0.056833
0.056711
0.057146
0.039270
0.039080
0.039307
0.039128
0.039007
0.039142
0.040252
0.039929
0.040040
0.040919
0.043349
0.040110
0.074078
0.039920
0.039979
0.043268
0.040162
0.043139
0.039781
0.039964
0.040217
0.042899
0.039943
0.042928
0.043053
0.043080
0.042543
0.042711
0.042822
0.043232
0.042994
0.042618
0.076119
0.042973
0.043341
0.042816
0.040381
0.040102
0.042754
0.042849
0.042632
0.042412
0.042470
0.042202
0.042789
0.044118
0.041432
0.041375
0.041385
0.041154
0.041180
0.041387
0.074692
0.041652
0.041987
0.042035
0.042099
0.042159
0.041956
0.042110
0.041796
0.041982
0.041931
0.042294
0.042090
0.041812
0.042072
0.041846
0.041822
0.041950
0.042260
0.041717
0.075694
0.042006
0.042500
0.043949
0.039068
0.039041
0.039123
0.039238
0.039486
0.040035
0.040083
0.040505
0.040086
0.043327
0.040136
0.043391
0.042783
0.043087
0.044009
0.042877
0.076915
0.044079
0.041085
0.040915
0.040926
0.040968
0.041049
0.040741
0.041052
0.041040
0.040809
0.040990
0.040896
0.040954
0.040979
0.041326
0.041679
0.041297
0.041191
0.041541
0.076069
0.040827
0.047436
0.042446
0.041153
0.041481
0.042594
0.042260
0.051330
0.042515
0.041106
0.040763
0.041951
0.041272
0.041404
0.042447
0.044353
0.044792
0.042604
0.042521
0.076793
0.042364
0.042376
0.041991
0.042109
0.042022
0.041957
0.041824
0.043549
0.041596
0.041615
0.042629
0.040045
0.040067
0.044422
0.046664
0.043931
0.045314
0.047479
0.048670
0.074752
0.040756
0.040285
0.040187
0.040415
0.040016
0.040068
0.040105
0.040205
0.042290
0.041658
0.042350
0.041221
0.041819
0.042277
0.045179
0.040151
0.039982
0.040058
0.040257
0.073690
0.040272
0.041993
0.042176
0.040785
0.043804
0.041764
0.040320
0.041172
0.046540
0.045977
0.044987
0.041335
0.042600
0.039689
0.039987
0.046968
0.039743
0.042715
0.039754
0.073274
0.040359
0.040840
0.041551
0.039949
0.039809
0.039963
0.039706
0.039888
0.040698
0.039854
0.042324
0.045070
0.040848
0.040788
0.040858
0.040924
0.040739
0.040705
0.040749
0.079822
0.039200
0.039113
0.039645
0.039207
0.040695
0.039002
0.039696
0.039696
0.040521
0.040866
0.039691
0.039718
0.039649
0.042436
0.039885
0.039505
0.039678
0.039992
0.040222
0.083684
0.047367
0.044199
0.039783
0.039498
0.040996
0.039335
0.041948
0.050127
0.046123
0.047321
0.044721
0.041925
0.044090
0.040627
0.040848
0.042360
0.040920
0.040308
0.040754
0.076759
0.045652
0.044556
0.059856
0.040676
0.040938
0.040493
0.038980
0.038981
0.057369
0.057750
0.039785
0.039921
0.040752
0.040953
0.040698
0.042209
0.038542
0.038592
0.041542
0.072039
0.038928
0.038758
0.039953
0.052904
0.053742
0.045098
0.045575
0.044995
0.039280
0.039078
0.042752
0.041447
0.039577
0.040484
0.043611
0.041811
0.039567
0.039590
0.040345
0.079400
0.039903
0.039846
0.040602
0.044002
0.040770
0.040760
0.040328
0.046082
0.045410
0.039937
0.044955
0.046466
0.039840
0.039951
0.039678
0.039813
0.039547
0.039843
0.039670
0.074761
0.044515
0.039502
0.039728
0.040010
0.041146
0.041229
0.038534
0.039737
0.038937
0.039675
0.038331
0.042054
0.038856
0.039972
0.040020
0.043581
0.041620
0.048771
0.047885
0.075457
0.040792
0.040913
0.041137
0.040906
0.050089
0.040930
0.040960
0.046897
0.043553
0.060876
0.058564
0.040911
0.040561
0.040963
0.040939
0.040731
0.045086
0.040586
0.044387
0.075586
0.040517
0.041807
0.039485
0.039354
0.039186
0.039510
0.039480
0.039593
0.039478
0.039611
0.039515
0.039276
0.039191
0.056805
0.056718
0.056852
0.059244
0.041148
0.040818
0.073989
0.040265
0.040526
0.043519
0.039483
0.039331
0.039383
0.039748
0.039809
0.039531
0.044399
0.040215
0.040133
0.040397
0.044682
0.049232
0.050786
0.040089
0.040084
0.040296
0.075084
0.041402
0.041733
0.041772
0.048485
0.046818
0.040659
0.040351
0.040120
0.040527
0.046131
0.042084
0.048528
0.039957
0.040146
0.039809
0.040015
0.040307
0.040080
0.040009
0.073671
0.040217
0.040175
0.040113
0.041716
0.040430
0.040266
0.039965
0.040086
0.040138
0.040339
0.040177
0.040550
0.040411
0.040833
0.049377
0.042415
0.042506
0.044030
0.041196
0.074117
0.040635
0.040527
0.040745
0.040570
0.040750
0.040636
0.040990
0.040958
0.040731
0.040851
0.042490
0.041208
0.041162
0.041792
0.040856
0.043438
0.043145
0.042100
0.041831
0.076064
0.039979
0.038484
0.038681
0.038743
0.041714
0.041628
0.041816
0.042094
0.038985
0.039106
0.040581
0.039637
0.039090
0.039244
0.039230
0.039065
0.039179
0.039113
0.039112
0.072788
0.039182
0.039156
0.039274
0.039250
0.039820
0.039070
0.038796
0.038929
0.043051
0.039668
0.039558
0.039539
0.039214
0.040859
0.039433
0.044387
0.039186
0.039360
0.040733
0.073274
0.039370
0.039556
0.039534
0.040498
0.039201
0.039085
0.039156
0.039279
0.039540
0.048591
0.048889
0.039750
0.039337
0.039249
0.039301
0.039179
0.039128
0.039186
0.038991
0.073154
0.039256
0.039011
0.039604
0.039547
0.039750
0.039566
0.039824
0.043268
0.045265
0.044215
0.041869
0.038364
0.038419
0.038432
0.039886
0.039417
0.039450
0.039281
0.056782
0.038389
0.056930
0.057055
0.056976
0.041828
0.041058
0.039417
0.039415
0.039418
0.039461
0.039326
0.039937
0.039526
0.039550
0.039786
0.039608
0.040231
0.057297
0.039696
0.057193
0.072977
0.039452
0.039341
0.039569
0.039325
0.041033
0.041551
0.044390
0.041422
0.039335
0.039326
0.040666
0.039474
0.039408
0.039483
0.039362
0.040471
0.039468
0.040632
0.039417
0.072797
0.040126
0.039560
0.039579
0.039439
0.039553
0.039420
0.040593
0.039509
0.039704
0.039768
0.039521
0.040002
0.039766
0.039810
0.039802
0.039620
0.039534
0.041714
0.042194
0.073082
0.039298
0.039207
0.041351
0.038868
0.038831
0.038820
0.038836
0.038986
0.039227
0.038796
0.038745
0.038633
0.038512
0.038505
0.042606
0.044334
0.047327
0.039106
0.046775
0.079848
0.040427
0.042873
0.044340
0.042787
0.040411
0.043251
0.042075
0.051970
0.044019
0.051136
0.044769
0.051718
0.039928
0.043468
0.040201
0.043446
0.039805
0.042049
0.042236
0.083940
0.054739
0.046124
0.051433
0.053089
0.047110
0.047258
0.051633
0.049320
0.042593
0.052743
0.051909
0.053254
0.044541
0.050282
0.044366
0.043151
0.043727
0.042525
0.042672
0.076506
0.048370
0.050780
0.043699
0.042287
0.042788
0.050624
0.043330
0.041591
0.041689
0.040827
0.049258
0.044715
0.064808
0.068096
0.049529
0.061896
0.061711
0.053354
0.053618
0.086443
0.043097
0.043828
0.045159
0.046269
0.041952
0.039088
0.040193
0.038854
0.039003
0.039095
0.039371
0.039270
0.039766
0.043634
0.047268
0.046183
0.043342
0.046249
0.046654
0.080019
0.046668
0.041097
0.045760
0.041343
0.047607
0.046137
0.047998
0.047754
0.042416
0.048254
0.042514
0.040774
0.043514
0.041518
0.040016
0.043458
0.038329
0.046235
0.045437
0.077385
0.040529
0.043370
0.044306
0.040619
0.042381
0.039312
0.042665
0.039026
0.039784
0.041412
0.041761
0.044340
0.047434
0.040972
0.047144
0.039229
0.040475
0.039534
0.040639
0.075044
0.040350
0.038653
0.039453
0.038797
0.042253
0.043895
0.040033
0.041218
0.040441
0.040443
0.043744
0.040468
0.040674
0.040614
0.040429
0.045367
0.042921
0.038674
0.038686
0.073680
0.038628
0.039963
0.038747
0.038853
0.039040
0.038900
0.038775
0.038711
0.040211
0.039077
0.038736
0.038930
0.038804
0.039170
0.039058
0.039004
0.039078
0.039003
0.039421
0.074625
0.039517
0.039644
0.039683
0.038315
0.039736
0.038644
0.038816
0.038933
0.039436
0.040042
0.040643
0.044980
0.038892
0.038851
0.040334
0.039263
0.039494
0.039768
0.040463
0.077350
0.041019
0.042610
0.038629
0.039115
0.038561
0.039122
0.038494
0.039994
0.041870
0.041005
0.038522
0.039347
0.043946
0.041851
0.042197
0.042314
0.042462
0.041726
0.042117
0.074900
0.040022
0.040149
0.040172
0.039896
0.039961
0.041912
0.040165
0.043946
0.042496
0.042688
0.042641
0.042478
0.042552
0.042989
0.040150
0.040249
0.040087
0.040361
0.039781
0.073690
0.042668
0.066065
0.042288
0.040164
0.040567
0.042279
0.041859
0.042062
0.039034
0.040205
0.040050
0.041365
0.044171
0.038502
0.038348
0.039545
0.041576
0.039823
0.039654
0.080030
0.041481
0.039024
0.042488
0.043898
0.037956
0.038318
0.058518
0.056194
0.038543
0.041676
0.040964
0.042005
0.038880
0.039623
0.042270
0.040018
0.044044
0.040191
0.045528
0.078451
0.041972
0.040144
0.040290
0.046078
0.045627
0.047312
0.044066
0.040918
0.040490
0.042455
0.042217
0.045554
0.048066
0.039249
0.040084
0.039525
0.042009
0.039323
0.039407
0.074630
0.048075
0.038751
0.038933
0.040294
0.041119
0.040114
0.040160
0.039756
0.038902
0.038896
0.040015
0.039719
0.040296
0.039685
0.040324
0.040580
0.038954
0.041073
0.041219
0.074551
0.042300
0.040236
0.040878
0.041098
0.039685
0.040505
0.041946
0.039709
0.041383
0.039253
0.041377
0.046009
0.039375
0.039491
0.039185
0.039253
0.041068
0.039799
0.039783
0.073568
0.041830
0.039856
0.038840
0.039806
0.039706
0.039910
0.040001
0.040644
0.039646
0.039852
0.038926
0.038912
0.039726
0.041645
0.039690
0.039736
0.039965
0.039737
0.038670
0.072315
0.039886
0.039826
0.040004
0.038834
0.041438
0.039828
0.039877
0.039664
0.041472
0.039384
0.038608
0.038792
0.038937
0.038941
0.039672
0.040178
0.039814
0.040849
0.041061
