0.398675
0.037708
0.037452
0.038548
0.038503
0.038612
0.038586
0.038491
0.038575
0.038571
0.038311
0.038562
0.038363
0.038328
0.052713
0.052758
0.053113
0.038320
0.038526
0.038274
0.067119
0.038458
0.038308
0.038572
0.038267
0.038430
0.038505
0.038374
0.038426
0.038392
0.038201
0.038215
0.038291
0.038480
0.038360
0.038332
0.038463
0.038478
0.038428
0.038385
0.071973
0.038299
0.038836
0.042538
0.043649
0.037460
0.037272
0.038563
0.037299
0.037316
0.037275
0.038271
0.041719
0.043045
0.042541
0.039046
0.043089
0.041249
0.041255
0.043393
0.077787
0.037193
0.039248
0.039605
0.039459
0.039376
0.039434
0.039382
0.037179
0.037089
0.037363
0.037157
0.037339
0.037378
0.037095
0.037271
0.037253
0.037185
0.037127
0.038277
0.082855
0.036856
0.042677
0.037234
0.037170
0.037390
0.038380
0.042343
0.042481
0.038074
0.038355
0.038929
0.037179
0.037115
0.037159
0.037292
0.037221
0.037148
0.037112
0.037135
0.070633
0.039291
0.039185
0.038732
0.038230
0.038157
0.037798
0.038469
0.038424
0.038504
0.038282
0.038264
0.038136
0.038244
0.038296
0.038278
0.038933
0.039425
0.042712
0.044449
0.078617
0.039384
0.039491
0.047221
0.039818
0.038495
0.038548
0.038594
0.038488
0.038684
0.038252
0.038693
0.038454
0.038630
0.039481
0.038175
0.039474
0.038573
0.041495
0.050220
0.083296
0.039804
0.045710
0.046871
0.047543
0.039653
0.042161
0.043465
0.046293
0.040168
0.047629
0.047091
0.046457
0.042311
0.043719
0.045141
0.046208
0.047150
0.040342
0.047025
0.079343
0.040301
0.045654
0.043057
0.048259
0.045867
0.046447
0.047122
0.044881
0.047754
0.039394
0.039203
0.039551
0.039281
0.038481
0.038316
0.038733
0.038442
0.038455
0.038685
0.071959
0.038415
0.038700
0.038579
0.038430
0.038546
0.038637
0.038557
0.038582
0.038542
0.038697
0.039307
0.038539
0.038641
0.038551
0.038616
0.038656
0.038560
0.038708
0.040495
0.071953
0.038727
0.038539
0.038813
0.038639
0.038847
0.038692
0.038769
0.038740
0.038570
0.038656
0.038656
0.039039
0.038692
0.038647
0.038676
0.038638
0.038767
0.038823
0.038764
0.072042
0.038779
0.038786
0.038773
0.038720
0.038680
0.038847
0.038702
0.038669
0.038836
0.039018
0.038758
0.038781
0.039081
0.039966
0.045997
0.045772
0.046402
0.038980
0.038839
0.071504
0.038347
0.038431
0.038216
0.038259
0.038108
0.038153
0.038127
0.038066
0.038118
0.038230
0.038125
0.038243
0.038346
0.038274
0.038313
0.038453
0.038263
0.038123
0.038186
0.071512
0.038390
0.038321
0.038075
0.039181
0.038411
0.038545
0.039402
0.037990
0.038083
0.038126
0.037954
0.037952
0.037954
0.037871
0.037940
0.037900
0.038222
0.038651
0.038901
0.070273
0.038869
0.038678
0.038775
0.038880
0.036706
0.036866
0.036769
0.036792
0.036754
0.036878
0.038881
0.038716
0.038465
0.038523
0.038606
0.038455
0.038678
0.038636
0.038634
0.072231
0.036756
0.038903
0.039025
0.039006
0.038734
0.038733
0.038552
0.038663
0.038557
0.038396
0.038521
0.038361
0.038347
0.038251
0.049367
0.046840
0.045111
0.046731
0.047910
0.079629
0.047725
0.046517
0.047137
0.038434
0.044682
0.046943
0.044293
0.044043
0.038529
0.043819
0.043707
0.046096
0.043701
0.042793
0.044434
0.044416
0.043814
0.040239
0.042718
0.077069
0.043595
0.040860
0.043783
0.045913
0.043497
0.045776
0.043664
0.046554
0.043944
0.041974
0.044941
0.041758
0.044201
0.042975
0.042308
0.038657
0.040390
0.040947
0.042291
0.074896
0.041583
0.040447
0.042037
0.041776
0.039420
0.040532
0.039686
0.039734
0.040025
0.039860
0.039626
0.042966
0.042614
0.043430
0.043432
0.045541
0.044427
0.043254
0.044721
0.076913
0.039618
0.041243
0.043112
0.039277
0.042768
0.042084
0.043431
0.044379
0.043617
0.043675
0.038946
0.038563
0.038618
0.039036
0.042140
0.043396
0.041386
0.041718
0.042340
0.073776
0.039097
0.040867
0.043294
0.042983
0.040751
0.040709
0.040690
0.040690
0.040536
0.041029
0.037822
0.055647
0.037915
0.039687
0.039476
0.037986
0.063529
0.040849
0.055558
0.074972
0.040946
0.043948
0.042686
0.043014
0.037634
0.037558
0.037574
0.037395
0.037704
0.038306
0.037885
0.037453
0.037350
0.037636
0.041565
0.038125
0.042539
0.043266
0.044890
0.075179
0.043874
0.039118
0.041726
0.043018
0.044334
0.042127
0.042265
0.043644
0.042620
0.042090
0.042931
0.043489
0.042231
0.043256
0.043194
0.042407
0.041785
0.042363
0.042587
0.077179
0.038810
0.042921
0.042501
0.042576
0.042275
0.041793
0.039003
0.041718
0.043705
0.043387
0.042870
0.044374
0.041968
0.057936
0.038431
0.038405
0.038262
0.038972
0.037647
0.070690
0.037333
0.037374
0.043987
0.044099
0.042901
0.044676
0.044625
0.045706
0.045094
0.045034
0.044634
0.044268
0.044235
0.041984
0.041556
0.042720
0.044074
0.044801
0.045197
0.078301
0.039005
0.043182
0.045148
0.042718
0.040610
0.041519
0.043210
0.039586
0.044921
0.044980
0.044189
0.044706
0.046682
0.042804
0.042074
0.044988
0.043504
0.044983
0.043177
0.073397
0.039899
0.043073
0.042766
0.045402
0.046110
0.046826
0.044512
0.043085
0.042824
0.045333
0.040988
0.042776
0.040486
0.045015
0.042385
0.038961
0.038670
0.039390
0.044741
0.076743
0.039352
0.044443
0.044379
0.040533
0.044009
0.039550
0.043877
0.039425
0.043179
0.046337
0.045657
0.044333
0.045216
0.038724
0.038734
0.038875
0.038204
0.037900
0.037919
0.071240
0.044626
0.042625
0.045376
0.042120
0.043529
0.044131
0.040104
0.040957
0.044425
0.042176
0.044563
0.044928
0.041549
0.043170
0.044888
0.039363
0.043873
0.045620
0.043278
0.075556
0.039067
0.044221
0.043818
0.044654
0.043959
0.044021
0.042253
0.043721
0.042044
0.044304
0.042848
0.062063
0.043624
0.043523
0.042994
0.060233
0.042665
0.063192
0.058157
0.082613
0.040755
0.043448
0.044832
0.041653
0.043395
0.041599
0.045320
0.044281
0.042569
0.043377
0.063263
0.057090
0.041418
0.046232
0.052238
0.043527
0.049730
0.047273
0.044957
0.081711
0.050009
0.050199
0.045815
0.046661
0.047541
0.041431
0.049447
0.039673
0.039518
0.039592
0.039625
0.039719
0.050921
0.046444
0.039531
0.047087
0.047047
0.047062
0.046292
0.078295
0.043216
0.038780
0.038534
0.038408
0.038209
0.038260
0.037774
0.037429
0.037285
0.038371
0.037412
0.037375
0.037460
0.037459
0.037321
0.037449
0.037412
0.037336
0.037317
0.070802
