0.392112
0.039808
0.042748
0.040402
0.042145
0.042264
0.038368
0.038677
0.041723
0.041178
0.041278
0.042366
0.040564
0.037881
0.040380
0.037974
0.037911
0.038114
0.038162
0.037597
0.066434
0.038002
0.037884
0.037831
0.037648
0.038069
0.040491
0.040537
0.040553
0.037967
0.041319
0.040832
0.037859
0.038122
0.038049
0.037957
0.038170
0.038180
0.041189
0.043379
0.072182
0.038154
0.041041
0.043381
0.041730
0.040638
0.041785
0.042446
0.040964
0.039098
0.041942
0.041882
0.042554
0.041367
0.043540
0.038723
0.040176
0.043070
0.038628
0.038868
0.076658
0.038801
0.041609
0.042540
0.041064
0.042922
0.042796
0.042309
0.041225
0.040236
0.040503
0.040357
0.043613
0.042257
0.040543
0.042984
0.041366
0.042789
0.042464
0.042470
0.074331
0.038704
0.038585
0.038565
0.038771
0.038551
0.038745
0.038593
0.039786
0.042726
0.042645
0.058896
0.059715
0.040462
0.041388
0.042315
0.041454
0.041945
0.040741
0.042019
0.074350
0.039877
0.038116
0.038279
0.038240
0.038359
0.038284
0.056024
0.055951
0.055804
0.056052
0.037540
0.037453
0.038064
0.038143
0.038111
0.038151
0.038162
0.038319
0.038321
0.071950
0.038122
0.038250
0.038144
0.038062
0.038232
0.038050
0.038208
0.037854
0.037981
0.038004
0.038239
0.039115
0.036604
0.036666
0.036598
0.036688
0.036966
0.036582
0.036608
0.071457
0.039742
0.038854
0.037270
0.036542
0.036581
0.036517
0.036493
0.036687
0.036511
0.036547
0.036633
0.036454
0.036495
0.036310
0.036519
0.036514
0.036518
0.036505
0.036464
0.069912
0.036726
0.036511
0.036423
0.036644
0.036646
0.036537
0.036686
0.036401
0.036540
0.036465
0.036633
0.038131
0.036533
0.036328
0.036438
0.036393
0.036416
0.036421
0.036417
0.070044
0.036454
0.036487
0.036405
0.036450
0.036557
0.036566
0.036371
0.036555
0.036417
0.036490
0.036490
0.036450
0.036501
0.036483
0.037231
0.036459
0.036519
0.036576
0.036475
0.070077
0.036514
0.036525
0.036540
0.036502
0.036442
0.036499
0.036486
0.036441
0.036579
0.036386
0.036399
0.036821
0.037010
0.036779
0.037143
0.037033
0.036854
0.036966
0.038199
0.071840
0.038252
0.038363
0.038207
0.038385
0.038239
0.038144
0.038283
0.038200
0.038182
0.039300
0.036568
0.036520
0.037077
0.037183
0.037251
0.038446
0.038387
0.038234
0.038173
0.072058
0.038246
0.038279
0.038445
0.038741
0.038223
0.038424
0.038400
0.038100
0.038268
0.038225
0.038245
0.038157
0.038453
0.038265
0.038375
0.038258
0.038105
0.037765
0.038253
0.071839
0.038250
0.038210
0.037930
0.038223
0.038212
0.038244
0.037922
0.038385
0.038426
0.038441
0.038152
0.038079
0.038185
0.038435
0.038367
0.038263
0.038229
0.038138
0.037959
0.071969
0.038292
0.038183
0.038357
0.038307
0.036680
0.038230
0.038518
0.036631
0.036711
0.036794
0.036558
0.036610
0.036709
0.036692
0.036807
0.036779
0.036797
0.036792
0.036934
0.070285
0.036932
0.036890
0.037000
0.036827
0.037026
0.036885
0.037007
0.036895
0.037029
0.036851
0.036918
0.036861
0.036926
0.036902
0.036838
0.036893
0.036912
0.037347
0.037394
0.070911
0.037594
0.037461
0.037223
0.037498
0.037403
0.037421
0.037888
0.038625
0.038390
0.038468
0.038452
0.038556
0.038259
0.038671
0.038407
0.038380
0.038484
0.038502
0.038491
0.072199
0.038533
0.038687
0.038507
0.038606
0.038722
0.038866
0.038805
0.038770
0.038643
0.038927
0.038647
0.038624
0.038652
0.038801
0.039005
0.038669
0.038818
0.038861
0.038890
0.072924
0.039108
0.038957
0.038813
0.038801
0.039016
0.039207
0.039104
0.039014
0.039149
0.039180
0.039338
0.039319
0.039269
0.039109
0.038977
0.038975
0.039384
0.038711
0.039299
0.072963
0.039188
0.039282
0.040377
0.039337
0.039441
0.039675
0.039405
0.039768
0.039875
0.039992
0.039855
0.039954
0.039906
0.040088
0.040079
0.040071
0.040111
0.040490
0.040387
0.073810
0.040317
0.040416
0.040184
0.040142
0.040443
0.040386
0.038531
0.038312
0.038559
0.038347
0.038586
0.038288
0.038591
0.038273
0.038512
0.038605
0.040050
0.036810
0.036884
0.070387
0.036875
0.036945
0.036791
0.036824
0.037234
0.037388
0.038727
0.041595
0.043982
0.044472
0.042398
0.037115
0.036972
0.037019
0.036888
0.036799
0.036833
0.036814
0.036854
0.070258
0.036965
0.037062
0.039511
0.037593
0.037545
0.037621
0.037822
0.037575
0.037657
0.037588
0.037541
0.037511
0.037455
0.037344
0.037577
0.037719
0.037609
0.037467
0.037732
0.071041
0.037465
0.037521
0.037591
0.037762
0.037110
0.037710
0.037769
0.037924
0.037285
0.060931
0.042253
0.037103
0.037169
0.037256
0.037218
0.036983
0.036922
0.036946
0.037090
0.070725
0.036434
0.036497
0.036475
0.036500
0.037424
0.036498
0.036611
0.037094
0.037370
0.037337
0.037225
0.037192
0.037493
0.036467
0.037256
0.037450
0.036602
0.037246
0.036477
0.070025
0.036806
0.036639
0.036601
0.036548
0.037384
0.037238
0.037389
0.037459
0.037311
0.037235
0.036425
0.036531
0.037303
0.037144
0.037400
0.036395
0.037359
0.037118
0.037243
0.070710
0.037243
0.036429
0.036548
0.036507
0.037285
0.037250
0.037170
0.037450
0.036958
0.036806
0.036652
