1.584424
0.090125
0.085489
0.085932
0.085548
0.085575
0.085510
0.085754
0.087048
0.091099
0.094110
0.085427
0.086184
0.087751
0.086068
0.085308
0.086035
0.086724
0.086138
0.085501
0.167113
0.084979
0.085552
0.085939
0.085357
0.084918
0.085528
0.085344
0.085146
0.085790
0.085050
0.085114
0.085038
0.084461
0.084875
0.084929
0.084151
0.084970
0.085238
0.084487
0.199399
0.083766
0.090106
0.091813
0.090310
0.087668
0.092259
0.091845
0.086467
0.082581
0.082385
0.083044
0.082143
0.082505
0.083008
0.083267
0.083614
0.082470
0.082896
0.082673
0.196980
0.082440
0.082988
0.082789
0.082507
0.082223
0.082738
0.082596
0.083419
0.082291
0.082960
0.082461
0.082287
0.082534
0.082243
0.082610
0.082711
0.081850
0.082388
0.082511
0.195722
0.081867
0.082450
0.085373
0.088533
0.085699
0.086052
0.087892
0.086272
0.085457
0.088300
0.087920
0.087674
0.085566
0.148150
0.145110
0.141811
0.142076
0.142051
0.145039
0.197638
0.083154
0.148022
0.142605
0.083066
0.085766
0.089788
0.089601
0.087181
0.089886
0.090341
0.088020
0.087769
0.089110
0.148264
0.142093
0.083598
0.087739
0.086443
0.088857
0.196182
0.081310
0.081849
0.080641
0.141192
0.081481
0.140085
0.081145
0.139225
0.140328
0.080466
0.139571
0.080410
0.139820
0.140912
0.081297
0.140815
0.081375
0.140835
0.139917
0.079852
0.080579
0.080590
0.079816
0.080168
0.081059
0.140827
0.140311
0.080677
0.140157
0.080834
0.081078
0.081045
0.080835
0.081147
0.081594
0.081691
0.081466
0.080890
0.080448
0.193779
0.080898
0.080585
0.081469
0.080983
0.081191
0.081159
0.080997
0.081129
0.083557
0.080671
0.080784
0.080997
0.080520
0.081599
0.081710
0.081508
0.080977
0.080548
0.081139
0.194701
0.079991
0.140746
0.082067
0.082693
0.083422
0.083406
0.143586
0.080642
0.085534
0.085213
0.144790
0.141164
0.140806
0.141056
0.081749
0.146345
0.141103
0.145492
0.082862
0.198904
0.082280
0.143350
0.141448
0.082035
0.087763
0.086179
0.143960
0.141752
0.082024
0.082895
0.145498
0.082397
0.148384
0.143080
0.082010
0.083407
0.083655
0.081574
0.086269
0.196127
0.081336
0.086483
0.083063
0.085636
0.081384
0.086341
0.083993
0.083922
0.085083
0.085584
0.083743
0.086329
0.083726
0.085421
0.080940
0.080681
0.081944
0.087119
0.081764
0.197423
0.082143
0.086365
0.086559
0.083587
0.084260
0.082213
0.082692
0.084428
0.083738
0.083546
0.087106
0.084258
0.085316
0.083648
0.085456
0.083656
0.083378
0.086667
0.083649
0.198880
0.081496
0.084339
0.084023
0.083710
0.083652
0.081676
0.081862
0.081866
0.086123
0.082474
0.081849
0.082047
0.087847
0.081998
0.082869
0.086735
0.082188
0.086110
0.083677
0.196351
0.080402
0.080507
0.081213
0.081930
0.083440
0.083671
0.083785
0.081934
0.085711
0.081104
0.080830
0.081189
0.080405
0.081468
0.080629
0.080631
0.080870
0.081340
0.081225
0.194267
0.081357
0.081027
0.080950
0.080606
0.080569
0.080546
0.080470
0.081117
0.080682
0.081327
0.082051
0.082321
0.079761
0.079719
0.139545
0.139229
0.139540
0.079989
0.080457
0.194910
0.080014
0.080999
0.080175
0.080110
0.080367
0.139206
0.080476
0.139382
0.139644
0.139313
0.139284
0.139713
0.080209
0.080534
0.139022
0.080018
0.079788
0.080167
0.139145
0.194270
0.080903
0.080573
0.080333
0.080539
0.080142
0.080158
0.079941
0.080652
0.080586
0.080628
0.080809
0.079972
0.080201
0.079994
0.080238
0.080634
0.079718
0.080234
0.080247
0.193154
0.080191
0.080065
0.079826
0.080446
0.080740
0.080519
0.079721
0.079876
0.079758
0.080051
0.141330
0.080017
0.080596
0.080866
0.138486
0.080209
0.079674
0.079915
0.138530
0.139026
0.139545
0.080753
0.080355
0.139095
0.079363
0.139190
0.139159
0.138563
0.138198
0.079519
0.139771
0.080481
0.080104
0.082237
0.082140
0.080087
0.079797
0.080449
0.080147
0.194431
0.080304
0.080243
0.080467
0.080709
0.082782
0.080350
0.080860
0.080586
0.081043
0.080807
0.139822
0.080618
0.081005
0.080594
0.080822
0.080854
0.081862
0.081376
0.082267
0.199958
0.081698
0.083449
0.085738
0.085221
0.085852
0.085778
0.085955
0.083623
0.088933
0.084101
0.084209
0.086601
0.084527
0.082935
0.085838
0.084795
0.085451
0.084771
0.084208
0.199685
0.082119
0.085621
0.087163
0.084247
0.082291
0.082223
0.082476
0.087094
0.086809
0.084135
0.082288
0.082233
0.082590
0.083019
0.082286
0.083100
0.082714
0.083417
0.083291
0.142688
0.082581
0.082262
0.142157
0.141409
0.082324
0.141918
0.082637
0.082764
0.082110
0.084682
0.082658
0.082774
0.083590
0.083593
0.082926
0.081009
0.080821
0.081173
0.080722
0.199437
0.088349
0.084081
0.081688
0.081789
0.081995
0.081555
0.080571
0.080302
0.080467
0.081183
0.080523
0.080145
0.080133
0.080400
0.080481
0.080890
0.080340
0.080141
0.080077
0.194419
0.080016
0.080334
0.080122
0.080073
0.079995
0.080227
0.080403
0.080594
0.080959
0.080660
0.079897
0.080343
0.081261
0.080009
0.080375
0.079902
0.080393
0.080013
0.080875
0.194503
0.080492
0.080033
0.080007
0.080083
0.080495
0.079928
0.080320
0.080103
0.080575
0.080115
0.080232
0.081195
0.080066
0.080537
0.079979
0.080109
0.080098
0.080259
0.079653
0.193499
0.080079
0.080061
0.080082
0.080380
0.080051
0.079725
0.080178
0.079959
0.081091
0.081327
0.080822
0.080477
0.080158
0.080647
0.081325
0.080996
0.080559
0.081140
0.080142
0.196758
0.080618
0.080290
0.080227
0.081924
0.080767
0.139751
0.139880
0.140749
0.081221
0.080463
0.081685
0.080387
0.080415
0.081847
0.080107
0.079750
0.080415
0.080865
0.081097
0.194609
0.080790
0.080479
0.082661
0.080567
0.080078
0.080064
0.080883
0.080013
0.079794
0.079562
0.080662
0.079674
0.079564
0.079716
0.079854
0.079965
0.080640
0.080160
0.080082
0.193556
0.080316
0.079793
0.080301
0.079706
0.079897
0.080233
0.080358
0.080721
0.139920
0.078809
0.139379
0.139700
0.142718
0.139610
0.079246
0.080485
0.140604
0.141204
0.081571
0.194064
0.081834
0.080798
0.081173
0.080917
0.080276
0.081010
0.080640
0.080756
0.080521
0.080505
0.081194
0.080257
0.080497
0.080717
0.081270
0.080584
0.080592
0.080967
0.080631
0.195295
0.080120
0.080856
0.080419
0.080673
0.080249
0.080831
0.081006
0.080603
0.081246
0.080621
0.080985
0.080690
0.080592
0.080907
0.080746
0.080758
0.080482
0.080289
0.080732
0.193739
0.080046
0.081156
0.081364
0.080414
0.080958
0.080415
0.080610
0.080624
0.080251
0.080718
0.080708
0.080601
0.080554
0.080773
0.080950
0.080993
0.080446
0.080071
0.080260
0.193761
0.080330
0.080036
0.081681
0.080467
0.080544
0.080238
0.080603
0.080539
0.081400
0.080644
0.080648
0.081302
0.080555
0.080782
0.081227
0.081383
0.082903
0.081047
0.080615
0.195261
0.080752
0.080407
0.081033
0.080385
0.139357
0.139385
0.080093
0.139417
0.080774
0.139797
0.079743
0.079745
0.080046
0.079760
0.079097
0.081808
0.079740
0.079485
0.080512
0.079403
0.138462
0.140210
0.140033
0.139202
0.140756
0.139629
0.081464
0.080464
0.080564
0.080883
0.140396
0.080794
0.139581
0.080603
0.080812
0.080794
0.080710
0.081601
0.080601
0.194649
0.080220
0.080288
0.080593
0.082505
0.082805
0.140284
0.081547
0.080308
0.081424
0.080940
0.080919
0.080948
0.080847
0.080227
0.080877
0.080745
0.080616
0.081032
0.080766
0.194611
0.080960
0.081634
0.080826
0.081223
0.085637
0.087411
0.089440
0.080871
0.080541
0.080288
0.080464
0.080950
0.080493
0.080267
0.080433
0.080297
0.080136
0.080709
0.080248
0.194119
0.080291
0.081027
0.080997
0.080665
0.080544
0.080937
0.081447
0.080807
0.081730
0.080868
0.081527
0.080832
0.082031
0.081014
0.081407
0.080940
0.081069
0.081528
0.080892
0.193984
0.080392
0.080781
0.080703
0.081558
0.080594
0.080846
0.081931
0.081172
0.081428
0.081289
0.080957
0.081215
0.081692
0.081593
0.081218
0.081037
0.081312
0.080635
0.080983
0.195336
0.081797
0.081428
0.080963
0.080738
0.080808
0.080893
0.081210
0.080779
0.080928
0.081047
0.081782
0.081393
0.080719
0.080907
0.082184
0.080919
0.081215
0.081038
0.080983
0.194734
0.081431
0.081106
0.080972
0.081044
0.081338
0.081038
0.081245
0.081991
0.080971
0.081101
0.080837
0.080995
0.080883
0.082139
0.081228
0.081752
0.081910
0.080858
0.081780
0.195414
0.081092
0.081452
0.081683
0.081508
0.080940
0.080520
0.080677
0.081805
0.081270
0.081125
0.082313
0.081738
0.081440
0.081112
0.081093
0.081364
0.081727
0.081434
0.081203
0.195174
0.081090
0.081354
0.081152
0.081377
0.081564
0.081489
0.081538
0.082497
0.081389
0.081769
0.081853
0.081790
0.081992
0.082391
0.083251
0.082126
0.081858
0.081326
0.082430
0.195358
0.081808
0.081816
0.081683
0.080965
0.081496
0.081186
0.081274
0.081450
0.081372
0.081523
0.081653
0.081517
0.081404
0.081136
0.081091
0.080767
0.080943
0.081514
0.081350
0.195063
0.081316
0.081704
0.081430
0.081093
0.081236
0.082479
0.081110
0.081290
0.081094
0.081382
0.081335
0.082215
0.081278
0.081885
0.081875
0.082026
0.081947
0.082294
0.081225
0.196366
0.082112
0.081556
0.081600
0.081680
0.082068
0.081965
0.082586
0.081246
0.081903
0.082216
0.081572
0.081642
0.083378
0.081964
0.081590
0.081346
0.082692
0.082161
0.082549
0.195612
0.082565
0.082243
0.082495
0.082402
0.082755
0.082275
0.082339
0.082416
0.082479
0.082508
0.082979
0.082536
0.082929
0.082351
0.082910
0.082461
0.082666
0.082523
0.082965
0.196940
0.082510
0.082829
0.082806
0.082138
0.083537
0.083086
0.082904
0.083929
0.082839
0.082926
0.084826
0.083991
0.083482
0.083386
0.083451
0.084686
0.083745
0.085229
0.086039
0.197762
0.083994
0.084545
0.084369
0.083422
0.082824
0.083936
0.083195
0.083221
0.083304
0.083900
0.082373
0.083075
0.081927
0.082056
0.082075
0.082300
0.082885
0.142878
0.084863
0.197465
0.084175
0.084280
0.083905
0.083349
0.084403
0.083982
0.142954
0.142290
0.143542
0.142940
0.083919
0.084282
0.083722
0.083040
0.083283
0.142005
0.083688
0.083889
0.083310
0.142716
0.142120
0.081691
0.083450
0.083902
0.084230
0.084498
0.086938
0.089111
0.085406
0.086548
0.088055
0.084568
0.087004
0.082302
0.082764
0.141037
0.140462
0.081835
0.141972
0.194875
0.082599
0.082512
0.141357
0.081578
0.081182
0.081990
0.081606
0.140666
0.081008
0.081077
0.139948
0.080486
0.139638
0.139369
0.140668
0.140064
0.140329
0.140298
0.080688
0.139637
0.139550
0.080410
0.139868
0.080518
0.080436
0.080562
0.080224
0.081876
0.081252
0.080720
0.139609
0.080606
0.081584
0.082540
0.080102
0.080405
0.080073
0.080165
0.080612
0.196185
0.080113
0.080055
0.080284
0.080334
0.080988
0.080123
0.080294
0.080768
0.080245
0.080754
0.080433
0.080906
0.081040
0.081240
0.080864
0.080255
0.080318
0.080287
0.081220
0.194635
0.079976
0.080233
0.080734
0.080354
0.081509
0.080642
0.080218
0.080730
0.080536
0.080680
0.079990
0.080427
0.081236
0.079877
0.080403
0.080187
0.080258
0.080314
0.080694
0.194584
0.080332
0.080752
0.081703
0.080616
0.080394
0.080642
0.082087
0.080316
0.080528
0.081197
0.080755
0.081254
0.080595
0.081146
0.080696
0.080592
0.080499
0.081767
0.081057
0.194746
0.080829
0.081155
0.080643
0.080863
0.081551
0.080766
0.081301
0.080642
0.081026
0.081775
0.081343
0.080764
0.081079
0.080652
0.081216
0.080899
0.081382
0.080941
0.080645
0.199385
0.080832
0.081264
0.080938
0.081033
0.081090
0.080813
0.080627
0.080541
0.081585
0.080655
0.081264
0.080559
