1.593882
0.088685
0.089793
0.089208
0.087991
0.087699
0.089454
0.088288
0.088123
0.087311
0.087471
0.087665
0.087563
0.122221
0.087770
0.087724
0.087184
0.087499
0.087568
0.087946
0.169760
0.087755
0.088604
0.088372
0.088734
0.088884
0.088637
0.088898
0.089282
0.088856
0.089257
0.143357
0.145318
0.087701
0.088497
0.148173
0.088068
0.095410
0.092369
0.090648
0.196167
0.083048
0.083176
0.090345
0.089462
0.088722
0.088049
0.087337
0.086214
0.087359
0.085583
0.144230
0.084795
0.084869
0.144536
0.143641
0.143794
0.084799
0.084658
0.083934
0.198198
0.085403
0.084445
0.084807
0.084873
0.087276
0.085219
0.084542
0.085462
0.084914
0.085272
0.085215
0.085023
0.083814
0.085077
0.085564
0.146077
0.085722
0.086039
0.085687
0.199898
0.086375
0.089720
0.147283
0.148116
0.086866
0.147188
0.147707
0.087703
0.146786
0.087367
0.087931
0.087248
0.087940
0.147597
0.088077
0.086814
0.088442
0.088517
0.088103
0.201981
0.087916
0.088306
0.087804
0.089481
0.087492
0.088504
0.089840
0.088811
0.088635
0.089755
0.090601
0.088698
0.089262
0.089235
0.088800
0.090223
0.090278
0.091055
0.089960
0.204466
0.089770
0.090184
0.090241
0.082135
0.091543
0.141747
0.090292
0.089247
0.089292
0.090480
0.088698
0.092049
0.089625
0.089177
0.089138
0.089633
0.088715
0.088742
0.088529
0.202922
0.088725
0.089105
0.089295
0.088146
0.086351
0.085990
0.086088
0.085960
0.087624
0.087837
0.087566
0.087661
0.087777
0.087595
0.087455
0.087948
0.087368
0.086937
0.086059
0.200826
0.088158
0.087839
0.088229
0.090726
0.090342
0.087615
0.087909
0.087843
0.088825
0.086435
0.087350
0.085642
0.085665
0.146255
0.087968
0.088959
0.088765
0.089985
0.088930
0.146233
0.147027
0.145605
0.146801
0.147221
0.145839
0.147335
0.087972
0.087411
0.087654
0.087670
0.087570
0.088801
0.147703
0.087902
0.088256
0.088538
0.088178
0.089469
0.091271
0.202425
0.089730
0.089212
0.090028
0.090206
0.090507
0.090478
0.089675
0.085118
0.084493
0.150733
0.082904
0.141390
0.142365
0.142292
0.082487
0.083504
0.082729
0.083147
0.083311
0.197014
0.082396
0.083033
0.082889
0.082934
0.082893
0.090510
0.090199
0.083350
0.091197
0.142407
0.142426
0.086130
0.083441
0.083240
0.083552
0.084037
0.083210
0.083071
0.082315
0.197738
0.097942
0.086572
0.088035
0.087804
0.088101
0.087966
0.088658
0.088814
0.088328
0.088575
0.087841
0.088406
0.089615
0.089812
0.088094
0.087595
0.088185
0.088282
0.088164
0.202113
0.087905
0.088315
0.088703
0.088604
0.088495
0.091759
0.088124
0.088697
0.089225
0.088653
0.089591
0.089966
0.088625
0.089779
0.088037
0.091773
0.088301
0.088466
0.087876
0.201055
0.087752
0.147223
0.146650
0.087800
0.088439
0.087599
0.089160
0.088477
0.088126
0.088875
0.087511
0.088298
0.088314
0.087828
0.087856
0.088449
0.089071
0.088132
0.087894
0.202609
0.087802
0.088999
0.088299
0.087867
0.088753
0.087872
0.088597
0.088177
0.087203
0.088347
0.087902
0.087898
0.087624
0.087890
0.087958
0.089741
0.088478
0.088931
0.087893
0.202423
0.089362
0.089301
0.089334
0.088794
0.088379
0.088292
0.090713
0.099669
0.088759
0.089164
0.088785
0.088863
0.089868
0.090919
0.082142
0.091869
0.087216
0.089279
0.090814
0.203523
0.088234
0.087652
0.088031
0.087869
0.087802
0.087647
0.088111
0.088055
0.088401
0.088104
0.087945
0.088451
0.087723
0.087223
0.088046
0.088434
0.088315
0.087813
0.087663
0.203391
0.088484
0.087805
0.088332
0.087805
0.087606
0.087657
0.088327
0.087592
0.088090
0.088171
0.088292
0.088329
0.087731
0.088501
0.087999
0.088523
0.088173
0.088689
0.089296
0.204530
0.088484
0.087970
0.088546
0.087930
0.087726
0.088308
0.088270
0.087972
0.088156
0.087836
0.088260
0.088034
0.088471
0.087384
0.088496
0.088037
0.087563
0.087676
0.087705
0.201500
0.087392
0.088035
0.088183
0.088073
0.091422
0.088403
0.087727
0.089038
0.089659
0.089544
0.088972
0.095864
0.089097
0.089054
0.089912
0.088703
0.089240
0.089996
0.089607
0.202310
0.088838
0.088461
0.088495
0.089275
0.089628
0.088879
0.089266
0.090402
0.091172
0.090388
0.092223
0.084591
0.084778
0.084793
0.084853
0.084614
0.083884
0.090630
0.089696
0.203433
0.089273
0.088326
0.088808
0.089604
0.088874
0.089714
0.088730
0.088933
0.088195
0.089015
0.089137
0.087898
0.087646
0.087753
0.087785
0.088171
0.088642
0.087562
0.087516
0.201974
0.088079
0.088035
0.088276
0.087963
0.089261
0.088492
0.088026
0.087819
0.087893
0.087956
0.086944
0.087270
0.089199
0.087681
0.089903
0.088651
0.089055
0.088001
0.088750
0.201967
0.088149
0.087438
0.087750
0.087511
0.087119
0.087647
0.088222
0.088169
0.087275
0.086710
0.086756
0.088106
0.087182
0.086830
0.086128
0.086717
0.086629
0.086293
0.088297
0.201257
0.086751
0.087352
0.087168
0.086801
0.086965
0.086567
0.086287
0.086480
0.087720
0.088450
0.087595
0.086690
0.086614
0.084801
0.086294
0.088820
0.088629
0.090085
0.091482
0.197803
0.083503
0.083522
0.083185
0.083509
0.083637
0.083774
0.084241
0.083378
0.083346
0.083695
0.083115
0.083748
0.083997
0.089370
0.085080
0.083900
0.082858
0.085545
0.083647
0.198821
0.090070
0.088581
0.084055
0.083953
0.084300
0.085759
0.083707
0.083458
0.082678
0.083356
0.082129
0.090698
0.091479
0.090622
0.099740
0.097327
0.091771
0.090440
0.089542
0.204780
0.089728
0.089774
0.088928
0.089030
0.087820
0.087694
0.091208
0.089758
0.090209
0.088994
0.089815
0.089393
0.089184
0.088387
0.088993
0.088377
0.087810
0.087598
0.088440
0.205469
0.088684
0.087516
0.087922
0.088633
0.088811
0.093608
0.097050
0.089015
0.092235
0.094448
0.087060
0.086378
0.085501
0.085345
0.086648
0.086218
0.085449
0.085490
0.085903
0.206864
0.091602
0.085612
0.085789
0.085205
0.085078
0.084610
0.084440
0.085188
0.084146
0.085741
0.084707
0.084686
0.084594
0.083876
0.084406
0.084481
0.084563
0.085148
0.085658
0.199032
0.083019
0.082738
0.083035
0.085067
0.085238
0.085381
0.086196
0.084941
0.085784
0.085760
0.084208
0.084111
0.083944
0.084734
0.087731
0.093637
0.091318
0.086084
0.084560
0.201625
0.086141
0.083968
0.084948
0.084424
0.083345
0.083972
0.084430
0.083880
0.082807
0.083936
0.085075
0.083777
0.084164
0.084241
0.083707
0.084764
0.083212
0.082743
0.086953
0.204842
0.083271
0.082933
0.083048
0.082665
0.082590
0.082151
0.083665
0.084363
0.084427
0.082628
0.082762
0.141915
0.082312
0.141495
0.141740
0.141127
0.141151
0.142479
0.081645
0.195951
0.141850
0.085212
0.084579
0.087053
0.086492
0.091688
0.090712
0.087918
0.146675
0.085330
0.083999
0.086741
0.083936
0.085195
0.085442
0.085816
0.084273
0.084983
0.088146
0.199026
0.083356
0.085700
0.083390
0.083222
0.086793
0.084488
0.083899
0.083734
0.084996
0.087553
0.091711
0.088998
0.082672
0.142401
0.142601
0.141843
0.142343
0.084745
0.084373
0.145272
0.145087
0.143970
0.083477
0.082937
0.082231
0.082849
0.083109
0.082689
0.082502
0.082635
0.083889
0.081967
0.081549
0.081717
0.083898
0.141912
0.088408
0.149827
0.141999
0.089539
0.083230
0.152106
0.094929
0.093854
0.152743
0.160201
0.150161
0.145817
0.143847
0.143382
0.143511
0.084178
0.084046
0.084426
0.084862
0.083928
0.084010
0.084612
0.084737
0.197878
0.085299
0.084407
0.084205
0.084547
0.084506
0.084492
0.084738
0.085227
0.084671
0.084853
0.085467
0.085352
0.085626
0.085753
0.086300
0.086003
0.086446
0.085535
0.085733
0.198126
0.084637
0.085063
0.085113
0.087118
0.086780
0.086621
0.086051
0.087183
0.087160
0.088918
0.087634
0.088235
0.088218
0.087127
0.088230
0.088673
0.089485
0.089896
0.089533
0.204037
0.089961
0.090629
0.090017
0.090490
0.090529
0.090005
0.090755
0.090974
0.089698
0.089683
0.090691
0.091395
0.090738
0.089993
0.090724
0.083223
0.091145
0.091517
0.092414
0.204515
0.092632
0.084207
0.084224
0.083760
0.084555
0.092560
0.091732
0.090803
0.091380
0.091295
0.092121
0.092158
0.091107
0.088078
0.084215
0.083560
0.083160
0.083601
0.083467
0.197900
0.084964
0.092266
0.084093
0.083590
0.084496
0.084442
0.084709
0.085808
0.085369
0.084790
0.084919
0.087715
0.085556
0.086378
0.084913
0.085198
0.084168
0.083962
0.084821
0.196906
0.083166
0.082985
0.083222
0.083436
0.085238
0.085061
0.085356
0.085728
0.085603
0.084833
0.086249
0.084903
0.084619
0.084734
0.083961
0.084400
0.085126
0.084856
0.084248
0.197267
0.083254
0.084115
0.083789
0.084259
0.083733
0.083551
0.083476
0.083331
0.083740
0.082726
0.090134
0.092506
0.089672
0.089619
0.091466
0.089718
0.088212
0.145177
0.145682
0.145933
0.145805
0.088362
0.094622
0.146934
0.146354
0.087846
0.096166
0.093331
0.147977
0.088420
0.087499
0.156827
0.088067
0.156846
0.090382
0.155820
0.147870
0.146880
0.087649
0.087577
0.152353
0.147921
0.147496
0.086951
0.156332
0.096704
0.091579
0.090758
0.086675
0.086193
0.092873
0.086608
0.092607
0.089084
0.152055
0.148178
0.147587
0.151578
0.093446
0.148365
0.087044
0.094229
0.086693
0.147475
0.147588
0.146672
0.086823
0.089451
0.088033
0.145991
0.085437
0.153311
0.145623
0.148632
0.144158
0.151121
0.084304
0.087219
0.151103
0.086161
0.088840
0.085747
0.090410
0.088390
0.092738
0.148668
0.086442
0.155938
0.085613
0.093850
0.149750
0.153787
0.157220
0.095554
0.095764
0.096071
0.089244
0.095438
0.097951
0.207944
0.091043
0.090829
0.097339
0.097827
0.099772
0.102617
0.099556
0.099554
0.101492
0.101809
0.100844
0.101990
0.098647
0.102230
0.092544
0.101343
0.097309
0.097310
0.093869
0.212872
0.090374
0.095367
0.096325
0.095760
0.098112
0.095940
0.099155
0.096990
0.094848
0.099614
0.095273
0.089919
0.091433
0.088926
0.088203
0.088537
0.087732
0.087644
0.088000
0.200772
0.087907
0.088514
0.087395
0.087901
0.087869
0.087569
0.087163
0.087983
0.088205
0.087748
0.087192
0.088290
0.089345
0.088086
0.087994
0.088859
0.088685
0.090963
0.090086
0.203642
0.088903
0.090310
0.083546
0.082358
0.082545
0.083153
0.090910
0.090923
0.085056
0.088001
0.082810
0.091868
0.090538
0.091311
0.090418
0.090450
0.103346
0.089389
0.090161
0.203121
0.088173
0.087604
0.087736
0.087400
0.097911
0.090864
0.086875
0.087414
0.087903
0.093946
0.087776
0.090226
0.091680
0.085956
0.087121
0.094846
0.100927
0.090027
0.090418
0.213942
0.088233
0.088401
0.088224
0.086892
0.087553
0.089150
0.089316
0.089656
0.088538
0.089894
0.090639
0.090013
0.089114
0.088952
0.094288
0.090971
0.089885
0.086702
0.089521
0.196706
0.082147
0.089905
0.088346
0.087674
0.088218
0.087912
0.087804
0.087765
0.087304
0.086668
0.087794
0.087496
0.087123
0.086950
0.087711
0.088912
0.086818
0.087522
0.087394
0.202748
0.089828
0.087837
0.087978
0.089091
0.086660
0.087159
0.086090
0.086248
0.086239
0.088408
0.087763
0.086935
0.086122
0.085924
0.086761
0.086190
0.086675
0.087322
0.086374
0.200214
0.086198
0.086069
0.086067
0.088922
0.087402
0.089186
0.093400
0.086727
0.086848
0.088222
0.086718
0.085947
0.086358
0.087128
0.087207
0.086780
0.086453
0.086401
0.087164
0.200350
0.087116
0.087152
0.087281
0.087095
0.087999
0.088226
0.087548
0.087629
0.087270
0.087264
0.087593
0.087044
0.086804
0.087790
0.087498
0.088827
0.087013
0.086780
0.087219
0.201867
0.087844
0.087923
0.087531
0.089054
0.088037
0.087580
0.087336
0.087071
0.086903
0.086147
0.086171
0.092983
0.090053
0.091100
0.090422
0.089386
0.088298
0.090233
0.085517
0.203110
0.084832
0.085712
0.148200
0.084716
0.150474
0.086216
0.085080
0.085180
0.086078
0.085954
0.086196
0.086971
0.086192
0.085940
0.086306
0.085795
0.085656
0.085325
0.085088
0.198322
0.084244
0.083991
0.084331
0.085356
0.085130
0.085607
0.087316
0.086695
0.086754
0.087219
0.087359
0.087178
0.088675
0.087929
0.086924
0.086208
0.085964
0.085734
0.087112
0.202273
0.086704
0.087094
0.087173
0.086992
0.087240
0.087394
0.089428
0.087612
0.087320
0.086033
0.086705
0.085823
0.086076
0.086604
0.086770
0.087121
0.087839
0.088225
0.095554
0.208766
0.088145
0.092321
0.087845
0.095152
0.095646
0.091446
0.089700
0.092411
0.093941
0.091944
0.092915
0.088565
0.097391
0.093895
0.094099
0.091723
0.095883
0.088221
0.086279
0.199864
0.085890
0.086071
0.086064
0.086527
0.085585
0.088470
0.086731
0.086675
0.086784
0.087242
0.087025
0.087085
0.086853
0.088985
0.087766
0.147772
0.147059
0.086935
0.145223
0.199790
0.086865
0.147615
0.087936
0.147879
0.150578
0.147637
0.088041
0.088034
0.087984
0.088598
0.086881
0.087328
0.089875
0.095115
0.087789
0.088696
0.088710
0.146752
0.147373
0.200788
0.088585
0.088337
0.088662
0.088603
0.089099
0.089269
0.092881
0.088693
0.088616
0.089616
0.091100
0.083070
0.090576
0.089970
0.090209
0.088679
0.088425
0.088240
0.089420
0.202877
0.088840
0.088913
0.089406
0.089052
0.088797
0.088649
0.089291
0.088521
0.089141
0.088814
0.088057
0.087420
0.087102
0.086571
0.087179
0.086108
0.086388
0.086406
0.086770
0.199511
0.086117
0.085908
0.086078
0.085363
0.085773
0.085957
0.084966
0.085227
0.085765
0.084654
0.086100
0.085325
0.085191
0.084540
0.084504
0.084392
0.084118
0.085114
0.083771
0.198638
0.085324
0.084239
0.083783
0.084527
0.084968
0.087286
0.088173
0.088521
0.087527
0.087411
0.088021
0.146383
0.143780
0.144014
0.144483
0.084247
0.149337
0.144036
0.144113
0.200389
0.085505
0.088111
0.089904
0.087654
0.149491
0.083217
0.142300
0.083283
0.082811
0.083275
0.083930
0.087672
0.086673
0.081253
0.087591
0.087259
0.087805
0.087958
0.088032
0.201619
0.084760
0.086787
0.087375
0.087446
0.087281
0.088991
0.088668
0.087987
0.086971
