520	126	199	411
511	121	221	433
530	144	203	394
513	129	211	415
537	134	209	410
544	122	179	432
551	129	180	422
555	133	160	426
560	143	149	407
569	133	146	429
581	142	118	410
574	139	132	411
579	135	124	405
579	144	129	393
566	140	142	398
568	141	157	399
556	145	160	394
554	146	169	388
544	137	172	408
547	139	173	405
539	135	179	414
539	136	173	405
546	140	174	404
544	129	181	423
539	137	168	407
550	133	163	414
547	135	158	407
546	128	152	418
547	142	170	397
536	144	172	390
550	143	157	391
547	147	160	373
549	148	159	381
552	144	159	391
550	145	154	383
552	149	161	395
551	141	160	395
548	141	154	393
543	142	165	393
544	133	159	406
544	139	153	390
535	143	164	390
539	140	160	395
531	148	158	380
530	154	159	376
531	153	158	379
531	136	143	394
530	147	144	390
529	145	138	399
522	141	151	405
520	135	144	408
515	134	147	417
506	134	144	418
492	141	142	409
483	139	141	413
475	136	152	412
463	144	148	402
457	140	147	398
459	143	136	400
453	142	141	401
448	144	136	400
447	142	145	404
446	144	137	394
445	140	141	403
444	142	140	402
442	145	137	402
439	143	137	403
439	144	144	403
430	150	147	388
437	151	148	387
437	147	131	404
437	144	142	400
433	146	141	392
446	140	124	405
450	147	119	396
448	153	115	388
457	129	106	422
458	145	107	397
460	136	104	411
466	131	95	412
463	135	98	411
464	137	94	411
471	140	93	404
468	139	95	407
475	141	88	411
470	144	89	394
481	147	82	404
480	143	83	406
488	141	78	399
482	151	86	393
489	153	86	393
488	156	87	390
494	153	84	384
495	145	84	399
498	140	88	409
500	144	92	397
510	143	97	395
503	143	107	398
506	123	116	422
506	162	123	384
514	130	120	417
513	153	121	387
523	151	113	385
520	125	126	402
513	149	131	388
526	149	121	393
534	124	109	419
525	164	117	378
527	138	115	404
526	151	110	385
529	148	110	385
528	161	107	382
524	154	115	387
529	149	106	396
528	123	105	415
529	143	102	397
524	135	108	403
522	164	107	369
521	148	112	391
528	133	101	395
533	111	93	430
524	130	107	403
528	138	92	398
532	125	94	414
529	146	87	389
534	139	88	390
540	133	81	395
541	130	81	400
537	126	90	402
538	152	89	368
540	144	91	371
539	138	91	371
538	150	82	354
541	149	89	344
541	161	85	346
542	145	80	354
544	140	76	363
542	142	79	353
538	162	80	340
537	166	81	329
538	165	78	325
536	177	79	315
532	171	83	322
533	174	80	315
532	171	79	314
529	174	78	303
527	176	82	292
529	173	79	295
527	176	78	285
527	177	78	291
528	178	78	288
526	178	77	287
526	169	75	296
527	177	75	291
527	178	75	285
527	181	73	277
528	173	74	287
529	183	72	277
528	175	74	277
525	184	75	268
527	169	74	282
524	180	79	275
528	180	71	269
530	173	68	270
529	169	68	281
529	170	65	279
528	177	65	267
524	180	70	260
523	184	66	259
526	183	68	260
523	187	64	254
523	185	65	253
521	182	66	257
519	177	64	265
516	176	66	260
518	181	66	248
513	179	67	246
514	185	66	239
513	178	65	245
513	184	66	242
512	182	67	239
514	182	62	237
514	183	62	237
513	186	62	226
512	191	63	221
515	183	60	232
513	184	63	233
511	191	67	222
511	191	68	223
511	191	68	224
512	193	66	213
510	194	69	209
510	193	69	211
511	193	67	213
511	193	68	211
512	191	66	215
509	190	69	213
509	190	70	213
509	191	71	210
509	189	66	214
512	190	62	206
513	190	57	212
514	187	54	213
512	186	55	216
512	185	51	217
515	185	51	219
513	184	50	220
512	184	51	217
515	183	51	217
513	186	51	213
514	187	52	213
512	185	52	217
515	187	51	210
518	188	48	207
515	188	51	208
519	187	46	206
520	187	49	205
520	188	47	207
523	187	46	210
523	188	44	204
526	189	45	204
525	192	45	197
525	192	51	200
527	191	48	199
528	190	45	201
530	190	42	198
528	192	46	196
529	190	43	199
530	190	41	201
531	189	44	206
527	192	43	198
529	191	43	203
527	193	41	198
531	190	39	201
528	191	40	201
529	190	38	200
526	190	42	199
525	192	41	197
524	191	41	197
527	194	42	194
522	189	42	201
522	194	42	198
526	192	39	197
524	189	37	197
524	188	37	201
523	188	38	204
520	188	37	204
520	188	38	205
517	188	39	200
516	189	37	204
517	188	38	202
516	188	34	202
513	187	39	209
513	187	36	208
512	189	35	211
509	192	38	202
505	165	46	200
504	156	54	213
507	182	69	212
510	172	99	215
492	218	97	191
507	163	111	209
520	201	84	209
521	161	76	217
522	158	72	218
524	151	73	230
524	195	73	219
528	158	73	220
527	172	70	217
530	179	70	217
524	193	74	208
528	173	71	196
532	197	63	177
527	204	70	174
528	166	71	203
524	188	73	195
528	201	68	189
519	164	86	216
517	205	82	211
525	201	72	191
525	209	74	182
526	206	67	192
526	210	70	196
531	208	62	183
533	198	62	185
529	207	64	193
532	190	70	190
523	195	74	177
520	188	82	190
528	203	63	189
520	171	76	199
521	163	72	206
524	184	69	218
521	164	78	235
522	151	80	251
524	123	76	286
528	137	74	275
526	135	75	285
520	147	82	278
527	123	74	294
531	131	73	289
529	114	75	303
533	124	71	302
531	101	75	316
531	109	73	321
531	122	72	301
532	136	70	296
529	108	73	310
530	112	74	321
527	122	83	309
531	111	74	307
530	118	73	318
528	97	77	329
533	109	72	320
528	121	80	308
533	121	73	315
530	95	75	323
534	109	71	318
532	115	76	322
533	121	75	315
538	134	68	310
537	112	66	305
537	120	77	297
538	104	82	312
537	115	72	307
539	125	82	311
540	103	73	315
544	115	67	321
546	97	75	323
541	117	70	328
546	109	66	308
549	116	61	316
551	115	56	300
549	126	58	295
553	121	54	291
553	126	55	290
553	142	55	284
555	133	54	276
553	147	52	271
553	142	55	265
557	148	49	273
554	149	55	255
559	142	47	263
558	144	65	251
562	143	77	238
545	160	71	254
561	137	54	281
562	130	73	280
563	118	88	287
563	106	63	292
566	133	74	285
562	116	92	301
563	110	84	306
566	97	88	315
562	134	83	311
313	135	70	306
327	145	51	276
564	144	58	272
567	138	66	265
570	124	79	275
563	122	79	270
561	134	93	298
568	123	78	305
566	115	84	308
339	144	81	276
341	149	80	267
343	153	80	263
347	155	78	262
353	156	70	262
554	149	81	264
355	156	71	260
560	156	82	244
569	142	82	257
562	127	92	276
567	119	73	285
372	154	52	256
565	137	71	273
379	150	55	262
382	156	56	249
383	158	54	252
383	160	59	245
386	155	57	252
389	155	56	249
391	156	59	248
394	161	62	239
392	160	67	240
396	159	70	245
398	157	69	247
404	162	71	245
402	160	72	245
403	164	76	238
406	162	74	241
410	163	70	242
417	162	64	245
419	163	64	238
423	158	63	246
426	157	59	246
428	157	59	244
429	154	60	246
425	155	68	245
429	159	62	240
430	160	62	237
432	160	60	239
431	159	63	240
434	158	59	237
433	161	62	235
431	160	64	235
431	164	64	227
434	166	61	227
434	160	61	238
436	163	58	234
436	159	58	241
436	161	60	233
437	166	60	225
437	164	59	229
440	167	58	223
437	162	60	233
442	162	59	231
441	156	57	235
445	160	56	230
439	164	63	222
439	164	65	218
439	164	64	217
435	163	72	221
440	160	65	224
442	162	61	223
439	166	64	216
439	170	63	210
440	169	60	213
440	172	57	209
438	170	58	211
437	169	58	214
435	168	59	212
433	165	59	219
432	169	59	206
430	169	58	204
430	167	55	204
432	166	53	206
429	167	56	202
430	168	54	203
430	166	52	205
430	169	52	197
430	170	52	196
431	172	53	192
430	171	55	192
433	171	52	195
435	169	50	197
435	169	49	195
433	172	54	189
432	171	54	192
432	172	57	190
434	171	52	191
436	173	52	188
435	173	54	191
435	173	53	184
437	172	51	195
437	173	50	187
464	204	57	189
437	174	47	179
475	200	52	188
478	181	49	205
472	182	58	206
464	185	69	205
457	182	75	209
455	180	77	213
453	182	78	202
454	179	77	209
458	182	73	201
453	179	77	209
454	182	72	207
453	176	76	218
452	174	73	218
457	170	66	219
456	171	66	219
456	171	65	221
456	173	64	212
456	174	68	212
460	172	62	219
461	175	61	219
462	176	63	217
464	175	62	220
465	177	60	215
467	180	58	209
466	177	58	216
469	179	57	214
469	175	57	219
472	180	57	211
469	180	62	208
472	180	60	213
476	180	56	214
474	178	60	215
479	182	57	210
477	180	59	213
482	182	58	209
480	183	59	206
480	178	61	213
483	181	60	208
480	181	64	207
482	178	62	209
483	177	62	211
487	179	59	207
486	180	60	209
487	180	59	199
494	183	51	203
490	178	56	210
494	180	53	207
495	177	55	212
493	182	61	196
494	180	59	206
495	180	60	199
496	181	61	198
494	182	61	198
497	181	60	197
498	181	60	197
497	181	62	196
499	179	63	197
503	182	57	195
502	184	61	192
501	184	61	192
504	185	60	191
502	183	62	192
508	184	57	190
508	184	58	187
508	184	57	185
510	184	54	184
513	185	54	180
514	184	51	179
514	182	52	182
516	184	51	181
518	183	47	182
517	184	47	173
517	186	47	176
515	187	49	177
512	186	51	178
512	186	51	174
510	187	50	169
509	188	51	165
507	188	51	164
507	188	48	164
506	190	48	157
506	192	48	154
505	194	46	150
504	195	47	150
504	196	44	151
503	198	43	148
502	195	42	150
500	193	44	150
501	194	44	151
499	195	42	148
500	191	40	154
497	191	42	155
497	192	42	152
496	195	44	150
494	193	41	151
495	196	41	150
495	193	38	155
492	193	40	151
491	193	40	151
490	194	39	146
488	191	39	147
490	189	36	151
489	190	39	146
487	190	40	144
485	193	43	139
486	194	40	134
485	195	40	136
486	197	40	131
484	196	38	132
485	197	38	133
484	194	38	137
484	196	38	132
483	193	39	135
482	194	39	134
482	193	37	133
483	195	37	132
481	194	38	135
481	196	37	130
481	196	38	134
481	198	35	131
479	196	34	132
480	195	34	134
477	194	36	134
479	194	35	130
477	192	35	132
477	193	36	129
474	195	37	123
475	196	37	123
474	195	37	120
472	197	37	118
474	198	35	121
473	198	36	119
473	198	35	119
472	198	34	121
473	198	34	119
472	196	34	120
473	196	33	120
474	195	32	121
472	194	32	120
472	195	33	124
470	196	32	118
469	197	33	120
468	199	34	116
467	197	32	120
467	197	33	117
465	196	31	121
466	196	31	119
464	194	31	119
463	195	33	117
462	196	32	112
460	195	33	112
458	196	35	111
459	197	33	109
459	197	31	111
457	198	31	108
456	199	33	110
456	198	30	111
456	197	30	109
452	197	33	105
453	197	30	106
451	198	28	108
451	196	29	107
449	196	28	108
449	198	29	105
447	198	29	104
446	198	28	103
445	199	28	103
442	199	27	103
440	197	27	105
437	197	30	106
435	196	28	106
434	199	29	101
432	196	28	104
431	197	28	102
430	197	27	102
430	196	25	107
429	197	22	105
429	198	22	101
430	197	18	103
427	195	21	109
427	192	20	113
426	187	22	113
422	189	23	106
423	188	21	106
423	200	26	101
413	198	18	107
327	262	23	108
407	362	28	103
507	367	40	103
586	229	37	111
581	222	45	107
577	198	55	118
571	195	66	130
563	188	82	143
569	185	76	155
575	181	70	164
574	175	74	173
570	162	79	187
572	186	77	189
575	179	74	193
576	167	73	202
562	162	81	196
572	157	80	198
576	149	78	202
580	169	67	207
581	159	68	211
576	145	75	225
577	132	76	229
577	157	68	230
582	150	70	248
579	150	69	237
578	142	72	256
574	134	75	260
573	134	78	262
571	123	78	281
568	94	87	310
570	126	79	326
582	96	71	355
581	81	73	363
582	81	68	380
574	78	81	384
581	69	72	394
583	75	69	392
581	76	70	391
572	75	82	385
579	74	75	377
580	73	73	393
575	53	79	419
582	66	73	392
580	67	74	401
581	60	73	409
581	65	71	403
580	68	73	402
581	65	73	403
584	74	69	394
578	78	76	390
577	70	76	392
582	73	69	390
581	79	70	388
583	78	69	391
583	69	68	402
576	75	76	380
580	76	72	384
580	78	72	379
575	76	79	386
581	74	73	390
578	69	75	401
577	61	78	408
580	65	74	401
575	58	78	408
579	64	74	410
574	67	80	400
575	51	80	408
573	54	83	393
574	63	81	364
576	88	77	376
579	81	74	369
577	76	75	368
577	80	74	369
577	78	74	380
578	74	74	390
578	72	74	390
579	63	75	404
581	66	72	402
577	64	76	405
575	67	77	397
581	64	72	405
576	70	79	400
576	76	76	381
568	69	87	395
568	57	87	399
580	68	75	383
581	77	73	381
580	79	72	364
580	84	73	370
578	79	75	377
572	71	81	388
576	74	78	372
579	79	73	343
573	72	79	333
576	95	74	335
573	77	76	329
579	93	78	343
574	75	78	347
573	72	80	307
586	93	64	326
536	106	65	324
590	92	66	341
535	101	70	351
583	92	69	365
517	134	75	350
578	73	77	354
582	75	70	327
502	93	67	317
507	108	57	299
506	115	55	285
505	119	57	278
503	143	54	247
505	149	47	228
503	153	48	201
503	151	44	189
502	154	42	177
502	172	40	159
500	181	40	142
499	181	41	137
499	181	39	141
498	180	39	145
497	178	38	149
494	180	41	147
495	180	39	148
495	177	38	152
492	182	41	148
491	181	42	149
490	182	41	153
490	182	40	149
487	181	41	150
486	180	41	150
485	179	40	154
485	179	41	150
482	178	45	153
483	178	44	155
482	177	45	155
480	178	46	156
481	179	45	155
480	179	45	158
481	180	44	156
482	181	43	161
482	179	43	160
483	179	42	157
482	177	43	165
480	176	46	165
481	177	44	162
480	177	46	164
480	177	45	164
479	176	47	167
478	178	45	168
478	176	45	169
476	180	49	167
476	179	46	170
476	178	45	171
473	174	47	176
472	177	47	171
471	174	49	175
471	174	49	175
468	175	50	174
470	174	49	179
470	171	47	182
471	174	44	179
470	174	46	180
469	173	48	181
465	174	53	180
467	176	51	178
467	175	51	183
464	172	53	182
464	172	56	182
465	170	53	185
463	169	54	188
464	167	55	190
463	167	54	193
462	166	55	198
462	168	53	196
463	171	52	197
461	173	54	193
458	174	56	194
458	172	54	196
458	169	53	196
458	168	54	204
455	165	55	207
455	164	56	209
455	165	57	209
455	165	56	213
450	166	63	212
454	170	59	208
455	165	55	216
456	167	59	222
458	172	53	213
456	168	56	216
457	169	57	214
455	162	60	227
458	152	57	239
457	155	61	235
456	157	63	233
456	158	65	228
456	156	64	235
457	156	62	238
458	157	58	237
458	158	60	232
458	162	59	230
459	156	60	241
456	156	64	240
453	155	65	241
454	150	70	254
452	148	65	259
453	153	70	251
453	155	69	249
454	154	67	251
456	151	68	261
456	154	68	258
457	149	65	264
457	149	69	270
455	153	70	267
458	153	69	270
462	146	67	279
460	149	70	275
458	151	74	273
459	157	75	265
460	152	74	271
460	155	74	272
461	150	74	282
465	149	70	290
463	151	75	283
463	150	76	287
462	149	79	288
464	152	77	284
466	143	69	297
464	145	72	294
465	136	71	314
465	140	74	309
467	142	74	311
466	141	77	311
468	139	81	321
470	135	78	326
470	145	78	316
469	146	82	315
474	151	86	310
470	152	89	315
476	147	87	319
482	140	85	330
480	137	93	341
481	144	96	326
485	146	92	327
489	144	93	326
491	143	91	334
497	145	84	335
501	143	80	339
505	145	77	335
507	148	79	317
510	146	83	330
515	143	78	338
519	143	77	347
523	136	71	361
526	134	70	366
526	139	75	358
529	141	75	357
536	132	69	363
537	133	70	366
538	136	71	353
539	135	72	367
542	138	72	366
541	141	77	358
546	140	78	365
546	141	87	362
549	136	91	369
548	125	98	379
556	125	92	382
557	119	90	387
567	107	80	394
568	105	77	392
573	114	73	385
580	122	65	368
587	129	65	370
582	130	68	385
408	141	64	339
402	175	68	300
399	176	69	293
391	177	74	293
386	175	70	302
382	175	77	301
375	182	81	293
371	180	79	297
368	178	79	298
361	170	80	308
353	170	83	304
341	168	90	307
336	167	90	304
334	165	87	305
331	163	82	313
332	153	75	329
331	148	72	346
330	154	70	342
329	153	65	342
329	154	59	344
324	156	62	348
324	163	59	339
320	168	61	334
315	164	67	339
306	165	74	344
313	167	60	330
313	168	63	334
312	167	59	334
299	165	71	343
306	166	64	338
301	160	69	350
301	159	65	352
304	160	63	349
300	163	64	349
298	164	65	346
292	160	68	357
299	157	64	353
302	163	61	339
297	162	73	345
295	159	67	353
300	164	68	342
299	159	62	344
304	163	60	338
303	160	65	343
302	153	71	350
296	157	74	351
294	153	68	351
300	150	80	357
300	145	84	359
307	132	69	370
307	136	78	360
305	146	82	347
310	139	79	350
312	145	81	344
311	156	82	331
314	145	79	343
315	146	79	340
318	161	77	321
318	168	77	313
324	173	71	309
322	179	69	301
322	177	72	298
323	180	70	292
322	175	72	294
323	182	73	286
321	172	74	287
323	160	72	296
322	167	71	289
325	172	72	281
328	167	69	286
327	177	68	275
328	173	67	276
331	171	66	279
332	175	63	273
334	176	62	271
334	174	65	271
337	177	63	263
335	175	66	262
334	180	69	249
338	183	67	242
340	177	65	246
342	177	61	250
345	177	62	251
344	176	64	249
347	176	60	252
346	176	59	247
348	174	57	253
347	178	59	247
348	178	57	244
344	179	61	242
347	175	60	241
347	176	60	243
342	176	64	243
338	177	65	240
339	181	71	231
341	181	63	231
338	179	62	234
339	182	66	226
340	178	64	230
343	179	59	231
344	179	55	232
343	179	57	231
344	179	56	230
341	179	58	234
342	181	58	227
341	180	56	222
339	179	59	228
336	178	61	229
338	177	58	229
337	175	58	228
336	176	56	228
333	174	58	231
331	174	59	229
330	175	57	227
325	170	59	231
322	178	59	227
322	178	56	224
321	181	55	214
322	186	52	215
321	190	48	210
323	194	41	207
321	191	41	212
317	182	42	224
314	157	45	247
312	163	46	249
312	162	43	245
307	169	49	238
306	187	49	217
309	200	46	209
310	189	42	211
314	201	38	206
315	199	37	208
358	130	60	200
583	164	65	200
585	189	66	202
582	183	66	205
582	181	68	207
586	179	64	212
587	177	61	213
586	177	63	213
588	165	61	231
585	161	62	234
580	155	71	245
576	154	75	244
579	151	67	246
572	137	80	248
575	115	77	270
573	130	79	293
567	117	85	319
581	116	69	312
589	116	62	306
598	109	55	291
593	141	58	266
593	164	57	283
596	157	52	305
593	154	54	300
593	143	53	298
589	150	57	305
588	137	58	291
587	142	58	308
578	138	69	318
565	138	81	339
568	135	72	352
573	142	69	363
569	133	72	369
559	140	82	364
561	145	78	358
557	142	79	347
555	143	79	337
549	140	83	341
545	138	85	347
535	140	94	337
538	134	88	349
538	133	85	363
532	138	97	372
527	137	91	353
520	140	101	329
521	136	91	338
513	141	105	351
510	143	104	348
505	144	104	354
501	150	105	346
497	144	101	350
496	141	98	355
494	139	93	369
490	140	102	363
488	140	98	364
482	130	97	368
473	131	100	365
468	137	106	363
465	142	105	355
459	133	110	379
456	134	107	380
452	139	104	379
451	133	101	383
451	131	103	396
445	130	105	391
446	136	105	393
448	134	100	393
443	129	100	402
443	131	102	396
438	128	102	405
438	127	103	404
431	126	111	401
429	128	111	410
423	120	113	419
419	124	116	423
418	115	111	426
419	121	109	421
417	120	110	423
408	118	112	421
400	120	121	419
393	121	124	409
387	112	121	423
379	103	120	435
368	105	133	429
364	104	132	431
359	93	131	445
345	95	142	443
342	96	141	435
335	89	144	431
328	93	148	432
332	102	139	427
326	92	138	438
320	85	139	443
318	89	140	443
314	95	143	436
303	90	155	449
297	85	155	458
289	88	156	454
280	80	163	466
277	82	159	451
274	72	155	441
267	70	165	467
262	73	161	467
254	70	161	474
242	70	175	464
232	74	186	448
221	69	195	453
194	73	213	434
183	76	233	438
166	71	234	449
168	49	227	479
165	28	232	497
156	37	233	475
142	34	237	488
132	41	243	488
128	37	250	497
124	30	251	513
113	24	282	504
105	41	249	501
89	34	304	477
87	18	299	508
72	22	315	501
61	26	338	504
60	20	304	500
75	6	252	518
32	6	311	526
16	22	317	490
5	11	308	519
31	14	241	516
31	19	238	519
277	12	155	524
291	57	119	514
300	38	95	490
297	120	93	411
298	141	86	382
294	160	87	362
292	160	91	364
290	161	91	359
287	158	86	366
288	162	89	363
276	159	100	370
272	164	102	367
268	162	99	367
263	167	100	369
259	174	109	356
253	166	103	364
249	167	104	363
243	169	100	358
235	158	112	372
233	155	112	378
227	153	111	380
228	152	111	386
219	155	114	380
219	149	111	384
214	150	116	374
214	152	114	354
207	154	117	339
202	151	116	368
195	146	119	376
189	147	125	382
181	143	134	392
176	142	133	393
167	143	138	386
161	140	135	400
153	142	138	401
142	144	142	403
138	147	144	390
127	146	142	400
118	142	149	407
110	147	152	384
97	149	155	380
75	149	172	384
64	148	178	381
54	137	178	402
39	139	193	397
30	131	188	414
28	133	183	422
20	131	177	417
19	136	177	406
5	132	185	419
0	137	182	410
-1	132	166	410
-4	132	165	406
-5	140	160	402
-5	129	142	420
-8	123	142	420
-4	145	121	397
4	167	97	381
1	209	94	358
-23	226	94	336
-11	262	70	288
-45	278	82	258
-53	305	62	234
217	212	52	239
315	129	67	228
565	160	81	222
578	161	73	197
579	183	64	197
575	169	71	208
577	164	73	206
574	154	75	214
578	149	73	221
575	142	74	222
573	166	78	225
574	144	76	246
573	126	78	267
576	118	72	280
569	124	83	267
577	126	67	255
576	144	74	273
575	129	71	287
574	124	71	286
576	106	79	311
581	99	69	321
574	81	75	327
573	106	76	353
574	83	75	371
577	69	74	394
575	73	79	368
575	63	78	399
582	73	69	398
581	72	71	396
579	69	73	398
581	73	70	390
580	70	70	397
576	69	76	394
578	70	76	398
573	64	80	392
571	64	83	404
576	54	83	415
579	60	75	400
585	76	67	387
579	61	72	405
577	63	74	402
578	56	73	415
578	38	75	427
580	16	77	444
585	69	72	418
582	74	73	383
575	74	79	392
581	72	72	383
575	71	79	391
579	78	73	380
569	69	84	399
579	62	77	399
581	67	74	403
578	60	74	415
577	50	76	418
578	67	75	401
577	59	75	403
580	66	74	403
576	65	79	402
582	67	74	392
581	76	74	390
581	70	73	396
580	72	73	397
583	75	70	387
580	76	74	390
577	72	76	394
575	65	78	401
580	53	73	407
578	68	75	399
578	66	73	395
569	66	86	389
576	58	77	397
574	73	78	380
581	72	72	396
577	72	74	392
578	68	75	399
572	62	80	405
580	71	75	399
576	68	77	400
579	48	75	419
578	65	76	401
577	72	76	392
581	69	71	391
575	69	79	398
569	51	86	420
580	33	78	421
584	76	73	397
576	76	79	391
576	72	75	386
577	67	75	398
576	64	77	405
579	69	74	398
575	66	80	404
575	55	79	403
581	57	74	399
577	68	78	397
577	63	76	402
570	64	84	397
575	69	77	382
580	78	71	385
582	78	69	386
578	75	74	394
575	66	78	402
579	56	76	410
573	45	83	426
574	36	82	425
579	32	81	421
580	69	78	427
575	63	84	422
577	55	78	418
572	72	84	401
575	77	78	379
575	68	78	400
577	70	77	397
