150	69	107	281
151	69	111	289
157	71	105	286
155	73	110	288
159	78	109	277
165	79	103	279
169	78	105	279
171	78	106	277
174	77	103	279
173	83	109	255
183	79	97	264
184	84	102	274
183	78	104	282
192	73	91	283
196	79	88	279
194	79	94	280
194	84	95	270
197	72	90	279
195	85	93	266
196	79	92	266
196	90	92	245
197	89	90	255
200	82	87	271
204	83	81	269
204	79	82	274
204	80	84	274
207	76	81	272
208	78	81	267
207	83	81	264
211	81	79	264
214	76	75	273
216	84	71	255
218	86	71	249
218	86	75	236
220	81	75	249
226	87	68	244
226	77	70	259
227	77	70	254
226	72	73	260
230	80	72	247
234	83	66	246
238	83	58	250
237	89	62	236
237	91	61	229
238	81	59	248
238	74	59	256
234	64	65	268
235	76	60	255
237	67	57	262
236	75	57	249
237	82	57	234
235	88	60	224
235	88	61	221
235	87	62	224
231	91	67	217
233	92	66	216
235	92	64	211
239	88	60	219
239	98	61	205
243	97	60	207
243	88	60	220
244	98	59	206
244	99	61	200
244	108	63	187
245	104	62	186
246	103	61	190
246	102	62	195
248	102	59	194
248	101	59	195
247	102	60	191
247	101	59	196
247	105	57	186
246	105	58	186
247	104	52	183
247	103	50	190
246	105	51	186
244	103	52	188
242	102	54	187
237	103	59	183
237	105	58	179
243	106	48	179
245	105	45	181
243	106	45	176
243	105	45	172
241	105	47	177
243	103	43	179
238	102	51	181
240	105	46	173
239	105	47	167
239	102	47	178
230	99	58	177
235	105	51	170
237	104	47	169
238	102	46	173
235	102	47	172
236	102	47	171
235	105	46	170
233	104	48	171
231	104	50	169
225	104	58	172
227	105	53	166
227	103	53	173
225	103	55	173
226	103	52	172
225	105	51	169
223	105	52	170
222	103	51	172
219	103	54	174
219	102	51	176
218	104	51	171
217	104	50	173
217	105	47	171
217	105	45	170
217	105	44	162
215	103	45	170
214	101	46	171
214	103	45	165
213	103	46	168
214	104	44	167
215	101	40	173
214	102	40	169
213	101	39	172
213	97	36	176
212	104	38	169
212	96	34	175
212	95	32	178
212	94	31	177
211	98	31	170
212	98	29	169
209	97	34	172
211	103	28	163
210	104	28	165
205	97	36	167
202	108	37	164
204	106	33	166
206	108	29	164
338	107	36	163
338	113	33	157
339	114	28	148
341	112	28	150
340	105	30	146
338	113	34	147
344	125	24	134
344	108	25	133
242	94	38	128
344	133	26	124
345	139	25	121
348	141	22	118
348	139	22	119
345	132	28	126
346	129	27	125
347	127	28	132
347	126	28	135
347	126	28	137
347	130	26	132
347	110	29	135
347	128	27	135
347	131	24	131
346	131	27	132
346	130	26	131
345	129	27	132
346	127	27	134
346	127	26	134
345	129	27	132
345	126	29	123
345	126	28	124
346	125	27	126
346	126	27	117
344	123	29	119
344	121	30	117
342	127	32	110
343	127	30	110
342	125	30	105
341	125	31	110
343	125	26	112
342	124	26	105
341	124	25	99
342	123	22	100
344	160	21	101
342	129	20	105
338	122	21	96
333	123	24	92
333	136	21	86
333	128	22	81
334	134	18	72
334	131	16	71
334	132	15	68
336	138	12	62
366	131	15	63
319	63	16	58
364	110	19	58
412	48	25	58
447	15	34	60
355	105	39	64
354	141	42	69
355	104	41	64
351	161	43	64
354	104	42	63
349	161	42	71
350	163	48	78
347	160	51	79
344	160	55	88
387	1	51	101
354	151	38	106
354	153	42	103
353	153	42	108
357	91	38	104
355	90	43	100
357	93	40	96
359	99	33	98
358	97	41	88
358	100	41	77
359	102	40	71
358	104	43	66
359	105	40	62
360	106	40	60
361	104	36	62
361	105	39	64
362	106	32	60
361	106	35	58
362	103	35	64
362	103	35	66
362	104	35	65
362	105	37	62
362	105	37	62
362	105	37	62
362	105	37	63
362	103	39	66
362	105	39	62
363	106	35	60
363	106	37	59
363	107	38	58
363	105	35	61
363	106	37	59
364	107	37	58
364	107	34	61
364	105	34	61
363	106	37	61
364	104	36	63
364	105	34	61
364	105	35	62
364	105	36	61
363	105	36	61
364	105	31	62
364	104	34	63
364	105	33	62
364	105	32	61
364	105	34	64
364	105	32	62
364	105	29	62
364	105	31	63
363	105	36	63
363	105	34	60
363	105	32	62
364	106	32	60
363	106	34	61
362	105	38	61
362	105	39	62
362	106	37	60
362	106	39	59
362	110	39	57
362	107	38	60
363	106	35	60
362	106	38	61
362	106	39	61
362	105	36	63
362	105	38	63
363	105	32	62
362	105	33	60
362	105	39	62
361	103	39	67
362	105	38	61
362	106	38	59
362	107	39	57
362	107	36	58
362	106	38	60
362	105	39	61
362	105	38	60
362	106	38	59
362	106	38	59
362	105	35	62
362	105	38	62
362	105	36	61
362	105	38	61
362	105	35	62
362	105	36	61
362	105	39	61
362	106	38	60
362	105	38	62
362	106	38	61
362	104	38	66
361	105	39	63
363	105	33	63
363	105	32	60
363	107	33	59
363	106	30	61
363	105	32	63
362	105	34	63
363	105	32	66
363	106	30	67
362	104	37	69
361	105	38	66
363	104	33	67
362	106	36	63
362	105	38	64
362	106	35	61
361	105	38	63
362	105	34	64
362	105	34	64
363	105	31	63
362	105	31	63
361	106	35	62
361	105	38	63
362	106	33	61
362	105	33	64
361	105	33	66
362	105	31	71
361	100	33	73
360	103	38	68
361	103	36	68
360	105	36	63
360	105	38	60
361	104	36	64
360	105	37	60
360	105	34	61
359	105	39	61
359	106	40	60
358	106	41	59
359	105	39	63
358	105	39	62
358	105	41	62
358	105	43	63
358	105	43	61
358	104	42	63
357	105	43	61
357	104	44	62
357	106	44	59
356	105	45	59
356	104	44	64
356	107	45	57
356	105	44	60
356	106	44	57
356	105	45	58
356	104	44	62
357	104	41	62
356	103	40	63
356	105	44	59
355	104	44	62
356	102	42	65
355	103	45	65
356	104	43	61
356	105	45	60
357	103	42	62
359	106	40	58
360	105	37	59
361	104	36	60
363	103	32	65
364	105	32	60
363	104	36	61
364	105	37	60
367	104	31	63
368	105	30	63
369	104	30	63
370	105	29	63
371	105	28	61
372	105	27	61
373	104	27	63
374	105	25	62
375	104	24	62
376	105	20	60
377	105	18	60
377	106	24	61
379	104	20	61
379	104	21	63
380	105	18	61
381	107	17	58
381	105	19	62
382	105	18	61
383	105	16	62
384	104	16	63
382	106	19	61
384	107	17	62
382	103	19	65
384	98	16	71
388	104	13	69
334	155	18	68
389	105	12	63
336	134	15	58
318	66	16	50
334	136	23	51
335	139	29	52
274	134	38	56
272	129	39	65
274	127	36	69
273	125	36	75
275	123	34	79
275	121	33	83
275	123	33	79
275	123	33	81
276	120	32	84
276	118	32	96
277	121	31	90
278	120	32	92
278	120	33	90
279	119	33	87
280	118	34	93
281	118	34	100
281	118	34	111
281	118	34	110
280	117	37	113
281	117	37	112
284	119	34	107
283	119	36	107
284	120	36	103
285	121	35	100
285	120	35	107
287	120	34	107
288	119	34	106
290	119	31	106
291	120	31	103
290	120	33	102
290	119	34	102
290	119	34	106
292	120	32	98
294	120	31	104
296	119	29	105
296	119	29	106
297	119	29	105
298	120	29	101
299	117	27	109
300	115	28	111
300	115	28	108
300	117	30	103
300	119	33	102
301	120	32	101
303	120	30	99
301	119	33	101
303	120	30	98
305	121	30	98
306	122	28	95
306	121	29	96
305	123	31	90
306	122	30	92
306	122	30	92
310	121	25	94
309	120	27	96
311	118	26	95
311	121	27	89
312	119	27	92
314	121	26	88
314	121	27	92
316	119	25	94
317	118	26	92
318	122	25	92
320	122	24	90
322	119	23	90
323	122	26	84
324	122	24	88
325	121	25	82
327	121	24	75
331	122	21	73
333	122	20	67
333	122	22	63
336	124	18	63
346	142	25	62
342	142	31	69
339	137	37	73
340	139	35	82
339	132	38	95
341	126	33	96
342	123	31	105
344	123	29	102
344	124	29	104
343	122	29	107
343	126	29	102
342	127	31	99
341	127	32	99
340	128	33	96
340	130	33	92
340	129	32	94
341	129	31	98
340	131	32	93
340	131	29	93
341	129	28	96
341	131	27	93
341	130	26	95
341	131	28	94
342	131	26	93
341	132	28	92
341	130	27	93
342	130	27	94
342	130	27	91
343	129	24	92
343	129	24	93
341	130	27	90
341	130	27	92
340	130	27	92
341	130	26	92
340	131	26	90
340	131	26	91
339	131	27	92
340	130	23	93
340	130	23	93
339	131	23	90
337	130	24	89
336	131	26	88
337	130	24	88
335	130	25	89
336	130	23	89
334	130	27	87
334	131	26	83
332	132	28	82
333	133	27	80
333	132	27	81
333	132	26	80
332	133	26	76
333	132	25	82
331	132	26	82
331	132	25	80
331	132	25	80
331	131	25	82
331	131	24	82
330	131	24	82
329	132	24	79
328	132	25	77
329	131	23	81
327	133	25	76
327	132	22	81
325	132	24	82
325	131	24	83
325	132	22	79
323	132	23	81
321	131	24	80
320	131	24	79
318	131	26	78
318	131	26	75
319	131	23	76
317	131	26	76
315	132	27	75
315	132	26	74
315	132	25	76
315	132	25	79
314	133	24	77
314	132	24	79
315	131	21	79
314	131	20	74
312	132	24	70
312	133	23	67
312	131	22	73
311	131	24	75
311	131	22	77
311	132	23	72
311	133	22	70
311	132	20	74
310	133	22	74
310	133	21	73
310	132	20	77
309	131	20	79
308	132	21	74
307	132	21	73
307	131	21	72
306	132	22	69
305	133	22	66
305	133	22	65
304	132	23	68
304	134	23	66
304	135	22	61
303	133	22	65
304	133	20	65
303	134	21	61
304	133	20	64
302	133	23	64
301	133	23	65
301	135	23	60
301	133	22	65
301	132	22	67
301	132	22	67
301	132	20	68
300	132	21	67
301	132	19	67
300	133	21	66
300	134	21	64
300	133	20	66
299	133	21	67
299	133	20	64
299	132	20	66
298	134	20	63
298	132	20	67
297	132	21	65
296	133	21	63
295	133	21	61
294	133	21	62
294	133	21	63
294	132	20	65
293	133	19	63
293	133	18	64
292	132	18	66
291	131	17	68
289	132	19	66
289	133	18	63
288	132	18	64
287	133	17	61
287	134	16	62
286	133	16	64
286	132	14	65
286	133	14	64
286	133	13	64
286	133	12	63
285	134	12	64
285	135	12	62
320	65	14	68
319	61	15	64
319	66	15	67
319	59	16	68
319	60	15	73
260	143	12	68
272	91	16	73
258	165	17	72
316	239	22	72
313	241	28	67
313	243	29	64
311	249	32	62
310	245	35	61
311	249	38	55
305	253	42	51
310	248	34	53
311	249	33	54
308	249	39	57
307	241	41	62
311	243	38	62
312	239	35	67
312	235	36	70
313	231	35	76
312	234	35	76
312	230	36	79
312	228	36	79
309	227	41	81
309	229	40	78
307	230	44	77
309	228	40	79
311	227	39	83
308	229	41	77
310	227	39	78
308	230	42	74
310	234	39	70
311	231	39	77
307	227	43	80
309	225	40	84
309	228	40	80
306	226	44	83
310	225	37	85
312	222	37	87
312	229	35	84
311	227	38	84
311	227	36	83
311	226	38	84
312	227	37	80
311	229	35	84
307	228	43	79
305	225	43	81
311	230	36	77
310	235	38	73
308	230	42	81
310	227	39	82
307	230	42	78
309	226	40	83
308	227	40	81
311	228	37	79
311	226	36	83
311	231	37	77
309	227	40	83
311	228	36	79
307	225	44	83
308	225	39	82
310	225	39	82
309	227	41	82
309	228	40	81
310	229	39	80
310	227	38	82
309	227	40	83
311	226	38	84
307	224	41	87
308	226	41	83
311	222	35	89
308	226	41	82
310	228	37	79
305	226	46	81
309	230	40	76
309	227	40	83
312	228	36	80
308	228	43	78
310	230	38	75
310	229	39	79
309	227	40	82
306	230	44	75
309	229	41	77
308	229	42	77
310	228	38	79
310	226	40	84
311	223	38	89
307	227	43	81
309	225	41	83
311	224	38	86
313	224	34	84
309	222	39	87
310	222	40	87
308	225	43	82
306	224	44	84
304	222	52	84
308	221	48	85
306	219	51	87
307	217	48	90
350	123	31	84
350	123	30	77
293	132	19	67
295	132	18	65
346	129	25	62
296	133	19	65
298	132	18	68
298	132	18	69
299	131	18	71
299	132	19	71
300	132	19	71
301	132	20	71
301	133	21	68
301	132	20	69
302	131	20	71
302	132	21	68
303	131	20	71
303	131	20	69
304	132	20	69
304	132	20	70
303	133	20	67
304	131	20	71
303	131	20	73
303	132	21	71
303	132	20	72
302	132	22	73
302	132	21	70
302	132	21	72
301	131	21	73
302	131	21	72
301	130	21	75
301	131	22	74
299	131	23	76
299	131	23	75
300	131	21	74
300	132	21	71
299	131	21	74
299	133	22	72
299	131	23	77
299	132	21	73
298	131	22	72
299	131	22	69
298	131	22	72
297	132	23	68
297	130	23	73
296	131	24	72
297	130	23	75
296	130	23	77
295	132	23	77
296	131	22	78
295	132	22	78
295	131	22	81
294	131	23	82
293	130	23	81
292	130	24	83
292	130	23	81
291	130	24	83
291	130	23	83
290	130	25	82
291	129	22	84
289	129	25	86
289	129	25	85
289	130	24	85
289	131	25	82
289	131	24	84
289	130	23	86
289	130	24	86
289	130	24	85
289	129	23	87
288	129	25	89
287	129	26	87
288	129	24	88
288	128	23	89
288	129	24	90
286	129	27	90
286	130	26	89
286	130	26	90
286	132	25	86
286	131	24	89
284	130	26	90
284	131	26	90
284	130	25	89
283	130	26	90
283	128	26	94
280	129	29	92
282	129	26	92
282	129	25	90
282	129	25	93
282	130	25	92
281	130	26	93
281	130	25	94
280	130	26	94
281	129	25	98
280	129	27	98
279	129	28	95
280	129	26	94
280	128	26	95
278	128	29	98
278	128	28	99
277	129	28	98
278	131	28	93
277	129	26	100
277	128	27	102
277	130	27	99
276	128	25	102
276	129	25	102
276	129	24	101
274	128	26	102
273	128	28	102
273	127	28	104
273	127	28	104
274	126	25	107
273	127	28	105
271	128	30	101
274	127	26	106
273	128	26	105
274	127	24	107
272	127	28	110
273	127	26	108
274	126	25	111
273	127	26	108
273	127	27	110
273	128	27	102
272	127	28	106
272	126	29	110
272	126	27	107
270	127	31	105
271	126	30	111
270	126	31	112
270	127	30	109
270	127	28	109
270	126	29	114
269	127	30	113
270	127	28	113
269	128	28	111
267	127	29	113
268	126	27	115
267	126	28	117
267	125	28	116
266	126	29	114
266	127	28	113
264	127	31	109
265	127	29	112
265	126	29	117
264	127	30	116
263	127	32	116
264	128	30	114
264	127	29	119
263	127	30	117
262	128	31	112
261	127	33	112
262	128	31	112
262	126	31	118
261	125	32	124
260	126	33	124
260	124	33	127
260	125	33	126
259	125	34	127
257	125	36	127
257	125	36	128
257	125	36	127
257	125	34	129
256	125	34	128
257	125	32	127
254	124	34	133
254	124	33	134
254	123	34	133
252	124	35	131
252	124	34	132
250	124	36	130
250	124	35	131
250	124	36	132
249	124	36	134
250	125	35	133
250	124	35	137
249	125	37	134
248	126	38	131
248	125	38	135
250	125	34	137
248	126	36	135
248	126	36	131
246	126	38	134
247	124	37	139
247	123	36	139
247	124	36	140
246	123	39	141
244	125	40	131
244	124	39	131
243	123	41	140
243	123	40	144
241	124	40	143
242	123	39	146
240	124	41	142
240	123	40	148
238	124	41	148
239	124	37	147
238	125	36	142
238	124	36	142
237	123	37	148
235	123	38	150
234	123	39	150
233	123	40	149
230	121	42	152
231	122	40	151
230	123	40	149
231	123	39	148
231	123	38	149
230	122	38	155
229	123	38	154
227	124	42	152
227	125	40	152
225	122	40	159
223	122	44	163
222	123	45	159
223	122	41	158
221	123	44	154
219	123	47	159
219	121	46	166
220	122	42	160
219	121	43	165
216	121	47	167
214	121	48	168
215	123	46	166
214	122	48	167
213	120	47	176
213	121	46	175
214	120	40	176
212	121	43	174
210	120	45	174
208	122	50	166
205	124	51	160
205	121	50	166
207	121	45	174
204	121	49	175
208	119	43	184
208	119	42	187
205	119	45	186
201	119	50	184
200	121	49	183
197	120	54	181
195	120	57	183
196	121	55	182
196	121	54	180
196	120	53	173
193	120	57	184
192	117	57	196
191	118	58	191
191	117	58	189
191	117	54	191
189	115	56	207
187	114	55	209
188	114	54	212
188	113	51	215
187	115	52	212
187	115	51	208
184	116	55	211
182	115	58	213
183	113	54	218
181	113	56	217
178	114	59	209
178	116	60	208
176	112	61	222
176	115	60	218
172	112	64	226
174	109	61	235
171	109	65	238
168	113	68	227
168	111	69	235
168	114	66	225
168	116	65	218
165	119	66	206
166	120	61	215
163	118	65	200
163	115	62	227
156	113	71	222
154	116	71	208
149	125	74	210
148	120	75	208
145	114	78	222
146	111	72	239
143	113	73	235
143	109	70	248
140	111	73	244
138	116	75	241
136	114	76	242
134	117	77	236
132	117	77	239
129	125	79	227
127	121	79	236
122	120	86	237
121	112	84	246
120	118	83	237
121	122	79	236
117	118	82	239
117	136	82	220
117	130	81	226
112	125	83	230
115	137	77	219
113	131	75	226
110	126	74	231
108	139	69	218
104	145	66	213
107	145	53	212
167	93	72	204
91	149	71	207
80	147	91	211
100	98	120	228
80	107	96	258
75	97	93	266
76	109	95	258
77	98	88	262
74	97	84	262
69	95	86	266
65	95	87	261
61	95	81	249
54	97	86	259
51	94	80	265
42	96	80	261
34	86	81	276
27	89	82	273
20	84	84	279
19	98	72	266
7	85	80	271
9	97	59	261
0	94	68	269
16	80	85	282
4	78	82	284
173	104	61	257
160	113	70	246
153	118	65	238
126	112	74	237
117	108	77	248
79	115	96	247
57	111	106	257
26	100	130	260
-2	92	136	255
-3	99	137	249
-3	102	124	246
-2	114	97	236
-7	114	81	247
-3	116	58	245
-12	118	53	239
-5	132	51	239
-21	161	51	221
-21	167	52	199
145	53	46	208
-1	-40	59	192
-2	-31	56	190
-5	-32	63	185
-5	-20	63	180
-5	-21	63	172
-1	-22	54	166
-4	-24	62	165
-6	-12	65	153
-6	-13	66	142
-1	-3	57	134
-1	-4	57	125
-1	-6	57	115
-3	-7	62	107
0	0	58	95
0	-1	55	90
0	1	58	73
-1	5	60	59
-3	5	63	57
0	6	58	57
-1	6	61	55
-2	3	61	61
0	7	59	59
-1	6	60	55
0	4	59	61
0	7	59	57
0	5	58	59
-1	6	60	56
-1	6	59	55
0	8	59	51
0	8	60	47
0	8	59	46
-1	6	59	51
0	6	58	54
-1	9	60	43
-3	8	62	46
0	9	59	46
-2	11	62	42
0	8	60	46
-2	9	61	43
0	12	60	42
-2	9	62	45
0	9	59	43
0	12	59	38
-2	12	61	37
-1	12	59	35
-1	14	60	32
-3	15	61	38
0	12	58	41
-1	11	60	41
-2	9	62	45
0	11	59	40
-1	8	60	47
0	8	59	49
-1	8	61	47
0	6	60	49
0	9	59	43
-3	8	63	45
-2	7	61	47
-1	8	60	43
-1	8	60	44
-3	10	62	42
-1	11	60	40
0	12	59	37
0	13	59	36
-2	12	62	38
0	12	59	36
0	13	60	35
-1	10	61	39
-2	9	61	42
0	9	58	43
-2	8	61	43
0	11	59	46
0	9	59	50
1	8	58	47
0	9	59	46
0	8	59	49
0	7	59	50
0	9	59	47
0	8	59	47
0	10	59	44
0	11	59	40
0	11	58	40
0	9	58	46
-1	10	60	43
-1	10	59	42
0	9	59	43
0	10	58	41
0	10	59	41
-1	9	60	45
0	11	58	41
-1	9	60	45
0	9	59	45
-1	9	60	43
0	10	59	42
0	13	58	37
0	11	59	40
0	9	59	42
0	9	60	42
0	10	59	41
0	11	59	39
0	10	58	42
0	8	59	45
0	11	59	40
0	10	58	42
0	9	58	44
-1	9	59	43
0	10	59	42
0	10	59	40
0	11	58	40
0	8	59	46
0	9	59	43
1	9	56	46
0	8	59	47
0	7	59	49
0	8	59	46
0	9	59	44
0	10	59	41
0	9	59	45
0	9	59	43
0	11	60	39
0	10	58	42
0	10	59	43
0	11	59	39
0	11	59	39
0	11	57	42
0	8	58	47
0	10	59	44
0	10	59	41
0	11	59	38
0	10	59	40
-1	10	60	40
0	9	59	42
0	10	59	41
0	10	59	42
0	9	58	44
