0.398730
0.038163
0.040195
0.040300
0.043832
0.039914
0.038493
0.039448
0.039534
0.039226
0.039127
0.038999
0.038950
0.038870
0.038771
0.038938
0.038861
0.038833
0.038767
0.038815
0.067178
0.038469
0.038342
0.038670
0.038396
0.038348
0.038519
0.038363
0.038452
0.038630
0.038664
0.038594
0.039249
0.039421
0.039274
0.038886
0.039007
0.039069
0.039260
0.039045
0.072882
0.039253
0.038984
0.038932
0.038875
0.038996
0.039054
0.039040
0.039022
0.039124
0.039001
0.040060
0.039554
0.038833
0.039055
0.038915
0.038924
0.039030
0.038682
0.038936
0.072508
0.039271
0.039300
0.039531
0.039645
0.039623
0.039245
0.039456
0.039103
0.039017
0.038932
0.039145
0.039013
0.039159
0.039095
0.038666
0.038727
0.038389
0.038488
0.038497
0.072294
0.038302
0.039001
0.038672
0.038876
0.039157
0.039256
0.038957
0.037631
0.037727
0.038004
0.038340
0.038439
0.038134
0.038051
0.038149
0.038259
0.038439
0.038995
0.036981
0.072807
0.039455
0.039428
0.036948
0.039101
0.039021
0.039443
0.039606
0.039439
0.039110
0.039207
0.039568
0.039262
0.039556
0.039372
0.039464
0.039899
0.039758
0.040195
0.037972
0.071722
0.037802
0.037953
0.037989
0.038279
0.038181
0.038369
0.038474
0.038646
0.038297
0.038357
0.038712
0.038454
0.038432
0.038564
0.038352
0.037929
0.038433
0.037947
0.038099
0.071589
0.038256
0.038019
0.038191
0.038110
0.038294
0.038036
0.038002
0.038029
0.037903
0.040314
0.040143
0.040652
0.047553
0.038092
0.038152
0.038106
0.038128
0.037993
0.038080
0.071491
0.038165
0.038197
0.037931
0.037748
0.038477
0.037721
0.037813
0.037767
0.037905
0.037843
0.037950
0.037858
0.037897
0.037701
0.037760
0.037695
0.037643
0.037455
0.037508
0.071216
0.037650
0.037728
0.037803
0.037719
0.040471
0.037768
0.037788
0.037871
0.037897
0.037817
0.038053
0.037912
0.037968
0.038021
0.038189
0.037863
0.046462
0.047024
0.038478
0.079489
0.038485
0.038619
0.038538
0.038565
0.038764
0.038761
0.038841
0.038720
0.038683
0.038789
0.039077
0.039000
0.038977
0.038812
0.038880
0.039814
0.038781
0.038584
0.038486
0.071913
0.038584
0.038872
0.038580
0.041326
0.038567
0.038185
0.038192
0.038198
0.038307
0.037977
0.038025
0.037519
0.037472
0.037204
0.037049
0.037601
0.037688
0.038046
0.038399
0.071503
0.037805
0.037518
0.037328
0.036941
0.036828
0.036719
0.036708
0.055207
0.055048
0.057575
0.057211
0.038226
0.038487
0.038804
0.039015
0.039007
0.039495
0.037830
0.038337
0.070327
0.036612
0.056468
0.038863
0.038382
0.038378
0.038804
0.037276
0.036893
0.036930
0.037121
0.037143
0.037474
0.054839
0.037559
0.037864
0.038156
0.038359
0.038331
0.038351
0.071952
0.038559
0.039859
0.038138
0.038306
0.038199
0.038387
0.037649
0.037555
0.037584
0.037911
0.038260
0.038254
0.038271
0.038326
0.038377
0.038250
0.037982
0.037925
0.038220
0.071157
0.037946
0.038054
0.037918
0.037562
0.037140
0.037315
0.037344
0.037304
0.037011
0.037154
0.037002
0.037074
0.036850
0.036889
0.037249
0.037057
0.037055
0.037195
0.036916
0.070533
0.037042
0.037380
0.037500
0.037775
0.037876
0.037458
0.038275
0.038305
0.038478
0.038601
0.038662
0.038895
0.038890
0.038347
0.039045
0.039338
0.039047
0.039503
0.039987
0.073952
0.039451
0.039449
0.040244
0.039906
0.040065
0.039923
0.040505
0.040149
0.040478
0.038240
0.040532
0.038162
0.040649
0.040468
0.040255
0.040364
0.040146
0.040129
0.040117
0.074064
0.040574
0.040256
0.040199
0.040132
0.040196
0.040161
0.040265
0.040902
0.039864
0.040807
0.039392
0.039386
0.039231
0.039532
0.039232
0.039110
0.040577
0.040222
0.040529
0.072370
0.038773
0.039155
0.039532
0.038985
0.038946
0.038920
0.038612
0.038809
0.038756
0.038570
0.038767
0.038617
0.038553
0.038406
0.038337
0.038191
0.038187
0.037984
0.038108
0.071169
0.037823
0.037708
0.037800
0.038068
0.038524
0.038800
0.036692
0.036932
0.036939
0.036915
0.037425
0.037467
0.037505
0.038542
0.038521
0.038436
0.038261
0.056462
0.037113
0.072094
0.038433
0.038154
0.038564
0.038469
0.038547
0.038368
0.038177
0.038877
0.036836
0.039536
0.036629
0.038743
0.036807
0.036790
0.036826
0.037125
0.036984
0.036842
0.036941
0.070344
0.037032
0.036693
0.036724
0.036734
0.036910
0.036776
0.036577
0.036900
0.036536
0.036412
0.036501
0.036444
0.036567
0.036546
0.036846
0.036739
0.036561
0.036465
0.036427
0.069777
0.038862
0.038951
0.038926
0.038748
0.036494
0.036599
0.036404
0.038778
0.049279
0.038915
0.038604
0.038733
0.038533
0.038356
0.038297
0.038442
0.039428
0.038023
0.038347
0.072565
0.038891
0.039603
0.040160
0.040090
0.040106
0.040227
0.040096
0.040219
0.040179
0.040172
0.040011
0.039937
0.039892
0.040156
0.039744
0.039811
0.039573
0.039664
0.039784
0.073376
0.039498
0.039577
0.040013
0.040176
0.040359
0.040332
0.038184
0.038173
0.038125
0.038292
0.038414
0.038548
0.038665
0.038455
0.038477
0.038599
0.038474
0.038508
0.038716
0.072410
0.038776
0.038673
0.038536
0.038657
0.038416
0.038652
0.038621
0.038838
0.038902
0.038719
0.038743
0.038426
0.039242
0.037964
0.038159
0.038524
0.038428
0.038404
0.038191
0.070450
0.038227
0.038005
0.040166
0.039880
0.039891
0.039662
0.039692
0.039956
0.039651
0.039427
0.039517
0.040031
0.039528
0.039441
0.040040
0.039387
0.037963
0.038546
0.039272
0.072945
0.038388
0.038291
0.038465
0.038393
0.039818
0.039544
0.040036
0.038405
0.038497
0.039274
0.036856
0.037349
0.037161
0.037101
0.037138
0.037195
0.037395
0.037482
0.037378
0.070679
0.037343
0.037220
0.037143
0.037289
0.037189
0.037469
0.037396
0.037313
0.037386
0.037432
0.038917
0.036522
0.037506
0.037454
0.037369
0.036443
0.036593
0.036666
0.036719
0.070139
0.036704
0.036534
0.036664
0.036675
0.037191
0.038026
0.038089
0.037202
0.037544
0.038264
0.038254
0.038173
0.038986
0.039104
0.039103
0.039016
0.038876
0.038879
0.038775
0.072654
0.038669
0.038907
0.038820
0.038827
0.038240
0.038834
0.038985
0.038812
0.039098
0.038683
0.043496
0.039070
0.039145
0.038190
0.039124
0.038937
0.038922
0.041165
0.039103
0.073430
0.037943
0.037869
0.037783
0.038800
0.038941
0.038995
0.038614
0.038712
0.039019
0.039115
0.039022
0.039209
0.038063
0.038355
0.039197
0.038152
0.039043
0.039081
0.038854
0.072715
0.039081
0.039001
0.039169
0.038655
0.038829
0.038905
0.038933
0.038812
0.038674
0.038877
0.038662
0.038852
0.038773
0.038841
0.038359
0.038357
0.038050
0.039171
0.038831
0.072681
0.038832
0.038752
0.038621
0.038587
0.038701
0.039995
0.038890
0.038299
0.038535
0.040780
0.040731
0.038734
0.040779
0.043146
0.038428
0.038392
0.038451
0.038143
0.038644
0.071967
0.038503
0.038473
0.038487
0.038347
0.040649
0.039694
0.039926
0.039996
0.040290
0.040575
0.040109
0.040086
0.039613
0.039360
0.038900
0.037806
0.038649
0.038900
0.038584
0.072626
0.039066
0.039045
0.039180
0.039108
0.039069
0.039020
0.039026
0.039166
0.039038
0.039049
0.039026
0.039333
0.038909
0.039309
0.039332
0.039478
0.043054
0.039649
0.039669
0.073193
0.039666
0.039748
0.039569
0.039571
0.039560
0.039541
0.039743
0.039486
0.039585
0.039623
0.040550
0.039340
0.039457
0.039716
0.039023
0.039590
0.039700
0.040428
0.038532
0.072245
0.038541
0.038719
0.038673
0.039061
0.038310
0.038274
0.038318
0.038428
0.038401
0.038370
0.038313
0.038374
0.038220
0.038297
0.038440
0.038630
0.038342
0.038354
0.038430
0.071876
0.038124
0.038185
0.039501
0.037874
0.038890
0.038811
0.037943
0.037572
0.037439
0.038040
0.038796
0.038636
0.038436
0.039817
0.041288
0.043152
0.038654
0.038780
0.039692
0.071294
0.037128
0.037253
0.037487
0.037508
0.037450
0.037383
0.037612
0.037682
0.036861
0.036972
0.037132
0.036864
0.037046
0.036731
0.037131
0.037446
0.037324
0.038197
0.038280
0.072096
0.038777
0.039510
0.038517
0.038553
0.038496
0.038298
0.038635
0.037439
0.037544
0.037198
0.037261
0.038815
0.038640
0.038477
0.038459
0.038149
0.038407
0.038329
0.038360
0.072067
0.038634
0.038505
0.038684
0.038662
0.038500
0.038547
0.038175
0.038449
0.038670
0.038376
0.038450
0.038371
0.038609
0.037500
0.038029
0.038291
0.038278
0.038530
0.038397
0.072065
0.038303
0.038641
0.038391
0.038451
0.038132
0.040188
0.036693
0.036613
0.036632
0.036847
0.036704
0.036678
0.036659
