1.00
1.08
1.01
1.06
0.95
0.94
0.92
1.00
0.98
0.94
0.97
0.89
0.84
0.82
0.77
0.72
0.69
0.58
0.46
0.48
0.56
0.63
0.59
0.56
0.53
0.53
0.53
0.54
0.55
0.64
0.57
0.59
0.53
0.40
0.44
0.41
0.49
0.41
0.42
0.37
0.38
0.53
0.51
0.52
0.60
0.59
0.60
0.60
0.56
0.62
0.63
0.57
0.58
0.53
0.55
0.57
0.48
0.49
0.48
0.43
0.63
0.47
0.58
0.61
0.63
0.54
0.60
0.58
0.55
0.57
0.63
0.59
0.45
0.50
0.33
0.43
0.54
0.51
0.52
0.54
0.73
0.80
0.85
0.82
0.88
0.82
0.85
0.88
0.81
0.84
0.78
0.87
0.77
0.74
0.75
0.69
0.59
0.60
0.55
0.40
0.49
0.53
0.55
0.49
0.63
0.76
0.77
0.76
0.78
0.79
0.68
0.69
0.70
0.69
0.72
0.73
0.68
0.66
0.62
0.66
0.57
0.83
0.86
0.79
0.67
0.62
0.59
0.59
0.63
0.58
0.60
0.66
0.64
0.63
0.55
0.64
0.66
0.66
0.56
0.55
0.59
0.67
0.60
0.63
0.73
0.61
0.79
0.66
0.72
0.65
0.70
0.55
0.51
0.52
0.60
0.56
0.47
0.56
0.63
0.65
0.65
0.67
0.71
0.73
0.72
0.83
0.78
0.82
0.86
0.78
0.77
0.77
0.76
0.70
0.73
0.71
0.71
0.68
0.73
0.76
0.79
0.84
0.86
0.86
0.89
0.89
0.93
0.92
0.89
0.91
0.90
0.91
0.89
0.92
0.90
0.89
0.88
0.88
0.90
0.88
0.86
0.97
0.97
0.95
0.96
0.96
0.93
0.91
0.92
0.89
0.90
0.91
0.90
0.96
0.96
0.96
0.98
0.92
0.92
0.81
0.73
0.78
0.77
0.76
0.84
0.75
0.93
0.86
0.83
0.72
0.67
0.70
0.71
0.72
0.73
0.69
0.66
0.58
0.50
0.47
0.36
0.52
0.42
0.27
0.36
0.37
0.18
0.14
0.03
0.07
0.18
0.18
0.19
0.18
0.21
0.15
0.15
0.15
0.09
0.11
0.11
0.24
0.23
0.43
0.36
0.30
0.27
0.61
0.70
0.65
0.54
0.51
0.42
0.33
0.51
0.51
0.52
0.50
0.56
0.51
0.58
0.65
0.71
0.65
0.61
0.55
0.49
0.63
0.66
0.70
0.81
0.95
0.82
0.87
0.80
0.89
0.94
0.91
0.91
0.97
0.95
0.94
0.97
1.00
0.89
0.78
0.86
0.78
0.76
0.68
0.71
0.74
0.75
0.46
0.50
0.61
0.67
0.64
0.64
0.68
0.63
0.69
0.65
0.74
0.69
0.70
0.60
0.68
0.75
0.69
0.64
0.65
0.69
0.67
0.60
0.58
0.58
0.65
0.68
0.74
0.71
0.80
0.72
0.85
0.82
0.86
0.80
0.84
0.80
0.75
0.71
0.70
0.71
0.71
0.69
0.68
0.75
0.75
0.73
0.75
0.75
0.90
0.87
0.92
0.94
0.93
0.89
0.92
0.93
0.92
0.91
0.97
0.97
0.97
1.00
0.95
0.99
0.99
0.99
0.98
0.97
1.10
1.08
1.07
1.11
1.18
1.15
1.07
1.09
1.11
1.04
0.96
0.88
0.86
0.92
0.98
0.99
1.07
1.05
0.99
0.97
0.88
0.85
0.77
0.84
0.93
0.89
0.82
0.78
0.78
0.69
0.73
0.67
0.65
0.65
0.66
0.66
0.70
0.63
0.78
0.74
0.77
0.79
0.80
0.83
0.81
0.80
0.76
0.83
0.88
0.74
0.78
0.78
0.85
0.86
0.84
0.83
0.92
0.87
0.85
0.88
0.96
0.95
0.97
0.96
0.92
0.91
0.87
0.91
0.81
0.79
0.72
0.86
0.75
0.81
0.73
0.77
0.76
0.81
0.84
0.80
0.97
0.93
0.85
0.85
0.87
0.83
0.87
1.01
0.94
0.97
0.98
1.04
0.95
0.87
0.93
0.98
1.02
1.03
1.05
1.09
1.15
1.10
1.02
1.15
1.17
1.18
1.14
1.16
1.12
1.07
1.01
0.88
0.97
0.81
0.85
0.81
0.83
0.80
0.85
0.84
0.81
0.88
0.88
0.94
1.01
0.94
1.02
1.08
1.11
1.06
1.05
1.13
1.10
1.02
1.04
0.92
0.92
0.86
0.90
0.79
0.82
0.81
0.81
0.83
0.90
0.95
0.87
0.86
0.88
0.82
0.83
0.91
0.86
0.83
0.82
0.78
0.86
0.79
0.79
0.81
0.99
0.94
1.00
0.91
0.85
0.89
0.92
0.87
0.85
0.80
0.77
0.75
0.71
0.72
0.71
0.68
0.70
0.68
0.69
0.78
0.92
0.91
0.89
0.92
0.88
0.87
1.04
1.02
1.03
0.88
0.89
0.77
0.86
0.87
0.82
0.86
0.80
0.80
0.82
0.87
0.94
0.94
0.94
0.89
0.90
0.84
0.82
0.79
0.78
0.76
0.81
0.75
0.75
0.73
0.73
0.63
0.65
0.62
0.61
0.58
0.83
0.77
0.80
0.81
0.81
0.81
0.82
0.78
0.81
0.80
0.77
0.76
0.77
0.81
0.82
0.81
0.83
0.88
0.91
0.87
1.00
1.01
0.99
0.98
1.05
1.06
1.04
1.07
1.08
0.98
1.00
0.99
1.01
1.02
0.97
0.98
0.95
0.93
0.89
0.87
0.94
0.95
0.98
0.96
0.95
0.90
0.92
0.97
0.92
0.93
0.96
0.98
0.94
0.91
0.95
0.89
0.95
0.94
1.03
1.01
1.05
1.06
1.03
1.03
0.99
0.99
1.00
0.98
1.02
1.01
1.02
1.04
1.02
1.02
0.98
0.95
0.96
1.04
1.03
1.04
1.00
0.92
0.94
0.87
0.90
0.91
0.85
0.82
0.75
0.73
0.71
0.77
0.72
0.83
0.83
0.92
0.90
0.91
0.90
0.89
0.98
1.09
1.01
1.11
1.07
0.87
0.88
0.88
0.88
0.94
0.87
0.59
0.56
0.53
0.54
0.15
0.31
0.29
0.35
0.39
0.53
0.47
0.44
0.31
0.34
0.29
0.38
0.36
0.33
0.37
0.39
0.43
0.48
0.48
0.61
0.56
0.54
0.62
0.55
0.65
0.85
0.86
0.89
0.83
0.90
0.85
0.88
0.87
0.81
0.85
0.91
0.86
0.54
0.43
0.46
0.65
0.55
0.76
0.79
0.81
0.84
0.72
0.71
0.86
0.96
1.05
1.11
1.08
1.06
1.08
1.01
1.08
1.11
1.10
1.09
1.12
1.12
1.11
1.15
1.11
1.02
1.04
0.98
0.93
0.89
0.86
0.85
0.89
0.94
0.92
0.93
0.96
0.94
1.03
1.00
0.97
0.95
0.92
0.89
0.88
0.89
0.77
0.68
0.63
0.63
0.60
0.59
0.82
0.86
0.92
0.97
1.00
0.70
0.87
0.84
0.55
0.75
0.68
0.64
0.60
0.73
0.72
0.74
0.69
0.62
0.65
0.60
0.52
0.60
0.55
0.55
0.49
0.51
0.53
0.49
0.51
0.44
0.50
0.47
0.43
0.69
0.64
0.62
0.62
0.65
0.64
0.65
0.66
0.70
0.64
0.64
0.65
0.69
0.67
0.64
0.66
0.66
0.69
0.65
0.61
0.84
0.77
0.81
0.82
0.83
0.79
0.83
0.82
0.83
0.81
0.82
0.79
0.79
