0.401646
0.038717
0.038417
0.038263
0.038242
0.038516
0.038577
0.038676
0.038457
0.038530
0.038509
0.038510
0.038359
0.038482
0.038620
0.038730
0.038769
0.039062
0.039021
0.038968
0.066905
0.039122
0.038944
0.038965
0.038849
0.038844
0.039017
0.038903
0.038881
0.039090
0.039454
0.038865
0.038842
0.038883
0.038820
0.038768
0.038929
0.038873
0.039993
0.040081
0.073977
0.040193
0.040059
0.040244
0.040418
0.040030
0.040075
0.040080
0.040169
0.040034
0.040206
0.040097
0.040278
0.040229
0.040302
0.039989
0.039985
0.039801
0.040012
0.040112
0.073673
0.039882
0.039756
0.039984
0.039832
0.039704
0.039957
0.039769
0.039976
0.039635
0.040063
0.040189
0.040089
0.040434
0.040402
0.040217
0.040306
0.040287
0.040094
0.040119
0.073708
0.040115
0.040125
0.040236
0.040348
0.039941
0.039986
0.040140
0.040029
0.040091
0.039947
0.040213
0.039833
0.039830
0.039878
0.039966
0.039899
0.040025
0.039850
0.040038
0.073835
0.039857
0.039954
0.040079
0.039836
0.039797
0.039635
0.040219
0.039985
0.039790
0.039849
0.039850
0.040108
0.040041
0.040085
0.039907
0.040143
0.039824
0.039817
0.040010
0.073528
0.039708
0.039856
0.039590
0.039820
0.040062
0.040220
0.039889
0.039975
0.039934
0.039966
0.039966
0.039961
0.039988
0.039804
0.039942
0.039963
0.039927
0.039846
0.039991
0.073761
0.040008
0.040098
0.040083
0.039710
0.040061
0.039969
0.039982
0.039773
0.040125
0.039876
0.039910
0.040056
0.040003
0.040249
0.040089
0.040479
0.040264
0.040312
0.039954
0.074051
0.040366
0.039958
0.039907
0.039802
0.039723
0.039797
0.039700
0.039696
0.039612
0.039883
0.039642
0.040063
0.040042
0.040045
0.039989
0.039821
0.040089
0.040362
0.039951
0.073717
0.040109
0.040174
0.040328
0.040454
0.040450
0.040698
0.040540
0.040505
0.040283
0.040615
0.040492
0.040290
0.040279
0.040527
0.040422
0.040222
0.040529
0.040594
0.040427
0.074261
0.040571
0.039996
0.040100
0.039801
0.039369
0.039653
0.039683
0.038053
0.037902
0.037995
0.037720
0.037672
0.037753
0.037762
0.037657
0.037536
0.037445
0.037525
0.037565
0.070915
0.037564
0.037563
0.037550
0.037499
0.037624
0.037640
0.037572
0.037639
0.037522
0.037591
0.037457
0.037680
0.037821
0.037865
0.037568
0.037447
0.037771
0.037542
0.037673
0.071054
0.037571
0.037684
0.037670
0.037735
0.037666
0.037768
0.037930
0.037522
0.037670
0.037685
0.037489
0.037718
0.037683
0.037698
0.037751
0.037501
0.037648
0.038002
0.038148
0.073712
0.038317
0.038335
0.038485
0.038521
0.038574
0.038650
0.038900
0.039006
0.039533
0.039906
0.039886
0.039609
0.057549
0.039470
0.039562
0.039574
0.039637
0.038709
0.039895
0.073847
0.039901
0.057616
0.039454
0.039658
0.039452
0.039350
0.039454
0.040098
0.039531
0.039555
0.039336
0.039341
0.039894
0.039609
0.039829
0.039537
0.039296
0.039422
0.039486
0.073226
0.037986
0.037853
0.038031
0.037935
0.037822
0.037922
0.037984
0.037726
0.037749
0.037788
0.037690
0.037853
0.037736
0.037848
0.037742
0.037709
0.037948
0.037807
0.037901
0.071344
0.037603
0.037505
0.037450
0.037380
0.037616
0.037600
0.037469
0.037543
0.037626
0.037617
0.037567
0.037540
0.037582
0.037548
0.037584
0.037688
0.037550
0.037490
0.038094
0.072088
0.038326
0.038910
0.039253
0.039231
0.039132
0.039027
0.039167
0.039228
0.038998
0.039218
0.038962
0.039034
0.039188
0.039042
0.039046
0.039272
0.038982
0.039160
0.039270
0.073109
0.039212
0.038981
0.039113
0.039198
0.039269
0.039256
0.038973
0.039038
0.039163
0.038995
0.039149
0.038988
0.039020
0.039306
0.039017
0.039102
0.039203
0.039022
0.040497
0.072821
0.041194
0.041837
0.043428
0.039208
0.038440
0.038308
0.038268
0.038371
0.038275
0.039215
0.039313
0.039338
0.039440
0.039234
0.039321
0.039715
0.039196
0.039871
0.037951
0.071373
0.037976
0.037864
0.037870
0.037852
0.037848
0.038216
0.038461
0.038567
0.038380
0.038374
0.039182
0.038323
0.039563
0.038312
0.038779
0.039387
0.039371
0.039196
0.039311
0.072942
0.039224
0.039188
0.039382
0.039196
0.039459
0.039529
0.039702
0.039576
0.039573
0.039559
0.039608
0.039339
0.039253
0.056999
0.038227
0.057393
0.039737
0.039572
0.039267
0.073270
0.039464
0.039537
0.038395
0.038423
0.038531
0.039369
0.039581
0.039802
0.040008
0.040551
0.040733
0.040267
0.040270
0.040098
0.040274
0.040287
0.040850
0.040139
0.040281
0.074318
0.041030
0.041285
0.038964
0.038923
0.039053
0.039205
0.039283
0.038995
0.059093
0.058787
0.058191
0.057527
0.045873
0.039539
0.039411
0.039627
0.039243
0.038974
0.039210
0.073255
0.039472
0.039328
0.039113
0.039207
0.039295
0.039204
0.039333
0.039157
0.040196
0.039230
0.039285
0.039488
0.039126
0.039202
0.039546
0.039228
0.039355
0.039108
0.039119
0.073210
0.039272
0.039215
0.039310
0.039376
0.039210
0.039254
0.039540
0.057880
0.057782
0.040344
0.058110
0.039953
0.039720
0.040018
0.040134
0.039872
0.039656
0.039564
0.039806
0.073509
0.040141
0.040051
0.040312
0.039878
0.038666
0.038926
0.039123
0.039123
0.039796
0.039704
0.039942
0.040674
0.038789
0.039030
0.038932
0.039113
0.039882
0.038804
0.039226
0.073774
0.040009
0.040094
0.039769
0.039499
0.039696
0.039566
0.039664
0.039732
0.039845
0.039940
0.040015
0.040783
0.038242
0.038762
0.038766
0.038846
0.038507
0.039301
0.038988
0.072471
0.039179
0.039510
0.040684
0.041438
0.040141
0.040123
0.040083
0.041857
0.040038
0.040092
0.040238
0.040514
0.040479
0.040306
0.040277
0.039643
0.039508
0.039277
0.039285
0.073497
0.038531
0.038290
0.057261
0.057350
0.039387
0.039666
0.039799
0.039301
0.040052
0.039879
0.039777
0.039663
0.046467
0.039829
0.039796
0.039518
0.039706
0.039732
0.039587
0.073723
0.039509
0.039707
0.039931
0.039356
0.039646
0.039691
0.038534
0.038547
0.038448
0.038728
0.038913
0.038863
0.038660
0.038808
0.038616
0.038758
0.056587
0.056566
0.056497
0.057365
0.058128
0.057995
0.057781
0.039717
0.040205
0.039894
0.039844
0.039793
0.039479
0.039525
0.039687
0.039864
0.057881
0.038697
0.057582
0.058004
0.057660
0.058012
0.039983
0.073770
0.039977
0.039884
0.039888
0.039826
0.038898
0.038829
0.038788
0.038901
0.039047
0.038794
0.038932
0.039629
0.046989
0.042776
0.041882
0.045311
0.048549
0.043985
0.041075
0.080694
0.040074
0.039861
0.045928
0.046901
0.044518
0.046566
0.040044
0.047419
0.040251
0.040120
0.043067
0.045972
0.046270
0.048524
0.039889
0.039976
0.042174
0.043175
0.046227
0.074066
0.040032
0.043509
0.043691
0.047307
0.045724
0.046409
0.045292
0.045228
0.040817
0.045922
0.046849
0.040727
0.039927
0.040163
0.039583
0.039821
0.039776
0.039638
0.039591
0.073351
0.038411
0.038628
0.038733
0.038488
0.038487
0.038398
0.038559
0.038626
0.038593
0.038587
0.038586
0.038659
0.038938
0.038884
0.039346
0.037208
0.037364
0.037322
0.039638
0.072427
0.038753
0.038699
0.038384
0.038915
0.039134
0.039058
0.056934
0.039138
0.039399
0.039233
0.039551
0.039501
0.039730
0.037164
0.039736
0.037236
0.037046
0.037155
0.037426
0.070656
0.037213
0.037295
0.037356
0.037444
0.037256
0.037322
0.037282
0.037246
0.037224
0.037257
0.037281
0.037317
0.039641
0.037251
0.037350
0.039375
0.039818
0.057659
0.057683
0.073485
0.040061
0.040097
0.040016
0.040097
0.039512
0.039078
0.038878
0.038733
0.038750
0.038517
0.038778
0.038785
0.038864
0.038817
0.039645
0.039291
0.038534
0.056927
0.056979
0.072611
0.040121
0.039311
0.039139
0.040273
0.046450
0.043966
0.046827
0.046071
0.040544
0.045294
0.064859
0.041707
0.043425
0.048001
0.047215
0.043498
0.048122
0.048696
0.051081
0.077897
0.041608
0.047702
0.041255
0.039443
0.039706
0.040693
0.043556
0.042255
0.042875
0.043947
0.040928
0.042242
0.042295
0.050837
0.045058
0.051826
0.043131
0.043858
0.052069
0.080642
0.041020
0.045476
0.041094
0.043826
0.043255
0.041649
0.046986
0.044593
0.043514
0.047822
0.039257
0.040921
0.039767
0.044801
0.041334
0.040610
0.039904
0.039713
0.039680
0.073595
0.039741
0.039571
0.057681
0.039434
0.039372
0.039642
0.039468
0.039505
0.039430
0.039553
0.039867
0.040313
0.040125
0.057904
0.040056
0.060027
0.058697
0.039532
0.039261
0.056189
0.038197
0.037138
0.055927
0.056537
0.038714
0.038828
0.039515
0.039038
0.038804
0.038957
0.039120
0.039034
0.056713
0.039419
0.057032
0.057558
0.037347
0.055073
0.055053
0.055057
0.037428
0.037039
0.055019
0.054996
0.055013
0.037457
0.037381
0.055366
0.055026
0.037282
0.055029
0.037338
0.037366
0.037176
0.037412
0.039694
0.039755
0.039491
0.039480
0.073539
0.039472
0.039433
0.039279
0.039483
0.039476
0.039399
0.056925
0.039260
0.039194
0.057255
0.039495
0.057069
0.039499
0.039341
0.039423
0.039249
0.039299
0.039324
0.040560
0.072886
0.039362
0.039269
0.039288
0.039407
0.039554
0.039264
0.039309
0.039320
0.039247
0.039201
0.039313
0.039284
0.039350
