358	127	60	91
359	123	59	93
358	123	59	91
356	124	57	87
353	123	59	88
354	118	55	88
354	110	55	94
353	109	58	91
351	106	61	94
354	105	57	96
353	105	60	96
354	106	57	95
354	108	62	95
353	111	60	93
355	114	61	94
355	115	60	93
356	117	61	96
357	120	60	92
356	121	59	91
354	123	58	89
349	122	58	89
343	121	61	89
341	121	57	87
337	116	58	89
337	114	56	88
335	109	56	87
333	105	55	87
334	101	50	83
331	93	55	88
331	87	51	93
332	82	52	98
333	78	52	102
335	80	59	104
338	89	63	98
342	98	55	88
340	93	59	90
335	87	59	93
334	84	55	92
332	79	55	94
330	75	57	97
327	66	59	104
323	64	62	103
317	66	68	96
314	70	58	87
314	64	55	90
313	56	54	96
310	53	58	91
312	51	53	84
314	44	51	85
315	39	50	85
318	33	53	86
319	28	51	88
323	23	53	90
326	19	53	90
331	14	55	93
336	12	54	89
343	7	54	91
349	6	56	88
354	2	59	86
359	2	58	84
366	5	56	82
373	4	60	85
385	7	51	82
391	5	55	86
398	3	55	93
406	7	52	93
412	6	52	96
416	12	53	93
419	16	51	93
416	19	53	92
413	20	52	96
408	23	51	95
395	18	60	102
387	22	61	96
377	23	62	91
369	20	62	94
366	24	51	87
355	17	58	94
350	17	57	96
343	14	61	101
338	12	57	102
332	15	59	95
325	14	61	98
319	14	60	99
309	18	60	97
307	28	54	86
302	27	57	90
299	37	57	81
299	38	52	83
299	33	54	88
302	33	54	93
305	36	57	89
311	33	56	92
317	33	56	90
323	32	56	91
327	33	60	92
332	32	61	94
339	31	59	96
345	32	60	97
349	33	61	100
355	36	58	97
356	38	59	97
360	41	57	94
365	43	52	94
371	44	48	97
380	51	46	93
387	52	44	102
392	57	41	98
391	58	45	98
391	59	47	98
377	61	51	98
372	65	64	94
345	63	78	98
327	62	89	101
328	61	73	103
332	61	60	108
332	57	57	118
332	56	55	116
333	48	55	118
332	55	55	127
329	54	61	126
329	56	65	120
328	57	76	112
329	55	58	124
378	68	74	101
349	57	68	102
382	71	68	91
329	65	59	103
384	72	58	94
371	57	62	93
335	61	64	97
328	63	67	104
341	58	53	112
357	63	40	98
340	60	52	103
348	61	49	94
362	64	48	86
360	70	37	76
392	76	39	69
386	78	45	59
380	85	46	67
386	74	52	53
380	89	48	51
335	71	53	45
333	68	55	50
333	70	55	49
334	69	55	48
333	70	55	45
332	67	56	50
333	65	54	53
332	65	55	54
331	63	55	56
330	63	55	54
329	63	55	55
329	63	53	55
330	61	53	59
329	57	53	64
330	56	52	65
331	58	51	68
332	59	50	66
335	66	47	66
337	65	47	71
337	65	52	77
335	68	63	81
335	71	74	83
335	71	87	86
327	69	98	89
327	66	103	94
329	69	111	92
306	61	85	100
329	63	60	100
331	57	59	107
331	58	57	104
333	56	58	108
334	56	55	107
334	56	58	109
334	56	58	105
334	55	59	109
335	55	58	108
335	56	59	107
337	55	55	107
338	57	54	103
336	57	55	105
336	57	57	104
337	55	55	107
338	54	55	108
338	56	57	105
338	56	57	105
339	55	58	106
338	54	58	106
341	55	56	106
340	53	57	110
340	53	58	108
343	53	55	109
343	53	58	107
343	56	57	104
345	53	56	108
345	54	57	104
346	55	55	105
348	54	56	104
350	56	51	104
348	58	54	102
347	58	55	102
346	56	56	103
346	55	56	105
347	54	55	105
345	55	57	104
346	54	56	106
345	55	57	104
345	54	58	103
345	54	57	105
347	53	55	107
345	55	58	104
347	55	55	101
346	55	58	104
347	56	57	98
349	55	53	105
348	57	55	100
349	58	53	101
348	55	55	105
348	53	55	105
350	55	53	105
348	53	55	107
347	53	57	106
347	55	57	104
349	54	53	105
347	56	56	103
345	56	57	104
344	56	58	102
344	56	57	104
345	53	58	109
342	53	59	109
342	56	57	104
339	55	58	109
340	55	58	105
340	55	55	108
339	56	56	107
337	57	58	105
336	56	61	106
335	55	60	108
336	57	54	106
335	60	52	101
335	61	47	103
333	60	47	103
332	56	43	103
331	57	41	100
331	55	37	96
336	60	41	94
328	56	38	96
349	56	43	90
346	55	57	93
328	56	75	92
329	56	82	91
329	58	80	90
331	58	68	89
326	57	69	94
327	58	67	94
325	58	71	97
325	60	70	94
328	63	69	91
328	63	64	93
325	64	68	90
326	65	64	93
326	64	66	98
326	68	72	95
325	68	72	96
323	70	89	95
327	71	84	96
329	72	83	99
322	68	92	105
320	68	100	106
298	59	127	116
311	56	112	125
316	58	114	128
299	57	120	121
309	59	122	126
301	62	122	112
294	62	93	104
301	58	79	111
313	55	74	119
319	53	54	121
319	55	54	109
318	55	56	106
319	55	54	100
321	54	53	104
319	54	57	101
320	55	57	96
320	59	55	88
319	63	58	76
321	69	56	68
324	68	54	73
325	64	53	79
324	65	53	79
323	64	56	81
325	64	54	82
324	64	58	82
325	64	54	83
326	66	52	81
324	64	53	84
326	66	53	81
324	62	56	86
326	61	54	89
325	54	54	99
326	55	54	99
323	59	56	97
324	58	53	103
327	59	52	104
326	60	53	103
325	62	54	101
325	61	54	103
327	62	51	104
327	56	51	112
325	56	54	113
325	56	54	111
327	58	53	108
326	57	54	110
324	55	57	110
324	56	54	109
327	58	55	107
325	57	55	108
326	60	54	103
325	60	56	105
326	57	54	108
324	60	55	102
324	60	56	100
326	60	56	100
324	59	59	101
326	60	54	103
327	61	54	102
326	60	53	105
329	62	52	103
325	62	56	102
324	60	57	104
324	59	55	104
325	60	56	103
325	59	56	105
324	59	56	104
325	57	56	106
325	57	54	105
327	58	53	103
326	58	55	102
326	57	55	103
327	58	55	101
327	59	55	100
329	61	53	98
328	59	54	100
327	59	54	102
328	57	54	104
326	58	56	103
326	57	54	105
327	56	55	107
325	56	57	106
326	56	58	107
327	56	57	107
329	57	56	107
328	57	56	108
329	56	59	107
331	56	57	106
333	57	55	107
332	57	59	105
333	58	57	101
333	57	58	105
332	55	61	108
334	55	60	109
335	55	58	108
335	57	59	104
336	58	60	104
337	56	59	106
335	56	59	108
337	58	60	99
340	59	56	103
339	58	58	101
339	55	58	107
340	54	58	111
341	55	57	108
341	57	59	105
342	56	57	103
342	54	59	108
342	54	59	106
345	55	56	107
345	55	59	104
346	54	58	107
346	54	59	106
346	55	60	111
347	55	58	106
348	55	55	105
347	56	55	98
345	57	57	85
347	57	54	83
347	59	65	70
346	63	81	65
384	16	91	52
367	19	93	40
357	19	90	43
347	17	86	49
338	18	83	49
328	23	85	48
320	30	80	45
311	34	79	46
302	43	78	44
295	56	74	37
286	59	74	42
282	63	71	46
337	78	64	53
342	74	53	62
340	70	54	69
339	67	55	75
338	64	59	79
335	60	61	86
335	56	58	103
335	58	57	102
335	57	56	106
334	58	56	103
334	55	56	108
334	55	57	107
333	53	56	109
333	53	55	109
332	55	58	104
332	53	55	111
330	55	58	106
331	54	60	107
330	53	58	110
330	53	58	108
331	55	56	107
331	53	54	110
328	53	59	109
328	52	61	107
329	51	59	111
331	48	58	115
331	51	57	110
330	50	58	112
330	48	57	113
329	49	59	112
329	47	57	113
329	49	59	109
326	47	61	111
329	45	59	112
328	44	61	115
329	42	59	116
330	43	59	114
331	44	59	114
332	44	60	111
331	42	61	115
334	41	60	113
334	42	61	107
333	38	63	115
335	39	62	110
338	40	64	106
339	40	63	106
340	41	63	104
342	36	63	116
342	36	65	108
344	35	64	110
346	32	64	117
349	32	62	114
347	29	65	120
352	28	62	116
350	27	66	119
349	23	69	121
351	22	67	125
351	24	70	117
354	24	66	118
352	22	71	123
357	22	65	122
356	22	67	124
355	22	70	119
356	21	68	124
357	22	65	123
356	20	68	127
355	21	69	122
356	21	66	126
353	22	69	123
354	21	68	124
355	24	66	125
354	22	67	125
352	22	66	129
351	23	67	120
350	25	67	124
351	24	67	118
352	26	62	121
350	25	64	124
349	26	65	122
348	27	64	122
346	29	68	116
346	29	67	119
345	28	64	121
345	33	64	114
347	37	59	113
344	36	61	113
345	38	60	112
340	34	65	114
341	34	63	115
340	34	63	116
339	34	65	116
339	35	62	115
340	38	60	109
338	36	61	115
337	37	61	113
338	41	60	111
338	39	59	113
336	39	61	114
338	41	58	110
336	41	59	110
336	43	61	107
334	43	62	104
337	42	57	110
335	42	59	110
334	44	61	105
334	42	61	106
334	42	61	110
334	41	59	112
336	41	57	113
337	44	56	110
334	45	60	105
334	44	59	111
333	45	61	109
333	43	59	114
332	45	62	106
331	46	62	107
333	45	60	108
333	45	60	107
335	46	58	109
334	48	59	107
335	48	60	108
333	47	63	111
336	47	60	107
337	49	60	105
336	47	62	105
337	47	60	106
337	46	61	107
336	49	62	100
338	48	56	102
338	48	55	101
339	53	50	94
336	52	55	92
335	55	50	89
335	53	55	85
332	52	56	77
330	54	55	69
331	52	58	69
330	51	58	68
329	47	60	69
329	41	60	73
330	51	56	60
327	47	58	61
329	42	56	61
328	54	55	46
328	55	55	49
326	53	55	42
328	56	54	44
327	53	55	41
327	54	56	46
326	53	56	40
327	53	55	45
327	55	57	49
327	52	54	46
327	55	55	45
329	63	59	45
328	57	59	52
326	53	57	50
324	47	57	55
328	40	53	57
330	39	51	62
337	55	44	71
332	48	50	79
327	44	56	96
324	45	59	104
320	43	62	111
320	42	64	108
321	42	60	114
320	42	60	109
320	42	59	112
318	40	61	114
319	40	60	113
319	41	60	110
323	42	54	111
324	42	54	113
317	45	60	111
312	44	67	111
310	43	68	113
321	39	59	119
323	38	57	120
324	38	60	120
328	37	56	118
321	32	65	127
322	37	65	122
327	37	62	122
325	33	65	126
333	37	59	125
330	36	62	124
335	32	58	129
337	32	57	127
334	29	59	131
332	27	60	125
333	34	62	122
337	31	56	127
339	28	55	126
340	30	54	130
336	26	59	134
330	18	63	144
334	2	60	133
338	27	56	139
334	28	60	129
331	29	60	128
332	33	59	123
329	33	63	121
329	32	64	121
327	35	75	119
329	34	61	118
329	37	59	114
329	38	61	111
327	36	64	113
327	35	62	113
328	38	61	112
329	35	60	115
328	36	62	112
328	35	60	116
327	36	62	110
330	37	60	113
328	36	62	113
330	36	59	114
331	34	60	119
329	36	60	115
330	37	59	110
330	36	60	114
330	35	61	113
331	34	60	118
329	34	63	113
330	36	62	111
331	35	61	111
331	38	58	110
329	36	61	113
328	32	62	117
331	32	58	119
328	34	60	113
328	33	60	116
325	32	63	115
328	34	58	111
328	35	59	113
327	36	58	110
327	35	59	111
328	35	57	113
324	31	63	114
324	31	61	112
325	31	62	113
325	29	63	114
324	28	62	116
325	28	61	117
326	28	60	117
326	26	62	121
326	27	61	117
327	28	60	117
328	28	60	115
328	26	61	116
324	26	63	118
325	25	61	115
326	27	60	117
326	22	63	121
321	20	65	121
321	21	64	121
321	20	61	122
319	19	62	125
318	20	61	122
318	20	59	124
315	23	63	113
312	18	63	125
309	17	64	126
308	18	67	121
310	20	63	120
308	18	63	125
307	17	66	124
305	17	66	125
304	15	65	130
304	17	69	125
303	20	67	119
303	20	67	119
302	24	65	112
304	21	64	122
302	24	67	114
301	25	68	115
301	30	68	102
302	30	65	111
301	33	67	102
303	34	61	103
303	34	61	109
302	36	61	106
302	42	61	98
302	44	60	102
301	47	63	98
301	50	62	95
304	54	57	96
302	57	61	91
305	60	57	86
305	63	58	84
309	69	54	77
308	70	57	71
307	76	58	67
310	79	53	66
312	26	46	63
316	27	47	66
317	27	49	65
318	28	49	63
320	28	45	56
313	30	54	51
315	41	54	42
310	43	57	40
311	43	59	42
312	45	60	42
314	43	57	47
313	45	60	49
313	43	63	57
316	56	54	59
316	52	54	69
319	49	55	75
318	47	59	78
318	43	63	84
316	38	64	91
319	35	59	105
319	36	58	111
321	36	59	115
320	33	59	117
321	32	57	118
320	33	60	116
320	35	61	110
322	35	60	110
320	34	63	112
321	34	62	111
320	35	62	108
320	34	61	113
320	35	61	113
321	37	60	108
322	36	60	113
318	34	64	117
319	39	63	101
321	37	61	110
323	36	60	115
323	38	63	109
321	37	63	110
324	36	58	115
325	38	57	118
324	38	59	118
324	39	57	117
324	38	58	117
325	39	58	115
322	37	61	115
322	37	62	116
325	37	59	116
324	37	61	117
322	35	63	116
326	35	60	115
327	40	59	108
328	39	60	106
329	40	62	106
330	39	59	113
329	38	59	119
327	35	62	118
330	35	58	120
330	35	62	122
332	34	59	124
333	35	59	124
334	33	59	128
335	34	59	127
335	35	61	126
337	35	58	124
337	35	61	119
335	35	63	113
337	34	63	118
337	34	63	114
339	35	62	113
338	37	64	109
338	35	63	111
340	36	62	110
340	34	63	114
342	35	59	113
340	33	62	120
338	31	66	123
339	29	64	129
340	31	63	126
342	28	61	128
340	31	66	125
342	32	64	117
341	33	65	112
342	31	64	123
345	32	61	123
343	32	64	123
344	32	63	121
347	35	61	118
344	35	65	121
346	35	64	119
346	34	65	120
346	34	64	118
348	36	63	112
349	37	63	110
350	38	62	100
350	36	62	107
351	35	62	109
352	37	62	108
351	34	64	114
352	34	64	113
353	34	61	118
353	34	63	118
354	35	64	115
353	36	64	113
354	38	63	110
354	37	65	115
355	37	66	111
356	37	66	112
359	37	63	113
358	36	67	111
360	35	66	111
360	34	68	112
363	32	68	114
364	32	67	109
367	29	67	115
370	28	64	117
370	26	67	117
370	22	70	118
372	20	69	115
375	20	73	99
380	18	70	94
382	12	75	101
387	8	79	100
392	3	80	98
400	1	79	98
399	1	84	95
399	1	92	89
403	0	89	89
403	0	91	82
408	0	81	80
413	0	76	84
411	0	80	85
413	0	73	90
410	-2	76	96
413	1	72	91
407	0	80	92
411	0	76	91
410	0	78	88
409	-1	79	84
409	0	79	89
409	-2	80	86
414	0	73	89
412	-1	76	91
413	-1	74	90
412	-1	77	89
411	-2	79	93
414	0	74	86
413	0	75	88
412	-2	79	83
415	0	73	86
414	-1	74	79
414	0	73	79
414	0	71	76
412	-1	74	68
416	-1	68	68
414	-1	71	69
414	-1	71	67
415	-1	72	73
415	0	72	74
414	-1	73	74
