0.404395
0.037809
0.037650
0.037611
0.037531
0.038656
0.038448
0.038306
0.038640
0.038296
0.038608
0.038482
0.038608
0.038488
0.038524
0.038638
0.038584
0.038405
0.038677
0.038706
0.066748
0.038367
0.038601
0.038073
0.038447
0.038237
0.038597
0.038278
0.038458
0.038665
0.038633
0.038437
0.038857
0.038473
0.039702
0.038331
0.038614
0.038697
0.038636
0.038619
0.074330
0.038724
0.038952
0.038775
0.038871
0.038350
0.038509
0.039092
0.036899
0.039095
0.037543
0.037273
0.038124
0.041645
0.038437
0.038750
0.038461
0.038357
0.038648
0.038321
0.072140
0.038478
0.038479
0.038590
0.038536
0.038009
0.038496
0.038234
0.038324
0.038317
0.038541
0.038212
0.038635
0.038525
0.038683
0.038406
0.038587
0.038361
0.038345
0.038427
0.072817
0.038512
0.038672
0.038620
0.038579
0.038440
0.038503
0.038329
0.037989
0.038178
0.038808
0.038793
0.038645
0.038305
0.038393
0.038397
0.038498
0.038773
0.039588
0.037228
0.070484
0.037012
0.038617
0.036742
0.037019
0.036731
0.036850
0.036791
0.036967
0.036838
0.036917
0.036804
0.037286
0.037319
0.037680
0.037274
0.037210
0.037250
0.037239
0.037144
0.071038
0.037449
0.037494
0.037571
0.037549
0.038318
0.038013
0.037669
0.038316
0.037658
0.037655
0.037558
0.037800
0.037636
0.037283
0.037401
0.037249
0.037269
0.037112
0.036930
0.070547
0.036964
0.037218
0.037026
0.037149
0.037030
0.037458
0.037316
0.037105
0.036999
0.037233
0.037081
0.037194
0.037135
0.037290
0.037040
0.037445
0.038067
0.037207
0.037101
0.070761
0.037204
0.037375
0.037321
0.037654
0.038557
0.037668
0.037773
0.038191
0.037940
0.037818
0.037136
0.037368
0.037043
0.037112
0.054943
0.037213
0.037314
0.055271
0.054662
0.055167
0.036966
0.054750
0.054554
0.037337
0.037096
0.037142
0.036901
0.037260
0.036981
0.037435
0.054653
0.037502
0.036985
0.037114
0.037039
0.037246
0.036930
0.054917
0.037004
0.070804
0.036947
0.037066
0.037101
0.037364
0.037006
0.037662
0.038949
0.037747
0.037768
0.037652
0.037450
0.037711
0.037623
0.037991
0.037536
0.037661
0.037493
0.037562
0.037560
0.071382
0.037518
0.042383
0.039346
0.048304
0.039340
0.038323
0.037884
0.037802
0.037992
0.037828
0.037660
0.037712
0.038414
0.043708
0.037664
0.038485
0.037743
0.037918
0.037824
0.071515
0.037609
0.037745
0.037395
0.037815
0.037642
0.037418
0.037372
0.037524
0.037271
0.037479
0.037612
0.037965
0.038017
0.038183
0.037532
0.037513
0.038387
0.037505
0.037129
0.070966
0.037172
0.037324
0.037105
0.037497
0.037775
0.038107
0.038208
0.038348
0.038092
0.038664
0.038571
0.037266
0.039277
0.037030
0.037018
0.037157
0.039075
0.038417
0.038292
0.071943
0.037770
0.037723
0.037737
0.037702
0.037614
0.037860
0.037789
0.037624
0.036826
0.036967
0.036806
0.036891
0.036695
0.036929
0.036917
0.037006
0.036856
0.036958
0.036742
0.072075
0.036976
0.036906
0.037015
0.037042
0.037029
0.037241
0.036962
0.037137
0.037066
0.037115
0.037489
0.037777
0.037829
0.038165
0.037611
0.039074
0.043086
0.037249
0.037304
0.070779
0.036912
0.037685
0.037133
0.037701
0.037843
0.038152
0.044432
0.044669
0.037601
0.037483
0.037188
0.037150
0.037085
0.037249
0.037036
0.037288
0.036976
0.037245
0.037126
0.070646
0.036970
0.037132
0.037017
0.037235
0.037009
0.037738
0.037072
0.037117
0.037054
0.037208
0.037125
0.037301
0.037725
0.037319
0.037124
0.037244
0.037048
0.037190
0.037167
0.070941
0.037007
0.037305
0.037239
0.037421
0.037246
0.037277
0.037232
0.037203
0.037169
0.037236
0.037142
0.037217
0.037238
0.037203
0.037095
0.037252
0.036948
0.037328
0.037256
0.070861
0.037142
0.037385
0.037163
0.037333
0.037015
0.037282
0.036966
0.037630
0.036807
0.037172
0.036942
0.037023
0.036777
0.054516
0.054292
0.036777
0.036674
0.036735
0.036582
0.070159
0.036577
0.036864
0.035177
0.037988
0.036632
0.036827
0.037075
0.037498
0.037505
0.037765
0.037519
0.037801
0.037552
0.037781
0.037654
0.037754
0.037617
0.039042
0.037725
0.072315
0.037750
0.037946
0.037650
0.037760
0.037693
0.037884
0.037858
0.037981
0.038004
0.037793
0.037832
0.037961
0.037817
0.038241
0.037696
0.037933
0.037798
0.038040
0.037879
0.071627
0.039073
0.042701
0.037471
0.037467
0.037318
0.037556
0.037346
0.037515
0.037749
0.037992
0.039377
0.043122
0.037893
0.038439
0.039163
0.045480
0.044474
0.044125
0.048660
0.084889
0.045205
0.038244
0.038225
0.038165
0.038173
0.039205
0.046584
0.046921
0.047622
0.042878
0.045762
0.046460
0.045129
0.044356
0.042858
0.039938
0.045458
0.045907
0.039697
0.076715
0.039809
0.042916
0.043020
0.045707
0.045303
0.042774
0.045360
0.044343
0.042902
0.045549
0.043101
0.042947
0.046069
0.046811
0.043764
0.044816
0.045619
0.044233
0.043943
0.060537
0.060344
0.057521
0.057225
0.060551
0.056389
0.056518
0.037635
0.037877
0.037738
0.038059
0.037714
0.037826
0.037621
0.037925
0.037766
0.038008
0.037884
0.037951
0.037925
0.071278
0.037813
0.037960
0.037712
0.037999
0.037808
0.038067
0.037678
0.038040
0.037858
0.038013
0.037834
0.037718
0.037559
0.037619
0.037483
0.037757
0.037535
0.037434
0.037163
0.070963
0.037299
0.037496
0.037259
0.037335
0.037505
0.037278
0.037026
0.037371
0.037124
0.037459
0.037084
0.037210
0.036946
0.037216
0.038074
0.040833
0.036684
0.036837
0.036867
0.070367
0.036812
0.036866
0.036644
0.037682
0.038151
0.037182
0.037531
0.037592
0.037643
0.037521
0.037532
0.037418
0.037399
0.037396
0.037451
0.037338
0.037254
0.037450
0.037559
0.071401
0.037472
0.037712
0.037626
0.037565
0.037803
0.037760
0.038873
0.044092
0.043493
0.042841
0.038135
0.038229
0.038115
0.038118
0.038179
0.038049
0.038015
0.038018
0.038391
0.072283
0.038333
0.039946
0.038229
0.038205
0.038239
0.038172
0.038367
0.038350
0.038112
0.037929
0.038622
0.038104
0.038275
0.039105
0.043427
0.037992
0.038025
0.038116
0.038064
0.071974
0.038286
0.038066
0.038242
0.037961
0.038012
0.038210
0.038113
0.038129
0.037988
0.038000
0.038074
0.038121
0.038107
0.038096
0.039062
0.044960
0.046218
0.045416
0.044492
0.077645
0.039001
0.041269
0.041808
0.041672
0.044800
0.042213
0.041837
0.045977
0.039720
0.046310
0.046675
0.039428
0.040301
0.041116
0.045561
0.041025
0.039148
0.039660
0.044951
0.076015
0.039788
0.044648
0.046441
0.046643
0.045647
0.040151
0.039986
0.043682
0.047824
0.047308
0.047391
0.046200
0.046607
0.046617
0.042142
0.039199
0.039496
0.039457
0.039325
0.073261
0.040087
0.039245
0.039788
0.039865
0.044660
0.045145
0.044777
0.044868
0.045328
0.045858
0.044568
0.045468
0.038806
0.038637
0.037916
0.037978
0.037956
0.038219
0.038324
0.072187
0.037667
0.038889
0.037395
0.037466
0.037387
0.038018
0.042086
0.042820
0.042738
0.041781
0.044586
0.042325
0.041783
0.039696
0.044817
0.042882
0.039034
0.043842
0.045301
0.072904
0.045332
0.043292
0.043399
0.039050
0.039166
0.038991
0.039041
0.039003
0.039086
0.039008
0.044703
0.045979
0.039102
0.038266
0.038429
0.038491
0.039256
0.041045
0.039481
0.076784
0.038287
0.038135
0.038337
0.038097
0.038134
0.039048
0.038284
0.038428
0.040312
0.037419
0.037744
0.037580
0.037480
0.037317
0.037498
0.037532
0.037720
0.037779
0.037925
0.071314
0.039083
0.038182
0.038487
0.038091
0.038253
0.038294
0.038362
0.038140
0.037994
0.037983
0.038786
0.038438
0.039083
0.039551
0.039714
0.043478
0.042960
0.045913
0.042238
0.074884
0.039131
0.041883
0.046088
0.046108
0.042432
0.043968
0.044324
0.043124
0.043189
0.048391
0.040460
0.038027
0.038201
0.037656
0.037428
0.037698
0.037634
0.038218
0.038159
0.072024
0.038780
0.038824
0.040297
0.044974
0.038497
0.039219
0.046335
0.038425
0.038084
0.038245
0.038315
0.038461
0.038306
0.038323
0.038167
0.039254
0.045975
0.046587
0.046093
0.073519
0.040621
0.046037
0.046828
0.043286
0.042593
0.044569
0.044784
0.045611
0.043332
0.044095
0.044204
0.046108
0.047233
0.045602
0.045136
0.043151
0.039512
0.045275
0.046090
0.079411
0.038214
0.038354
0.038247
0.038516
0.038633
0.038376
0.038286
0.038503
0.039195
0.038382
0.038853
0.037849
0.037874
0.038766
0.043657
0.043568
0.043798
0.041337
