1.00
0.84
0.82
0.79
0.75
0.75
0.74
0.69
0.69
0.72
0.72
0.71
0.71
0.70
0.69
0.70
0.67
0.68
0.70
0.73
0.72
0.73
0.75
0.73
0.72
0.68
0.71
0.70
0.68
0.61
0.61
0.66
0.64
0.68
0.66
0.65
0.66
0.64
0.69
0.65
0.65
0.70
0.75
0.82
0.78
0.82
0.81
0.82
0.86
0.84
0.77
0.77
0.76
0.76
0.76
0.72
0.73
0.74
0.72
0.70
0.73
0.72
0.73
0.71
0.71
0.72
0.73
0.75
0.70
0.71
0.72
0.75
0.72
0.71
0.70
0.73
0.71
0.75
0.73
0.77
0.76
0.77
0.75
0.79
0.79
0.79
0.77
0.77
0.74
0.85
0.76
0.76
0.74
0.73
0.80
0.76
0.77
0.76
0.77
0.79
0.76
0.89
0.89
0.89
0.88
0.88
0.86
0.85
0.88
0.85
0.87
0.85
0.87
0.87
0.91
0.85
0.89
0.90
0.85
0.87
0.92
0.88
0.91
0.91
0.87
0.90
0.86
0.82
0.83
0.84
0.82
0.83
0.81
0.82
0.80
0.82
0.83
0.81
0.81
0.85
0.86
0.94
0.90
0.88
0.89
0.89
0.87
0.88
0.90
0.93
0.91
0.89
0.92
0.88
0.85
0.82
0.87
0.85
0.88
0.87
0.83
0.85
0.88
0.83
0.84
0.89
0.85
0.87
0.85
0.86
0.84
0.84
0.84
0.90
0.86
0.86
0.81
0.87
0.83
0.82
0.76
0.76
0.75
0.73
0.71
0.75
0.69
0.66
0.66
0.64
0.61
0.59
0.63
0.60
0.60
0.57
0.55
0.58
0.53
0.53
0.51
0.53
0.52
0.51
0.49
0.52
0.50
0.52
0.60
0.56
0.59
0.55
0.53
0.54
0.59
0.53
0.47
0.48
0.46
0.45
0.43
0.45
0.43
0.47
0.44
0.46
0.45
0.45
0.40
0.44
0.39
0.42
0.39
0.38
0.36
0.37
0.37
0.38
0.38
0.39
0.39
0.55
0.55
0.52
0.56
0.56
0.55
0.54
0.52
0.52
0.51
0.51
0.50
0.49
0.49
0.49
0.51
0.52
0.52
0.50
0.51
0.84
0.82
0.83
0.83
0.82
0.79
0.81
0.80
0.83
0.83
0.83
0.84
0.82
0.85
0.85
0.85
0.85
0.84
0.82
0.82
0.92
0.91
0.87
0.90
0.88
0.88
0.89
0.87
0.89
0.89
0.90
0.91
0.88
0.89
0.88
0.88
0.87
0.90
0.89
0.89
0.94
0.93
0.97
0.97
0.93
0.90
0.90
0.87
0.80
0.89
0.81
0.85
0.81
0.84
0.78
0.77
0.72
0.83
0.83
0.77
0.81
0.86
0.76
0.82
0.75
0.77
0.71
0.63
0.63
0.62
0.54
0.58
0.64
0.65
0.71
0.78
0.74
0.76
0.72
0.76
0.84
0.88
0.80
0.83
0.88
0.89
0.91
0.90
0.98
0.98
0.96
0.97
0.92
0.92
0.92
0.87
0.81
0.83
0.89
0.91
0.93
0.94
0.94
0.91
1.00
1.01
1.04
1.01
1.02
1.02
0.99
0.98
1.00
0.99
0.97
0.98
1.02
1.02
1.04
1.02
1.02
1.01
1.04
1.02
1.02
1.03
1.01
0.95
0.96
0.94
0.95
0.95
0.94
0.97
0.93
0.88
0.90
0.83
0.85
0.87
0.89
0.88
0.89
0.96
1.00
0.92
0.96
0.90
0.83
0.86
0.88
0.86
0.93
0.85
0.80
0.82
0.80
0.81
0.79
0.78
0.83
0.76
0.77
0.77
0.80
0.82
0.82
0.81
0.77
0.84
0.84
0.83
0.88
0.90
0.86
0.87
0.87
0.83
0.88
0.79
0.94
0.95
0.94
0.99
1.00
0.96
0.99
0.98
0.96
1.00
0.96
0.96
0.97
0.98
0.98
0.93
0.96
0.93
0.97
0.95
0.93
0.93
0.91
0.90
0.86
0.91
0.97
0.95
0.96
0.86
0.88
0.91
0.91
0.89
0.86
0.90
0.89
0.88
0.92
0.90
0.89
0.90
0.83
0.87
0.86
0.85
0.89
0.88
0.91
0.90
0.99
0.97
1.03
1.02
0.97
0.93
0.91
0.91
0.88
0.89
0.82
0.84
0.83
0.79
0.77
0.71
0.76
0.70
0.76
0.80
0.78
0.88
0.81
0.84
0.88
0.90
0.92
0.90
0.88
0.92
0.93
0.89
0.92
0.89
0.90
0.92
0.91
0.92
0.94
0.92
0.91
0.99
0.96
0.92
0.97
0.95
0.93
0.97
0.95
0.93
1.00
0.95
0.95
0.93
0.89
0.90
0.89
0.87
0.88
0.88
0.90
0.90
0.90
0.91
0.84
0.80
0.86
0.79
0.79
0.80
0.82
0.78
0.83
0.81
0.79
0.81
0.81
0.81
0.79
0.68
0.66
0.63
0.55
0.62
0.62
0.64
0.58
0.56
0.56
0.60
0.61
0.65
0.67
0.64
0.67
0.60
0.62
0.66
0.62
0.62
0.65
0.70
0.67
0.71
0.71
0.67
0.67
0.70
0.70
0.72
0.75
0.72
0.69
0.62
0.63
0.60
0.68
0.75
0.87
0.90
0.96
0.95
0.96
1.01
0.98
0.95
0.93
0.98
0.94
0.91
0.94
0.97
0.94
0.93
0.95
0.84
0.82
0.82
0.81
0.78
0.81
0.81
0.85
0.86
0.91
0.82
0.87
0.91
0.79
0.87
0.92
0.96
0.99
0.93
0.92
0.96
0.99
0.87
0.76
0.83
0.82
0.80
0.76
0.74
0.64
0.60
0.60
0.65
0.57
0.61
0.64
0.66
0.72
0.73
0.73
0.75
0.72
0.75
0.68
0.80
0.81
0.75
0.69
0.73
0.69
0.69
0.69
0.74
0.72
0.80
0.95
1.02
0.96
0.91
0.89
0.88
0.89
0.84
0.78
0.75
0.68
0.73
0.71
0.82
0.78
0.75
0.81
0.84
0.86
0.92
1.01
1.05
1.04
1.05
1.04
1.02
0.97
0.96
0.98
0.97
1.06
1.07
1.08
1.01
1.08
1.02
0.98
0.99
0.94
1.00
0.95
0.95
0.94
0.97
0.99
0.96
0.92
0.90
0.94
0.93
0.96
0.93
1.04
0.98
0.99
0.99
1.01
0.94
0.96
0.93
1.00
0.95
0.99
0.92
0.91
0.91
0.94
0.95
0.95
0.94
0.93
0.91
0.87
0.83
0.82
0.83
0.86
0.86
0.82
0.77
0.79
0.77
0.71
0.69
0.73
0.74
0.78
0.77
0.78
0.84
0.85
0.85
0.87
0.87
0.84
0.83
0.81
0.81
0.84
0.82
0.75
0.71
0.76
0.81
0.81
0.81
0.87
0.88
0.90
0.87
0.87
0.85
0.82
0.83
0.79
0.74
0.71
0.71
0.66
0.73
0.67
0.48
0.38
0.33
0.25
0.22
0.25
0.22
0.20
0.29
0.27
0.42
0.40
0.49
0.46
0.43
0.43
0.46
0.47
0.47
0.60
0.60
0.63
0.58
0.58
0.59
0.60
0.63
0.68
0.58
0.54
0.55
0.56
0.58
0.59
0.57
0.54
0.53
0.50
0.42
0.50
0.50
0.52
0.51
0.62
0.52
0.49
0.54
0.51
0.56
0.55
0.54
0.50
0.51
0.47
0.45
0.50
0.48
0.47
0.57
0.81
0.80
0.82
0.95
0.97
0.99
1.05
1.01
0.96
0.97
0.98
0.91
0.89
0.95
0.87
0.90
0.91
0.91
0.92
0.87
0.90
0.87
0.90
0.94
0.98
1.00
1.04
0.98
1.05
1.07
0.96
0.94
0.93
0.92
0.88
0.87
0.77
0.84
0.84
0.82
0.86
0.91
0.88
0.94
0.87
0.87
0.89
0.89
0.84
0.82
0.80
0.77
0.71
0.71
0.70
0.71
0.72
0.74
0.73
0.67
0.77
0.76
0.80
0.73
0.69
0.68
0.59
0.65
0.61
0.63
0.54
0.48
0.45
0.39
0.36
0.32
0.35
0.32
0.32
0.31
0.29
0.30
0.18
0.15
0.14
0.14
0.12
0.10
0.07
0.06
0.03
0.06
0.06
0.04
0.01
0.03
0.06
0.10
0.05
0.05
0.07
0.07
0.06
0.09
0.21
0.19
0.15
0.17
0.21
0.20
0.19
0.22
0.21
0.21
0.22
0.22
0.23
0.45
0.42
0.43
0.52
0.54
0.51
0.44
0.53
0.53
0.52
0.54
0.51
0.51
0.48
0.53
0.50
0.52
0.50
0.49
0.49
0.47
0.50
0.47
0.59
0.56
0.61
0.56
0.55
0.56
0.63
0.62
0.55
0.55
0.60
0.59
0.60
0.57
0.62
0.63
0.61
0.63
0.56
0.63
0.84
0.87
0.88
0.88
0.85
0.86
0.89
0.86
0.80
0.79
0.82
0.87
0.84
0.83
0.79
0.80
0.75
0.84
0.82
0.77
0.89
0.95
0.92
0.88
0.90
0.89
0.90
0.91
0.90
0.90
0.94
0.77
0.92
0.94
0.93
0.88
0.89
0.83
0.90
0.88
0.90
0.94
0.86
0.92
0.90
0.93
0.87
0.93
0.86
0.88
0.92
0.93
0.95
0.88
0.90
0.94
0.92
0.93
0.96
0.91
0.92
0.84
0.90
0.97
0.95
0.95
0.94
0.89
0.85
0.93
0.89
0.87
0.88
0.83
0.92
0.93
0.83
0.87
0.81
0.88
0.90
0.87
0.98
0.95
0.93
0.92
0.93
0.83
0.86
0.95
0.88
0.95
0.93
0.84
0.92
0.94
0.95
0.92
0.97
0.94
0.92
0.93
0.96
0.87
0.82
0.83
0.89
0.96
0.88
0.91
0.95
0.95
0.95
0.94
0.93
0.96
0.95
0.92
0.93
0.95
0.83
0.97
0.85
0.91
0.83
0.95
0.90
0.84
0.89
0.94
0.89
0.94
0.86
0.93
0.86
0.96
0.83
0.95
0.95
0.94
0.97
0.95
0.96
0.98
0.92
0.93
0.96
0.88
0.93
0.98
0.83
0.83
0.85
0.91
0.95
0.95
0.95
0.95
0.90
0.92
0.91
0.91
0.92
0.93
0.93
0.94
0.84
0.85
0.87
0.92
0.86
0.95
0.90
0.86
0.94
0.93
0.89
0.94
0.94
0.93
0.96
0.97
0.94
0.92
0.94
0.91
0.94
0.83
0.90
0.94
0.90
0.96
0.94
0.94
0.95
0.97
0.98
0.97
0.95
0.98
1.01
0.98
1.00
1.01
1.00
0.96
1.00
1.03
0.95
1.03
0.94
1.04
1.00
0.99
0.82
1.01
1.01
0.96
0.96
0.95
1.06
0.93
1.02
0.94
1.06
0.96
0.92
0.96
0.86
0.89
0.98
1.01
1.02
1.01
0.93
1.05
1.01
0.95
0.94
1.07
0.97
0.98
1.02
1.00
0.99
1.02
1.01
0.91
0.96
1.03
1.03
0.99
0.97
1.00
0.99
1.02
0.92
1.01
1.06
1.04
1.03
1.00
0.90
1.01
0.87
0.93
1.02
0.91
1.00
0.92
0.99
1.00
1.01
1.00
0.98
0.97
0.98
0.94
0.92
1.01
0.89
1.00
0.93
1.01
0.94
0.89
0.99
0.84
0.89
1.01
0.94
0.99
0.92
0.94
0.87
0.92
0.99
0.96
0.96
0.94
0.96
0.91
0.88
0.86
0.89
0.92
0.91
0.96
1.00
1.03
0.84
0.94
0.97
0.90
0.90
0.94
0.82
0.84
0.98
0.76
0.95
0.79
0.84
0.94
0.77
0.91
0.83
0.83
0.95
0.91
0.95
0.88
0.84
0.92
0.90
0.78
0.88
0.89
0.85
0.85
0.85
0.84
0.83
0.65
0.69
0.63
0.66
0.66
0.67
0.63
0.77
0.79
0.82
0.69
0.71
0.75
0.63
0.64
0.82
0.80
0.81
0.66
0.72
0.64
0.63
0.60
0.56
0.69
0.71
0.65
0.56
0.62
0.54
0.57
0.58
0.62
0.59
0.61
0.55
0.59
0.79
0.81
0.79
0.79
0.80
0.80
0.83
0.78
0.84
0.84
0.85
0.90
0.85
0.85
0.93
0.86
0.89
0.90
0.89
0.89
0.96
0.95
0.93
0.89
0.87
0.80
0.82
0.76
0.77
0.76
0.76
0.74
0.73
0.74
0.73
0.79
0.82
0.77
0.78
0.84
0.98
0.94
0.95
0.98
1.00
0.96
1.03
0.94
1.01
1.01
0.93
0.96
0.98
0.95
0.97
0.91
0.97
0.97
0.90
0.92
1.03
1.00
1.00
0.98
1.01
0.95
0.97
0.95
0.95
0.93
0.90
0.97
0.88
0.95
0.90
0.82
0.86
0.75
0.80
0.83
0.83
0.75
0.76
0.87
0.78
0.74
0.74
0.77
0.83
0.78
0.73
0.75
0.78
0.78
0.79
0.79
0.81
0.81
0.79
0.82
0.90
0.91
0.85
0.84
0.83
0.86
0.92
0.88
0.85
0.83
0.86
0.80
0.83
0.84
0.81
0.77
0.77
0.76
0.88
0.79
0.80
0.82
0.83
0.83
0.83
0.83
0.83
0.78
0.78
0.73
0.68
0.67
0.62
0.67
0.61
0.57
0.57
0.55
0.52
0.57
0.56
0.54
0.51
0.53
0.49
0.50
0.50
0.50
0.52
0.54
0.48
0.52
0.46
0.53
0.48
0.54
0.53
0.52
0.51
0.50
0.51
0.65
0.58
0.60
0.60
0.60
0.60
0.55
0.49
0.46
0.44
0.37
0.45
0.43
0.43
0.40
0.42
0.50
0.44
0.59
0.75
0.71
0.71
0.72
0.72
0.86
0.78
0.83
0.95
0.83
0.91
0.94
0.96
0.97
0.96
1.00
0.96
0.97
0.94
0.98
0.97
0.95
1.00
0.97
1.01
1.02
1.06
1.05
1.04
1.08
1.08
1.10
1.03
1.06
0.95
1.02
1.05
1.03
1.11
1.11
1.06
1.09
1.01
1.13
1.14
1.14
1.16
1.12
1.15
1.10
1.12
1.16
1.16
1.15
1.15
1.06
1.04
1.11
1.12
1.13
1.12
1.10
1.12
1.10
1.12
1.11
1.07
1.07
1.06
1.00
1.08
1.10
1.04
1.11
1.12
1.07
1.05
1.12
1.07
1.07
1.02
1.02
1.04
1.04
0.90
0.99
0.99
0.96
1.04
0.99
0.93
1.04
0.92
1.03
0.96
1.00
0.95
0.97
0.95
1.01
0.88
0.95
1.04
1.00
0.96
0.78
1.04
1.00
0.87
0.95
0.87
1.01
0.95
0.99
0.98
0.99
0.96
1.04
1.07
1.01
1.03
0.83
0.85
1.00
0.86
1.05
0.91
1.01
0.90
0.89
0.99
0.89
1.06
0.92
0.82
0.90
0.91
1.03
0.90
1.02
1.00
0.99
0.94
1.03
1.00
1.00
1.00
