1.462776
0.084760
0.085177
0.084354
0.085319
0.083629
0.083825
0.084044
0.083757
0.083960
0.084396
0.083885
0.083678
0.083743
0.083797
0.083201
0.083273
0.082476
0.084364
0.083293
0.159804
0.082308
0.082733
0.083128
0.082432
0.083442
0.082632
0.082361
0.082347
0.081037
0.081360
0.081143
0.081712
0.081236
0.080630
0.080263
0.080952
0.080479
0.081311
0.080445
0.186545
0.080249
0.081110
0.080223
0.080412
0.080148
0.080537
0.080296
0.080321
0.080619
0.079973
0.079538
0.080887
0.080360
0.079900
0.079581
0.080509
0.080598
0.081024
0.081154
0.187170
0.081419
0.080526
0.081055
0.080823
0.079980
0.080764
0.083016
0.080889
0.080215
0.080436
0.080557
0.080205
0.080398
0.080516
0.079937
0.080165
0.080083
0.081463
0.078546
0.184994
0.078892
0.078591
0.078884
0.078345
0.078321
0.078393
0.079605
0.078985
0.079359
0.079185
0.078798
0.079109
0.079482
0.079967
0.080442
0.079787
0.080043
0.079649
0.078829
0.184399
0.079529
0.078768
0.078574
0.080321
0.079763
0.080252
0.080097
0.080117
0.080013
0.079434
0.080307
0.079997
0.079501
0.079582
0.080292
0.080086
0.079357
0.079462
0.078770
0.185977
0.079492
0.079433
0.079489
0.079695
0.079268
0.079279
0.078454
0.078441
0.078380
0.078365
0.078315
0.078889
0.079817
0.079532
0.079815
0.080277
0.079210
0.079458
0.079361
0.186773
0.079840
0.081378
0.079838
0.077846
0.077683
0.077799
0.077363
0.079169
0.078339
0.078798
0.078280
0.078487
0.078342
0.078331
0.078336
0.079085
0.079180
0.079517
0.079247
0.186116
0.080294
0.079298
0.079433
0.079480
0.079161
0.079200
0.079409
0.079230
0.078693
0.079395
0.079072
0.079027
0.078869
0.079820
0.079397
0.079324
0.078969
0.080343
0.078703
0.185156
0.079279
0.079273
0.079319
0.079371
0.078658
0.078927
0.078872
0.078741
0.079581
0.079482
0.078709
0.078807
0.078854
0.079115
0.079562
0.080400
0.079753
0.079688
0.079015
0.185558
0.078957
0.079362
0.078310
0.078665
0.078845
0.078780
0.079214
0.079641
0.078626
0.078861
0.079293
0.079309
0.078590
0.079241
0.079184
0.079283
0.079495
0.079513
0.078653
0.186303
0.079194
0.078562
0.078964
0.079453
0.077323
0.078975
0.077986
0.077596
0.078115
0.077712
0.077629
0.077577
0.076971
0.077779
0.077085
0.077574
0.077335
0.077031
0.076845
0.185606
0.076830
0.077774
0.077256
0.077405
0.077261
0.077526
0.078174
0.077061
0.077233
0.077447
0.078028
0.077351
0.077250
0.077045
0.077693
0.077340
0.077137
0.077109
0.077734
0.184472
0.078008
0.077377
0.077389
0.077693
0.077324
0.077317
0.077115
0.077203
0.077105
0.077400
0.076956
0.077079
0.077425
0.077276
0.076877
0.077247
0.077070
0.077533
0.076960
0.183113
0.077152
0.077622
0.077062
0.077293
0.077026
0.077529
0.077707
0.077729
0.077656
0.076995
0.076942
0.077866
0.078828
0.077926
0.077836
0.077457
0.077561
0.077590
0.077775
0.185982
0.079602
0.078823
0.078756
0.079542
0.079087
0.079015
0.079120
0.078875
0.078802
0.078904
0.079260
0.079093
0.078941
0.080068
0.078836
0.078842
0.078704
0.079144
0.079064
0.186898
0.078700
0.079424
0.079677
0.079085
0.077976
0.079490
0.079351
0.079432
0.079311
0.079024
0.078743
0.078670
0.078932
0.079039
0.079093
0.079037
0.079162
0.079148
0.079385
0.186327
0.079414
0.081517
0.078962
0.079422
0.079288
0.079891
0.080214
0.079239
0.078906
0.083714
0.079302
0.080029
0.080568
0.079439
0.079903
0.079724
0.079785
0.079362
0.079653
0.184831
0.078738
0.078783
0.079333
0.079589
0.078242
0.077944
0.078685
0.078312
0.078277
0.079228
0.088809
0.083267
0.085699
0.079401
0.077316
0.078044
0.077314
0.077642
0.077882
0.183946
0.077482
0.078564
0.079883
0.079360
0.079325
0.078448
0.079681
0.079526
0.079975
0.079171
0.080892
0.079334
0.078835
0.079585
0.080670
0.079634
0.079221
0.079676
0.079632
0.184665
0.077951
0.080205
0.077417
0.078193
0.077688
0.078309
0.077894
0.077663
0.077753
0.077398
0.078566
0.079511
0.080148
0.078472
0.079997
0.077907
0.077786
0.079009
0.079070
0.192266
0.078526
0.079747
0.083451
0.077762
0.079314
0.078018
0.080205
0.083479
0.078608
0.078066
0.081580
0.082021
0.077468
0.078213
0.078048
0.081199
0.077308
0.077826
0.084924
0.184821
0.079606
0.080011
0.081982
0.078887
0.078577
0.085631
0.078477
0.078841
0.078796
0.080720
0.078150
0.078378
0.078690
0.080527
0.077904
0.080460
0.079407
0.080081
0.080373
0.200132
0.085463
0.085595
0.083642
0.079433
0.087122
0.083623
0.077733
0.080242
0.080480
0.078707
0.078387
0.078262
0.078485
0.078788
0.078945
0.077960
0.077773
0.078077
0.080464
0.186689
0.078093
0.080522
0.079531
0.078696
0.078421
0.080009
0.078930
0.083356
0.079786
0.080644
0.078294
0.080888
0.083405
0.085018
0.085053
0.085592
0.085215
0.087033
0.078731
0.192043
0.079159
0.079489
0.080290
0.136660
0.135495
0.136816
0.136393
0.135290
0.138709
0.079632
0.136084
0.080595
0.078796
0.078812
0.078971
0.080584
0.078883
0.078994
0.078504
0.189077
0.079904
0.136187
0.078692
0.134304
0.078804
0.081075
0.078425
0.078991
0.078646
0.081111
0.079773
0.079283
0.079151
0.080113
0.079199
0.079565
0.079491
0.080212
0.079532
0.187961
0.080155
0.079349
0.079077
0.078875
0.078698
0.079642
0.078809
0.078844
0.078868
0.080685
0.079676
0.079709
0.078998
0.080489
0.079919
0.079761
0.079511
0.080154
0.080081
0.187085
0.079632
0.079980
0.080254
0.081832
0.080020
0.079305
0.079234
0.080126
0.079781
0.080001
0.079436
0.079398
0.080193
0.079126
0.079472
0.079646
0.081280
0.081005
0.080348
0.188784
0.079113
0.079020
0.079713
0.080886
0.079661
0.079533
0.079163
0.081773
0.080066
0.079554
0.079923
0.081985
0.086887
0.081035
0.080897
0.081883
0.080104
0.080240
0.079667
0.195526
0.080793
0.080309
0.080100
0.079655
0.080212
0.080020
0.080203
0.080665
0.080467
0.080636
0.080423
0.079827
0.080928
0.079891
0.081274
0.081049
0.080925
0.081186
0.080343
0.187063
0.080928
0.080061
0.080184
0.080144
0.080568
0.079834
0.079527
0.080336
0.080130
0.079480
0.079210
0.079899
0.079436
0.080426
0.080623
0.087933
0.080299
0.081706
0.080205
0.187625
0.079919
0.084680
0.084987
0.080593
0.087838
0.082051
0.081618
0.081934
0.081228
0.081172
0.080975
0.080928
0.080896
0.080615
0.080148
0.079932
0.080187
0.080496
0.080041
0.187960
0.079945
0.079805
0.080152
0.080324
0.081393
0.080822
0.079635
0.079272
0.079572
0.082124
0.082075
0.082356
0.082012
0.083481
0.082068
0.081539
0.081811
0.081296
0.082041
0.190359
0.082452
0.082797
0.082365
0.082285
0.082974
0.082830
0.082649
0.082195
0.082439
0.082437
0.080864
0.080795
0.080717
0.087771
0.083277
0.081273
0.081073
0.081385
0.090501
0.198004
0.081933
0.082461
0.081803
0.081281
0.081314
0.080895
0.080992
0.080703
0.084508
0.084616
0.080481
0.080508
0.082206
0.080961
0.080713
0.080938
0.082220
0.086380
0.088381
0.196282
0.081939
0.082310
0.085047
0.081180
0.080296
0.082377
0.138715
0.080082
0.080762
0.136740
0.136676
0.080348
0.080263
0.083735
0.080236
0.079633
0.079531
0.081712
0.080153
0.187677
0.081689
0.080356
0.081009
0.080697
0.081603
0.080002
0.079392
0.080317
0.150658
0.140332
0.080497
0.138328
0.143066
0.082244
0.080920
0.083219
0.082584
0.085261
0.086805
0.193406
0.081423
0.082974
0.088998
0.086691
0.082678
0.079270
0.079889
0.081353
0.079535
0.079528
0.079135
0.081378
0.079176
0.079089
0.080472
0.087529
0.080916
0.086000
0.078578
0.187089
0.078816
0.078784
0.079211
0.079075
0.078710
0.078704
0.081506
0.078878
0.079355
0.079501
0.081535
0.081171
0.081855
0.078468
0.080498
0.078836
0.078894
0.078902
0.080550
0.186334
0.078799
0.080763
0.079304
0.078858
0.079006
0.081021
0.079701
0.081194
0.083023
0.084831
0.080237
0.080780
0.081209
0.082564
0.081122
0.080974
0.081019
0.082905
0.080719
0.187941
0.083303
0.081335
0.081814
0.080853
0.082792
0.081249
0.081636
0.081613
0.083905
0.083057
0.083107
0.082252
0.084173
0.082389
0.082856
0.082499
0.084725
0.084274
0.083845
0.192997
0.085259
0.084455
0.085041
0.088986
0.089978
0.084776
0.094251
0.084505
0.091065
0.094010
0.091167
0.090011
0.085337
0.092223
0.093683
0.085024
0.150774
0.084242
0.092228
0.084316
0.085974
0.081723
0.081397
0.082403
0.087785
0.081072
0.080414
0.081278
0.080409
0.080427
0.082925
0.081268
0.080971
0.080448
0.080463
0.080922
0.080463
0.080213
0.080668
0.189279
0.080953
0.081521
0.081475
0.082393
0.081294
0.081379
0.082645
0.085032
0.080884
0.082166
0.081208
0.081450
0.081244
0.081194
0.081867
0.081765
0.080810
0.081534
0.082496
0.190176
0.081454
0.083662
0.087514
0.082964
0.082520
0.085894
0.087081
0.089487
0.089800
0.091157
0.090502
0.090920
0.092292
0.090473
0.092348
0.091686
0.095493
0.085608
0.084076
0.194483
0.086666
0.086761
0.087694
0.086697
0.094840
0.085434
0.087390
0.085753
0.085907
0.086032
0.089635
0.097221
0.087117
0.087426
0.088727
0.087846
0.094389
0.097200
0.089436
0.197908
0.084349
0.091194
0.088161
0.088190
0.086776
0.088056
0.091149
0.094304
0.086820
0.082015
0.082782
0.083830
0.083993
0.084394
0.081777
0.137818
0.137206
0.082680
0.138747
0.082746
0.082602
0.138850
0.087806
0.140403
0.080404
0.142070
0.142061
0.135873
0.079647
0.079412
0.135001
0.080782
0.136226
0.080610
0.081214
0.086564
0.134284
0.078537
0.080487
0.185317
0.079429
0.079440
0.079643
0.081613
0.085395
0.082348
0.084430
0.085143
0.085595
0.085134
0.079559
0.085061
0.082765
0.082209
0.079181
0.079134
0.080370
0.078722
0.078651
0.187796
0.079791
0.079119
0.078749
0.080739
0.079349
0.079310
0.078733
0.080065
0.077765
0.078230
0.078592
0.080058
0.078500
0.078788
0.078446
0.079652
0.078538
0.080252
0.081146
0.186115
0.079056
0.078194
0.078357
0.078477
0.078478
0.080305
0.078584
0.077955
0.077706
0.078235
0.079157
0.078223
0.078164
0.079783
0.078359
0.078908
0.085913
0.082423
0.078815
0.186341
0.079252
0.078950
0.078921
0.078722
0.080540
0.079245
0.079054
0.078631
0.079720
0.077853
0.079585
0.090143
0.078960
0.078883
0.078402
0.078393
0.088222
0.078216
0.078772
0.187675
0.078608
0.077935
0.077963
0.079957
0.078177
0.077967
0.078387
0.079684
0.078172
0.078102
0.078422
0.079368
0.077811
0.077828
0.078316
0.088116
0.082773
0.077939
0.078067
0.187236
0.078581
0.079591
0.079509
0.080163
0.078638
0.077957
0.078788
0.078200
0.078171
0.078020
0.080173
0.083896
0.083473
0.078508
0.078767
0.077969
0.078239
0.078041
0.078832
0.186467
0.078070
0.078057
0.079365
0.078336
0.077961
0.077889
0.078859
0.078072
0.078020
0.078016
0.079676
0.077835
0.078267
0.081664
0.079673
0.078086
0.078776
0.078166
0.080051
0.195060
0.077798
0.085250
0.082901
0.078286
0.078369
0.079539
0.080081
0.083032
0.081221
0.081453
0.086135
0.080467
0.078718
0.080588
0.078983
0.078212
0.078221
0.079981
0.078439
0.186939
0.081469
0.079687
0.081002
0.080076
0.081353
0.081281
0.078843
0.078325
0.078761
0.078976
0.079437
0.078942
0.079148
0.079946
0.079695
0.083020
0.080306
0.080216
0.078211
0.185346
0.080079
0.078117
0.078711
0.078470
0.079887
0.081830
0.078587
0.078311
0.083230
0.077811
0.077831
0.078190
0.079918
0.078336
0.078092
0.078279
0.080585
0.078447
0.084794
0.187366
0.079605
0.084931
0.084680
0.087044
0.084379
0.084351
0.088594
0.082289
0.081702
0.085201
0.079198
0.078385
0.082003
0.079384
0.086264
0.084384
0.085562
0.079724
0.081656
0.186858
0.079838
0.080945
0.085472
0.085980
0.088555
0.082158
0.078815
0.078981
0.082182
0.083522
0.078943
0.078561
0.081205
0.082782
0.078304
0.078749
0.080483
0.078290
0.078994
0.191769
0.082965
0.083515
0.087088
0.088494
0.081913
0.091425
0.083429
0.077939
0.078984
0.078972
0.081554
0.080834
0.079007
0.082325
0.084271
0.090221
0.083084
0.087702
0.083763
0.194059
0.080930
0.084759
0.084438
0.080250
0.081408
0.079386
0.080243
0.079716
0.079123
0.079045
0.078309
0.078318
0.079969
0.080411
0.079209
0.079051
0.079108
0.080112
0.083670
0.185679
0.080438
0.081720
0.088789
0.085111
0.086674
0.084143
0.083182
0.080250
0.079137
0.087209
0.079300
0.077900
0.078151
0.079248
0.078412
0.078433
0.079988
0.081118
0.078930
0.195142
0.080763
0.085028
0.081791
0.079506
0.079850
0.079295
0.079547
0.085030
0.086930
0.084083
0.079000
0.079520
0.080667
0.080235
0.080832
0.081429
0.083211
0.080113
0.079089
0.188258
0.079146
0.082025
0.082443
0.085848
0.084848
0.085758
0.085530
0.080765
0.078535
0.079583
0.078605
0.080833
0.085903
0.087412
0.085840
0.083304
0.088843
0.085752
0.086455
0.208092
0.080048
0.081832
0.078915
0.078728
0.081016
0.079912
0.078567
0.079145
0.081860
0.079643
0.078863
0.078090
0.080552
0.078797
0.079498
0.079972
0.081583
0.080587
0.079861
0.189754
0.085630
0.079922
0.080618
0.081385
0.080004
0.079670
0.080671
0.081373
0.080023
0.085003
0.080574
0.080678
0.081432
0.080588
0.078713
0.081647
0.081209
0.078915
0.080055
0.189201
0.079397
0.079053
0.080214
0.079062
0.079349
0.078660
0.080229
0.078928
0.081790
0.081525
0.080500
0.079653
0.078895
0.079442
0.078740
0.079782
0.079664
0.081433
0.082389
0.188740
0.079601
0.079085
0.080288
0.079667
0.078843
0.078608
0.081889
0.079651
0.081970
0.078668
0.078431
0.084508
0.088226
0.082906
0.080708
0.081619
0.080228
0.078773
0.086375
0.194864
0.083982
0.078500
0.078452
0.079297
0.084591
0.078481
0.079298
0.083397
0.079279
0.082665
0.080177
0.081825
0.082078
0.085957
0.082129
0.087956
0.080220
0.078971
0.079642
0.188242
0.080989
0.078169
0.077806
0.080262
0.080019
0.079529
0.078569
0.079181
0.081659
0.078441
0.081343
0.078777
0.078521
0.085274
0.079793
0.081600
0.082436
0.084882
0.087976
0.201182
0.079783
0.084697
0.084834
0.081854
0.087003
0.091359
0.083968
0.085383
0.090931
0.082725
0.081108
0.082303
0.080389
0.082966
0.080382
0.083392
0.083637
0.083204
0.084164
0.193997
0.085583
0.082075
0.081738
0.082983
0.078636
0.078328
0.078574
0.081913
0.078549
0.078476
0.078870
0.080357
0.078871
0.078308
0.078933
0.080413
0.078670
0.078778
0.078584
0.188735
0.078480
0.078346
0.080241
0.078253
0.078922
0.078918
0.081496
0.078762
0.078582
0.078775
0.080499
0.077796
0.078115
0.078044
0.080059
0.078558
0.077565
0.078807
0.079962
0.185872
0.077721
0.081039
0.077761
0.077982
0.078229
0.078362
0.078001
0.078088
0.077755
0.077844
0.078477
0.078327
0.078003
0.078458
0.079710
0.079853
0.078474
0.078170
0.079471
0.185487
0.078241
0.080354
0.077991
0.078053
0.078261
0.080488
0.078259
0.078305
0.079166
0.079909
0.079060
0.077931
0.078667
0.079069
0.078763
0.078495
0.078422
0.079350
0.078284
0.185763
0.079017
0.078290
0.078338
0.078837
0.077758
0.079988
0.084714
0.080963
0.077733
0.079132
0.078418
0.077984
0.077504
0.077832
0.077637
0.077726
0.078178
0.077944
0.077853
0.185382
0.079452
0.078027
0.078772
0.077642
0.079364
0.077824
0.077832
0.077678
0.080142
0.077523
0.078014
0.134764
0.077795
0.078530
0.078572
0.077798
0.078527
0.077426
0.078478
0.186494
0.077497
0.079949
0.085202
0.079500
0.078286
0.078352
0.078690
0.078246
0.078189
0.078162
0.079122
0.079688
0.078336
0.078223
0.078327
0.080322
0.078287
0.078878
0.078906
0.187496
0.078582
0.078699
0.080401
0.079101
0.079552
0.078309
0.079245
0.078110
0.078585
0.078672
0.080817
0.079023
0.078626
0.078582
0.079091
0.078638
0.078582
0.078655
0.079527
0.185524
0.078911
0.079965
0.079424
0.078427
0.084387
0.079011
0.079923
0.078725
0.078606
0.078448
0.077765
0.077956
0.078078
0.078723
0.078339
0.077833
0.077893
0.078095
0.079612
0.185597
0.077929
0.080591
0.078391
0.078055
0.077943
0.079739
0.078354
0.078407
0.078785
0.079298
0.078609
0.078028
0.078469
0.080087
0.080200
0.078882
0.078014
0.080233
0.081268
0.189452
0.080612
0.082104
0.083359
0.082950
0.086802
0.079736
0.084136
0.080199
0.084540
0.085238
0.079969
0.079611
0.081768
0.081599
0.083962
0.084362
0.081196
0.081904
0.081179
0.188480
0.078845
0.078893
0.080806
0.078304
0.078532
0.078555
0.080380
0.078693
0.078639
0.078935
0.080437
0.078821
0.079466
0.079654
0.080077
0.078681
0.078763
0.079829
0.080224
0.185655
0.078684
0.079953
0.078334
0.078899
0.080053
0.080175
0.078760
0.078252
0.078335
0.079287
0.080507
0.078055
0.078534
0.078389
0.077984
0.078011
0.079014
0.077867
0.078736
0.186710
0.078335
0.079815
0.078120
0.078255
0.078091
0.080611
0.083882
