216	79	125	222
210	76	137	227
207	77	141	220
206	83	145	210
210	78	141	231
202	86	150	202
206	80	145	213
207	81	146	212
209	78	142	197
213	75	140	200
212	74	140	197
208	65	136	210
210	61	131	227
217	64	120	237
215	64	121	231
209	70	131	220
211	71	131	219
211	69	127	221
214	65	120	223
212	67	126	210
206	67	130	193
213	70	123	199
209	66	131	213
208	73	131	187
206	73	131	187
204	75	132	185
203	80	134	184
206	78	130	187
202	73	137	193
203	68	127	192
200	70	125	190
205	65	119	197
203	66	123	190
200	66	125	190
198	66	125	192
205	65	118	188
200	63	119	190
199	64	119	187
200	56	112	193
201	50	113	205
199	49	113	199
202	53	106	195
200	48	108	197
201	49	104	192
204	46	99	194
196	55	108	184
201	55	101	182
196	53	106	183
197	51	100	183
197	49	100	187
196	54	97	175
197	54	97	178
195	50	98	179
200	50	94	178
196	52	96	174
193	50	101	176
195	50	103	174
196	54	103	167
195	48	101	173
196	44	100	179
196	50	102	171
194	47	101	173
198	47	102	167
200	47	96	169
203	45	96	169
205	48	90	167
205	49	97	163
209	51	91	161
205	49	97	163
214	51	90	157
216	47	86	162
217	45	85	161
219	46	86	160
215	45	90	159
215	45	93	159
213	45	96	162
215	44	92	161
215	43	94	159
215	40	98	163
213	42	101	157
216	47	96	152
221	38	92	155
222	47	91	152
222	47	95	147
228	40	84	152
228	39	88	157
233	39	81	154
232	40	84	151
232	43	87	150
232	38	84	151
230	42	92	149
228	45	93	146
235	39	88	147
235	45	88	144
239	39	81	145
241	41	86	146
239	38	90	145
244	40	83	142
242	39	86	142
245	38	81	142
246	34	83	148
249	34	81	144
251	32	79	149
248	33	85	143
254	34	79	143
250	32	82	143
254	34	82	140
253	40	80	134
257	35	76	140
255	32	79	141
255	31	81	142
255	37	81	132
256	31	77	138
259	31	73	139
259	26	72	139
259	30	74	137
260	28	74	136
260	29	74	132
258	29	80	128
257	31	81	131
257	31	81	132
255	32	83	129
254	36	86	124
259	29	78	132
259	29	76	130
257	33	79	126
256	31	80	127
255	33	80	121
255	31	81	123
258	29	74	125
254	25	81	128
257	26	79	123
256	27	78	120
256	30	74	117
254	32	75	118
254	34	76	114
250	37	81	112
250	35	79	116
251	37	77	113
251	35	76	113
253	33	76	117
253	32	74	116
253	30	73	118
254	32	73	115
254	29	69	116
256	30	64	115
256	26	61	116
255	27	63	118
257	28	60	115
255	29	64	114
253	28	67	113
253	29	68	113
252	30	69	113
252	30	68	111
252	31	69	110
253	30	68	109
252	32	68	105
256	29	62	111
256	31	62	109
254	29	62	110
254	30	63	107
257	30	60	105
258	28	59	108
257	27	60	108
258	26	62	108
258	26	61	108
259	26	60	107
256	28	66	102
256	27	67	104
255	29	70	102
255	29	69	101
254	29	71	101
256	30	70	100
254	30	71	99
255	29	71	99
254	30	72	97
254	29	74	100
255	28	69	101
255	28	69	99
254	26	71	100
254	27	70	99
254	27	70	99
253	26	69	101
253	25	68	101
252	24	71	100
254	24	65	100
253	25	66	99
254	23	63	101
253	24	65	98
254	22	63	99
252	24	67	97
252	24	66	98
252	24	66	96
252	25	66	94
252	25	69	94
251	24	68	95
252	23	64	97
253	21	64	99
252	20	65	100
250	21	67	97
252	20	62	98
252	19	61	101
251	20	61	99
252	20	63	96
249	19	65	99
253	17	59	100
251	19	62	95
250	16	60	100
249	17	63	99
249	18	60	96
248	17	60	97
249	16	59	99
248	15	59	97
249	14	59	98
247	13	58	101
247	14	61	96
245	17	59	93
246	15	57	96
243	16	58	94
247	15	55	93
248	11	51	98
247	11	53	98
247	10	49	99
248	10	48	98
247	10	50	101
246	10	49	98
245	10	48	98
244	10	51	97
245	10	50	98
244	12	50	95
245	11	48	94
246	11	46	94
246	12	49	96
245	10	51	97
244	12	49	94
242	10	53	94
245	12	50	94
245	9	49	96
243	10	53	94
248	11	45	93
248	11	45	92
247	9	45	93
249	9	42	92
248	10	43	92
248	9	44	92
249	8	43	92
250	8	43	92
251	8	43	90
252	9	43	91
252	9	43	91
254	7	42	94
256	8	41	93
257	8	42	95
257	9	43	92
259	9	42	91
264	10	38	90
267	13	38	86
268	8	33	91
269	8	34	92
271	8	32	90
271	9	33	88
268	8	36	91
268	10	40	88
267	9	41	88
263	9	49	91
258	11	58	88
254	13	64	87
254	12	64	86
252	12	66	86
257	12	58	86
255	11	62	87
253	12	65	86
254	11	64	86
255	11	60	87
258	13	55	84
257	9	57	90
257	10	59	87
259	12	54	86
260	11	55	87
263	12	50	84
268	8	37	88
265	11	47	86
268	9	41	86
267	9	43	87
267	8	42	87
266	8	45	88
267	13	48	83
266	9	53	85
267	10	50	86
269	10	47	85
269	9	48	89
270	9	46	88
271	8	40	88
273	9	38	87
273	10	39	85
273	7	38	88
274	8	38	89
273	10	41	85
273	10	43	85
273	9	44	87
273	9	47	87
271	13	51	81
270	12	54	83
271	12	54	83
272	13	53	82
272	13	54	81
271	13	56	82
272	13	55	80
272	15	55	78
273	17	55	76
274	14	52	80
276	15	51	78
275	18	53	74
278	14	50	80
278	13	51	80
278	16	50	78
281	11	47	82
281	12	47	83
280	10	49	85
280	14	49	81
282	15	48	78
283	14	48	80
283	13	47	80
285	11	47	83
285	14	47	79
284	11	49	84
285	11	49	83
286	11	50	82
286	13	50	82
287	13	50	81
287	13	50	80
288	12	51	81
289	12	50	82
291	11	49	83
290	12	52	83
293	13	49	80
294	14	49	80
294	11	49	82
296	12	50	84
298	10	48	84
298	14	49	80
299	11	46	82
301	12	44	83
301	9	44	86
302	12	45	83
302	13	45	83
302	11	45	83
305	10	41	85
305	10	42	86
305	10	42	87
306	9	41	88
307	8	40	88
306	11	42	86
307	12	43	85
306	12	44	86
307	10	44	88
308	9	40	89
308	11	41	86
309	11	37	86
309	8	39	91
309	9	39	88
309	9	38	90
309	10	38	88
309	10	40	89
310	10	38	88
309	9	40	89
310	10	38	87
311	9	38	89
311	9	38	89
310	8	39	91
311	7	37	91
310	10	37	87
310	9	40	89
310	9	41	89
311	9	38	88
311	9	39	88
312	9	38	89
310	11	39	87
311	10	38	90
310	8	38	92
310	9	39	89
308	11	41	89
310	9	37	90
309	10	37	89
308	9	38	90
307	11	38	89
307	8	38	92
307	10	38	90
305	10	41	88
306	9	38	90
303	11	42	88
303	9	42	91
302	10	43	88
300	11	46	88
299	11	50	89
296	11	54	89
296	13	52	87
295	9	52	90
292	12	58	86
291	14	59	86
291	12	55	87
290	13	56	87
288	14	57	86
286	16	59	85
288	15	55	85
285	14	58	87
285	13	54	87
283	15	56	83
281	14	57	86
283	15	55	84
284	13	50	86
282	13	52	85
282	15	51	85
281	13	52	87
282	11	48	88
281	13	47	85
280	13	50	88
279	12	48	88
275	13	52	86
276	14	52	86
275	13	50	86
273	14	54	84
272	14	52	83
272	15	53	83
273	12	51	88
273	15	49	86
273	12	48	87
270	13	53	88
268	15	53	84
269	12	48	87
268	11	47	87
269	11	45	91
267	10	46	91
265	11	47	88
264	11	49	90
265	9	48	90
264	11	50	90
264	11	52	89
264	11	52	89
264	11	52	89
261	13	61	89
260	11	58	88
260	13	61	88
260	13	58	86
264	12	48	88
264	13	51	86
264	13	54	86
266	11	45	88
267	11	43	89
270	10	37	84
269	11	36	87
270	12	36	85
268	11	40	86
268	10	42	89
264	14	48	84
265	10	47	87
263	9	53	91
261	11	51	86
262	14	54	83
266	9	45	86
266	9	42	88
266	9	47	86
264	12	53	86
266	11	50	86
266	12	49	84
269	9	45	87
269	13	46	84
268	10	48	87
270	10	43	88
270	10	47	88
271	11	41	84
271	11	40	85
271	9	40	89
272	11	40	87
273	9	38	88
272	10	42	86
270	12	46	85
271	11	48	84
271	12	50	83
270	13	53	82
269	14	56	80
272	12	51	82
271	11	54	84
271	13	55	82
274	11	51	83
274	14	50	78
274	13	53	80
274	16	52	76
276	14	51	79
275	15	52	79
278	14	49	79
277	11	50	84
279	9	49	85
279	13	48	80
280	10	49	85
280	10	48	85
281	12	50	84
282	11	47	84
283	11	48	86
284	10	47	86
285	11	46	86
285	15	48	80
284	14	49	82
286	16	48	79
286	14	50	83
286	14	47	82
289	14	46	84
287	14	51	84
288	14	48	83
287	15	52	84
289	13	51	87
288	14	54	86
287	16	56	83
288	17	54	83
289	15	52	85
288	14	55	88
288	14	54	87
287	15	56	86
288	16	54	86
289	14	50	88
286	14	55	91
287	14	53	88
286	16	53	87
286	17	51	86
285	16	53	88
283	16	54	90
282	17	54	88
282	14	53	92
280	15	55	91
279	17	55	88
279	14	54	93
278	14	54	94
278	18	53	88
275	19	55	87
274	18	56	90
272	18	56	89
271	15	58	94
269	14	59	95
270	16	55	93
268	15	58	95
268	12	57	97
267	14	57	97
266	13	57	98
264	13	59	98
263	15	57	95
262	17	59	95
262	15	59	98
261	19	58	91
262	16	56	97
261	15	55	98
260	18	56	93
260	16	55	96
259	15	54	98
258	19	56	93
259	16	56	97
257	21	57	91
259	16	53	99
258	14	54	101
259	14	54	102
259	17	53	100
257	17	57	100
257	16	58	100
256	19	58	97
260	16	53	104
259	13	53	108
258	13	55	107
258	21	57	98
258	17	57	104
260	15	54	108
259	16	56	107
259	18	59	105
261	17	54	107
260	17	55	108
262	17	55	108
262	17	56	108
261	18	58	107
262	17	57	108
263	17	58	110
263	16	57	113
264	19	59	107
265	18	57	109
265	17	58	111
267	18	57	111
265	17	59	113
266	19	59	110
266	21	60	108
266	18	60	113
267	18	61	113
269	18	58	114
268	19	58	115
270	20	57	112
269	19	58	114
270	19	60	115
269	21	61	114
268	20	60	115
270	19	60	118
269	20	62	116
270	21	60	117
269	21	62	117
268	21	62	117
269	22	61	115
269	22	61	116
269	23	62	118
269	22	62	117
269	22	63	118
268	23	64	118
268	22	65	117
269	21	65	121
270	20	63	123
269	24	65	116
269	23	66	118
268	24	70	117
268	25	70	118
269	23	69	120
270	22	67	123
271	22	66	123
271	24	66	122
271	24	69	123
271	22	68	125
272	24	68	124
270	21	72	129
272	28	70	118
272	26	69	121
271	26	73	121
271	26	73	123
269	25	74	122
272	26	71	124
271	26	75	127
272	24	75	129
273	27	71	126
271	24	74	132
271	28	76	125
271	28	74	129
271	28	79	129
270	27	78	128
271	30	77	127
270	31	79	126
269	26	80	135
271	27	77	132
269	28	80	132
268	28	81	133
269	31	79	129
269	29	77	134
270	33	76	130
268	31	78	133
267	31	78	131
266	35	80	126
264	34	82	129
267	35	79	127
266	38	79	127
268	34	76	133
267	33	77	135
265	33	82	138
264	37	83	131
264	36	82	134
263	36	84	136
263	36	83	135
265	37	81	134
263	36	83	136
264	38	82	137
262	35	82	142
263	37	82	140
261	33	86	148
261	38	84	138
261	36	85	144
261	33	86	148
259	38	86	142
259	37	88	144
259	36	86	147
259	40	86	143
260	37	85	147
258	36	88	151
259	36	86	150
259	38	88	150
257	40	90	149
257	42	92	145
259	40	89	151
257	43	91	145
256	41	93	148
256	42	92	148
256	41	94	152
257	45	93	148
255	41	93	154
253	43	98	154
254	49	100	146
254	46	97	151
253	44	95	152
252	45	98	155
252	48	98	152
250	43	101	159
251	46	97	158
249	44	98	157
248	46	99	161
249	44	97	163
247	46	98	161
249	48	94	161
247	46	95	164
244	52	101	156
247	45	95	165
245	47	98	168
241	46	103	168
242	52	99	163
244	49	96	170
244	51	100	166
242	49	102	173
242	48	102	171
242	52	99	171
243	51	101	174
242	52	100	168
243	57	101	167
242	52	101	175
245	53	99	174
243	56	102	171
245	53	103	177
242	50	107	183
242	51	108	182
243	51	106	187
242	52	108	184
244	54	107	184
243	51	105	192
242	48	110	194
242	54	110	189
241	55	110	189
240	57	112	187
241	61	110	182
239	56	116	191
238	55	116	195
239	56	115	198
241	53	111	202
235	57	121	197
237	62	118	198
235	56	117	202
240	59	111	202
233	57	118	206
235	59	119	205
232	60	124	205
232	62	123	206
229	57	124	211
230	62	125	211
230	60	126	211
229	67	130	208
230	63	126	211
229	63	128	213
226	67	129	211
226	67	130	214
226	69	135	213
225	68	134	216
225	70	135	216
227	74	131	214
228	68	132	221
224	73	139	222
224	73	135	221
224	71	134	229
221	69	138	232
219	75	140	232
217	78	138	227
218	70	135	237
212	81	142	228
216	75	141	235
211	82	142	232
208	81	145	235
205	85	143	230
205	78	145	244
202	85	141	233
197	80	146	247
197	84	148	239
197	92	141	228
188	86	153	245
189	87	148	246
185	91	146	244
189	86	148	249
180	84	153	259
180	94	153	247
174	91	157	250
176	105	153	230
177	96	146	242
171	89	154	256
161	94	160	249
159	105	164	235
160	104	157	232
158	94	156	239
152	100	158	222
150	106	158	220
147	110	160	219
137	122	168	200
135	121	165	220
135	133	162	189
133	123	166	204
128	126	169	207
122	137	172	195
126	147	165	187
124	146	165	190
123	139	162	204
120	136	168	212
115	144	170	205
111	156	170	193
109	148	168	204
106	132	172	217
93	150	184	203
98	158	177	190
100	157	174	196
91	156	186	197
92	178	184	173
92	176	181	179
97	173	173	183
104	148	164	205
110	113	162	245
109	113	157	245
112	112	156	247
116	115	154	238
112	160	159	196
114	123	157	221
119	115	154	206
121	124	153	225
119	134	160	248
132	109	141	239
131	120	147	234
138	118	143	231
137	119	148	232
140	121	150	227
154	121	142	221
164	123	137	227
169	125	142	224
173	124	140	225
173	129	149	225
179	132	147	219
193	130	138	225
190	136	147	214
181	136	160	215
188	137	157	216
192	134	157	217
196	133	158	216
196	139	162	213
204	138	159	206
207	145	153	178
217	149	141	162
219	153	136	139
225	156	135	137
226	159	127	119
230	156	122	126
226	159	136	122
233	155	130	131
235	156	133	141
235	157	130	130
240	161	124	126
238	157	127	134
234	157	140	142
233	161	140	130
229	160	142	142
220	162	157	148
218	163	150	141
214	165	147	139
210	167	144	131
207	165	146	138
205	168	150	134
204	167	146	131
207	169	147	132
214	167	146	135
219	161	155	153
227	159	138	146
233	160	142	145
236	157	140	149
240	157	135	151
243	157	135	155
247	157	135	157
250	153	136	172
256	152	131	188
255	154	137	187
255	153	140	185
259	152	139	187
263	152	134	179
266	151	127	169
267	152	129	178
266	154	132	174
272	152	125	184
269	153	127	165
268	154	126	158
270	152	126	172
269	154	128	166
265	155	127	140
268	152	126	152
273	154	124	163
275	154	123	171
275	154	123	160
276	155	122	154
272	155	127	160
271	154	129	172
267	155	133	167
266	161	134	149
262	162	136	149
248	167	152	136
246	166	149	128
241	169	155	131
239	172	156	122
240	174	153	131
241	176	154	117
242	176	161	123
243	173	156	121
243	174	157	116
243	173	150	119
241	171	153	112
245	168	142	110
244	167	141	110
243	165	143	113
242	164	142	115
242	163	139	108
242	162	139	112
241	162	141	108
241	162	143	106
244	161	138	103
249	159	128	104
255	159	122	102
268	164	110	113
266	154	116	126
270	153	123	142
267	154	130	143
271	152	127	151
272	153	125	144
274	151	123	155
275	153	123	149
275	153	124	162
281	151	118	176
276	151	123	170
277	151	123	187
277	148	123	194
279	148	122	203
282	144	117	206
279	148	121	187
278	150	125	174
280	148	124	201
279	147	121	189
280	150	121	169
280	150	119	171
279	151	121	164
278	152	121	145
282	150	118	158
278	150	117	153
277	152	121	149
277	151	120	150
275	151	124	160
275	151	124	153
277	148	122	167
275	150	123	171
275	151	125	175
270	150	130	199
266	152	128	185
244	159	153	179
216	171	172	172
189	178	180	157
162	192	205	131
147	199	178	155
138	205	165	152
119	214	177	137
92	221	173	114
74	231	173	109
51	237	155	94
29	249	129	90
5	262	128	92
-7	279	120	90
-2	283	100	79
-1	295	100	93
112	253	104	95
102	261	127	92
70	244	142	92
68	245	173	110
27	218	209	111
27	222	233	130
12	198	242	158
9	186	237	162
9	168	219	180
2	153	213	198
12	134	191	218
12	140	167	204
22	172	138	197
-8	99	124	216
-4	130	115	224
18	20	146	252
12	17	188	244
16	11	229	253
2	17	231	250
198	3	234	255
122	4	205	231
213	-2	225	195
205	0	223	173
206	0	230	162
225	6	209	153
218	1	218	149
215	5	219	145
252	3	185	152
196	0	208	147
197	-1	227	147
216	0	220	151
250	2	191	140
204	-5	208	150
217	0	212	161
243	5	193	148
214	-26	162	136
209	-24	151	129
270	-5	152	102
268	1	151	92
267	7	140	81
260	4	132	87
236	0	113	99
237	0	96	99
271	0	89	102
249	-3	71	106
269	0	61	100
272	0	41	95
272	0	39	96
273	-2	39	101
273	-3	39	101
271	-1	42	99
270	0	43	98
269	2	45	98
269	6	42	97
267	12	46	90
268	8	46	96
267	7	46	101
266	7	47	102
266	7	49	104
265	7	52	103
264	6	49	106
264	1	57	112
263	0	54	117
263	1	52	111
262	1	53	116
263	2	52	117
263	3	52	118
263	-1	55	125
260	-3	59	129
260	-2	60	124
260	-2	59	129
259	0	61	126
259	1	60	123
259	1	63	125
259	0	59	129
256	4	60	125
257	5	57	131
258	12	53	128
258	12	55	134
259	9	53	144
255	4	61	153
252	0	63	159
248	1	71	155
244	-1	78	162
244	-4	80	168
240	-3	81	169
243	-2	76	168
242	3	72	163
236	1	81	169
237	5	77	168
236	5	72	172
231	3	74	179
230	1	75	179
229	-2	78	190
224	21	75	185
221	25	79	165
218	16	83	182
213	1	82	204
214	1	78	192
211	3	76	215
202	-6	89	217
206	-4	77	199
205	3	70	211
190	-6	92	221
