94	0	121	328
102	0	122	322
114	0	115	309
119	-2	116	317
132	-7	101	324
135	-8	104	326
143	-8	100	322
149	-21	97	333
163	-14	82	325
166	-14	83	314
157	-18	101	301
162	-3	100	279
166	-6	96	272
166	-5	100	260
166	-6	103	267
174	-3	96	253
186	-3	84	261
190	-3	83	245
193	-8	80	247
191	-3	87	250
195	-1	82	237
197	-3	80	239
199	-4	81	250
201	-1	79	226
205	-1	74	224
206	-5	74	231
211	-6	72	231
218	-3	64	229
220	-5	66	227
226	-7	60	220
228	-10	61	210
230	-16	60	222
235	-17	56	223
228	-21	67	219
231	-18	66	210
230	-2	67	189
229	-4	70	176
232	-4	64	156
231	-2	66	146
232	1	67	138
235	-1	63	149
235	0	65	151
237	1	62	145
239	0	62	141
242	2	57	146
243	1	55	157
245	1	55	163
247	-4	52	174
248	-5	52	178
252	-13	49	187
254	-14	49	182
255	-8	48	174
259	-10	46	172
260	-7	47	165
265	-5	42	162
265	-7	45	156
260	-7	56	146
262	-1	52	137
265	3	50	129
264	-1	51	127
266	1	48	131
266	0	48	129
262	-2	54	130
265	0	52	128
265	-2	53	127
267	-1	48	135
268	-2	46	134
268	-5	46	141
271	-1	42	138
272	-4	42	141
275	-6	40	142
275	-14	41	150
276	-5	40	137
279	-6	40	136
280	-9	42	137
283	-11	38	137
286	-13	35	141
286	-14	36	140
288	-18	34	146
287	-11	36	138
290	-13	33	137
290	-9	33	133
286	-12	38	128
289	-6	35	119
285	-8	39	112
287	-1	39	100
288	-2	37	106
290	-6	36	111
291	-10	35	119
292	-3	34	113
293	-5	34	112
294	-9	34	120
295	-12	33	125
296	-12	35	121
298	-10	35	118
301	-7	33	113
304	-9	31	111
306	-9	32	108
309	-6	29	102
310	-6	30	98
310	-6	32	89
314	0	28	81
315	0	28	77
316	1	29	72
316	0	31	75
317	1	33	72
319	1	33	75
321	0	33	85
322	-1	35	92
323	-2	32	91
324	-3	32	93
327	-1	30	89
328	-1	33	85
332	-1	28	81
336	0	32	82
338	0	33	85
342	-1	29	83
344	-2	28	86
349	-2	25	86
349	-4	28	87
356	0	24	87
355	-3	28	92
354	-4	29	94
354	-2	29	89
355	-5	39	91
356	-3	40	92
358	-3	39	87
358	0	38	88
360	-2	40	87
360	0	41	84
360	2	41	83
358	4	43	80
357	8	43	78
362	9	39	79
360	14	39	72
358	17	42	69
358	18	41	68
353	20	46	66
352	23	47	61
352	24	46	62
349	27	50	59
350	26	49	60
350	28	48	57
350	26	48	61
351	26	46	60
351	26	47	60
351	25	46	61
352	24	45	61
353	22	43	63
355	23	42	62
352	21	46	64
353	16	44	69
353	21	43	64
353	22	45	63
353	13	44	72
352	16	46	68
352	15	45	70
353	15	43	70
350	18	46	67
350	14	46	70
351	16	45	69
350	12	46	72
350	15	45	69
350	8	46	76
355	7	40	78
357	9	40	75
358	6	38	79
359	6	38	79
357	5	40	80
359	5	39	79
361	4	37	80
360	6	38	78
360	5	39	79
361	7	38	77
362	4	38	80
363	5	37	79
363	3	36	82
362	5	37	79
361	3	38	81
361	8	38	76
361	11	38	73
361	11	37	74
361	8	36	76
362	12	37	70
360	11	38	73
359	12	39	72
358	13	40	71
356	14	43	70
355	12	43	72
353	9	45	76
353	7	45	78
353	9	45	75
352	8	47	76
354	10	41	73
356	0	39	85
354	1	41	84
353	4	41	81
356	3	39	82
359	2	36	82
360	1	35	83
357	1	39	84
358	1	38	84
361	0	35	85
359	1	37	85
356	1	41	84
349	1	49	85
350	1	49	85
350	4	47	81
348	3	50	83
349	4	49	81
352	4	45	81
360	1	37	85
363	1	32	84
360	2	35	83
360	2	35	82
362	2	32	82
359	2	37	83
360	3	36	82
357	3	40	81
356	4	42	81
360	2	37	83
357	2	40	82
356	2	42	83
356	2	40	83
359	1	36	84
360	1	34	84
359	0	37	85
360	2	33	82
357	1	38	83
356	1	40	84
359	4	38	81
355	5	44	80
354	10	45	74
352	14	46	70
352	12	45	72
352	10	45	75
351	11	46	74
350	10	51	74
348	9	59	75
349	6	53	79
348	11	52	73
349	14	50	69
349	16	50	68
349	16	50	68
348	11	51	74
351	7	46	77
349	11	49	73
349	11	49	74
349	11	49	74
349	11	49	74
348	13	51	72
351	11	47	74
350	14	48	71
350	15	47	69
349	15	49	69
350	16	48	69
350	11	46	74
350	12	47	73
349	16	50	68
349	15	49	70
349	13	50	72
350	16	48	68
350	14	48	70
350	14	48	70
352	13	46	71
352	13	46	71
351	15	47	69
351	14	47	70
350	12	50	73
352	14	47	70
352	14	47	69
353	15	46	69
352	12	47	72
353	15	48	69
353	14	47	70
353	14	47	69
354	13	45	71
353	12	47	72
354	16	47	68
353	14	48	70
355	14	47	70
355	16	47	68
355	14	46	70
354	13	48	71
354	14	49	69
355	16	48	68
355	17	48	67
355	19	48	64
357	16	46	67
358	18	45	66
358	15	45	70
361	17	41	68
360	15	43	69
361	17	43	67
361	15	44	70
361	15	44	70
361	15	43	69
361	17	45	67
363	17	41	66
364	16	41	68
366	15	40	69
366	15	39	69
367	18	40	65
368	18	37	64
369	17	37	66
371	17	32	65
371	13	33	70
373	15	29	67
373	14	29	69
374	14	26	68
375	14	28	69
374	13	28	69
376	16	30	66
374	11	27	70
379	14	23	67
381	19	25	64
377	14	26	67
382	14	23	70
382	15	23	67
383	14	25	71
381	19	32	66
381	17	30	68
377	12	33	70
379	12	33	69
376	8	35	73
378	3	33	81
376	4	37	78
377	5	32	77
377	9	33	72
376	10	36	73
377	4	37	76
376	8	38	72
377	11	34	70
377	13	28	66
377	15	27	65
377	13	27	66
377	14	28	65
377	19	29	62
376	13	31	67
376	10	31	73
376	12	31	71
375	12	32	69
375	11	31	70
376	11	29	69
374	11	33	70
373	9	33	72
373	10	32	71
374	11	31	69
372	12	35	68
371	13	36	67
370	10	36	69
369	10	38	71
368	12	39	66
369	14	37	64
365	12	41	68
363	12	43	68
362	10	43	70
360	13	45	68
358	14	48	67
356	13	48	67
355	14	48	67
355	13	47	68
355	13	46	70
354	12	46	69
353	12	47	69
353	13	46	69
352	12	47	70
353	10	45	72
353	11	44	71
353	12	43	69
351	14	47	67
352	11	43	70
352	13	43	68
351	10	44	72
350	11	46	70
350	9	44	74
351	7	42	76
350	11	44	71
350	12	41	73
351	14	40	72
349	13	43	73
350	14	42	74
348	13	44	72
349	15	42	71
351	15	40	69
349	14	42	72
351	15	40	71
350	15	41	70
350	15	41	72
349	15	42	73
350	16	42	72
348	17	44	70
349	17	43	71
350	15	42	74
349	16	44	72
346	15	47	74
346	15	47	75
347	16	47	72
350	16	43	73
349	14	44	76
348	14	47	78
349	13	46	77
352	17	44	75
351	16	44	75
350	15	47	76
352	14	44	78
352	15	46	78
353	16	45	77
353	17	45	76
353	16	45	76
353	16	46	77
353	17	46	76
355	16	45	78
353	18	49	75
356	19	45	74
355	18	47	75
355	18	48	76
356	20	48	74
356	22	49	71
358	18	48	77
358	19	47	76
357	16	49	77
359	18	48	76
360	19	47	76
360	18	48	77
359	16	50	79
360	18	49	79
361	19	48	77
361	20	48	75
361	18	50	78
360	20	51	76
362	20	49	76
363	20	48	76
361	21	52	76
363	20	50	78
365	21	47	76
365	22	48	74
366	21	48	78
366	19	48	79
367	21	47	78
367	21	47	80
367	21	49	78
368	19	47	81
369	21	47	79
369	17	46	83
368	20	50	79
368	21	51	78
369	20	51	82
370	18	47	82
369	19	50	82
370	20	48	83
369	17	51	86
370	20	50	81
370	19	50	84
369	20	54	83
369	20	54	84
370	20	50	84
368	20	54	85
368	19	54	86
369	20	53	86
369	21	52	83
369	17	51	89
367	21	57	84
369	20	53	85
370	20	47	87
370	20	50	87
369	21	51	86
369	22	50	86
370	21	47	87
370	22	45	85
368	21	50	88
370	23	45	85
369	22	44	86
368	22	45	87
366	22	49	88
369	22	42	87
367	22	42	88
363	22	50	88
365	22	42	88
364	24	41	87
362	24	44	86
360	23	48	89
361	23	44	88
359	22	48	90
357	21	53	90
357	21	50	90
357	22	52	89
354	23	57	88
354	22	56	89
354	22	55	90
354	22	53	91
351	26	56	87
352	24	53	88
350	24	54	88
352	25	50	88
346	25	56	88
344	26	58	87
342	26	59	89
343	25	57	90
342	27	56	89
342	28	55	88
340	28	56	88
338	27	59	90
338	28	57	89
338	25	55	93
335	28	59	90
335	28	58	91
334	28	57	89
336	25	54	94
335	25	54	95
334	25	53	93
334	25	53	93
333	27	53	92
331	24	55	96
332	27	54	93
332	31	54	89
333	28	52	93
332	27	51	95
332	26	52	96
332	25	52	98
331	26	54	97
332	24	52	100
331	29	54	96
331	29	55	97
331	31	55	95
330	30	57	96
333	30	54	97
331	30	55	98
332	31	56	97
332	34	56	94
332	30	55	99
333	31	55	97
330	31	59	98
331	33	58	98
332	33	58	98
331	30	59	101
332	35	59	96
332	34	59	98
332	38	61	94
332	36	60	96
333	39	60	94
332	37	61	94
332	37	61	96
331	34	63	99
336	37	57	96
336	37	59	96
332	37	64	98
336	39	59	96
336	38	60	98
336	39	61	96
337	33	60	103
338	37	58	100
338	35	59	101
339	32	58	104
338	33	61	104
337	35	64	102
339	36	60	103
341	34	58	105
337	37	66	101
339	33	62	108
339	36	62	105
338	36	64	106
340	37	62	105
337	41	66	97
340	41	61	99
340	38	61	104
339	37	62	106
339	38	62	106
339	38	61	106
338	39	63	106
336	39	68	106
336	39	68	108
336	38	66	111
336	40	65	108
336	39	67	110
334	39	69	112
334	38	70	113
336	41	65	110
335	39	66	111
335	42	65	109
335	40	66	112
334	40	68	112
334	44	67	106
334	43	66	109
332	39	70	115
331	40	72	114
330	40	73	115
331	37	70	120
333	41	66	115
336	42	64	114
335	38	63	119
333	42	67	117
335	40	66	116
333	40	69	119
334	41	66	118
334	44	66	116
334	41	66	120
334	42	68	118
334	45	68	116
334	45	70	117
334	44	69	119
336	44	67	120
334	46	71	118
334	42	71	124
336	45	69	118
335	45	70	122
337	46	69	121
337	46	69	120
335	45	73	123
336	45	70	123
335	43	72	126
337	46	71	123
337	48	70	121
334	50	74	119
334	47	76	124
335	51	75	121
336	47	73	127
336	43	73	131
336	46	73	129
337	50	72	124
335	50	75	125
335	47	76	130
336	47	75	131
335	51	76	126
334	48	78	130
337	50	73	129
335	51	78	128
336	52	76	129
336	48	75	134
335	51	78	131
337	51	73	132
337	51	74	134
335	52	78	132
334	49	78	137
333	51	82	133
335	53	77	134
335	52	77	135
336	51	76	139
335	51	77	139
335	53	78	139
334	53	80	139
333	53	83	139
331	52	85	141
336	56	77	138
331	57	87	136
333	55	80	140
332	56	83	139
331	54	82	143
332	56	81	141
328	54	86	145
328	58	84	142
328	54	84	147
329	59	81	142
329	57	79	147
326	59	85	144
326	57	83	146
325	57	84	148
326	57	83	150
325	56	82	151
324	57	87	153
321	57	91	151
324	60	82	150
320	60	89	149
317	62	94	147
318	62	90	149
316	57	92	157
315	60	93	151
317	62	88	152
315	63	89	153
313	64	92	152
314	66	89	151
315	69	87	149
314	60	88	161
312	68	92	153
314	65	86	156
312	64	90	162
310	64	91	161
312	66	89	160
311	66	90	163
312	69	90	160
308	64	96	166
309	67	93	164
308	69	95	164
310	66	92	167
309	67	93	169
309	70	94	166
310	71	93	166
309	69	94	169
308	69	98	171
311	74	92	167
310	75	93	167
309	73	95	171
312	77	90	166
308	74	96	173
306	71	100	176
305	69	103	180
307	73	99	176
305	80	101	170
307	81	99	169
308	78	97	175
306	80	101	175
308	79	98	176
309	82	97	174
308	78	99	183
304	79	105	181
303	85	107	173
305	80	105	183
305	81	102	183
306	88	102	177
303	88	105	176
304	85	104	184
304	87	104	183
303	87	105	184
301	87	109	185
300	90	110	183
304	89	105	187
302	88	109	190
302	93	110	185
303	85	108	197
299	92	113	191
301	92	112	192
296	90	123	196
296	90	122	198
295	93	120	196
299	97	114	194
293	92	123	201
293	97	122	198
293	93	121	202
296	98	114	200
292	92	123	209
297	94	112	210
294	100	117	203
294	105	117	197
291	102	119	205
291	105	118	202
290	100	120	211
291	100	117	214
289	102	116	214
288	95	116	224
284	102	121	216
283	103	120	218
287	103	113	221
288	109	111	215
278	106	124	220
274	112	129	214
275	113	124	216
275	114	124	220
276	113	119	221
272	110	123	230
270	114	126	224
265	120	131	216
255	115	147	228
256	119	140	226
257	116	135	230
258	116	132	233
256	122	131	229
250	122	138	231
252	115	133	240
249	127	135	228
247	122	136	235
246	126	135	232
242	124	139	234
238	129	145	231
241	134	138	227
237	130	144	230
236	128	143	234
237	124	142	239
239	127	138	234
231	124	155	239
236	127	144	237
234	128	148	236
238	117	142	247
235	124	145	237
238	121	140	241
240	123	139	240
236	125	145	238
236	120	145	243
233	127	150	237
236	124	144	240
237	123	142	238
234	123	145	241
230	121	156	243
233	128	148	237
235	124	142	240
228	118	159	245
232	121	150	245
232	127	148	238
232	116	150	250
233	121	147	245
231	122	150	245
238	123	139	242
231	128	147	234
232	123	147	243
235	119	141	248
231	125	147	241
231	122	147	245
231	120	145	249
231	127	146	240
235	118	140	250
231	120	147	250
228	126	150	242
231	121	143	249
233	121	141	250
233	118	140	252
229	122	146	250
227	117	149	255
231	114	143	258
229	114	145	260
227	124	147	249
229	126	141	241
226	129	146	241
229	121	139	251
229	119	137	253
228	120	137	253
225	119	140	252
224	125	142	245
220	120	145	253
212	118	155	259
210	114	156	264
212	123	151	251
207	124	156	249
207	128	155	240
205	123	155	249
212	126	140	245
223	121	121	259
207	124	142	252
205	124	141	250
204	125	138	247
205	127	133	245
209	128	126	248
198	125	137	251
192	127	141	248
192	129	138	243
208	131	113	248
199	133	122	244
210	131	106	251
205	129	109	255
201	133	110	246
208	135	99	243
193	126	112	233
185	126	120	243
189	133	114	240
209	135	87	242
190	128	107	227
187	131	108	244
189	133	104	242
175	131	118	247
185	136	105	242
181	136	107	245
174	136	114	246
171	134	116	251
174	139	111	237
174	134	112	252
180	138	108	250
185	133	101	258
187	140	98	247
186	138	98	238
189	136	93	229
134	129	72	230
132	144	76	217
128	173	81	196
128	197	81	172
129	205	68	148
130	212	72	137
121	214	80	117
121	216	79	120
154	283	91	112
117	223	90	110
158	288	99	99
162	287	99	101
166	288	100	105
191	170	100	115
207	171	89	115
187	170	110	118
188	190	113	122
182	174	121	119
166	174	141	117
173	168	138	124
172	204	146	99
180	203	137	90
188	187	129	106
191	184	136	112
188	184	146	114
189	185	149	111
190	188	153	109
180	190	170	109
175	189	179	113
191	188	164	124
175	196	181	136
174	177	188	170
179	193	186	165
177	171	194	192
180	170	195	215
195	167	186	259
197	143	190	282
200	145	192	282
201	156	196	268
214	157	178	251
211	159	182	232
217	164	185	258
221	133	184	293
228	135	175	294
229	118	173	311
235	161	154	263
247	154	160	272
250	156	156	270
258	159	139	267
270	168	115	257
268	163	113	222
274	157	113	223
276	159	123	227
278	161	110	235
281	155	105	223
283	156	107	223
288	155	100	225
284	151	109	199
287	153	106	199
287	156	103	191
285	162	107	169
285	162	105	165
286	164	103	163
283	166	106	174
283	164	104	175
279	164	107	178
276	162	112	181
274	164	110	179
270	168	112	160
269	183	112	159
261	169	121	175
258	180	119	180
265	169	124	190
252	166	134	192
240	162	144	215
251	178	143	215
240	162	140	230
227	165	153	223
227	163	169	224
225	168	161	216
226	161	158	224
220	151	168	240
221	172	159	227
219	166	159	230
219	168	151	223
222	163	168	232
222	166	155	226
213	161	176	233
215	164	163	224
218	164	145	223
224	168	164	214
214	160	176	225
210	158	181	225
216	161	158	226
211	158	163	228
208	157	181	225
208	157	181	223
207	158	180	224
208	159	177	222
207	158	179	223
205	168	166	207
205	159	183	227
204	162	184	216
208	163	178	213
209	152	180	229
210	160	168	222
211	162	178	217
211	161	181	221
214	161	181	233
215	157	184	248
213	162	193	244
216	161	191	258
217	165	194	260
216	160	196	259
216	161	196	262
214	160	201	265
216	169	198	255
216	171	199	254
215	174	200	251
210	181	213	246
210	180	212	249
213	181	207	248
205	186	221	243
206	190	217	237
207	195	219	232
200	199	230	229
203	196	227	235
205	207	223	225
196	202	240	229
199	214	232	214
193	215	241	221
188	215	248	231
195	218	237	249
189	217	248	210
194	235	237	181
188	243	249	180
185	249	252	177
181	249	257	179
181	257	254	172
177	268	264	152
178	272	261	143
179	333	257	97
156	335	265	86
168	320	241	94
163	326	237	94
166	353	233	71
139	216	212	52
241	336	203	61
246	332	191	61
249	344	188	56
171	220	156	62
292	353	142	62
292	348	133	72
171	207	143	89
168	206	143	103
166	211	141	101
165	232	138	130
158	221	142	140
153	220	144	169
146	226	145	168
138	230	149	175
135	234	147	187
122	237	157	188
109	246	164	184
105	251	160	181
86	253	175	180
75	263	179	162
66	273	182	157
55	272	186	153
45	282	189	146
41	292	186	136
19	309	204	119
17	312	202	113
18	319	194	105
8	324	202	104
-5	323	219	106
0	327	207	103
0	325	199	111
0	325	200	110
-3	323	205	119
0	320	197	113
-3	322	201	110
-3	322	198	110
0	325	190	99
0	326	191	99
-1	330	192	96
0	328	186	94
0	332	185	88
0	330	183	97
5	331	178	94
-4	329	192	101
-1	330	187	98
-2	328	192	102
0	333	191	95
-4	339	192	92
-1	356	192	70
-1	372	192	81
2	379	187	79
15	404	169	84
277	203	176	89
300	-58	170	99
578	48	190	89
625	36	167	103
640	44	137	89
648	31	122	108
651	25	118	115
657	17	114	127
664	6	105	146
648	17	123	156
642	14	131	158
644	8	128	167
649	16	123	175
650	9	121	177
657	2	115	172
652	2	118	171
650	10	122	178
648	2	123	186
648	3	123	183
650	3	121	174
649	2	123	172
650	12	121	174
650	10	122	164
652	4	121	170
649	21	122	154
650	20	120	150
650	11	121	162
649	3	123	170
648	0	124	176
650	3	123	177
660	2	111	171
649	0	122	177
657	3	115	169
648	6	122	185
648	7	124	167
648	7	125	167
649	8	123	166
649	5	123	172
656	2	115	172
649	7	122	167
652	3	120	173
659	8	111	162
655	-1	117	180
652	-1	118	179
655	3	116	172
661	4	110	170
668	0	103	174
662	2	107	169
656	0	115	174
652	1	120	174
651	-2	121	183
649	-1	122	181
651	0	121	178
651	3	120	169
649	0	124	176
654	1	117	174
655	0	116	176
656	-1	114	180
652	-3	120	183
654	4	117	170
660	4	110	169
662	1	109	174
654	14	116	159
655	10	117	163
653	7	119	167
653	0	118	180
653	2	118	182
654	4	117	170
652	3	120	171
652	0	120	177
648	5	124	169
655	5	117	170
651	1	120	173
655	4	117	170
662	7	108	164
650	7	121	167
650	6	122	169
