79	69	132	200
77	70	142	205
84	65	134	208
84	67	137	206
86	58	142	228
92	65	132	204
91	65	141	198
97	62	137	209
103	60	131	216
104	61	135	208
102	60	137	206
109	61	135	195
116	59	127	203
113	57	137	196
116	59	135	188
120	57	135	195
120	56	139	196
127	54	132	215
126	52	139	213
134	54	134	208
135	56	133	186
139	56	133	192
146	54	129	209
149	51	131	206
157	52	125	204
160	54	124	191
164	49	123	208
167	50	125	212
168	46	128	214
171	43	124	215
178	39	119	221
181	43	117	217
183	38	117	220
180	45	122	213
185	42	123	208
184	40	122	212
188	47	122	193
194	41	112	209
194	43	111	193
194	46	116	195
199	43	109	204
201	38	109	208
199	40	110	200
200	44	110	187
197	45	115	181
206	46	105	170
202	43	112	168
202	45	108	159
207	44	111	163
203	44	109	165
211	41	110	174
206	43	107	166
212	44	111	148
211	45	107	146
209	43	113	159
210	42	108	153
213	43	103	145
213	43	105	145
214	44	105	140
217	41	101	145
215	44	102	139
217	41	105	143
221	38	97	160
220	37	98	162
216	38	100	143
217	40	104	138
220	38	94	140
215	40	106	137
215	42	99	128
215	40	101	131
220	37	103	143
225	41	88	136
222	35	93	141
220	37	93	150
220	37	94	138
216	38	98	131
218	36	96	143
219	39	95	122
218	38	97	128
219	35	96	146
223	36	90	140
219	34	92	139
219	36	95	141
219	36	96	140
219	35	95	142
222	35	90	143
220	33	93	149
218	36	94	146
221	31	93	147
219	33	95	147
222	34	91	140
220	34	95	138
223	32	91	138
223	31	91	147
221	31	92	146
224	28	93	146
222	32	92	141
223	30	95	141
228	32	85	135
223	32	92	138
226	31	94	144
227	30	89	143
226	32	93	135
227	33	95	137
227	34	90	129
231	33	89	129
231	34	92	124
232	32	88	129
232	31	91	133
232	30	91	135
233	32	87	128
232	32	90	126
233	32	89	125
234	32	91	124
234	33	86	118
232	31	91	129
234	32	89	124
234	31	92	125
235	32	87	125
237	31	88	127
239	32	83	114
238	32	85	118
237	33	88	111
240	31	87	121
238	30	87	124
241	32	85	109
241	31	84	104
244	31	82	99
244	31	78	100
244	31	80	97
246	31	78	90
244	31	79	93
246	31	79	94
245	30	79	92
246	30	77	92
247	29	77	96
248	28	76	98
247	28	78	94
246	28	79	93
247	30	78	90
249	28	76	91
248	29	77	93
249	27	76	96
248	27	79	100
248	25	78	116
249	26	76	107
247	26	78	114
249	26	77	106
248	26	78	109
249	25	76	109
249	26	75	103
248	26	78	106
249	25	75	109
249	25	75	108
249	26	75	104
250	26	74	104
249	25	77	105
252	23	73	110
249	25	74	106
250	23	74	111
250	24	73	109
250	24	75	105
251	23	71	106
251	23	71	109
251	24	72	104
248	23	75	106
251	24	72	103
249	24	72	104
250	23	72	107
248	22	74	109
250	23	70	106
247	20	75	112
249	23	73	103
247	21	72	103
247	22	71	101
247	20	70	106
247	20	70	102
244	19	74	106
246	17	69	107
246	16	66	108
247	15	66	109
244	16	69	107
245	17	67	105
244	15	67	104
243	15	68	105
244	16	64	99
244	14	65	106
241	16	65	94
240	17	67	93
242	15	64	99
239	14	69	104
241	13	63	104
238	12	67	109
237	15	69	104
240	14	63	101
240	12	60	99
237	14	64	95
236	14	66	104
238	11	61	101
237	12	63	103
236	11	62	104
238	11	60	102
236	12	63	99
235	12	62	101
235	12	64	100
235	11	65	105
233	12	65	103
233	14	65	99
232	13	66	101
233	13	65	102
233	14	65	100
232	13	67	101
232	15	64	97
231	15	65	96
232	14	63	97
231	17	67	91
228	17	69	96
232	15	63	98
230	15	65	98
228	17	68	96
229	18	68	91
228	17	69	95
229	17	67	92
230	17	64	89
228	17	66	91
229	16	64	91
230	16	66	91
230	14	63	94
230	13	64	96
230	15	63	92
229	13	65	95
231	15	60	91
231	13	63	98
231	11	59	98
232	11	59	100
231	13	60	93
231	14	61	90
228	13	63	95
231	12	63	97
228	13	61	95
231	13	61	96
231	12	58	93
231	14	60	87
232	12	60	94
231	13	58	92
231	12	58	92
231	12	59	95
233	11	55	97
231	13	55	95
232	11	57	95
232	10	54	100
232	10	57	97
232	12	54	90
232	11	54	97
233	11	53	97
233	12	53	92
232	11	54	97
233	11	53	96
232	10	54	97
231	9	55	100
232	10	52	95
232	9	52	100
232	8	53	102
232	10	51	100
230	10	54	99
230	12	56	89
229	10	57	93
228	8	59	94
228	9	57	92
227	8	60	96
229	7	59	92
226	9	59	87
224	7	64	92
228	8	59	89
224	8	64	93
227	7	61	92
225	8	62	87
225	8	62	95
226	7	62	89
225	7	63	98
227	6	62	99
227	9	64	94
225	10	67	92
225	10	68	92
225	10	69	94
226	9	70	94
230	9	68	94
228	10	70	89
229	8	73	93
230	6	72	98
229	6	73	98
227	7	75	95
232	6	68	97
235	5	65	98
231	7	73	95
234	5	71	98
237	6	68	97
237	6	70	98
239	6	69	97
241	5	69	98
246	4	64	99
245	6	65	96
252	6	59	95
251	6	62	100
255	3	57	102
255	3	58	103
258	5	55	101
255	5	58	102
258	6	58	100
259	7	58	99
262	7	56	97
261	8	58	95
261	10	60	89
261	11	62	90
260	10	65	94
261	11	63	91
263	11	61	88
263	10	63	93
261	10	63	89
264	9	62	93
260	9	67	94
265	7	61	100
264	6	61	101
265	6	60	101
266	6	58	99
266	3	58	103
268	2	54	102
267	3	55	106
267	5	56	103
264	6	60	99
269	6	56	103
263	8	61	102
266	10	58	100
262	10	64	95
264	11	61	96
266	10	59	97
262	12	69	93
264	11	63	94
263	11	63	92
265	9	60	100
267	9	57	96
265	6	59	102
267	10	55	95
265	7	58	102
265	10	58	96
264	9	61	98
265	8	57	100
264	12	61	94
265	13	57	90
266	13	57	94
266	12	55	96
264	13	59	97
263	12	61	98
263	13	60	97
264	13	60	98
262	12	63	98
263	11	60	100
265	9	57	103
264	8	59	108
262	10	62	104
263	10	60	104
262	9	62	106
262	10	60	105
260	10	63	105
259	10	64	105
260	10	62	104
259	9	62	109
260	10	60	106
259	8	60	112
257	10	63	107
257	10	62	107
258	9	59	111
257	9	60	111
257	11	60	108
256	8	60	113
255	10	61	111
256	11	60	108
253	10	61	111
251	12	64	107
247	11	68	111
247	13	69	103
246	14	69	99
248	13	64	107
247	11	65	111
248	11	62	110
245	11	64	110
246	11	64	110
246	12	62	104
246	11	61	112
246	9	61	115
246	9	62	117
243	11	64	116
241	12	65	114
242	13	65	111
237	13	72	111
239	14	68	107
237	13	72	115
235	14	73	114
235	15	75	108
234	16	77	114
235	14	75	116
237	15	74	114
236	13	75	121
236	15	74	117
237	18	75	111
237	16	74	115
239	14	74	121
238	17	75	115
240	14	73	120
239	17	76	117
242	16	72	117
241	15	73	120
244	16	70	116
244	17	70	115
243	15	72	121
242	16	73	120
241	17	75	117
242	17	74	115
243	18	74	119
242	16	74	119
242	16	74	122
241	18	75	117
239	19	77	116
241	19	74	112
242	20	72	109
244	16	70	122
243	17	70	116
242	18	72	119
241	19	74	112
243	17	72	118
242	19	74	111
237	18	81	120
241	16	76	120
240	16	76	119
239	18	77	115
236	16	82	120
235	17	83	118
235	17	84	116
238	15	81	122
237	18	81	113
236	17	83	117
234	18	86	117
240	18	81	118
237	19	82	116
237	18	82	118
238	19	82	116
238	21	82	112
238	19	82	117
238	19	82	117
240	18	82	118
243	17	79	119
238	19	83	117
239	18	85	119
238	18	87	118
235	17	88	121
234	17	90	121
236	17	88	124
237	18	84	117
238	20	83	116
242	20	79	114
240	19	82	113
241	17	83	122
239	17	84	122
239	18	86	113
239	18	82	106
237	16	85	122
237	16	87	121
237	19	86	111
239	16	83	118
237	16	88	122
236	17	85	119
235	17	84	116
237	17	85	118
235	18	84	117
236	18	84	119
238	19	82	116
240	18	78	117
240	20	78	114
240	20	76	112
241	20	75	115
241	20	74	116
241	17	74	119
242	21	73	113
240	19	75	118
244	20	71	114
241	24	74	102
246	21	69	115
243	21	72	115
244	22	71	111
247	23	67	109
247	23	68	111
243	26	71	106
247	26	67	107
250	24	63	108
246	25	69	110
248	23	66	108
250	21	65	116
246	21	69	111
248	19	69	117
249	17	67	119
247	18	72	119
245	19	76	117
243	20	78	114
242	20	81	116
242	21	81	113
243	21	78	110
249	20	68	111
245	19	72	118
246	18	70	119
247	19	71	114
246	20	75	113
243	20	81	121
241	18	82	122
241	19	79	120
244	21	76	116
239	22	82	113
242	22	80	114
242	24	78	105
241	24	80	105
243	23	77	113
241	25	79	100
243	23	77	116
246	23	73	113
245	26	74	106
246	27	74	97
244	26	74	98
246	26	74	100
241	27	80	95
242	27	80	92
243	25	79	96
247	25	75	102
246	24	79	105
246	23	80	106
246	22	83	110
249	21	81	118
255	21	73	116
255	19	73	116
251	19	85	126
256	18	78	127
259	18	74	127
259	17	75	127
259	18	75	127
259	17	73	125
255	19	82	127
254	18	81	126
251	18	83	123
258	18	74	123
254	18	79	126
252	17	80	127
255	18	75	121
252	17	78	125
252	17	78	126
248	18	83	123
248	18	81	122
249	18	78	120
248	18	79	122
247	17	79	124
245	17	81	123
251	17	72	119
245	15	80	126
244	17	79	121
244	19	76	111
245	16	76	125
243	16	79	124
242	16	80	123
241	19	79	118
241	19	79	122
243	19	76	115
245	17	74	119
244	17	73	119
244	18	72	116
245	14	71	124
247	12	68	127
246	15	69	121
246	16	67	123
246	13	67	127
246	15	65	121
246	13	66	125
240	15	73	126
237	12	76	130
239	8	75	136
240	5	75	139
240	5	73	140
238	4	78	140
237	12	78	132
236	18	79	122
237	17	78	124
239	10	75	134
237	9	78	134
240	7	74	136
245	5	67	140
244	8	66	138
245	4	66	142
233	2	81	141
236	5	79	141
236	4	79	141
234	15	81	128
236	13	83	129
239	15	74	127
238	17	79	127
242	17	62	126
237	17	70	127
236	17	71	127
234	18	75	123
234	16	73	129
233	17	73	128
235	15	68	129
233	18	69	127
237	17	63	129
235	17	65	130
232	17	69	126
234	17	68	124
233	18	68	120
236	20	64	111
234	21	68	106
237	19	64	115
238	17	63	119
238	20	65	108
235	22	68	102
238	21	64	105
238	21	66	105
234	20	71	107
235	22	71	105
234	21	72	107
236	21	71	108
236	21	71	109
236	22	74	110
237	21	73	114
236	20	76	117
239	22	73	114
240	19	71	124
240	19	71	123
239	18	75	128
240	19	74	122
243	18	72	129
241	19	78	131
240	19	82	129
243	19	77	126
246	19	76	133
247	17	77	131
245	18	82	129
248	19	80	127
250	18	78	129
251	17	76	131
254	15	77	136
254	18	78	132
255	19	79	127
258	16	78	132
262	16	72	134
263	16	74	124
264	17	78	129
267	15	77	123
267	16	77	111
267	15	79	112
269	17	80	115
270	16	78	111
271	16	82	116
275	16	74	108
275	14	78	134
276	10	81	139
276	13	81	133
277	12	80	138
278	12	82	138
279	13	80	136
282	10	76	140
281	12	80	140
284	9	77	142
282	12	79	140
281	9	82	143
289	8	74	143
284	7	81	146
281	7	88	144
280	7	93	143
277	8	97	142
281	9	92	139
277	8	97	143
277	9	98	141
276	6	103	145
281	6	98	145
280	4	95	145
285	5	90	143
285	8	97	133
287	11	97	125
283	10	97	135
281	14	100	134
281	16	96	135
285	16	90	133
282	15	93	134
295	15	78	132
305	15	68	114
308	17	66	112
309	17	71	98
301	23	73	107
306	18	63	109
309	17	68	101
309	21	62	114
312	16	45	114
309	20	48	124
307	16	57	128
307	16	55	120
307	16	53	126
304	17	65	123
303	17	65	126
303	16	62	127
303	16	63	126
304	15	61	122
304	17	59	126
304	16	60	124
304	18	62	117
303	17	62	124
303	16	61	127
303	16	61	122
303	18	60	125
301	16	61	127
298	15	67	126
300	14	62	130
299	15	63	127
299	16	61	123
298	15	59	122
293	16	68	123
292	16	63	119
290	16	67	118
286	16	71	126
285	16	67	121
284	16	66	126
281	15	70	130
277	16	73	129
275	13	72	133
271	16	73	131
268	17	76	127
263	19	81	130
261	18	78	128
260	18	75	129
258	20	77	126
255	20	76	127
256	17	75	135
253	19	77	130
251	19	76	130
252	19	74	130
250	19	74	130
251	18	71	133
252	17	68	135
249	17	71	131
246	19	73	127
244	19	76	132
241	19	79	132
242	19	75	130
241	21	78	132
241	18	77	137
237	19	80	139
234	17	86	144
237	20	80	138
235	20	85	139
232	23	87	134
234	21	86	137
234	23	87	135
233	22	88	136
232	23	92	136
238	23	83	134
237	25	86	130
234	24	91	140
233	25	93	134
236	27	90	134
237	26	89	135
238	26	89	132
241	25	90	142
241	27	90	134
242	26	91	140
244	26	89	131
245	27	90	140
252	23	83	143
250	26	88	143
252	24	87	145
254	24	88	144
252	25	93	147
250	24	94	147
253	25	90	145
254	24	92	150
258	23	89	151
261	25	85	145
260	26	88	144
262	25	85	147
259	22	90	155
262	24	87	149
262	22	87	156
262	24	87	152
260	22	90	153
262	25	87	150
265	23	83	149
265	22	83	155
260	20	90	158
261	24	89	152
264	22	87	155
263	23	86	149
260	25	91	153
264	25	88	148
264	26	87	148
263	20	89	157
264	24	86	150
265	24	85	150
264	22	89	160
266	22	83	155
262	22	90	155
265	25	85	147
263	23	90	155
263	26	91	145
266	24	87	151
266	24	87	154
268	22	86	157
268	23	87	153
269	22	86	157
271	22	85	160
269	25	88	151
270	25	89	159
273	24	89	161
274	23	88	163
276	22	87	161
278	22	87	167
281	22	85	161
279	25	91	156
282	25	89	163
285	22	86	168
285	26	89	153
283	26	94	149
286	28	91	145
287	27	92	152
286	27	94	163
286	27	95	168
286	24	96	172
287	30	98	163
287	28	97	172
289	29	95	167
287	32	98	147
287	29	100	174
286	31	103	172
288	28	100	178
289	35	101	167
290	34	94	173
286	32	100	174
292	34	96	170
290	35	97	177
290	31	97	181
288	35	97	180
286	34	102	182
285	34	101	181
284	35	103	181
284	37	104	177
283	38	103	183
282	31	101	191
278	38	110	188
275	36	108	187
276	39	108	190
271	37	116	185
269	41	117	173
273	41	110	171
267	41	117	179
265	40	117	191
267	42	113	182
268	37	109	176
265	40	115	184
266	42	111	171
264	44	115	158
263	45	114	150
265	47	111	148
260	53	111	166
260	47	108	153
260	53	108	176
258	45	108	176
258	50	107	167
256	51	111	159
254	52	113	156
254	51	114	160
253	51	115	171
252	53	118	162
249	51	118	175
248	50	121	173
247	54	120	163
247	52	120	170
244	57	128	161
246	54	123	168
241	50	131	179
241	50	132	181
240	52	131	179
242	52	131	178
242	53	128	182
240	54	132	187
240	56	130	180
241	56	129	186
242	55	129	202
245	60	126	180
233	59	142	191
239	60	131	185
237	59	137	207
238	58	135	208
240	60	133	198
245	61	128	195
241	63	135	193
247	64	131	192
243	64	137	197
240	63	142	202
242	62	141	202
244	64	137	206
