338	324	182	180
340	318	189	197
338	314	186	192
329	315	193	187
336	309	190	193
332	307	189	188
330	303	192	189
342	307	170	183
338	301	185	177
337	307	168	173
338	297	176	178
337	298	180	178
337	296	167	174
336	295	171	172
335	295	161	164
333	286	172	173
331	289	168	167
325	291	176	164
320	287	181	167
319	283	180	163
309	290	186	155
306	289	192	160
303	288	190	157
300	290	185	161
296	288	188	157
288	289	198	162
283	288	204	154
286	288	204	152
283	291	207	153
275	284	212	156
269	291	223	151
272	284	226	159
262	286	227	163
266	287	226	154
260	286	232	163
255	285	232	162
257	287	235	159
257	284	233	162
257	287	232	157
255	287	234	157
254	289	236	156
256	291	234	149
258	295	230	147
249	290	238	154
255	285	230	159
261	285	225	158
257	287	229	157
255	285	228	161
259	288	227	149
256	286	224	155
255	288	223	150
254	287	224	149
247	285	229	146
251	286	223	146
252	285	219	140
252	291	219	137
254	284	212	142
254	290	211	132
254	287	205	135
245	288	216	134
246	289	210	130
246	288	211	127
242	288	217	129
249	287	210	131
247	286	213	132
246	287	218	126
246	285	219	129
244	282	227	128
246	287	223	127
247	283	227	130
248	285	226	126
246	282	231	131
248	282	227	125
250	284	230	123
250	281	228	125
256	285	227	124
254	283	226	125
260	284	225	124
259	278	224	127
258	284	229	123
269	282	215	122
270	277	218	134
269	282	217	125
273	280	215	125
269	280	220	124
277	274	215	134
280	277	209	127
283	276	206	128
281	275	209	128
287	275	203	128
293	275	198	128
292	273	200	131
298	271	194	136
294	273	194	133
295	269	192	129
300	274	192	130
302	271	182	129
306	270	184	131
310	268	179	134
310	270	176	128
314	272	175	129
313	270	171	133
319	270	167	132
327	270	157	126
324	270	154	127
331	266	156	132
325	269	158	132
325	270	161	125
325	269	164	132
325	268	176	127
324	269	171	129
322	272	184	126
320	273	186	128
328	273	190	125
325	274	183	124
327	274	189	128
327	275	192	126
326	274	195	127
321	275	201	124
326	274	201	126
324	271	205	128
326	275	209	128
324	278	211	122
324	280	216	122
325	279	218	124
326	275	220	128
329	279	216	121
328	275	220	126
330	280	222	127
330	278	221	126
328	276	231	129
336	276	218	128
334	279	223	127
334	278	228	131
334	279	233	128
337	278	232	129
340	280	225	128
340	281	231	127
344	281	223	126
346	283	224	126
347	281	222	126
345	280	225	132
351	279	218	129
352	286	215	129
351	283	218	124
354	286	214	130
349	281	218	130
359	286	206	121
352	286	212	127
351	283	216	124
344	291	214	127
348	284	213	130
347	288	214	127
341	288	222	124
339	291	224	127
331	285	235	134
337	293	225	127
330	290	236	129
332	286	231	131
332	286	229	140
329	285	237	137
328	287	243	136
326	285	235	139
325	286	241	140
325	285	241	142
327	286	232	140
323	288	241	139
324	287	237	147
321	287	242	147
323	288	239	148
327	288	231	148
327	284	231	156
327	286	231	153
324	285	233	156
325	285	231	157
324	286	228	158
324	283	232	159
322	287	225	156
330	285	219	157
327	284	218	163
324	284	219	163
323	286	218	162
328	284	211	163
326	288	208	162
327	289	203	162
325	287	204	159
330	284	193	160
332	291	191	159
334	287	179	155
333	292	178	152
325	291	185	157
321	283	187	160
319	284	185	155
316	282	180	157
311	287	176	157
310	284	176	157
306	282	177	157
310	280	172	157
306	280	175	155
312	273	175	156
308	273	170	156
308	271	181	155
304	270	182	152
310	271	181	144
305	267	183	146
301	268	196	147
307	268	195	143
304	263	191	148
313	262	196	144
311	259	193	144
309	258	192	147
311	256	196	144
315	255	195	143
321	253	190	142
326	251	182	143
330	252	176	136
344	251	167	135
342	248	168	135
356	243	150	130
358	247	152	133
366	242	147	130
365	243	142	133
368	241	146	130
373	237	134	135
375	239	134	128
375	234	134	132
373	237	131	126
370	237	138	125
369	235	135	126
363	231	138	127
365	232	138	124
363	231	139	124
366	228	137	120
363	228	137	120
367	226	133	120
371	226	129	118
370	222	133	121
370	224	133	114
380	221	125	115
378	220	131	115
379	218	135	116
385	218	127	114
384	219	122	111
384	214	123	114
384	214	122	111
383	217	125	107
385	212	118	112
379	213	124	108
376	213	124	105
376	211	129	107
374	209	129	106
371	208	134	104
367	209	138	102
367	205	139	107
368	205	138	105
364	202	143	106
364	199	147	111
364	198	147	107
365	200	151	106
364	199	152	105
364	196	154	106
364	194	153	105
367	194	159	106
367	193	155	103
370	194	158	100
366	193	162	100
371	190	160	104
373	195	158	95
376	194	155	96
370	192	166	97
370	191	162	99
369	190	163	98
369	193	161	94
362	194	168	90
367	192	164	94
362	192	165	93
369	191	159	94
365	196	166	88
371	193	163	93
370	191	163	95
371	192	164	93
369	191	172	93
378	193	166	90
378	190	171	91
384	188	165	93
387	188	168	93
391	187	166	92
389	187	175	89
394	188	174	91
400	187	168	90
401	187	173	90
408	185	171	91
408	186	173	89
417	187	167	87
418	186	171	87
423	184	172	91
426	184	172	88
430	182	169	89
435	182	171	90
439	184	170	85
445	186	166	82
446	186	166	84
448	184	162	85
454	183	159	87
450	185	162	84
455	183	159	85
454	186	162	81
455	184	157	84
457	183	154	84
457	186	153	81
457	183	156	84
460	184	156	84
457	183	161	83
457	185	165	81
457	183	164	82
460	185	163	79
460	184	165	82
462	184	163	80
461	184	164	82
462	183	160	81
463	184	158	80
465	183	152	83
465	184	151	81
465	184	155	82
466	183	151	81
466	185	157	80
464	185	160	78
464	185	164	77
464	183	170	80
469	183	166	78
467	183	170	78
467	182	171	80
469	183	169	80
470	182	165	81
468	182	169	80
469	182	166	81
470	182	167	82
471	182	164	83
470	182	169	81
471	183	165	83
471	184	163	81
473	182	163	83
471	182	166	82
473	182	164	82
473	183	166	81
478	181	158	82
479	183	157	78
480	183	158	79
484	183	148	77
488	183	144	77
488	183	145	77
487	180	150	82
486	183	149	77
487	180	152	81
486	181	151	78
488	180	148	79
488	180	145	80
489	179	145	81
488	182	148	75
488	181	148	78
488	184	147	75
488	182	146	77
487	182	150	78
488	181	149	78
495	182	141	75
494	184	147	72
502	184	137	73
504	184	136	73
510	183	129	76
512	184	126	73
515	181	123	78
519	181	121	76
524	181	115	75
526	183	112	72
530	182	109	73
533	182	105	74
535	180	102	78
536	180	100	76
538	181	98	75
539	182	97	74
539	181	95	73
538	181	100	75
540	181	94	73
541	181	97	75
545	180	93	76
546	181	94	79
547	180	91	77
547	180	89	79
548	180	87	82
547	181	89	77
546	180	92	77
547	179	92	77
549	181	88	75
551	180	85	72
554	179	77	74
556	179	75	73
560	180	70	73
563	180	70	71
565	180	66	72
567	181	67	73
569	179	66	73
571	181	61	72
572	181	60	72
573	182	60	71
576	182	58	71
579	181	51	72
579	181	54	74
581	179	51	73
580	181	50	73
583	180	47	74
582	180	48	73
582	181	49	73
583	182	47	71
582	181	48	71
584	180	45	73
586	180	42	73
586	180	43	74
587	179	43	75
588	180	43	73
589	181	43	74
591	178	42	78
592	177	44	79
592	177	41	77
593	177	36	78
593	175	35	80
593	177	36	78
593	177	36	76
594	176	34	76
594	176	36	78
594	175	38	78
594	177	34	75
594	177	35	74
593	179	36	72
594	180	34	69
595	184	34	66
600	182	27	67
600	181	26	69
605	183	32	66
611	194	37	68
611	199	33	61
617	200	37	64
615	206	33	54
593	168	32	52
595	168	30	51
592	168	32	52
593	167	33	53
594	167	29	53
597	167	26	54
591	167	26	53
592	167	28	53
591	167	33	52
592	167	33	53
594	167	30	53
592	167	34	53
592	167	34	53
591	167	33	52
594	167	31	53
596	168	27	53
597	167	27	53
595	166	29	54
599	167	25	53
595	167	29	53
597	168	26	53
599	167	23	54
595	167	28	54
592	168	32	52
595	168	28	52
595	169	28	52
596	168	27	53
594	167	29	53
593	168	32	52
592	168	31	52
592	168	31	52
593	168	31	52
595	167	28	54
596	168	28	53
593	168	30	52
595	168	26	53
595	167	29	54
593	167	31	53
594	168	29	53
593	168	31	52
595	168	28	52
593	168	31	52
596	166	29	54
593	168	30	52
594	168	29	52
596	168	27	52
593	167	30	53
595	168	28	52
596	168	26	53
598	166	25	55
597	167	26	54
593	168	31	52
594	168	29	52
595	167	29	53
596	168	27	53
596	168	26	52
595	168	30	52
593	168	30	52
596	167	28	54
595	167	28	54
595	169	28	52
595	168	28	53
597	168	26	54
598	168	26	53
599	165	25	56
595	166	28	55
594	167	29	54
593	167	32	53
593	168	31	52
594	169	29	52
593	168	31	52
592	168	32	52
594	167	31	53
599	167	25	54
595	167	28	53
594	167	29	54
593	167	30	53
595	168	28	52
594	167	30	53
596	168	27	53
595	167	28	53
595	168	30	52
595	167	27	53
596	167	28	54
595	168	29	53
594	168	31	53
595	168	29	52
596	167	27	54
595	168	29	51
594	168	29	52
594	168	29	53
594	168	31	53
597	168	26	52
596	167	28	54
596	166	28	55
595	168	29	52
593	166	31	54
591	167	35	53
592	168	33	51
595	167	32	52
594	168	29	51
593	167	31	53
592	167	35	51
594	168	31	51
597	168	27	52
593	169	32	47
596	169	29	53
602	186	36	62
598	182	37	66
594	178	34	71
595	178	34	70
594	178	35	69
593	177	35	71
593	175	36	74
593	176	37	71
593	176	35	73
592	176	35	71
591	176	36	72
587	178	40	67
583	177	44	66
579	175	47	68
576	178	52	66
573	177	55	67
571	174	62	71
570	176	65	69
570	176	63	67
569	177	62	68
566	176	69	68
564	176	69	68
562	176	67	67
558	178	72	66
554	176	75	67
551	175	80	68
548	175	84	68
544	176	92	70
539	175	96	72
535	176	100	70
530	174	106	71
526	175	109	71
523	175	112	72
520	175	116	71
515	176	120	72
511	174	125	74
508	176	125	71
503	170	132	79
501	173	135	74
496	174	143	72
493	174	142	73
490	172	141	75
486	173	142	73
482	173	145	74
478	174	145	72
473	173	141	73
470	173	137	73
467	174	134	72
464	173	130	72
460	174	133	71
455	173	135	73
451	174	136	72
449	173	134	72
445	177	133	68
439	174	137	72
436	173	136	76
433	174	135	76
429	173	136	76
424	175	137	74
418	175	140	75
415	176	139	74
413	174	138	78
408	174	140	78
403	177	141	75
399	175	145	77
395	176	147	76
395	176	144	77
396	175	140	78
390	178	148	74
391	176	146	77
388	175	147	80
390	177	145	77
385	176	152	80
385	178	151	80
387	177	150	82
388	174	147	84
387	176	151	84
386	178	152	80
391	176	150	83
389	177	154	80
391	175	156	83
391	174	157	83
391	173	160	85
391	176	165	82
393	175	165	82
401	172	159	84
403	172	162	83
409	173	158	81
412	171	158	83
413	173	161	79
416	172	162	79
421	170	159	81
424	170	161	81
429	168	159	80
429	170	163	79
436	170	158	79
435	169	161	78
440	168	154	81
443	166	149	84
445	166	148	82
446	167	147	82
448	168	147	80
452	169	139	80
454	169	136	80
458	169	130	81
454	168	136	82
453	170	136	84
448	170	141	84
445	171	141	83
444	172	139	83
442	172	138	84
439	172	140	87
437	171	139	88
434	175	140	85
433	175	141	86
435	175	136	85
436	176	135	85
434	175	137	87
437	174	133	89
441	175	129	87
439	175	134	89
440	176	130	85
442	175	129	87
440	173	132	88
443	175	129	85
446	172	124	90
445	174	126	87
447	173	124	88
446	175	122	87
450	173	119	87
451	175	119	85
453	174	115	87
451	172	120	87
452	173	118	88
453	172	118	87
456	170	114	88
460	170	111	89
463	169	106	91
468	170	101	88
466	168	103	87
469	167	102	88
468	167	101	86
469	166	100	85
472	165	99	84
474	166	99	83
476	165	100	82
475	163	103	83
477	162	104	82
476	162	107	82
476	161	112	82
476	158	111	85
476	159	113	83
475	159	115	82
473	158	118	82
472	156	119	82
470	155	120	84
469	155	118	81
465	154	123	83
465	155	120	79
466	153	116	79
465	153	116	80
464	152	116	81
461	150	117	81
461	150	115	81
459	151	117	78
459	149	114	79
457	147	116	81
455	150	114	75
455	148	113	76
454	148	112	76
452	147	113	75
451	147	113	76
450	145	111	76
448	144	113	76
450	145	108	74
449	143	108	75
447	143	110	75
446	142	110	76
444	143	111	74
441	141	113	74
440	142	114	73
437	140	118	73
437	141	116	69
435	139	117	72
434	139	118	72
432	139	118	72
430	139	120	69
427	139	122	69
428	138	117	70
423	137	121	70
422	134	123	71
422	135	120	68
419	136	120	67
418	136	120	66
417	134	116	69
416	134	115	69
417	133	110	69
413	132	112	69
413	131	111	69
409	131	115	69
412	132	110	67
412	129	106	69
409	128	106	70
411	130	102	67
410	129	100	68
408	127	102	68
410	126	93	70
409	127	92	68
409	127	87	67
408	126	85	68
408	127	83	68
411	126	81	66
408	126	82	67
408	125	83	66
407	124	81	69
407	122	82	69
406	123	81	68
405	123	84	66
405	123	83	66
405	122	83	67
406	121	79	65
405	121	81	65
405	119	81	67
403	120	79	66
405	119	81	64
406	118	76	65
405	119	77	64
403	118	79	65
404	118	78	63
403	117	79	64
403	117	75	64
403	117	77	63
403	116	76	61
403	115	77	63
401	116	77	63
402	114	77	63
402	115	75	62
401	115	77	61
399	114	76	61
401	113	75	59
402	112	75	62
399	112	76	63
402	111	75	60
399	111	75	61
401	108	73	61
401	110	72	60
402	108	72	61
400	108	72	61
398	109	73	59
396	108	73	60
395	108	75	59
394	109	71	58
392	107	73	60
395	110	72	55
393	108	73	58
397	107	69	58
398	105	70	59
397	104	68	58
399	104	69	61
400	105	71	57
401	104	70	56
402	104	69	56
402	102	71	56
400	103	70	59
403	103	70	57
402	104	67	57
402	102	68	56
402	101	69	59
402	101	71	58
399	102	74	57
398	102	74	56
397	102	71	56
392	103	73	55
390	103	76	54
389	104	76	53
388	103	78	53
387	102	79	56
386	102	81	56
387	101	82	57
384	102	84	57
385	102	86	56
386	102	85	57
386	101	87	58
387	100	88	58
387	101	88	58
389	99	87	59
389	98	88	58
389	99	89	57
390	98	89	56
390	98	92	56
391	96	92	56
393	96	91	56
393	98	92	54
396	97	91	55
399	97	87	53
402	97	85	54
403	97	84	53
406	94	82	56
406	96	81	53
409	95	80	54
410	94	79	55
411	94	79	55
412	94	81	55
414	95	81	53
415	94	78	52
417	93	77	54
416	93	78	52
417	93	77	52
420	92	72	52
424	92	71	52
424	91	68	52
428	91	67	53
429	90	66	53
432	90	65	53
432	89	66	53
434	90	65	51
433	90	64	50
433	89	67	53
433	89	67	52
432	88	66	53
434	89	63	52
432	88	64	52
433	88	63	51
433	86	64	53
431	86	62	53
431	87	63	51
430	86	60	52
430	85	62	53
428	85	62	52
430	85	61	51
427	85	61	52
431	84	59	52
428	84	63	55
429	84	61	51
431	83	60	52
429	83	60	52
429	84	58	49
431	83	60	49
434	83	59	49
432	83	61	50
432	81	63	52
434	81	64	50
434	82	63	49
434	81	65	48
433	81	66	49
432	81	68	48
432	80	69	50
430	80	73	49
431	80	73	49
430	81	76	47
432	80	74	49
430	81	79	48
430	80	80	49
430	79	82	51
431	81	80	48
430	80	83	50
428	82	87	47
430	82	84	47
429	82	88	46
428	82	90	46
431	81	83	48
432	81	85	49
431	83	85	46
430	82	89	47
430	81	88	49
432	81	86	50
433	81	85	52
433	82	83	49
432	82	86	47
434	81	83	51
434	82	82	49
435	81	81	50
437	81	80	51
437	81	79	49
439	80	77	49
439	81	78	47
440	81	76	48
441	82	74	45
442	80	73	47
442	81	74	45
442	81	74	44
442	81	74	44
441	82	75	42
441	81	75	42
440	81	78	44
440	81	76	43
439	81	78	42
438	81	80	42
438	81	79	43
436	81	82	43
436	81	80	43
436	81	81	44
436	81	81	45
435	81	81	45
434	81	83	45
433	82	84	44
433	81	84	45
434	81	81	45
432	80	83	46
434	81	80	45
431	81	85	46
432	80	82	48
431	80	82	48
430	81	82	47
432	80	81	47
431	81	81	47
429	81	86	47
429	81	83	45
426	81	88	45
425	82	87	47
425	82	85	47
424	83	84	46
423	83	82	45
421	83	82	46
418	84	85	45
419	84	79	46
419	85	78	44
418	86	74	44
418	86	74	43
418	85	72	44
418	86	70	46
418	85	68	45
416	86	68	44
416	87	66	42
417	86	63	45
418	87	61	42
417	87	60	44
418	87	61	48
416	88	59	47
415	88	63	46
416	89	61	44
415	90	62	47
416	89	61	46
416	89	63	51
417	89	62	48
416	89	62	47
417	90	61	46
417	90	62	48
418	91	61	44
420	90	61	47
418	91	61	47
418	91	63	47
417	92	65	49
416	93	65	47
416	93	65	51
416	93	65	50
416	94	65	48
415	93	65	52
413	94	68	48
414	93	67	49
414	93	68	47
413	95	64	47
415	95	62	46
413	95	64	49
414	96	64	50
412	97	66	46
411	97	68	51
411	96	69	51
410	97	71	50
410	99	71	48
409	98	72	48
410	98	74	49
410	99	75	48
412	99	75	51
413	99	73	50
412	101	75	47
413	101	75	47
411	100	79	52
410	100	81	50
413	101	79	49
414	101	79	50
416	103	76	50
417	102	76	51
418	102	76	53
419	102	75	53
420	103	75	53
421	103	73	52
422	103	74	53
424	103	71	54
426	103	69	54
425	104	70	55
426	104	71	52
427	104	69	54
429	104	68	54
429	104	67	55
430	106	66	54
429	106	67	55
428	106	68	54
429	106	67	56
427	107	68	54
428	106	68	60
427	108	70	54
426	108	72	56
425	109	73	54
427	111	74	53
424	110	77	52
425	111	76	53
423	112	80	53
422	112	80	51
420	114	85	49
418	114	85	51
417	114	90	50
415	112	93	56
413	115	93	52
412	114	95	54
410	116	97	52
409	113	101	56
407	116	99	53
405	116	102	54
403	116	104	54
401	115	106	56
400	115	107	55
402	117	102	53
402	116	105	54
401	115	107	54
404	115	106	55
403	116	108	55
405	116	105	54
407	117	103	53
405	117	105	53
404	116	106	54
404	116	104	55
404	117	104	52
403	116	106	55
399	116	110	55
398	115	109	57
394	116	109	56
390	116	113	55
387	118	113	54
384	118	113	54
382	117	112	54
378	118	115	55
377	118	111	54
374	119	113	52
371	120	113	51
370	119	114	54
372	119	112	53
373	120	106	52
374	119	106	53
374	120	105	51
376	120	103	52
376	120	103	51
375	121	104	51
375	120	104	51
375	120	103	52
374	120	106	52
371	120	108	54
369	120	108	53
367	120	107	52
363	120	110	52
360	120	110	53
357	120	110	53
354	120	109	54
352	120	106	54
348	121	112	53
347	120	110	55
345	120	111	55
346	122	108	53
345	119	109	56
342	120	111	53
342	120	111	55
342	120	112	55
342	120	110	54
343	120	106	55
344	122	106	53
341	122	109	53
341	120	108	55
338	120	110	54
335	121	112	55
333	122	110	53
331	122	110	53
330	122	108	55
325	123	112	53
323	123	114	53
322	121	113	54
318	121	117	56
323	122	110	53
322	122	110	54
320	123	111	53
315	122	114	54
313	123	113	53
312	124	113	52
312	123	111	54
309	122	114	55
307	124	115	53
309	124	113	53
307	123	116	54
311	125	111	52
313	122	106	55
310	123	108	54
313	126	105	50
317	123	102	53
317	122	99	55
315	123	102	54
313	123	102	53
312	123	103	53
314	123	101	53
314	125	102	52
312	125	104	53
311	125	105	52
310	125	106	53
313	124	103	55
309	124	108	54
310	123	106	56
310	124	105	54
308	125	109	53
308	125	109	53
310	125	106	53
309	124	107	54
309	125	106	53
306	123	108	54
304	125	110	52
302	125	109	53
306	124	110	54
305	124	110	55
307	124	110	54
305	124	111	56
305	124	109	54
305	124	110	54
304	124	112	55
305	124	110	54
304	124	110	55
303	125	114	52
305	124	109	53
304	125	109	53
301	125	111	52
303	126	108	52
302	126	107	52
303	128	102	51
305	127	95	52
304	127	95	51
303	126	96	52
303	127	93	51
303	127	92	51
304	126	88	52
302	128	88	51
302	127	85	50
303	127	80	51
304	126	77	51
302	128	77	49
303	125	75	51
304	126	70	50
304	125	68	50
304	126	66	50
303	125	64	50
303	124	62	52
303	125	60	52
305	125	56	50
303	124	58	52
305	125	55	51
302	126	58	51
303	126	57	50
305	126	55	50
304	126	60	50
304	125	59	52
305	124	60	52
304	124	61	52
304	125	59	51
303	124	62	53
304	125	59	51
304	124	60	51
305	124	59	53
304	123	60	52
304	124	59	52
305	125	57	52
304	125	61	50
303	124	60	52
305	124	58	53
304	124	57	53
305	125	55	52
305	125	55	51
305	124	55	52
304	124	57	52
304	124	56	52
304	124	55	52
305	124	54	52
304	126	57	51
303	124	59	52
305	126	55	51
304	127	55	49
304	127	53	49
305	128	51	49
304	127	51	50
304	127	49	50
304	127	48	51
303	126	49	51
303	127	47	49
304	125	44	51
304	126	41	51
303	126	39	50
302	126	38	50
303	126	34	50
303	126	31	50
303	127	29	49
304	127	26	49
304	127	25	50
297	128	30	47
303	128	26	43
305	131	25	39
301	134	22	34
303	136	24	29
304	136	26	26
305	135	27	28
288	136	31	27
345	180	34	33
363	240	37	40
434	317	45	39
434	396	44	46
457	306	51	49
437	402	62	56
432	284	75	59
416	414	77	72
413	417	93	71
406	416	108	78
411	527	105	63
385	420	118	61
382	420	126	66
380	415	134	79
388	263	148	83
538	37	136	90
753	63	142	103
521	25	128	126
529	11	122	147
537	10	113	142
538	9	113	144
539	6	112	160
537	8	110	158
540	9	109	158
539	9	112	161
538	8	111	202
537	-12	107	218
539	11	107	207
538	-9	113	205
539	0	107	224
541	-19	105	238
537	1	107	216
537	0	114	197
531	2	114	214
535	-17	114	229
537	0	111	221
543	-13	103	222
540	7	105	212
534	-4	117	209
541	9	104	210
536	-5	111	208
538	1	105	219
541	-11	108	225
540	1	106	218
537	-30	108	244
540	-6	99	226
540	-16	109	225
545	1	100	216
543	2	100	214
540	0	102	214
540	4	102	215
540	-16	103	232
540	0	101	220
543	-1	95	223
542	5	101	212
541	3	104	217
538	0	103	221
541	-2	101	225
536	0	108	220
541	3	102	218
539	-15	110	223
536	1	109	218
539	5	104	215
540	-3	107	200
542	7	99	213
537	1	108	218
539	-3	103	226
540	-1	105	223
543	2	101	220
539	0	105	219
540	-2	105	222
537	5	109	214
542	1	102	219
543	-1	100	221
542	2	99	215
542	1	102	215
545	4	97	212
542	0	101	217
540	-1	104	219
539	-3	107	223
538	-5	108	224
537	-1	107	223
543	-2	99	225
543	0	100	217
541	2	101	217
545	0	95	220
544	0	100	217
541	3	102	217
537	0	108	219
540	3	104	217
540	1	105	218
539	0	105	220
541	0	101	225
540	0	102	220
540	-5	103	229
541	0	100	220
539	2	103	216
541	3	104	217
538	2	102	217
539	2	104	219
543	-1	99	222
544	0	100	218
539	7	104	211
541	2	102	218
542	1	102	215
539	2	103	214
537	9	107	211
544	6	102	213
535	5	109	214
540	3	104	217
544	2	97	218
539	5	105	213
540	2	106	215
544	-1	100	221
541	-1	102	221
535	-2	110	221
541	-2	105	223
540	0	103	219
541	4	100	215
535	2	108	217
541	0	103	221
544	3	99	217
541	1	102	218
538	-1	107	220
538	-3	104	225
539	2	104	218
538	2	106	217
538	-1	105	223
536	0	108	220
540	10	104	210
537	5	110	215
539	3	107	214
538	0	107	219
541	2	102	218
542	5	100	213
543	3	99	216
536	0	106	219
539	3	104	217
545	10	96	209
541	-2	105	221
540	1	103	217
543	0	101	218
541	0	101	218
542	-1	99	222
541	-1	101	220
542	-2	98	222
536	1	108	217
541	4	102	216
547	1	96	219
543	0	99	217
540	0	101	217
542	5	99	212
545	3	96	215
541	0	104	217
544	2	96	217
539	8	108	210
542	4	102	215
542	1	100	218
538	0	105	221
538	4	108	215
542	1	101	218
538	2	107	215
540	1	103	220
543	-1	99	223
541	-3	103	223
541	-1	101	219
539	-3	106	222
543	8	98	211
537	1	107	216
541	1	103	219
543	0	102	219
541	0	103	220
539	0	106	221
540	0	105	219
541	4	102	215
544	2	100	217
544	2	101	216
540	0	105	220
542	0	103	220
540	0	104	219
543	-1	102	221
541	-1	105	222
541	0	104	220
546	-1	98	223
546	1	98	217
543	9	101	208
546	5	95	214
544	8	100	210
546	3	98	219
543	2	100	216
544	0	98	217
545	1	96	216
548	0	94	217
544	2	98	216
541	7	103	211
547	5	97	216
538	1	106	217
543	1	101	218
541	-1	102	221
545	-3	99	225
543	1	102	218
547	4	96	217
548	5	95	216
541	4	101	214
540	5	103	215
544	0	100	221
548	1	95	220
542	3	100	215
541	4	105	212
535	1	111	217
539	0	109	219
540	2	104	219
542	1	104	218
539	1	108	216
539	2	104	218
538	0	107	221
538	0	110	220
544	5	98	215
547	5	98	215
542	6	100	213
543	11	103	208
536	5	108	215
541	2	105	222
540	0	104	221
541	3	103	216
538	-2	109	224
540	0	105	222
542	0	103	221
543	0	99	221
544	0	100	220
542	-2	100	220
539	0	105	220
536	-1	109	222
541	0	101	220
542	1	103	216
537	0	105	217
540	0	103	221
542	1	99	219
542	-3	103	224
538	-2	105	222
538	2	107	220
540	2	104	218
540	0	102	218
535	3	108	214
540	4	104	219
539	2	106	214
542	-2	103	223
540	-1	104	223
542	0	99	222
539	3	104	216
537	-1	107	222
544	0	98	221
539	2	103	216
541	2	102	216
544	1	97	221
543	1	100	217
539	2	104	219
542	0	99	223
545	2	98	219
542	-1	102	220
540	0	102	218
539	0	104	218
539	1	104	218
541	3	102	218
540	2	103	216
543	2	99	217
540	-2	106	221
539	3	104	218
539	0	104	220
543	1	98	218
544	3	100	215
540	3	105	214
542	1	102	219
543	0	98	221
547	2	95	217
540	0	102	218
543	1	98	217
542	-1	102	219
542	0	100	219
538	-1	105	223
543	-1	101	222
549	1	93	222
544	1	98	218
541	-1	101	221
543	-2	103	221
542	-1	103	222
539	-1	105	221
545	4	95	216
541	6	104	214
540	2	104	219
543	1	99	219
542	0	101	219
542	0	104	217
536	0	111	218
541	2	102	219
546	2	98	219
553	1	89	218
550	2	93	216
545	4	99	213
550	1	93	218
549	4	94	213
545	4	96	213
546	6	98	211
542	0	99	218
544	0	98	221
542	-1	101	222
544	2	97	217
543	1	103	217
544	0	100	219
545	5	99	213
545	3	99	215
542	2	104	214
550	-3	94	223
545	0	100	220
544	0	100	221
549	-1	95	221
544	4	100	212
546	11	99	209
543	1	100	219
545	3	98	217
541	1	102	216
546	-1	101	221
548	-3	97	224
550	-4	96	225
549	-2	99	219
553	-4	94	223
555	1	89	215
546	1	102	215
546	1	100	217
546	5	99	215
543	3	102	216
544	2	97	216
547	1	98	215
552	5	93	212
548	3	98	214
550	3	92	213
545	4	101	211
543	0	101	215
546	8	99	209
550	7	91	211
544	0	99	216
545	-2	97	219
549	3	95	214
544	5	101	211
547	1	98	214
551	2	94	214
547	1	99	215
547	-4	95	221
549	-1	92	219
548	2	94	214
542	1	106	214
545	0	100	219
540	-2	107	219
543	-4	102	222
543	-1	103	217
546	-6	100	222
544	-2	102	219
544	0	102	217
544	1	101	217
547	-3	99	221
547	1	99	215
552	1	93	215
551	5	96	209
542	2	104	213
549	2	96	216
540	0	104	214
545	-2	102	218
547	-3	97	219
546	2	98	214
544	4	100	212
542	-1	104	217
546	1	100	214
546	0	100	216
551	6	92	211
555	6	87	210
549	6	98	208
544	1	99	213
548	0	95	216
551	0	94	215
557	0	89	217
544	1	103	212
546	0	98	214
544	3	104	211
543	-4	101	220
542	4	102	210
545	1	97	214
544	0	99	214
543	-3	104	219
547	-1	95	220
545	-2	99	217
546	-4	100	219
546	2	99	212
544	4	101	209
545	-5	101	223
546	-4	97	220
546	-4	97	219
542	-3	104	219
542	-4	104	219
544	-3	103	219
545	-2	98	217
544	-2	100	217
547	0	98	215
545	1	97	212
543	4	99	210
542	3	100	212
541	0	105	215
542	-2	101	219
544	-7	101	223
544	-3	101	217
543	0	100	215
544	-2	98	218
546	-3	97	220
545	0	98	218
546	0	99	216
548	2	94	213
540	0	102	215
543	-2	103	221
545	-5	100	222
544	0	99	217
544	0	101	215
547	5	95	211
547	2	96	213
543	1	100	212
544	0	101	216
542	0	101	218
539	-2	106	219
541	-2	103	219
542	0	103	214
543	0	99	214
542	0	104	215
541	2	103	213
545	0	97	216
542	0	99	218
544	0	98	214
543	2	100	213
540	0	100	216
542	-1	103	217
541	0	104	217
543	2	100	213
537	0	106	215
542	-1	102	222
543	-1	101	219
539	5	106	209
542	2	99	215
543	1	97	215
541	1	105	216
541	-2	102	221
540	0	102	220
539	-2	103	222
540	-6	101	227
544	5	97	214
542	7	101	211
540	1	103	217
539	-2	104	221
537	1	106	217
543	2	99	216
545	1	96	217
536	0	106	217
539	1	104	218
540	0	101	220
542	1	100	218
543	2	101	215
536	-1	106	220
539	2	105	216
544	-4	95	225
541	0	102	216
545	0	94	217
537	3	110	213
542	-1	99	221
542	2	99	214
540	2	102	216
541	1	100	219
539	-1	101	217
539	0	109	217
541	0	103	223
536	-1	108	221
538	0	105	219
538	4	106	214
544	0	96	219
543	0	101	217
539	0	101	215
539	5	105	212
540	2	103	217
540	2	103	217
544	-1	99	220
540	-1	103	218
541	0	100	217
544	3	78	215
544	1	100	219
540	1	104	216
539	0	106	217
534	0	111	219
533	2	112	217
538	0	107	224
540	-1	103	224
544	2	97	218
537	4	108	214
541	0	101	220
542	0	100	218
540	-1	104	218
540	-1	103	220
543	-1	100	222
542	2	101	217
540	-3	105	223
542	2	102	216
541	2	103	216
538	0	108	215
542	-2	100	224
540	-2	105	220
539	-2	107	220
542	1	102	217
540	7	102	212
540	2	104	215
542	4	102	216
540	5	103	213
543	0	99	219
543	6	102	213
538	5	105	214
539	2	109	216
543	0	102	221
544	2	101	218
540	2	102	217
540	2	103	214
543	0	99	215
542	-2	102	220
536	0	108	217
542	6	103	215
542	3	104	216
541	2	104	219
541	1	101	219
539	0	103	219
542	8	102	210
530	5	113	214
540	0	105	218
542	1	102	217
540	0	102	220
540	-1	103	222
543	0	97	221
539	3	105	210
537	0	108	218
540	1	105	219
534	0	109	221
542	-5	102	226
542	0	103	218
535	0	109	216
543	3	100	218
542	1	103	217
538	0	104	217
538	1	109	216
542	-1	102	222
538	2	105	217
538	2	108	218
542	1	101	219
536	-1	111	219
539	-2	103	223
539	7	104	212
540	5	101	214
539	4	104	215
539	4	103	215
544	3	95	217
541	1	100	215
544	4	95	215
536	18	111	200
541	3	103	214
541	2	101	214
538	1	107	216
