0.398849
0.038542
0.038392
0.038537
0.038405
0.038236
0.038369
0.038401
0.038532
0.038379
0.038277
0.038166
0.038565
0.038438
0.040756
0.039313
0.038776
0.038355
0.038290
0.038434
0.066871
0.038547
0.038328
0.038302
0.038422
0.038540
0.038243
0.038459
0.038383
0.038528
0.038387
0.038727
0.038457
0.038359
0.038352
0.038461
0.038484
0.038672
0.038402
0.038702
0.077564
0.038791
0.038479
0.038742
0.038708
0.038692
0.038556
0.038484
0.038742
0.038768
0.038639
0.038658
0.038582
0.038704
0.038631
0.038827
0.038816
0.038108
0.038898
0.038806
0.072035
0.038992
0.037936
0.040500
0.038101
0.038063
0.037844
0.038110
0.037971
0.038048
0.038052
0.038129
0.038277
0.038282
0.038142
0.038150
0.038168
0.038202
0.038064
0.038097
0.071669
0.038032
0.038110
0.038158
0.037941
0.039005
0.036604
0.036605
0.036470
0.041144
0.037960
0.036937
0.037221
0.036980
0.037139
0.037227
0.037210
0.036768
0.036932
0.036979
0.071764
0.037003
0.038412
0.038022
0.043067
0.038095
0.038059
0.038208
0.041783
0.038035
0.038134
0.038031
0.037974
0.038139
0.038579
0.038708
0.043576
0.044839
0.044047
0.044221
0.075689
0.044692
0.045735
0.044721
0.040192
0.042498
0.043525
0.038682
0.038752
0.037990
0.038903
0.038768
0.038775
0.043201
0.044311
0.044005
0.042629
0.043999
0.043413
0.044429
0.077562
0.037608
0.037656
0.037782
0.037544
0.037736
0.038512
0.042893
0.044837
0.044767
0.041085
0.041135
0.040761
0.044564
0.044229
0.041842
0.042405
0.038092
0.037695
0.038062
0.072732
0.038459
0.041931
0.037253
0.037077
0.037075
0.037135
0.037048
0.037130
0.037488
0.037709
0.037803
0.037868
0.037566
0.037710
0.037685
0.037614
0.037707
0.038800
0.041528
0.070646
0.037369
0.037266
0.037133
0.037008
0.037334
0.037148
0.037261
0.037213
0.037116
0.037166
0.037117
0.037177
0.037172
0.036981
0.037265
0.037138
0.037042
0.037201
0.037163
0.070674
0.037122
0.037221
0.037555
0.037685
0.037575
0.038097
0.037538
0.037493
0.037556
0.039849
0.037497
0.037971
0.044625
0.045578
0.045011
0.044965
0.043433
0.045204
0.038800
0.072590
0.038755
0.039284
0.045367
0.038659
0.045235
0.044959
0.044605
0.036991
0.037189
0.037158
0.036934
0.037084
0.037059
0.037091
0.037375
0.037107
0.037398
0.037163
0.037315
0.070725
0.037735
0.037479
0.037400
0.037465
0.037511
0.037484
0.037916
0.043127
0.043649
0.043667
0.043549
0.043444
0.043286
0.042741
0.042460
0.045386
0.045823
0.044953
0.046803
0.079893
0.043182
0.042985
0.043506
0.044843
0.044930
0.043356
0.043261
0.043025
0.043783
0.043514
0.045077
0.048268
0.047398
0.048419
0.047092
0.043189
0.043456
0.043160
0.044029
0.078815
0.044192
0.039866
0.038980
0.039075
0.039302
0.038505
0.037830
0.039021
0.042906
0.043125
0.039162
0.044021
0.043581
0.043374
0.043015
0.043052
0.039182
0.040103
0.037908
0.073821
0.045102
0.043557
0.041200
0.041763
0.040810
0.040217
0.039858
0.038215
0.038197
0.038584
0.040317
0.039038
0.038877
0.038788
0.042047
0.044280
0.048818
0.042743
0.041076
0.074526
0.040354
0.042714
0.040660
0.040754
0.046051
0.044279
0.042988
0.043432
0.044297
0.043737
0.043423
0.043501
0.043159
0.048244
0.050004
0.048115
0.051296
0.044798
0.047021
0.079050
0.043173
0.042565
0.042631
0.043016
0.042660
0.043237
0.043557
0.043128
0.043487
0.044336
0.039308
0.048195
0.048559
0.043596
0.038957
0.038961
0.039434
0.045940
0.040249
0.076760
0.043057
0.043527
0.043805
0.045908
0.043612
0.043747
0.044325
0.044587
0.043741
0.043326
0.043376
0.043756
0.046077
0.045601
0.045737
0.045208
0.043883
0.051398
0.046047
0.081695
0.047667
0.045453
0.052521
0.045646
0.045028
0.044238
0.044453
0.044707
0.045694
0.043439
0.042988
0.043722
0.042360
0.044411
0.042178
0.040974
0.042275
0.044068
0.042582
0.075538
0.041377
0.043810
0.043731
0.043030
0.044740
0.043747
0.047309
0.040888
0.043046
0.042385
0.046088
0.038555
0.037855
0.037554
0.037947
0.038088
0.037349
0.037296
0.037181
0.071463
0.038175
0.036907
0.036741
0.036703
0.036875
0.036661
0.040912
0.038619
0.038831
0.037015
0.041458
0.041688
0.037528
0.037488
0.037570
0.037437
0.037306
0.038383
0.043238
0.074194
0.040712
0.045553
0.043766
0.041513
0.040738
0.040051
0.036827
0.036774
0.042984
0.038707
0.038922
0.038009
0.037453
0.037570
0.038457
0.038362
0.037369
0.038633
0.037937
0.072974
0.038118
0.037805
0.038695
0.039479
0.039516
0.038033
0.037987
0.037947
0.038119
0.039241
0.039447
0.042516
0.044384
0.037700
0.037704
0.037734
0.037440
0.037480
0.038259
0.079270
0.041695
0.044545
0.043340
0.043087
0.037758
0.038849
0.041630
0.043471
0.037651
0.037937
0.037320
0.037632
0.037477
0.038427
0.044275
0.043280
0.043299
0.043883
0.044268
0.077418
0.037588
0.038424
0.041458
0.040253
0.037235
0.037158
0.038138
0.036854
0.036663
0.036603
0.036763
0.036687
0.036873
0.037737
0.036711
0.036643
0.036558
0.039197
0.042035
0.073654
0.036526
0.036621
0.036828
0.036694
0.036552
0.036626
0.036571
0.036597
0.036642
0.036552
0.036575
0.036633
0.036678
0.036638
0.036716
0.036616
0.036861
0.037460
0.037328
0.070818
0.037410
0.038067
0.042270
0.043286
0.045584
0.041021
0.038576
0.041416
0.039387
0.043263
0.044088
0.041789
0.043598
0.043003
0.043086
0.044000
0.044469
0.045650
0.043914
0.079528
0.042059
0.042764
0.041913
0.047917
0.043466
0.045952
0.049511
0.047261
0.045448
0.039370
0.038691
0.039262
0.045439
0.044931
0.039972
0.041583
0.039012
0.044760
0.038624
0.073690
0.043877
0.038928
0.038783
0.038771
0.038545
0.037844
0.039001
0.044021
0.045249
0.042640
0.040793
0.047038
0.041023
0.040820
0.042100
0.040159
0.039635
0.037173
0.037417
0.071391
0.037337
0.037204
0.037668
0.037216
0.037707
0.037593
0.038185
0.038703
0.037878
0.037802
0.038790
0.037860
0.037986
0.037658
0.037867
0.039257
0.037892
0.038012
0.037841
0.071342
0.037951
0.037921
0.041359
0.044300
0.042902
0.037894
0.038362
0.037860
0.042318
0.043514
0.044888
0.037507
0.037251
0.037378
0.037276
0.037831
0.039009
0.038223
0.037965
0.071165
0.037919
0.037956
0.038548
0.042435
0.049161
0.045797
0.037877
0.037867
0.039219
0.037808
0.037855
0.038444
0.039970
0.037704
0.040513
0.045868
0.037698
0.037769
0.037760
0.074697
0.042329
0.037734
0.038702
0.037891
0.039081
0.038106
0.037411
0.038059
0.037324
0.039328
0.040813
0.044514
0.045518
0.043981
0.037585
0.038111
0.040412
0.038933
0.037486
0.073252
0.037544
0.039860
0.037764
0.038490
0.037401
0.036647
0.036633
0.040441
0.043131
0.041149
0.041119
0.039943
0.040653
0.041505
0.041244
0.041351
0.041728
0.037892
0.037641
0.070754
0.037262
0.037206
0.037407
0.036900
0.036721
0.037122
0.036747
0.036633
0.036977
0.036794
0.036960
0.038474
0.039533
0.036990
0.037382
0.038179
0.040771
0.042515
0.038027
0.070437
0.036700
0.036837
0.036926
0.036718
0.037071
0.038002
0.036608
0.036733
0.036731
0.037231
0.037246
0.037160
0.037076
0.038023
0.038085
0.042058
0.042604
0.042504
0.041611
0.078534
0.046340
0.043288
0.043272
0.042146
0.043687
0.048452
0.043464
0.044103
0.041678
0.043265
0.040506
0.044677
0.042982
0.043999
0.044319
0.042483
0.045523
0.043684
0.043196
0.072211
0.041625
0.043121
0.040288
0.042900
0.042335
0.042421
0.043165
0.041704
0.037602
0.037343
0.038679
0.042327
0.043007
0.043688
0.042999
0.043513
0.043902
0.038219
0.037232
0.070721
0.037678
0.043581
0.043704
0.044930
0.044113
0.044391
0.038582
0.038079
0.038323
0.044244
0.044572
0.044433
0.043637
0.043849
0.040657
0.040914
0.046721
0.042537
0.040725
0.078139
0.038926
0.040886
0.039229
0.042592
0.042122
0.039613
0.041643
0.037802
0.037427
0.046107
0.042485
0.040064
0.038964
0.039004
0.038625
0.039041
0.039633
0.039578
0.037232
0.075227
0.040092
0.039576
0.040011
0.040554
0.039548
0.040970
0.039245
0.040159
0.040368
0.039501
0.038496
0.039932
0.045300
0.044104
0.047120
0.038216
0.037804
0.038169
0.038014
0.071476
0.037807
0.037783
0.037754
0.037631
0.037861
0.038946
0.039555
0.038433
0.038172
0.042567
0.042445
0.042491
0.043702
0.047360
0.042031
0.049915
0.047543
0.047514
0.047177
0.080004
0.038881
0.042574
0.042778
0.043057
0.038526
0.038385
0.040508
0.040749
0.043006
0.037279
0.037485
0.037406
0.037345
0.037246
0.037479
0.038573
0.037406
0.037389
0.037515
0.071203
0.037748
0.037618
0.038876
0.037172
0.037049
0.036866
0.036961
0.036910
0.036671
0.036937
0.038875
0.037394
0.037423
0.038135
0.043889
0.042949
0.038625
0.039551
0.036939
0.071879
0.041997
0.042175
0.046586
0.045418
0.046071
0.043701
0.039664
0.036711
0.037421
0.036790
0.037022
0.038249
0.040977
0.043824
0.043195
0.040491
0.040498
0.043512
0.039729
0.072560
0.037369
0.037194
0.037339
0.038085
0.037236
0.038868
0.038891
0.036952
0.036871
0.036830
0.036776
0.036685
0.036800
0.038395
0.044071
0.037114
0.037142
0.037131
0.037040
0.070998
0.039186
0.042519
0.038345
0.042214
0.042533
0.042716
0.040862
0.043782
0.044108
0.043871
0.043752
0.038210
0.043252
0.042623
0.042973
0.043925
0.042999
0.043491
0.039083
0.081287
0.038812
0.039814
0.048787
0.037282
0.037300
0.037184
0.037972
0.037373
0.037293
0.037271
0.037301
0.037355
0.037258
0.037119
0.038167
0.037536
0.037570
0.041155
0.040782
0.076268
0.038146
0.038818
0.039897
0.043043
0.043456
0.042593
0.042505
0.039448
0.037981
0.037988
0.038496
0.046100
0.046477
0.046510
0.045954
0.043761
0.041366
0.036953
0.037670
0.072153
0.041278
0.046085
0.044667
0.046634
0.047835
0.045382
0.046604
0.046393
0.046276
0.050497
0.044137
0.038622
0.039880
0.038537
0.038524
0.039912
0.045805
0.057122
0.039063
0.062416
0.050404
0.039637
0.039718
0.040156
0.039790
0.039011
0.037771
0.037594
0.039435
0.045506
0.045669
0.037305
0.038430
0.038244
0.045627
0.038407
0.037490
0.037418
0.037425
0.072532
0.037442
0.038291
0.041619
0.040497
0.036921
0.036772
0.036934
0.038017
0.036722
0.037064
0.037977
0.040772
0.037443
0.037428
0.038893
0.037280
0.037124
0.036891
0.036905
0.073825
0.039770
0.037839
0.036855
0.036984
0.037347
0.036965
0.036867
0.036861
0.036998
0.038146
0.037089
0.039035
0.041438
0.037095
0.036708
0.036835
0.036894
0.037980
0.037085
0.070335
0.036939
0.037007
0.036945
0.036925
0.038285
0.036928
0.037009
0.037370
0.038468
0.041649
0.038319
0.037599
0.038734
0.037584
0.037421
0.037432
0.037572
0.037463
0.037190
0.072424
0.037407
0.037306
0.037157
0.038655
0.044266
0.044335
0.042038
0.044552
0.038337
0.039284
0.043674
0.043548
0.043562
0.043899
0.041889
0.041185
0.043083
0.037387
0.037451
0.073343
0.038714
0.042911
0.042231
0.036736
0.043348
0.043777
0.044268
0.037240
0.037266
0.037317
0.037274
0.037421
0.037445
0.037270
0.037203
0.038021
0.037287
0.037292
0.037303
0.071286
0.037903
0.037148
0.037176
0.037259
0.037289
0.037134
0.037410
0.038705
0.038398
0.040521
0.037124
0.037898
0.038086
0.042108
0.043117
0.043385
0.044114
0.042710
0.045740
0.076163
0.043115
0.039501
0.043586
0.044754
0.043366
0.044687
0.037465
0.038299
0.037163
0.037214
0.037385
0.037116
0.036639
0.036656
0.036740
0.037799
0.037537
0.037494
0.036806
0.070328
0.036601
0.036756
0.038128
0.036764
0.036765
0.036731
0.036859
0.037690
0.036882
0.036686
0.040370
0.036827
0.037634
0.036600
0.036870
0.036748
0.036729
0.036769
0.038052
0.070140
0.036634
0.036772
0.037657
0.036767
0.036683
0.036758
0.036759
0.036909
0.036783
0.036748
0.036807
0.037210
0.037606
0.037111
0.037589
0.036578
0.036788
0.036648
0.036748
0.070023
0.036910
0.038424
0.037304
0.037431
0.037395
0.037411
0.037478
0.037595
0.038682
0.037492
0.037235
0.037306
0.037427
0.037358
0.037352
0.037407
0.038758
0.037399
0.037319
0.070871
0.037430
0.037331
0.037426
0.038195
0.037233
0.037320
0.037210
0.037244
0.037315
0.037382
0.037440
0.038313
0.037349
0.037424
0.037478
0.037524
0.037039
0.036982
0.037124
0.071721
0.037060
0.037092
0.037025
0.037179
0.037060
0.037391
0.038740
0.040648
0.037829
0.037633
0.037630
0.037446
0.037813
0.039490
0.038536
0.043848
0.043080
0.044027
0.043308
0.083172
0.043913
0.043237
0.038012
0.037405
0.038604
0.040288
0.040511
0.038678
0.041082
0.037647
0.037445
0.037303
0.037814
0.043472
0.043490
0.042088
0.042671
0.038320
0.042037
0.072006
0.038234
0.042410
0.045102
0.044855
0.044467
0.043413
0.044414
0.045451
0.043092
0.044782
0.046537
0.044379
0.045671
0.045352
0.039554
0.039382
0.039637
0.039387
0.040116
0.072283
0.038203
0.038098
0.037528
0.037193
0.037074
0.037268
0.037101
0.038938
0.037220
0.037207
0.037214
0.037044
0.037019
0.037066
0.037007
0.038494
0.036946
0.038786
0.038147
0.058028
0.037333
0.037882
0.039508
0.037979
0.038393
0.038746
0.036855
0.036899
0.036882
0.037236
0.037297
0.037267
0.037282
0.037167
0.037224
0.037470
0.037174
0.038885
0.038768
0.076049
0.038877
0.038388
0.040737
0.040973
0.041460
0.038032
0.037981
0.043333
0.039668
0.039369
0.039374
0.039026
0.039056
0.039077
0.038958
0.038840
0.039164
0.039057
0.039322
0.074314
0.038984
0.039312
0.039019
0.038907
0.039076
0.038939
0.039087
0.038812
0.038973
0.038998
0.039181
0.038600
0.039057
0.039299
0.038983
0.039119
0.039349
0.039346
0.038889
0.072051
0.038481
0.038972
0.037598
0.038837
0.039300
0.039235
0.038613
0.038872
0.038763
0.038749
0.038872
0.038705
0.038831
0.038548
0.038760
0.038874
0.038838
0.039150
0.039127
0.073205
0.038728
0.038877
0.038970
0.038913
0.038849
0.038760
0.038975
0.038765
0.038984
0.039022
0.039038
0.038999
0.039407
0.038728
0.038897
0.038841
0.038971
0.038978
0.038730
0.072435
0.038804
0.038803
0.038997
0.038659
0.038626
0.038556
0.038603
0.038798
0.038631
0.039341
0.038128
0.038841
0.039975
0.040458
0.040879
0.041693
0.039886
0.037953
0.047147
0.073491
0.037971
0.038141
0.037981
0.042705
0.040996
0.041589
0.043794
0.041689
0.040447
0.041901
0.038188
0.040148
0.040758
0.042105
0.040781
0.038991
0.039186
0.040048
0.039005
0.079363
0.041514
0.041132
0.041208
0.040403
0.041883
0.039041
0.038870
0.038993
0.039556
0.039099
0.039011
0.040726
0.039178
0.039604
0.039975
0.039008
0.038913
0.039124
0.039336
0.073819
0.040975
0.038934
0.040350
0.038857
0.038987
0.039053
0.039013
0.041548
0.038935
0.041370
0.039190
0.039099
0.040549
0.038920
0.039793
0.040298
0.038840
0.037570
0.041833
0.071932
0.038315
0.038009
0.038004
0.038931
0.040881
0.038960
0.040218
0.039416
0.040702
0.038810
0.038737
0.037477
0.040721
0.037599
0.039035
0.039698
0.037963
0.038525
0.038172
0.076371
0.040953
0.041114
0.040723
0.041473
0.041684
0.042456
0.041185
0.040885
0.041268
0.038982
0.039023
0.038909
0.038869
0.038791
0.039086
0.040188
0.039722
0.038912
0.037969
0.071339
0.038148
0.038174
0.040641
0.038981
0.038710
0.038925
0.038971
0.039088
0.038840
0.037697
0.040662
0.040267
0.039099
0.042103
0.046139
0.038966
0.038990
0.040936
0.038473
0.071815
0.038226
0.039600
0.046080
0.038877
0.039778
0.039288
0.039586
0.037870
0.037686
0.037486
0.037294
0.037673
0.037909
0.037403
0.037709
0.039855
0.039199
0.039359
0.039265
0.072735
0.039356
0.038838
0.039362
0.039027
0.039292
0.039005
0.040262
0.038932
0.038994
0.038998
0.039325
0.039039
0.038993
0.039647
0.039065
0.039020
0.039316
0.038751
0.039124
0.073018
0.039913
0.039715
0.037964
0.039775
0.038365
0.038378
0.038055
0.038302
0.039547
0.038145
0.037966
0.041182
0.042117
0.039016
0.039296
0.039551
0.037466
0.037423
0.039774
0.071200
0.037638
0.037500
