218	258	144	153
216	254	153	156
218	258	147	148
217	253	148	151
220	252	142	150
219	250	147	148
221	245	146	148
225	247	134	143
219	244	142	148
226	239	139	149
225	240	138	142
228	240	135	139
229	239	132	140
227	235	134	139
229	235	134	138
229	233	131	139
232	231	131	136
230	231	130	134
230	226	130	137
233	227	130	133
233	225	129	129
233	226	127	129
234	222	126	128
233	218	126	130
235	220	120	127
239	219	122	124
239	217	121	124
237	216	122	120
241	213	117	123
238	218	122	114
239	211	121	120
243	213	114	115
239	209	118	119
243	208	118	118
244	212	114	112
246	205	114	115
241	205	116	115
245	204	118	113
242	202	113	112
246	201	114	111
244	202	114	108
243	200	116	109
248	198	113	107
249	194	109	112
247	197	113	106
249	193	109	108
251	193	109	107
251	191	109	105
250	190	107	106
252	189	102	105
249	190	111	101
252	188	104	100
254	186	104	101
251	185	105	102
254	184	107	99
250	182	105	101
256	182	103	99
255	184	102	95
256	182	102	93
256	178	101	97
255	180	101	95
255	176	102	96
257	174	104	95
258	174	97	96
257	175	100	93
260	175	99	91
259	171	96	93
259	172	99	91
258	172	96	90
261	169	97	90
261	168	94	93
258	169	96	87
258	168	101	88
255	165	97	89
256	166	101	89
253	166	103	86
258	164	99	88
256	163	102	88
259	162	98	87
260	162	97	86
261	162	97	86
259	161	100	84
260	160	101	85
262	160	95	82
261	158	98	83
263	159	97	82
264	156	96	84
265	155	95	83
263	155	98	81
268	155	93	79
267	154	96	80
268	153	97	80
269	152	92	80
271	152	92	78
270	150	93	78
273	150	94	79
271	148	92	79
274	148	93	78
274	146	89	80
275	147	92	78
274	145	89	78
277	144	90	79
277	143	86	78
280	143	86	76
278	142	89	77
281	140	84	78
280	141	87	76
281	141	88	75
281	140	84	75
284	141	85	74
282	140	85	74
286	138	83	74
285	138	83	73
285	135	84	76
285	137	82	72
285	136	84	72
286	135	83	71
289	134	80	73
289	133	82	72
288	132	81	72
291	132	79	71
289	133	81	68
293	132	78	70
290	132	79	68
292	131	81	68
292	129	80	69
293	130	80	67
294	128	78	68
295	129	78	66
295	128	78	67
295	127	78	66
296	127	77	66
296	126	79	67
297	126	79	65
299	125	75	66
299	124	74	66
298	124	75	65
300	122	73	66
302	123	76	65
301	122	72	65
303	122	73	63
300	121	74	64
301	120	75	64
302	118	78	66
303	119	73	64
303	118	74	62
304	118	74	62
305	118	74	62
303	117	73	62
306	117	72	61
305	115	71	62
306	114	71	62
309	115	70	60
309	114	68	60
310	114	69	60
310	115	68	59
311	113	67	60
312	113	65	60
312	112	67	60
311	112	67	58
311	110	68	61
313	110	64	60
313	110	65	59
313	108	65	60
313	109	63	59
315	109	64	57
313	110	65	56
314	107	63	59
314	107	64	60
314	108	64	58
316	107	62	57
315	106	62	57
315	105	62	58
314	105	65	57
316	106	63	56
317	104	60	56
315	103	62	59
315	105	62	56
315	103	63	56
313	102	65	57
314	103	62	55
315	103	63	55
313	102	63	55
314	102	65	55
313	101	65	56
314	101	64	55
315	100	64	55
314	100	64	54
316	99	63	55
316	99	61	55
316	98	63	54
318	98	60	54
317	97	62	55
317	97	62	54
317	97	62	53
319	96	60	54
318	97	60	52
318	95	61	55
319	95	60	53
318	95	61	52
319	95	60	52
320	94	60	52
319	94	62	52
321	94	59	51
320	94	61	52
319	93	61	51
322	92	58	51
320	93	60	50
322	92	60	51
322	91	58	52
322	92	60	49
322	91	58	50
323	92	58	49
324	91	57	49
323	89	59	51
324	89	58	51
323	89	59	51
325	88	57	51
325	88	56	51
324	88	58	51
325	87	56	50
326	87	56	50
325	86	56	51
326	86	57	50
325	86	57	49
328	86	54	49
327	86	55	49
328	85	53	49
328	85	54	48
327	84	56	50
328	84	55	49
329	83	52	49
329	83	53	50
330	84	53	47
329	83	53	48
330	83	52	48
329	83	54	48
330	82	54	47
329	82	55	47
327	82	58	47
328	82	57	46
326	81	60	47
324	81	62	44
322	81	64	46
321	81	65	45
319	81	67	45
317	81	69	46
317	81	69	46
315	80	71	48
315	80	71	45
312	81	73	45
313	80	73	47
311	80	75	48
311	82	75	45
310	82	77	44
310	82	77	44
309	82	78	42
310	82	79	43
309	84	80	41
309	81	80	45
311	82	78	44
311	81	79	46
310	81	79	44
311	80	81	47
313	79	79	47
315	80	77	48
317	80	78	46
318	79	79	47
320	80	80	44
323	79	79	47
324	79	77	45
325	79	76	45
328	80	73	44
328	78	71	45
329	79	68	43
329	80	68	43
328	80	67	42
328	79	69	43
328	79	66	42
328	79	68	44
327	80	68	41
327	78	68	42
327	78	68	43
327	79	70	42
327	79	68	41
326	79	72	41
326	79	73	41
328	79	71	41
328	78	71	42
326	78	73	42
329	79	72	42
326	78	76	43
328	79	74	42
329	78	73	43
327	79	76	43
328	79	76	43
329	78	75	43
331	78	73	43
329	79	76	41
328	79	77	42
331	79	75	41
329	78	77	43
330	79	76	40
331	79	76	40
331	80	76	39
331	79	76	39
332	79	75	41
333	80	74	40
333	80	73	40
335	79	73	40
334	80	72	39
337	80	70	39
335	80	71	40
338	79	70	42
339	79	68	43
338	79	69	47
340	78	68	49
340	79	68	49
343	79	65	47
344	79	61	45
347	79	60	43
348	79	58	42
348	79	57	42
349	79	55	41
348	79	56	42
350	79	55	42
352	79	54	44
353	80	52	42
353	80	52	47
353	81	51	46
353	80	52	49
352	81	52	45
352	81	53	44
353	81	52	46
352	82	51	47
354	83	50	42
352	83	52	45
353	83	51	44
351	83	52	46
353	84	51	45
351	84	53	46
352	84	52	47
351	85	51	46
353	85	52	45
350	86	53	45
351	86	53	46
350	85	54	49
350	86	52	46
350	86	55	48
349	87	55	46
350	87	54	47
349	87	54	49
351	87	52	47
349	88	55	46
349	88	55	48
348	89	55	44
348	89	56	48
349	89	53	47
349	90	54	47
349	90	56	48
348	90	57	46
348	91	59	48
347	91	59	49
348	91	58	49
347	92	61	51
348	92	59	48
348	93	59	48
349	93	58	49
348	93	60	49
348	94	61	48
349	94	58	47
350	94	59	48
349	94	59	50
351	94	57	49
350	95	58	49
350	96	58	46
349	96	58	49
350	96	59	50
349	96	59	50
348	96	61	51
349	97	60	50
349	97	60	52
349	97	59	51
348	97	60	53
347	99	62	49
347	98	62	51
346	99	63	53
347	99	61	51
346	100	62	52
346	100	62	51
345	101	63	52
345	101	63	51
346	102	61	53
345	103	62	52
344	102	64	54
343	103	64	53
344	103	63	53
343	103	64	54
344	104	63	55
343	104	65	53
343	105	64	54
342	105	64	54
341	106	66	54
342	106	63	54
342	106	65	54
341	107	64	54
341	107	66	56
340	108	65	54
341	109	65	56
339	109	66	55
339	110	65	54
339	109	67	57
339	110	67	56
339	110	65	58
340	111	66	55
337	111	67	56
337	112	68	57
337	111	68	59
337	112	67	59
336	112	68	58
336	113	69	58
335	113	70	59
336	114	68	58
336	115	67	58
334	115	70	59
334	116	69	59
334	115	70	58
333	117	69	59
335	118	68	58
333	118	70	58
334	119	68	58
332	119	69	61
335	119	67	60
332	120	69	59
333	120	69	61
333	121	69	57
331	120	71	62
333	123	69	59
333	123	70	61
333	124	69	58
332	125	71	59
332	124	72	61
330	125	73	61
330	125	74	62
332	126	72	60
330	127	74	61
331	126	72	63
330	127	73	63
330	128	74	61
329	128	73	62
331	129	74	62
329	130	74	63
330	131	75	63
329	131	76	64
329	131	76	63
327	131	74	65
328	133	77	63
328	133	76	66
328	133	77	66
329	134	74	64
327	135	77	66
328	135	76	66
326	136	78	65
329	137	77	65
326	137	77	67
329	138	77	65
325	138	79	67
327	139	79	68
326	142	78	65
326	141	79	67
324	140	81	69
324	142	81	67
323	142	82	67
325	142	82	70
324	143	83	71
323	145	82	68
324	146	82	68
324	146	82	70
323	146	84	71
324	146	81	71
321	148	85	71
324	147	84	72
321	148	86	73
321	149	87	73
321	150	86	73
323	152	85	71
321	151	86	75
322	153	86	73
319	153	87	75
322	155	85	74
321	154	89	76
319	155	88	77
321	156	88	76
319	157	88	77
320	158	87	76
319	161	88	73
318	160	87	78
319	161	90	79
318	162	88	78
316	163	92	78
318	164	88	78
315	165	93	78
315	165	93	80
318	165	90	81
315	166	92	81
317	168	94	80
313	167	95	83
314	167	96	84
313	168	95	83
313	170	96	83
312	171	97	83
315	172	94	84
314	172	95	85
311	173	99	84
312	173	98	86
312	176	99	84
309	175	102	90
313	177	97	86
311	179	98	85
310	180	98	86
311	181	99	88
309	182	101	87
308	183	105	87
310	183	100	89
310	183	102	92
307	184	105	90
307	186	105	90
309	189	104	89
305	190	103	89
306	192	108	89
306	190	108	93
307	191	103	93
307	194	106	92
303	195	109	94
306	195	109	92
304	198	110	94
304	198	110	94
302	199	109	96
301	200	115	99
299	202	115	98
299	202	116	99
301	206	111	96
300	206	117	98
297	207	118	100
300	207	116	97
296	210	120	103
300	211	115	99
295	214	118	100
299	215	118	103
297	214	118	105
295	215	121	107
295	216	123	106
294	217	120	108
295	220	121	107
292	220	124	108
295	220	123	111
292	223	122	113
292	225	126	110
290	224	131	113
291	227	131	114
291	227	125	116
292	229	128	118
289	230	129	117
292	234	128	117
289	234	129	119
287	237	136	118
286	239	133	119
286	241	136	121
284	241	137	122
288	241	136	125
285	243	133	124
284	245	141	128
285	248	137	126
283	250	134	126
285	254	137	125
281	256	141	127
282	257	141	130
277	258	145	130
273	258	153	132
273	261	154	133
270	262	161	136
267	264	161	136
264	266	168	138
264	268	164	138
267	271	162	138
262	274	165	139
256	275	176	141
254	276	172	145
255	278	175	140
253	283	172	139
247	283	178	145
245	283	185	145
243	287	179	142
247	293	180	138
243	294	180	136
241	297	182	136
241	299	184	134
232	300	194	133
235	306	188	123
229	307	194	122
231	310	190	122
225	307	194	124
223	313	198	122
218	315	198	117
218	320	200	114
217	322	203	113
213	324	203	107
213	327	204	105
215	326	204	107
215	331	198	100
211	334	208	97
212	337	201	96
216	338	197	96
213	343	199	93
210	346	199	90
210	348	199	92
202	352	204	90
206	354	208	85
201	356	203	86
206	358	196	84
203	363	200	76
203	366	197	70
202	371	200	66
202	374	196	64
205	378	192	61
202	381	197	64
202	384	195	60
202	386	194	58
201	391	195	54
206	393	186	60
206	396	186	58
203	400	185	57
204	402	183	61
203	406	183	60
180	404	176	66
160	404	156	68
166	416	146	61
71	200	135	74
188	31	128	89
214	6	113	103
229	13	95	114
240	0	84	126
199	4	110	141
243	1	78	128
210	18	95	117
201	-3	117	134
187	1	131	142
183	4	134	154
234	-17	102	155
192	-2	116	150
170	3	147	162
165	-14	150	159
167	4	150	166
160	9	161	169
163	14	156	182
157	5	164	157
163	17	154	165
154	3	168	153
161	8	159	164
164	6	155	185
160	-24	157	199
158	4	159	191
159	15	144	199
157	2	141	192
162	12	134	212
199	-3	133	204
158	5	150	233
149	-10	161	204
157	6	158	207
157	-15	153	201
161	9	154	186
163	10	156	190
153	-10	170	186
157	6	164	167
162	14	157	175
163	19	158	168
163	19	159	172
154	-2	168	165
157	8	164	167
161	17	158	177
158	-1	161	175
158	15	161	185
157	15	163	192
158	18	161	202
159	26	146	190
158	0	140	191
159	6	132	193
163	16	121	214
195	5	122	199
168	-17	146	193
165	0	155	199
162	10	157	215
159	-7	160	192
156	4	165	204
157	9	160	213
153	-21	166	216
155	8	165	203
157	15	149	202
158	22	161	173
161	14	159	189
162	15	144	203
160	9	155	212
157	11	140	213
158	13	156	207
158	13	146	211
163	21	133	205
161	22	125	207
190	7	128	192
175	14	137	201
162	11	133	214
161	16	149	206
160	14	159	206
155	14	166	212
159	15	165	203
157	14	160	199
156	11	164	196
157	11	156	211
162	14	155	184
163	21	144	181
161	16	136	208
161	17	135	207
162	17	144	211
162	5	154	229
160	10	131	216
166	10	96	219
192	-9	117	202
186	4	124	190
167	4	151	194
162	11	144	216
161	0	157	230
161	4	116	230
164	18	121	214
164	7	110	222
177	15	136	216
164	14	146	212
159	11	147	216
162	14	158	212
159	10	158	214
161	14	142	215
163	20	148	204
160	12	143	214
161	23	139	200
163	24	118	204
164	20	118	202
160	28	111	194
189	2	127	184
190	15	130	166
164	12	154	172
160	21	161	173
161	15	160	184
160	14	151	210
156	18	161	184
159	11	157	214
160	15	163	199
158	12	158	200
157	17	161	189
159	19	159	199
160	19	149	208
157	19	162	165
162	18	158	166
164	20	159	165
165	17	152	192
160	19	161	202
159	6	162	216
159	8	150	222
158	10	162	201
156	11	154	217
161	9	153	209
157	13	162	202
159	8	146	215
161	16	155	206
159	15	159	209
157	18	163	202
157	14	165	209
153	11	169	213
163	11	154	183
159	9	158	217
162	12	135	218
162	17	122	212
166	24	107	206
184	1	130	202
164	11	157	211
157	12	153	215
161	11	146	204
161	12	145	206
157	17	160	185
157	13	162	209
157	16	150	207
162	10	155	217
158	13	141	213
162	16	136	213
167	13	125	218
161	24	119	204
165	16	108	210
163	33	106	194
197	8	118	189
174	14	140	182
163	12	155	205
159	14	164	208
