1.00
1.11
1.06
1.10
1.08
1.09
1.07
1.06
1.08
1.05
1.07
1.07
1.05
1.06
1.06
1.06
1.05
1.05
1.05
1.06
1.06
1.08
1.08
1.07
1.10
1.07
1.06
1.08
1.11
1.09
1.07
1.09
1.08
1.09
1.08
1.08
1.12
1.06
1.06
1.04
1.06
1.08
1.07
1.07
1.07
1.06
1.06
1.09
1.09
1.09
1.07
1.06
1.06
1.07
1.06
1.06
1.07
1.06
1.05
1.05
1.06
1.05
1.04
1.07
1.05
1.04
1.04
1.04
1.05
1.03
1.04
1.03
1.00
1.01
1.01
0.98
1.00
0.98
0.97
1.00
0.97
0.99
0.99
0.98
1.01
0.98
0.97
0.99
0.97
0.98
0.98
0.96
0.96
0.97
0.99
1.01
0.97
1.02
0.97
0.99
0.99
1.04
1.01
1.05
1.02
1.04
1.03
1.03
1.02
1.05
1.01
1.04
1.00
1.03
1.00
1.04
1.01
1.04
1.03
1.00
1.02
1.00
1.02
0.98
1.03
1.00
1.02
1.02
1.02
0.97
1.00
0.99
0.97
0.97
0.97
0.98
0.98
0.99
1.00
0.97
1.00
1.02
1.02
1.01
0.97
1.01
1.01
1.01
1.00
1.05
1.06
1.04
1.06
1.09
1.08
1.10
1.10
1.12
1.11
1.09
1.09
1.08
1.06
1.09
1.08
1.09
1.07
1.10
1.10
1.08
1.10
1.11
1.05
1.10
1.10
1.08
1.09
1.07
1.07
1.07
1.06
1.00
1.03
1.00
1.01
1.02
1.02
1.03
1.02
1.01
1.04
1.02
1.01
1.02
1.04
1.04
1.03
1.00
1.04
1.01
1.03
1.07
1.07
1.05
1.05
1.07
1.06
1.07
1.08
1.07
1.07
1.07
1.08
1.07
1.09
1.10
1.10
1.12
1.10
1.09
1.12
1.13
1.12
1.14
1.11
1.10
1.12
1.09
1.12
1.12
1.11
1.09
1.15
1.10
1.15
1.13
1.14
1.12
1.10
1.09
1.08
1.05
1.04
0.97
1.01
0.98
0.94
0.93
0.88
0.92
0.91
0.90
0.91
0.91
0.89
0.83
0.85
0.85
0.84
0.80
0.81
0.92
0.94
0.95
0.95
0.98
0.97
0.97
0.99
0.97
0.96
0.98
0.96
0.98
0.97
1.00
0.98
0.98
0.97
0.97
0.98
1.08
1.08
1.09
1.06
1.05
1.07
1.06
1.04
1.06
1.06
1.07
1.02
1.00
1.04
0.96
1.01
1.04
1.01
0.93
0.97
1.03
1.03
0.97
0.98
0.98
0.99
1.02
1.07
1.04
1.02
1.02
0.98
0.97
1.06
0.98
1.04
1.10
1.09
1.09
1.08
1.14
1.13
1.12
1.11
1.06
1.10
1.09
1.09
1.12
1.11
1.13
1.11
1.14
1.11
1.08
1.08
1.09
1.08
1.10
1.10
1.09
1.09
1.05
1.07
1.11
1.09
1.09
1.11
1.10
1.06
1.09
1.07
1.08
1.06
1.05
1.06
1.05
1.06
1.09
1.06
1.05
1.06
1.08
1.07
1.07
1.07
1.05
1.05
1.06
1.05
1.02
1.06
1.01
1.06
1.02
1.07
1.07
1.06
1.05
1.06
1.05
1.03
1.06
1.05
1.07
1.04
1.06
1.06
1.08
1.08
1.06
1.03
1.06
1.06
1.05
1.07
1.06
1.06
1.03
1.04
1.03
1.05
1.05
1.06
1.06
1.05
1.05
1.05
1.06
1.02
1.00
1.01
1.04
1.03
1.01
1.03
1.00
1.01
1.01
1.03
1.05
1.01
1.04
1.04
1.02
1.04
1.05
1.04
1.04
1.04
1.05
1.03
1.07
1.09
1.06
1.06
1.10
1.11
1.08
1.05
1.04
1.06
1.09
1.09
1.08
1.08
1.07
1.07
1.09
1.06
1.12
1.08
1.12
1.13
1.09
1.10
1.10
1.09
1.13
1.11
1.11
1.11
1.04
1.10
1.10
1.09
1.05
1.10
1.07
1.11
1.08
1.11
1.06
1.09
1.06
1.05
1.10
1.10
1.07
1.09
1.08
1.05
1.03
1.06
1.05
0.98
1.03
1.05
1.05
1.07
1.06
1.07
1.05
1.03
1.04
1.05
1.05
1.07
1.07
1.06
1.05
1.06
1.09
1.03
1.02
1.02
1.03
1.06
1.05
1.04
1.03
1.05
1.06
1.02
1.03
1.02
1.04
1.04
1.03
1.04
1.06
1.06
0.99
1.05
1.02
1.06
1.05
1.07
1.09
1.06
1.06
1.03
1.04
1.00
1.00
1.07
1.05
1.05
1.08
1.07
1.08
1.04
1.06
1.02
1.04
1.06
1.03
1.03
1.07
1.04
0.99
1.02
0.98
1.06
0.90
1.06
1.05
1.06
1.07
1.09
1.06
1.09
1.01
1.04
1.06
1.04
1.05
1.03
1.04
1.02
1.03
1.07
1.02
1.05
0.98
1.03
1.01
0.99
1.04
1.02
1.02
1.03
1.02
1.05
1.01
1.03
1.04
1.03
1.02
1.02
1.02
1.01
0.98
0.96
0.95
0.95
0.92
0.94
0.93
0.91
0.94
0.88
0.86
0.80
0.81
0.83
0.78
0.77
0.76
0.74
0.75
0.75
0.65
0.65
0.60
0.59
0.53
0.57
0.52
0.51
0.69
0.66
0.62
0.57
0.59
0.51
0.51
0.47
0.44
0.41
0.37
0.26
0.15
0.22
0.14
0.02
0.02
0.04
0.01
0.02
0.09
0.05
0.03
0.09
0.07
0.04
0.05
0.04
0.06
0.05
0.02
0.17
0.18
0.16
0.18
0.17
0.16
0.17
0.17
0.18
0.36
0.35
0.32
0.33
0.34
0.35
0.29
0.36
0.28
0.37
0.36
0.33
0.41
0.36
0.35
0.34
0.33
0.40
0.38
0.35
0.57
0.56
0.55
0.46
0.54
0.57
0.53
0.58
0.58
0.56
0.56
0.49
0.61
0.51
0.47
0.52
0.50
0.52
0.57
0.57
0.62
0.60
0.63
0.60
0.63
0.57
0.63
0.67
0.61
0.58
0.63
0.59
0.56
0.60
0.62
0.61
0.61
0.68
0.66
0.59
0.71
0.74
0.68
0.69
0.69
0.77
0.76
0.75
0.76
0.68
0.64
0.68
0.65
0.72
0.73
0.76
0.68
0.72
0.74
0.73
0.80
0.76
0.67
0.70
0.65
0.77
0.77
0.76
0.85
0.77
0.78
0.81
0.75
0.77
0.80
0.82
0.79
0.77
0.82
0.79
0.81
0.88
0.85
0.82
0.88
0.83
0.84
0.87
0.85
0.88
0.87
0.81
0.84
0.80
0.81
0.86
0.79
0.83
0.78
0.67
0.84
0.85
0.88
0.92
0.88
0.91
0.87
0.90
0.80
0.88
0.84
0.85
0.71
0.71
0.77
0.85
0.82
0.91
