1.00
1.12
1.08
1.03
1.11
1.03
1.05
1.03
1.04
1.03
1.02
1.03
1.02
1.02
1.02
1.03
1.04
1.01
1.03
1.03
1.01
1.01
1.05
1.05
1.04
1.06
1.06
1.05
1.05
1.06
1.07
1.08
1.07
1.01
1.01
1.00
0.97
0.96
0.91
0.93
0.92
0.94
0.90
0.90
0.89
0.88
0.85
0.82
0.81
0.82
0.81
0.78
0.80
0.80
0.80
0.80
0.84
0.82
0.80
0.83
0.82
0.91
0.90
0.91
0.94
0.94
0.95
0.95
0.88
0.94
0.92
0.94
0.94
0.92
0.92
0.85
0.89
0.86
0.83
0.89
0.89
0.92
0.90
0.91
0.86
0.88
0.86
0.85
0.85
0.87
0.85
0.87
0.88
0.87
0.89
0.88
0.88
0.87
0.87
0.88
0.90
0.94
0.93
0.91
0.95
0.94
0.95
0.94
0.96
0.95
0.97
0.97
0.95
0.98
0.95
0.97
0.89
0.89
0.94
0.92
0.92
0.97
0.98
0.98
0.99
1.02
0.97
1.01
1.02
1.02
0.99
1.01
1.01
0.99
1.00
0.96
1.00
1.01
1.00
0.97
0.96
0.98
1.00
1.00
1.01
1.00
0.99
1.00
0.99
0.99
1.00
1.00
1.03
1.02
0.93
1.01
0.99
1.05
1.02
1.04
1.05
1.04
1.09
1.01
0.98
0.98
1.01
0.99
0.99
0.99
1.02
1.01
0.99
0.99
0.98
0.96
1.02
1.02
0.98
1.01
1.01
1.04
1.01
0.97
0.93
0.96
0.96
0.95
0.90
0.95
0.91
0.96
0.97
0.91
0.93
0.91
0.90
0.94
0.90
0.91
0.91
1.00
1.01
1.00
1.02
1.01
1.01
0.98
1.01
1.01
0.99
1.00
1.02
1.06
1.00
1.03
1.01
1.00
1.00
0.99
1.01
1.00
1.01
1.00
0.97
0.97
0.95
0.98
1.00
0.99
0.99
0.99
1.00
1.00
1.03
1.04
1.04
1.07
1.08
1.07
1.08
1.10
1.12
1.15
1.10
1.11
1.14
1.13
1.13
1.11
1.14
1.12
1.11
1.11
1.14
1.10
1.10
1.13
1.10
1.08
1.11
1.03
1.05
1.05
1.07
1.03
1.02
1.08
1.07
1.06
1.08
1.06
1.06
1.08
1.08
1.12
1.09
1.07
1.05
1.09
1.06
1.09
1.10
1.09
1.09
1.10
1.12
1.12
1.12
1.10
1.14
1.10
1.11
1.10
1.10
1.09
1.09
1.09
1.11
1.08
1.10
1.07
1.08
1.05
1.07
1.07
1.08
1.09
1.06
1.05
1.07
1.07
1.06
1.06
1.04
1.05
1.05
1.05
1.04
1.10
1.04
1.08
1.09
1.06
1.07
1.08
1.06
1.08
1.10
1.11
1.07
1.09
1.11
1.10
1.06
1.09
1.09
1.05
1.09
1.09
1.07
1.06
1.08
1.06
1.04
1.04
1.06
1.05
1.06
1.06
1.04
1.08
1.06
1.06
1.07
1.06
1.05
1.05
1.05
1.08
1.07
1.04
1.04
1.06
1.05
1.06
1.02
1.03
1.04
1.04
1.03
1.05
1.05
1.04
1.03
1.05
1.03
1.06
1.04
1.06
1.06
1.07
1.04
1.05
1.04
1.07
1.06
1.09
1.07
1.06
1.08
1.06
1.05
1.06
1.05
1.04
1.06
1.07
1.07
1.04
1.07
1.06
1.09
1.10
1.05
1.09
1.08
1.10
1.11
1.09
1.09
1.10
1.09
1.10
1.08
1.10
1.11
1.12
1.10
1.13
1.09
1.10
1.10
1.11
1.10
1.14
1.08
1.12
1.13
1.12
1.10
1.09
1.10
1.12
1.12
1.10
1.12
1.13
1.12
1.11
1.11
1.09
1.12
1.12
1.09
1.10
1.11
1.10
1.12
1.10
1.10
1.10
1.11
1.08
1.09
1.08
1.11
1.09
1.06
1.13
1.11
1.11
1.12
1.11
1.09
1.11
1.09
1.11
1.08
1.11
1.11
1.11
1.13
1.11
1.12
1.09
1.11
1.13
1.12
1.12
1.11
1.14
1.12
1.14
1.14
1.13
1.11
1.13
1.14
1.14
1.14
1.11
1.12
1.12
1.11
1.13
1.11
1.09
1.10
1.11
1.08
1.12
1.09
1.11
1.11
1.11
1.11
1.08
1.09
1.11
1.09
1.09
1.07
1.09
1.08
1.11
1.10
1.08
1.08
1.10
1.08
1.12
1.13
1.10
1.13
1.11
1.10
1.11
1.14
1.10
1.12
1.10
1.09
1.11
1.13
1.13
1.10
1.10
1.10
1.08
1.12
1.09
1.11
1.12
1.11
1.11
1.11
1.11
1.08
1.11
1.10
1.10
1.09
1.10
1.12
1.09
1.08
1.09
1.10
1.05
1.06
1.10
1.09
1.08
1.07
1.08
1.07
1.06
1.07
1.06
1.04
1.07
1.06
1.06
1.06
1.04
1.06
1.08
1.12
1.07
1.08
1.11
1.09
1.12
1.10
1.09
1.09
1.13
1.10
1.07
1.10
1.08
1.09
1.10
1.11
1.11
1.10
1.11
1.10
1.08
1.07
1.10
1.11
1.12
1.11
1.09
1.05
1.05
1.07
1.08
1.07
1.09
1.07
1.10
1.03
1.10
1.06
1.08
1.07
1.09
1.13
1.14
1.12
1.13
1.11
1.13
1.11
1.05
1.10
1.10
1.10
1.05
1.05
1.10
1.07
1.10
1.09
1.12
1.12
1.08
1.11
1.12
1.13
1.09
1.14
1.12
1.11
1.11
1.09
1.07
1.06
1.02
0.87
0.76
0.81
0.71
0.74
0.74
0.73
0.69
0.59
0.73
0.76
0.67
0.65
0.56
0.57
0.49
0.48
0.48
0.47
0.44
0.36
0.36
0.50
0.61
0.69
0.63
0.70
0.76
0.79
0.94
0.99
0.94
1.00
1.00
0.96
0.93
0.94
0.89
0.94
0.86
0.89
0.88
0.84
0.87
0.88
0.84
0.86
0.78
0.82
0.88
0.89
0.95
0.91
0.97
0.92
0.89
0.92
0.87
0.89
0.88
0.87
0.86
0.91
0.90
0.87
0.88
0.88
0.88
0.91
1.04
1.05
1.04
0.98
1.02
1.03
1.00
1.04
1.00
0.98
0.98
0.99
1.00
0.97
0.99
0.97
0.98
0.96
0.93
0.81
0.88
0.87
0.95
0.97
0.93
0.96
1.00
0.99
1.00
1.03
1.00
1.02
1.04
1.03
1.02
1.04
1.09
1.07
1.05
1.05
1.10
1.11
1.11
1.09
1.03
1.04
1.05
1.02
1.03
1.02
1.01
0.99
0.98
1.05
1.02
1.04
1.01
1.02
0.98
0.94
1.06
1.04
1.06
1.07
1.10
1.03
1.06
1.06
1.05
1.08
1.02
1.06
1.05
1.07
1.08
1.07
1.02
1.11
1.07
1.08
1.07
1.07
1.06
1.09
1.07
1.08
1.10
1.06
1.07
1.08
1.07
1.08
1.08
1.07
1.09
1.06
1.07
1.09
1.06
1.07
1.07
1.08
1.05
1.05
1.06
1.07
1.07
1.09
1.04
1.08
1.05
1.06
0.98
1.04
1.00
1.00
0.99
0.99
0.96
0.98
1.01
0.98
1.00
1.01
0.99
1.01
0.96
0.91
0.87
0.83
0.91
0.87
0.84
0.78
0.95
0.96
0.92
0.89
0.89
0.90
0.98
0.89
0.94
0.85
0.89
0.88
0.85
0.83
0.85
0.83
0.86
0.84
0.83
0.87
0.85
0.86
0.86
0.84
0.88
0.90
0.99
0.99
1.02
1.00
1.00
1.01
0.98
1.02
1.00
1.01
1.03
1.04
1.02
1.02
1.05
1.05
1.07
1.02
1.11
1.08
1.02
0.99
1.03
1.07
1.07
1.07
1.12
1.05
1.08
1.03
1.11
0.99
1.00
1.00
0.98
1.05
1.01
1.04
1.00
0.99
1.00
0.97
0.98
1.00
1.00
0.96
1.01
0.99
0.94
0.97
0.92
0.95
0.97
0.98
1.01
0.96
0.97
0.98
1.01
0.96
1.02
1.04
1.05
1.08
1.06
1.08
1.06
1.06
1.08
1.04
1.03
1.03
1.04
1.03
1.06
1.08
1.07
1.08
1.14
1.13
1.11
1.13
1.13
1.10
1.11
1.09
1.10
1.10
1.10
1.11
1.11
1.10
1.12
1.15
1.14
1.13
1.12
1.11
1.13
1.14
1.12
1.11
1.09
1.10
1.09
1.09
1.07
1.07
1.06
1.06
1.07
1.05
1.08
1.06
1.06
1.06
1.08
1.07
1.08
1.06
1.10
1.08
1.11
1.12
1.12
1.08
1.09
1.09
1.09
1.09
1.10
1.08
1.06
1.07
1.07
1.06
1.06
1.03
1.03
0.99
1.10
1.06
1.07
1.06
1.06
1.07
1.07
1.06
1.05
1.04
1.09
1.03
1.04
1.05
1.09
1.10
1.08
1.12
1.10
1.08
1.13
1.09
1.15
1.13
1.13
1.15
1.14
1.13
1.13
1.10
1.13
1.08
1.08
1.08
1.04
1.06
1.05
1.04
1.01
0.99
1.02
1.02
1.04
1.04
1.03
1.03
1.03
1.00
1.03
1.04
1.04
1.03
1.03
1.04
1.03
1.01
1.01
1.01
1.03
1.04
1.10
1.09
1.08
1.10
1.11
1.10
1.10
1.09
1.11
1.09
1.10
1.10
1.09
1.06
1.05
1.06
1.06
1.05
1.04
1.01
1.07
1.04
1.07
1.09
1.06
1.07
1.08
1.09
1.07
1.07
1.07
1.07
1.09
1.06
1.04
1.08
1.09
1.07
1.06
1.06
1.06
1.08
1.08
1.07
1.08
1.08
1.05
1.03
1.05
1.03
1.04
1.07
1.08
1.06
1.06
1.05
1.06
1.06
1.07
1.08
1.07
1.08
1.07
1.07
1.07
1.07
1.07
1.07
1.06
1.03
1.07
1.04
1.04
1.03
1.03
1.03
1.04
1.05
1.05
1.05
1.05
1.05
1.05
1.04
1.06
1.05
1.03
1.03
1.05
1.05
1.05
1.05
1.07
1.05
1.05
1.07
1.05
1.05
1.05
1.05
1.04
1.07
1.04
1.07
1.06
1.04
1.03
1.04
1.06
1.04
1.04
1.04
1.04
1.06
1.04
1.04
1.03
1.04
1.02
1.05
1.02
1.02
1.01
1.02
1.03
1.02
1.01
1.03
1.00
1.02
1.00
1.00
0.97
0.96
0.96
0.95
0.96
0.95
0.94
0.94
0.95
0.97
0.98
0.95
0.95
0.94
0.96
0.98
0.99
0.98
0.98
1.00
0.97
0.91
0.98
0.96
1.00
0.97
0.99
0.99
1.00
1.01
0.96
0.99
1.01
1.01
1.00
1.01
1.01
1.00
1.00
1.01
1.01
1.00
1.00
0.97
1.00
1.00
1.00
1.00
1.04
1.00
1.02
1.05
1.01
1.04
1.04
1.03
1.04
1.05
1.05
1.05
0.99
1.01
1.02
1.04
1.06
1.03
1.05
1.05
1.06
1.01
1.05
1.07
1.04
1.07
1.09
1.06
1.05
1.04
1.03
1.02
1.04
1.04
1.06
1.05
1.04
1.05
1.05
1.07
1.01
1.04
1.02
1.04
1.04
1.05
1.06
1.04
1.04
1.00
1.05
1.05
1.04
1.06
1.06
1.05
1.06
1.05
1.03
1.04
1.04
1.06
1.05
1.03
1.02
1.05
1.03
1.06
1.04
1.04
1.06
1.05
1.05
1.06
1.06
1.04
1.04
1.02
1.05
1.04
1.05
1.05
1.06
1.04
1.02
1.02
1.02
1.04
1.02
1.02
1.00
1.02
1.01
1.04
1.03
1.01
1.00
1.01
1.00
1.02
0.99
1.00
0.99
0.98
0.99
0.96
1.00
0.96
0.94
0.97
0.95
0.96
0.91
0.95
0.90
0.93
0.92
0.94
0.91
0.93
0.90
0.91
0.89
0.91
0.90
0.90
0.92
0.91
0.91
0.91
0.88
0.87
0.86
0.91
0.90
0.90
0.90
0.92
0.91
0.94
1.00
1.03
1.02
1.00
0.99
0.95
0.97
0.97
1.01
1.02
1.04
1.01
1.04
0.99
1.03
1.03
1.00
0.98
1.07
1.07
1.07
1.09
1.01
1.03
1.03
1.04
1.06
0.98
0.99
1.02
1.05
1.03
1.03
1.01
1.04
1.04
1.01
1.00
1.03
0.97
1.01
1.00
1.02
1.00
0.98
1.01
1.03
1.02
1.02
0.99
1.00
1.00
0.99
1.01
0.97
0.96
0.92
0.95
0.97
0.94
0.91
0.91
0.98
0.91
0.92
0.92
0.91
0.93
0.93
0.98
0.97
1.02
0.99
1.00
1.01
0.98
1.04
1.01
1.05
1.05
1.05
1.06
1.01
1.06
1.04
1.04
1.02
1.05
1.02
1.08
1.05
1.06
1.05
1.10
1.07
1.07
1.08
1.04
1.05
1.07
1.02
1.02
0.99
1.00
1.02
0.99
1.03
1.04
1.04
0.99
1.01
0.99
0.99
1.04
0.99
1.00
0.98
0.98
0.97
0.93
0.95
0.91
0.95
0.91
0.90
0.89
0.91
0.86
0.87
0.84
0.89
0.85
0.80
0.76
0.80
0.77
0.76
0.73
0.74
0.73
0.82
0.78
0.78
0.77
0.72
0.68
0.68
0.67
0.64
0.66
0.63
0.65
0.62
0.58
0.58
0.58
0.55
0.49
0.46
0.43
0.55
0.54
0.51
0.48
0.47
0.49
0.51
0.57
0.61
0.64
0.62
0.56
0.58
0.51
0.50
0.46
0.42
0.38
0.39
0.36
0.64
0.61
0.58
0.59
0.54
0.55
0.51
0.51
0.56
0.49
0.47
0.47
0.49
0.61
0.59
0.66
0.59
0.47
0.36
0.38
0.44
0.16
0.07
0.05
0.07
0.05
0.03
0.14
0.14
0.13
0.17
0.16
0.15
0.16
0.15
0.15
0.17
0.15
0.14
0.16
0.41
0.41
0.40
0.40
0.40
0.41
0.38
0.38
0.39
0.38
0.39
0.41
0.35
0.30
0.20
0.28
0.34
0.37
0.38
0.32
0.38
0.37
0.37
0.45
0.52
0.50
0.46
0.43
0.66
0.69
0.73
0.75
0.71
0.67
0.70
0.69
0.74
0.71
0.71
0.70
0.81
0.79
0.78
0.80
0.76
0.82
0.81
0.81
0.82
0.82
0.82
0.81
0.82
0.81
0.80
0.75
0.74
0.78
