1.00
0.77
0.75
0.69
0.62
0.59
0.57
0.53
0.44
0.53
0.47
0.45
0.44
0.45
0.47
0.46
0.51
0.67
0.69
0.65
0.69
0.66
0.65
0.73
0.66
0.64
0.57
0.54
0.46
0.46
0.42
0.47
0.51
0.49
0.47
0.43
0.43
0.37
0.44
0.49
0.63
0.72
0.76
0.76
0.77
0.73
0.67
0.75
0.72
0.66
0.56
0.53
0.46
0.45
0.45
0.50
0.42
0.42
0.40
0.37
0.56
0.62
0.74
0.77
0.75
0.77
0.81
0.83
0.75
0.81
0.83
0.70
0.71
0.60
0.62
0.53
0.58
0.58
0.52
0.52
0.53
0.51
0.53
0.54
0.72
0.65
0.69
0.77
0.75
0.77
0.83
0.78
0.74
0.73
0.67
0.58
0.56
0.50
0.52
0.50
0.44
0.48
0.50
0.50
0.51
0.67
0.61
0.64
0.56
0.63
0.58
0.54
0.58
0.61
0.58
0.46
0.39
0.34
0.35
0.34
0.36
0.32
0.35
0.36
0.31
0.37
0.33
0.30
0.33
0.28
0.27
0.21
0.23
0.20
0.21
0.20
0.26
0.24
0.24
0.26
0.27
0.28
0.30
0.34
0.29
0.35
0.38
0.42
0.35
0.32
0.40
0.33
0.38
0.33
0.34
0.41
0.40
0.40
0.31
0.31
0.29
0.34
0.33
0.24
0.29
0.32
0.35
0.27
0.34
0.27
0.25
0.29
0.31
0.32
0.33
0.31
0.33
0.31
0.30
0.35
0.35
0.45
0.44
0.49
0.45
0.46
0.44
0.40
0.35
0.35
0.40
0.41
0.40
0.42
0.37
0.40
0.40
0.38
0.39
0.36
0.34
0.56
0.48
0.47
0.49
0.51
0.55
0.53
0.50
0.53
0.50
0.49
0.53
0.51
0.49
0.49
0.49
0.49
0.50
0.51
0.52
0.61
0.69
0.68
0.71
0.65
0.65
0.67
0.61
0.61
0.60
0.51
0.52
0.57
0.60
0.53
0.57
0.62
0.62
0.59
0.65
0.69
0.73
0.72
0.69
0.68
0.67
0.68
0.69
0.66
0.66
0.71
0.70
0.73
0.72
0.73
0.73
0.70
0.75
0.71
0.81
0.95
0.93
0.92
0.95
0.95
0.98
0.96
0.96
0.92
0.89
0.94
0.88
0.84
0.91
0.89
0.85
0.88
0.87
0.88
0.83
0.82
0.85
0.87
0.89
0.85
0.86
0.84
0.74
0.80
0.81
0.79
0.70
0.74
0.74
0.73
0.75
0.73
0.74
0.65
0.66
0.65
0.67
0.64
0.57
0.59
0.47
0.56
0.56
0.50
0.44
0.46
0.45
0.45
0.42
0.34
0.39
0.38
0.38
0.38
0.37
0.43
0.46
0.46
0.41
0.46
0.43
0.45
0.39
0.36
0.41
0.47
0.49
0.50
0.47
0.42
0.50
0.52
0.56
0.59
0.61
0.74
0.68
0.67
0.63
0.69
0.70
0.66
0.66
0.73
0.72
0.73
0.72
0.71
0.68
0.77
0.78
0.77
0.85
0.85
0.83
0.84
0.85
0.83
0.81
0.82
0.83
0.85
0.84
0.82
0.81
0.80
0.77
0.76
0.76
0.77
0.73
0.68
0.75
0.74
0.68
0.74
0.73
0.74
0.70
0.62
0.71
0.64
0.64
0.64
0.71
0.65
0.70
0.67
0.70
0.67
0.75
0.76
0.73
0.69
0.79
0.89
0.94
0.83
0.88
0.93
0.88
0.90
0.87
0.84
0.91
0.87
0.86
0.92
0.89
0.82
0.89
0.86
0.80
0.83
0.88
0.95
0.99
0.96
0.96
0.94
0.99
0.99
0.96
0.93
0.96
0.98
0.93
0.93
0.92
0.95
0.96
0.94
0.88
0.89
0.90
0.89
0.88
0.87
0.88
0.88
0.88
0.88
0.86
0.85
0.90
0.89
0.93
0.91
0.98
0.97
0.95
0.96
0.98
0.94
0.97
0.96
0.95
1.03
0.94
0.90
0.91
0.95
0.94
0.87
0.85
0.88
0.80
0.79
0.81
0.84
0.71
0.71
0.83
0.74
0.75
0.83
0.82
0.84
0.86
0.89
0.91
0.91
0.88
0.92
0.93
0.96
1.04
0.96
1.02
1.00
1.08
1.01
1.03
1.06
1.04
1.07
1.05
1.06
1.05
1.02
1.05
0.99
1.01
0.98
0.99
0.96
0.94
0.89
0.92
0.94
0.92
0.86
0.88
0.90
0.88
0.89
0.89
0.90
0.92
0.90
0.94
0.90
0.92
0.92
0.90
0.93
0.88
0.95
0.91
0.94
0.93
0.95
0.94
0.88
0.94
0.91
0.92
0.94
0.98
0.90
0.92
0.98
0.93
0.96
0.94
0.95
0.94
0.97
0.94
0.95
0.91
0.92
0.87
0.94
0.96
0.97
1.00
0.97
0.93
0.91
0.91
0.96
0.96
0.94
0.92
0.96
0.96
0.96
0.97
0.97
0.94
0.96
0.94
0.96
0.94
0.99
1.03
0.96
1.00
1.03
1.01
1.00
0.98
0.98
0.92
0.89
0.95
0.92
0.94
0.93
0.91
0.95
0.96
0.94
0.93
1.02
1.01
1.04
1.02
1.02
1.03
1.03
1.00
1.05
1.02
1.02
1.02
0.97
0.99
1.04
1.01
1.01
1.01
1.02
1.00
0.99
1.02
1.04
1.06
1.04
0.98
1.00
1.00
1.01
1.03
1.01
1.01
1.02
1.02
1.01
1.02
0.99
0.94
1.00
0.97
1.03
1.02
1.02
1.01
1.02
1.01
1.02
1.01
0.98
1.02
0.99
1.01
0.98
0.97
1.00
1.04
1.03
1.00
0.99
1.05
1.06
1.01
1.00
1.05
1.04
1.02
0.99
1.05
1.02
1.05
1.01
1.01
1.00
1.06
1.07
1.04
1.06
1.06
1.03
1.01
1.07
1.06
1.05
1.05
1.07
1.05
1.02
1.05
1.06
1.01
0.99
1.03
0.95
1.03
1.07
1.03
1.03
0.99
0.99
1.03
1.05
1.00
0.99
1.03
1.02
1.03
1.02
1.00
0.94
1.00
1.00
0.97
0.99
0.98
0.96
0.94
0.95
0.93
0.98
0.90
0.95
0.97
0.94
0.96
0.93
0.97
0.89
0.94
0.90
0.91
0.92
0.87
0.85
0.88
0.88
0.90
0.85
0.82
0.83
0.80
0.83
0.77
0.73
0.83
0.83
0.82
0.82
0.78
0.83
0.82
0.82
0.86
0.85
0.86
0.86
0.80
0.80
0.83
0.80
0.86
0.90
0.95
0.93
0.92
0.95
0.97
0.98
0.95
1.03
0.98
0.99
1.01
0.99
1.00
0.98
0.98
0.99
0.97
0.97
1.00
0.97
1.00
0.98
0.97
1.00
1.00
0.97
1.02
0.98
0.99
0.94
0.94
0.98
0.96
0.97
0.97
0.95
0.93
0.93
0.92
0.92
0.93
0.89
0.86
0.90
0.90
0.88
0.90
0.89
0.83
0.86
0.87
0.88
0.84
0.83
0.83
0.82
0.84
0.86
0.81
0.87
0.86
0.85
0.81
0.76
0.79
0.74
0.70
0.65
0.63
0.65
0.65
0.66
0.52
0.53
0.47
0.47
0.47
0.43
0.48
0.52
0.48
0.40
0.47
0.48
0.44
0.46
0.40
0.37
0.39
0.37
0.32
0.29
0.30
0.27
0.25
0.24
0.22
0.26
0.28
0.24
0.23
0.28
0.25
0.25
0.25
0.25
0.31
0.27
0.27
0.28
0.32
0.30
0.33
0.39
0.37
0.41
0.44
0.39
0.39
0.41
0.45
0.43
0.44
0.46
0.46
0.47
0.48
0.49
0.56
0.56
0.62
0.62
0.75
0.78
0.80
0.80
0.77
0.67
0.78
0.73
0.73
0.70
0.65
0.77
0.79
0.63
0.52
0.43
0.48
0.47
0.48
0.42
0.46
0.42
0.47
0.50
0.49
0.45
0.44
0.49
0.52
0.50
0.51
0.52
0.53
0.53
0.54
0.51
0.52
0.56
0.52
0.58
0.63
0.64
0.68
0.70
0.65
0.64
0.69
0.70
0.72
0.70
0.76
0.75
0.77
0.74
0.70
0.71
0.72
0.72
0.69
0.69
0.72
0.74
0.72
0.72
0.67
0.67
0.74
0.74
0.72
0.68
0.67
0.71
0.70
0.75
0.76
0.81
0.78
0.77
0.75
0.78
0.74
0.75
0.73
0.69
0.70
0.66
0.63
0.67
0.65
0.63
0.62
0.58
0.58
0.58
0.56
0.50
0.48
0.50
0.49
0.45
0.42
0.39
0.32
0.31
0.24
0.24
0.21
0.25
0.25
0.26
0.22
0.25
0.26
0.23
0.26
0.25
0.22
0.22
0.22
0.24
0.22
0.20
0.23
0.21
0.22
0.21
0.21
0.51
0.52
0.49
0.47
0.42
0.42
0.43
0.38
0.35
0.29
0.26
0.24
0.22
0.22
0.19
0.19
0.17
0.17
0.16
0.19
0.20
0.15
0.20
0.18
0.17
0.16
0.16
0.17
0.28
0.28
0.25
0.23
0.24
0.18
0.17
0.06
0.01
0.01
0.04
0.12
0.14
0.13
0.14
0.16
0.15
0.15
0.15
0.13
0.14
0.15
0.14
0.13
0.13
0.15
0.14
0.14
0.13
0.14
0.15
0.14
0.29
0.30
0.30
0.29
0.27
0.25
0.27
0.26
0.26
0.23
0.25
0.32
0.27
0.30
0.30
0.26
0.21
0.22
0.24
0.25
0.51
0.52
0.49
0.48
0.50
0.51
0.54
0.53
0.52
0.53
0.51
0.51
0.53
0.50
0.49
0.51
0.53
0.52
0.49
0.55
0.61
0.60
0.59
0.59
0.61
0.59
0.58
0.59
0.59
0.61
0.57
0.56
0.62
