0.474617
0.044334
0.043833
0.043540
0.043548
0.041031
0.043501
0.043500
0.043983
0.043406
0.045101
0.047151
0.045168
0.046596
0.053065
0.050306
0.052362
0.049512
0.052949
0.042058
0.067941
0.043291
0.042723
0.043255
0.041277
0.037277
0.042588
0.044858
0.043052
0.045599
0.042683
0.041292
0.043448
0.042206
0.041666
0.040606
0.044064
0.043400
0.039975
0.039662
0.074524
0.038531
0.046490
0.040555
0.042919
0.044353
0.045070
0.042251
0.041011
0.044074
0.043570
0.044502
0.040795
0.039613
0.039849
0.039625
0.040239
0.042229
0.041708
0.044230
0.078827
0.049986
0.043083
0.039449
0.045079
0.051293
0.053298
0.048121
0.042511
0.049175
0.044396
0.043272
0.042883
0.049299
0.056192
0.050887
0.048469
0.046526
0.038834
0.038908
0.073801
0.039017
0.047032
0.050467
0.046797
0.047073
0.046756
0.045138
0.045187
0.042552
0.049215
0.041768
0.040738
0.042897
0.041203
0.040925
0.041754
0.041187
0.040823
0.041655
0.074822
0.040640
0.038854
0.038439
0.041422
0.041424
0.039045
0.042504
0.040193
0.039921
0.038707
0.041016
0.038707
0.038756
0.040831
0.042284
0.043377
0.045573
0.040823
0.038856
0.073107
0.048510
0.040294
0.039121
0.042747
0.038133
0.041391
0.049525
0.045826
0.047096
0.042450
0.045382
0.046170
0.045506
0.041777
0.039927
0.039087
0.041069
0.039888
0.039454
0.077209
0.037970
0.037971
0.037987
0.041444
0.041400
0.037657
0.037722
0.037595
0.037817
0.037621
0.037540
0.039676
0.037460
0.038345
0.038142
0.037912
0.040445
0.043895
0.044168
0.080363
0.038039
0.038065
0.038293
0.038044
0.039739
0.038121
0.040897
0.043334
0.038146
0.038292
0.041238
0.038707
0.045588
0.041676
0.042674
0.045804
0.043911
0.045006
0.044983
0.073811
0.040866
0.047537
0.040454
0.040479
0.042867
0.039106
0.038013
0.039734
0.045544
0.045043
0.045713
0.046329
0.043222
0.044107
0.046525
0.040844
0.040732
0.039268
0.038623
0.074298
0.038149
0.039002
0.039323
0.037330
0.038098
0.037217
0.037288
0.037158
0.037205
0.038529
0.038059
0.044398
0.046480
0.045651
0.038762
0.040431
0.038024
0.037815
0.038936
0.076977
0.043018
0.037943
0.037634
0.039143
0.042942
0.044996
0.038331
0.039125
0.039007
0.046769
0.042551
0.043370
0.043064
0.044403
0.042725
0.044106
0.037896
0.037993
0.042359
0.076917
0.038030
0.038016
0.039289
0.042726
0.037970
0.037545
0.037546
0.037284
0.037178
0.038080
0.042997
0.043433
0.045291
0.045655
0.038777
0.045240
0.038627
0.040141
0.043426
0.079677
0.038701
0.043119
0.040672
0.041264
0.044463
0.040630
0.040143
0.044892
0.043406
0.037938
0.037623
0.037647
0.037639
0.037796
0.038994
0.040713
0.040380
0.038612
0.038211
0.071994
0.037710
0.040491
0.041624
0.041666
0.038070
0.038244
0.038148
0.037887
0.038035
0.037983
0.039009
0.045262
0.038925
0.041163
0.044799
0.045619
0.042413
0.045539
0.043435
0.078178
0.044894
0.043563
0.042687
0.042267
0.038558
0.038620
0.041543
0.046171
0.037800
0.037818
0.037979
0.037827
0.037563
0.037639
0.037761
0.037719
0.037801
0.037846
0.037658
0.071387
0.037959
0.039027
0.043317
0.037924
0.037734
0.037761
0.037744
0.038606
0.041844
0.043751
0.042764
0.044335
0.043834
0.044865
0.044737
0.046284
0.037974
0.037764
0.038031
0.071446
0.038973
0.037806
0.037741
0.041668
0.045103
0.037991
0.037833
0.038944
0.037649
0.037797
0.037730
0.040678
0.044876
0.044711
0.039270
0.038063
0.037816
0.038681
0.038170
0.071486
0.037953
0.039036
0.037820
0.037913
0.038011
0.038656
0.044214
0.044012
0.046186
0.042323
0.044645
0.038907
0.043547
0.042987
0.045226
0.042460
0.043119
0.038787
0.041383
0.077666
0.039027
0.042306
0.044762
0.046788
0.044066
0.043753
0.040024
0.039687
0.044729
0.044145
0.044288
0.047343
0.038941
0.038879
0.039135
0.038936
0.039214
0.039977
0.044188
0.072255
0.038748
0.038690
0.038648
0.038171
0.037684
0.039135
0.037745
0.037662
0.037667
0.037753
0.037657
0.037763
0.038406
0.038480
0.038274
0.038307
0.038383
0.038649
0.044328
0.080131
0.039573
0.046007
0.044120
0.045479
0.039203
0.044761
0.042325
0.044801
0.042477
0.044705
0.042003
0.045726
0.039556
0.039700
0.045633
0.045595
0.045360
0.046904
0.045940
0.079728
0.040118
0.040188
0.040215
0.047378
0.040235
0.046679
0.040281
0.044000
0.046841
0.041309
0.040558
0.040509
0.040765
0.045448
0.040896
0.048994
0.039740
0.039528
0.039494
0.073299
0.046382
0.048098
0.045980
0.044842
0.043228
0.045243
0.046304
0.041251
0.042011
0.039770
0.039937
0.040325
0.047519
0.048521
0.045134
0.045083
0.046449
0.045340
0.043435
0.079984
0.045909
0.046384
0.045657
0.045996
0.043645
0.045093
0.047811
0.044641
0.046175
0.046103
0.047058
0.046695
0.045548
0.046381
0.042941
0.043661
0.043880
0.046540
0.044333
0.079879
0.040028
0.047607
0.041231
0.044724
0.045021
0.044627
0.039196
0.042294
0.039394
0.039168
0.039452
0.039499
0.039627
0.039473
0.041315
0.038906
0.038401
0.039612
0.044628
0.081850
0.046690
0.045627
0.042626
0.042167
0.039098
0.044476
0.040938
0.045510
0.041364
0.041979
0.039321
0.044593
0.044741
0.045964
0.039702
0.045067
0.042672
0.047269
0.042014
0.078130
0.042291
0.042127
0.045494
0.040193
0.046864
0.044740
0.042491
0.044930
0.046267
0.043392
0.046367
0.046742
0.046861
0.046834
0.046663
0.048942
0.047462
0.043068
0.041928
0.078785
0.040014
0.044497
0.046581
0.044000
0.046638
0.046018
0.047979
0.045608
0.040578
0.039386
0.039227
0.039519
0.039504
0.040417
0.039904
0.045145
0.045677
0.045540
0.047147
0.084067
0.040454
0.043066
0.044531
0.043414
0.046328
0.048099
0.040380
0.044183
0.046501
0.047104
0.040610
0.046915
0.039591
0.040054
0.040034
0.039973
0.045041
0.048942
0.039657
0.074162
0.040909
0.039392
0.039419
0.040670
0.039529
0.039553
0.038347
0.038363
0.038270
0.038562
0.038988
0.039399
0.044308
0.037526
0.037440
0.037534
0.037521
0.038423
0.037500
0.071102
0.037480
0.037950
0.037666
0.037643
0.039109
0.038192
0.038423
0.038315
0.038551
0.038422
0.038429
0.039504
0.039452
0.046156
0.037986
0.040933
0.038177
0.038043
0.039732
0.081059
0.039925
0.045526
0.047398
0.043320
0.043916
0.045338
0.047300
0.039905
0.046905
0.044538
0.047427
0.044864
0.044061
0.042529
0.045132
0.044978
0.039715
0.039159
0.039703
0.073382
0.038767
0.038749
0.040261
0.039220
0.038713
0.038836
0.038830
0.038971
0.039101
0.039997
0.043812
0.038657
0.038910
0.038920
0.038620
0.038767
0.038980
0.039255
0.050583
0.072532
0.041776
0.047172
0.044239
0.049058
0.047886
0.039577
0.039034
0.039109
0.040028
0.045076
0.043940
0.045808
0.044983
0.043697
0.042532
0.040562
0.042544
0.041222
0.047033
0.080505
0.045882
0.044705
0.046862
0.045272
0.044585
0.044139
0.043440
0.039047
0.040139
0.039242
0.039376
0.039326
0.039827
0.039995
0.044951
0.045552
0.043166
0.044307
0.044543
0.079604
0.046798
0.043550
0.046828
0.046696
0.046098
0.046370
0.046573
0.048288
0.048099
0.046028
0.040411
0.048062
0.043626
0.044281
0.045958
0.046624
0.046621
0.045070
0.046553
0.074272
0.041350
0.039457
0.039474
0.039509
0.042016
0.043922
0.041985
0.039032
0.038595
0.038569
0.045593
0.047023
0.049247
0.038992
0.039076
0.038519
0.038490
0.038457
0.038298
0.076641
0.040023
0.044255
0.049238
0.039195
0.039122
0.039417
0.038686
0.040122
0.046180
0.044571
0.038588
0.038835
0.038734
0.038813
0.041322
0.039390
0.038668
0.038809
0.038728
0.074299
0.039082
0.039272
0.039510
0.039347
0.039794
0.039212
0.040504
0.039379
0.039112
0.040149
0.039460
0.039448
0.039462
0.040311
0.040269
0.047568
0.048649
0.044933
0.047564
0.075092
0.043696
0.045316
0.048946
0.049665
0.041493
0.046193
0.047815
0.048979
0.048136
0.049372
0.048017
0.048472
0.049450
0.049986
0.049204
0.050732
0.040746
0.041119
0.039823
0.072798
0.039525
0.040361
0.039476
0.039448
0.039347
0.039530
0.037239
0.037348
0.038769
0.042998
0.043310
0.037844
0.046787
0.036747
0.036835
0.037722
0.036863
0.036650
0.036855
0.070362
0.036831
0.036712
0.038243
0.036975
0.036762
0.036968
0.036929
0.036833
0.036946
0.036898
0.037153
0.037019
0.037148
0.044403
0.045378
0.037060
0.037857
0.037102
0.036949
0.070716
0.037050
0.037154
0.037092
0.038248
0.037201
0.036974
0.037924
0.044853
0.036897
0.037058
0.038838
0.037706
0.038494
0.038634
0.039335
0.041658
0.041691
0.044207
0.043269
0.070715
0.037061
0.037213
0.037354
0.037303
0.045238
0.041950
0.037233
0.037178
0.037204
0.037822
0.041337
0.046460
0.037333
0.037365
0.037209
0.037273
0.037175
0.039329
0.038983
0.082435
0.038871
