0.417642
0.037993
0.037580
0.037952
0.037818
0.037093
0.038007
0.038877
0.037308
0.037992
0.043689
0.037100
0.037143
0.037135
0.036946
0.037266
0.038786
0.037900
0.037548
0.037054
0.064999
0.036937
0.036834
0.039239
0.042561
0.042543
0.041972
0.045560
0.037301
0.037397
0.038016
0.037607
0.037613
0.037853
0.044272
0.046417
0.038165
0.037469
0.037390
0.037054
0.070616
0.038271
0.038208
0.038646
0.044531
0.044708
0.038426
0.038888
0.037366
0.036501
0.037338
0.036543
0.036559
0.036540
0.036533
0.036497
0.036893
0.036741
0.036476
0.036738
0.071091
0.037387
0.036776
0.036643
0.036450
0.036444
0.036430
0.036659
0.036984
0.037308
0.039229
0.039295
0.039356
0.039200
0.039356
0.037096
0.037138
0.037329
0.037745
0.037175
0.070546
0.036929
0.040702
0.050604
0.048347
0.046460
0.039376
0.039709
0.039884
0.040099
0.040555
0.039362
0.039167
0.039094
0.039154
0.038952
0.040817
0.042053
0.042629
0.040782
0.078399
0.039463
0.039287
0.039953
0.041617
0.045377
0.049330
0.039880
0.047605
0.048492
0.038412
0.038069
0.039436
0.039583
0.039376
0.039511
0.039676
0.045488
0.046908
0.046978
0.078627
0.039767
0.045551
0.044819
0.043053
0.045341
0.038519
0.038559
0.038354
0.038411
0.038338
0.039362
0.044821
0.046858
0.038463
0.038179
0.038277
0.038425
0.038341
0.038244
0.071775
0.039085
0.045390
0.038262
0.038266
0.038265
0.038076
0.038464
0.037958
0.037924
0.039010
0.044110
0.045413
0.039094
0.039020
0.039011
0.039180
0.039020
0.040839
0.038680
0.072489
0.039141
0.038673
0.039086
0.038963
0.038656
0.038977
0.038740
0.038822
0.038962
0.038589
0.038886
0.039179
0.039134
0.039303
0.038707
0.038920
0.038810
0.038905
0.038733
0.074658
0.042514
0.043972
0.038379
0.037983
0.037997
0.038988
0.043383
0.044719
0.045747
0.042585
0.043278
0.037272
0.037159
0.037144
0.037195
0.037224
0.037163
0.037415
0.037253
0.070951
0.037895
0.037120
0.037085
0.037056
0.037376
0.037223
0.037048
0.036969
0.037225
0.036990
0.037239
0.037111
0.036985
0.037109
0.037048
0.037196
0.038873
0.042943
0.037620
0.072266
0.041150
0.040947
0.043368
0.046315
0.046245
0.045542
0.044448
0.042968
0.037078
0.036807
0.036756
0.036720
0.037407
0.037958
0.037968
0.044591
0.039083
0.041296
0.038414
0.071982
0.037770
0.037370
0.037463
0.039509
0.037450
0.042734
0.042426
0.041888
0.042454
0.041692
0.043164
0.039095
0.040634
0.041844
0.041070
0.040915
0.035926
0.037679
0.037535
0.072413
0.038195
0.037294
0.037297
0.037244
0.037646
0.037692
0.039265
0.041551
0.044558
0.038636
0.040470
0.042499
0.042075
0.043691
0.041505
0.044387
0.038744
0.044873
0.041204
0.078022
0.036870
0.037016
0.036828
0.036891
0.036834
0.036758
0.036829
0.036839
0.036799
0.036766
0.036768
0.036771
0.036981
0.036616
0.036839
0.037175
0.037151
0.036878
0.037181
0.071691
0.037117
0.037078
0.038609
0.037459
0.038414
0.037656
0.037741
0.037799
0.041787
0.044447
0.044771
0.044047
0.043436
0.044965
0.042031
0.041052
0.042953
0.044181
0.037998
0.071625
0.039771
0.040258
0.040216
0.039402
0.039257
0.044644
0.040401
0.039911
0.044200
0.043195
0.039998
0.047744
0.042253
0.042810
0.043784
0.036783
0.036976
0.039785
0.038761
0.080369
0.043901
0.046693
0.043700
0.040675
0.038361
0.043062
0.044196
0.046641
0.044149
0.042741
0.045784
0.041185
0.038510
0.039232
0.039058
0.044721
0.048326
0.043676
0.042188
0.082257
0.045621
0.041949
0.037489
0.039523
0.039416
0.044034
0.041198
0.041717
0.042246
0.041760
0.043233
0.043520
0.043506
0.044010
0.044794
0.045078
0.043538
0.044093
0.043660
0.076564
0.041001
0.044606
0.048540
0.038478
0.041783
0.041652
0.038193
0.038098
0.037894
0.038524
0.037671
0.037838
0.037750
0.037661
0.037459
0.036903
0.036825
0.037924
0.037124
0.070708
0.036942
0.037124
0.037200
0.037867
0.038079
0.037937
0.037756
0.038105
0.041880
0.037523
0.037713
0.038181
0.037706
0.037834
0.038896
0.041857
0.045082
0.044813
0.045285
0.071230
0.037815
0.037672
0.037442
0.039226
0.045154
0.037620
0.037737
0.037808
0.038589
0.044750
0.043661
0.045760
0.045454
0.044826
0.040010
0.039952
0.043567
0.042583
0.045001
0.072665
0.046221
0.038930
0.038903
0.037358
0.037039
0.037894
0.039052
0.044614
0.037362
0.037642
0.037632
0.041990
0.040988
0.043574
0.040635
0.045127
0.044702
0.044991
0.045686
0.079179
0.037971
0.038443
0.038777
0.043670
0.045906
0.037771
0.037703
0.037919
0.037702
0.038853
0.037583
0.037676
0.036887
0.036662
0.036883
0.036756
0.036810
0.036882
0.040492
0.070752
0.038086
0.036897
0.037794
0.040566
0.041604
0.043880
0.044073
0.037463
0.037472
0.038503
0.040662
0.040211
0.037889
0.037063
0.037305
0.037034
0.038720
0.036898
0.037125
0.071424
0.037798
0.038474
0.041605
0.041871
0.045157
0.039991
0.041671
0.040681
0.044557
0.040523
0.039444
0.037897
0.037030
0.038926
0.037379
0.040762
0.042193
0.044254
0.038336
0.072247
0.052616
0.043846
0.042676
0.042082
0.044817
0.045407
0.041061
0.040884
0.042460
0.044542
0.042353
0.044681
0.039228
0.038648
0.038701
0.039326
0.046219
0.046363
0.044125
0.078761
0.042207
0.045585
0.038242
0.038307
0.038398
0.038371
0.038323
0.038257
0.039253
0.038005
0.054755
0.043098
0.040498
0.044420
0.042564
0.046166
0.045743
0.041434
0.038141
0.071638
0.041852
0.039631
0.043168
0.045680
0.039437
0.040040
0.038857
0.038692
0.038840
0.039288
0.039952
0.044547
0.038005
0.038257
0.039679
0.040790
0.043613
0.038147
0.038222
0.071706
0.038573
0.038320
0.039151
0.038649
0.043225
0.039414
0.039793
0.037491
0.037656
0.037701
0.038925
0.042940
0.043568
0.039672
0.039375
0.038164
0.038037
0.037869
0.037627
0.072100
0.037646
0.037407
0.037567
0.037636
0.037651
0.037606
0.037749
0.038466
0.037705
0.040379
0.038213
0.038257
0.038271
0.038363
0.041455
0.038356
0.038282
0.040434
0.038569
0.075608
0.045764
0.041069
0.044739
0.050328
0.047690
0.038851
0.040448
0.038689
0.038733
0.038570
0.040894
0.048346
0.047012
0.048559
0.045729
0.038669
0.038749
0.040098
0.038771
0.072305
0.040155
0.046501
0.047713
0.047125
0.044168
0.038814
0.052769
0.040217
0.040077
0.038764
0.038720
0.038698
0.046537
0.041517
0.040703
0.038460
0.041673
0.039885
0.040665
0.072659
0.039842
0.043810
0.043793
0.041338
0.042742
0.041378
0.039768
0.039366
0.042139
0.042235
0.039751
0.039324
0.039289
0.039270
0.040377
0.041990
0.041228
0.040649
0.041678
0.072554
0.039224
0.048807
0.048201
0.040673
0.037402
0.039176
0.041742
0.041238
0.038025
0.037716
0.036973
0.038862
0.043551
0.045590
0.041356
0.037578
0.037700
0.037483
0.039340
0.073113
0.037572
0.038671
0.039699
0.041494
0.047506
0.044831
0.040361
0.040069
0.038610
0.040724
0.041644
0.044257
0.040568
0.040875
0.039652
0.037415
0.037545
0.038080
0.041972
0.074419
0.037635
0.037609
0.037841
0.037854
0.038587
0.038086
0.038636
0.045196
0.044030
0.042660
0.041711
0.043543
0.044523
0.043741
0.045372
0.046602
0.043751
0.037108
0.037262
0.070746
0.037375
0.037206
0.038691
0.037305
0.037354
0.037498
0.037424
0.037457
0.037158
0.037387
0.038282
0.037478
0.037402
0.036602
0.036762
0.037648
0.037291
0.039550
0.037299
0.071199
0.041949
0.040675
0.038274
0.039709
0.038502
0.038125
0.038471
0.038258
0.038363
0.038223
0.038377
0.039153
0.036757
0.036814
0.038093
0.041419
0.040836
0.038708
0.041589
0.077037
0.039989
0.037505
0.037253
0.043488
0.042739
0.038843
0.037952
0.037449
0.038805
0.040040
0.041102
0.041117
0.043644
0.045327
0.045214
0.040573
0.037470
0.037274
0.040368
0.076725
0.039322
0.036883
0.036797
0.036601
0.037459
0.036692
0.037368
0.036707
0.036830
0.036647
0.037420
0.037227
0.038265
0.039006
0.038198
0.038042
0.038275
0.044216
0.037475
0.078278
0.041382
0.040195
0.039118
0.041843
0.038256
0.038340
0.039206
0.038923
0.036733
0.036874
0.036687
0.038529
0.038661
0.037410
0.038356
0.038223
0.038510
0.037531
0.038759
0.077486
0.038427
0.045570
0.038053
0.038512
0.039523
0.041356
0.040947
0.040389
0.040792
0.040167
0.042279
0.039754
0.043609
0.037717
0.037773
0.039010
0.037226
0.037982
0.040585
0.078425
0.040454
0.041993
0.041463
0.045199
0.038692
0.038720
0.042807
0.038552
0.040365
0.044569
0.041080
0.038818
0.038693
0.042619
0.039232
0.046965
0.037589
0.037645
0.037475
0.070958
0.037423
0.039449
0.037111
0.036938
0.037205
0.037042
0.036949
0.036986
0.037127
0.038685
0.037119
0.037182
0.036959
0.037261
0.040498
0.037562
0.039126
0.045670
0.039382
0.074278
0.038073
0.038143
0.037970
0.037930
0.037952
0.038588
0.041992
0.042293
0.044098
0.050719
0.050389
0.038895
0.040378
0.037371
0.037835
0.037835
0.037704
0.037710
0.041143
0.082182
0.041232
0.041271
0.043987
0.044630
0.039274
0.044279
0.039155
0.037620
0.037714
0.037833
0.037684
0.037506
0.039150
0.037668
0.037647
0.037842
0.042567
0.039668
0.038579
0.073899
0.042962
0.037690
0.037635
0.037803
0.038127
0.037698
0.039308
0.038752
0.041712
0.044247
0.048050
0.042567
0.048476
0.037778
0.037673
0.037296
0.039338
0.056676
0.056367
0.039165
0.058323
0.038742
0.039904
0.066256
0.056513
0.056812
0.038117
0.037638
0.038013
0.038117
0.037803
0.038552
0.038709
0.057727
0.046038
0.042307
0.037719
0.038677
0.036688
0.070117
0.036852
0.037023
0.038563
0.036877
0.036857
0.038482
0.038319
0.038394
0.038956
0.039646
0.044156
0.036776
0.037815
0.038153
0.037853
0.038146
0.039272
0.037712
0.038031
0.072396
0.039819
0.038895
0.038576
0.038877
0.038891
0.038131
0.038150
0.038959
0.039954
0.044396
0.042760
0.042364
0.043818
0.039196
0.038591
0.040616
0.043673
0.038767
0.037865
0.071591
0.038969
0.040734
0.040932
0.043273
0.040470
0.040751
0.040422
0.041567
0.048030
0.046992
0.045759
0.045548
0.043912
0.047015
0.046728
0.045600
0.044590
0.037937
0.037972
0.071592
0.039091
0.038496
0.038198
0.038604
0.038914
0.038945
0.039073
0.039162
0.039982
0.039541
0.038942
0.039002
0.038891
0.039198
0.039329
0.043925
0.041892
0.040181
0.037619
0.072324
0.037581
0.038657
0.037282
0.038641
