1.00
0.99
0.95
0.93
0.96
0.94
0.94
0.94
0.93
0.92
0.91
0.92
0.94
0.90
0.85
0.84
0.83
0.82
0.83
0.87
0.93
0.95
0.93
0.86
0.93
0.93
0.91
0.85
0.88
0.83
0.87
0.90
0.87
0.87
0.87
0.86
0.82
0.86
0.86
0.88
0.85
0.87
0.89
0.90
0.91
0.91
0.90
0.91
0.89
0.90
0.91
0.92
0.93
0.91
0.92
0.92
0.87
0.87
0.88
0.86
0.86
0.90
0.85
0.86
0.89
0.86
0.90
0.86
0.91
0.87
0.85
0.88
0.86
0.85
0.86
0.85
0.84
0.84
0.83
0.81
0.83
0.87
0.84
0.86
0.87
0.86
0.87
0.88
0.86
0.87
0.86
0.87
0.85
0.89
0.87
0.91
0.89
0.86
0.90
0.91
0.89
0.94
0.95
0.92
0.93
0.96
0.92
0.94
0.96
0.97
0.94
0.93
0.95
0.96
0.97
0.98
1.00
1.01
1.00
0.99
0.99
0.97
0.93
0.89
0.89
0.89
0.88
0.89
0.91
0.93
0.97
0.97
0.91
0.96
0.98
0.96
1.00
0.99
0.93
0.94
0.95
1.00
1.00
0.99
0.98
1.01
1.00
1.01
0.98
1.02
1.00
0.99
0.96
0.96
0.96
0.97
0.98
0.99
1.00
0.98
0.98
1.01
1.02
1.03
1.02
1.02
1.04
1.06
1.05
1.04
1.03
1.04
1.03
1.02
1.01
1.00
0.98
0.95
0.98
1.00
0.97
0.98
0.97
0.95
0.95
0.94
0.98
0.95
0.97
0.98
1.00
0.98
0.95
0.96
0.96
0.97
0.97
0.96
0.95
0.94
0.93
0.97
0.97
0.96
0.98
0.95
0.97
0.99
0.96
0.95
0.98
0.97
0.97
0.95
0.97
0.97
0.99
0.99
1.00
1.00
1.03
1.03
1.04
1.05
1.03
1.02
1.01
1.03
1.00
1.01
1.02
1.02
1.01
0.98
0.95
0.99
0.94
0.98
0.98
0.97
0.97
0.98
0.98
0.97
0.96
0.96
0.98
0.93
0.91
0.90
0.90
0.91
0.94
0.96
0.90
0.85
0.80
0.81
0.75
0.80
0.69
0.74
0.87
0.84
0.84
0.88
0.88
0.86
0.86
0.89
0.86
0.90
0.88
0.88
0.87
0.86
0.88
0.89
0.89
0.87
0.86
0.89
0.93
0.88
0.89
0.90
0.92
0.88
0.89
0.89
0.86
0.89
0.89
0.85
0.85
0.89
0.87
0.90
0.89
0.90
0.91
1.04
1.06
1.09
1.08
1.06
1.05
1.07
1.05
1.08
1.08
1.05
1.06
1.05
1.02
1.04
1.06
1.04
1.05
1.03
1.03
1.02
0.99
1.00
0.97
0.95
0.95
0.93
0.92
0.98
0.97
0.93
0.95
0.96
0.95
0.91
0.91
0.91
0.90
0.91
0.88
0.97
0.93
0.95
0.95
0.95
0.95
0.94
0.92
0.96
0.94
0.92
0.92
0.88
0.89
0.87
0.89
0.87
0.87
0.85
0.90
0.92
0.89
0.86
0.91
0.82
0.92
0.95
0.96
0.93
0.97
0.97
0.97
1.01
1.00
0.99
0.98
1.05
1.07
1.07
1.05
1.09
1.09
1.14
1.12
1.15
1.16
1.17
1.19
1.18
1.17
1.19
1.18
1.18
1.20
1.19
1.21
1.24
1.21
1.19
1.19
1.13
1.13
1.11
1.13
1.16
1.15
1.14
1.16
1.16
1.18
1.21
1.21
1.22
1.21
1.21
1.24
1.22
1.24
1.25
1.22
1.15
1.12
1.14
1.13
1.14
1.13
1.14
1.10
1.11
1.11
1.09
1.08
1.06
1.07
1.08
1.07
1.07
1.08
1.08
1.09
1.01
1.03
1.01
1.02
1.00
1.01
1.03
0.96
0.95
0.85
0.89
0.89
0.89
0.90
0.95
0.96
0.96
0.97
0.96
0.92
0.97
0.95
1.02
0.95
0.94
0.94
0.98
0.97
0.97
0.98
0.97
0.98
1.00
1.00
1.00
1.01
1.02
1.05
1.06
1.09
1.17
1.12
1.11
1.13
1.11
1.13
1.10
1.10
1.10
1.08
1.09
1.10
1.09
1.08
1.07
1.05
1.07
1.07
1.04
1.03
1.04
1.04
1.01
1.05
1.02
1.01
0.99
0.99
0.96
0.98
1.00
1.00
1.00
1.01
1.02
1.03
1.01
1.01
1.00
1.00
1.01
1.02
1.03
1.02
1.02
1.00
1.02
1.02
1.01
1.02
1.02
1.00
1.00
1.03
1.06
1.05
1.03
1.00
1.04
1.04
1.04
1.05
1.05
1.05
1.02
1.06
1.06
1.07
1.07
1.06
1.07
1.08
1.07
1.08
1.07
1.10
1.12
1.07
1.08
1.09
1.07
1.11
1.10
1.10
1.10
1.08
1.08
1.11
1.11
1.11
1.10
1.11
1.10
1.06
1.08
1.07
1.09
1.08
1.11
1.07
1.07
1.05
1.08
1.08
1.09
1.08
1.08
1.05
1.05
1.03
1.02
1.03
1.02
1.03
1.02
1.04
1.01
1.03
1.01
1.02
1.02
1.02
1.01
1.04
1.04
1.03
1.04
1.03
1.05
1.03
1.03
1.02
1.00
0.99
0.99
0.98
0.99
0.98
0.98
0.98
1.02
0.99
1.01
1.01
0.98
0.99
0.99
0.96
0.97
0.99
0.95
0.98
0.96
1.00
0.98
0.98
0.97
0.98
1.00
0.99
1.00
1.03
1.02
1.03
1.04
1.03
1.02
0.98
1.04
0.98
1.02
1.03
1.02
1.01
1.02
1.01
1.00
1.03
0.96
0.98
0.97
0.98
0.95
0.97
0.97
0.95
0.95
0.97
0.94
0.92
0.97
0.93
0.95
0.94
0.95
0.95
0.96
0.97
0.99
0.96
0.99
1.00
0.98
0.98
1.01
1.01
1.02
1.01
1.01
1.00
1.00
1.03
0.97
1.01
1.01
1.02
1.01
1.04
1.05
1.04
1.02
1.01
1.03
1.05
1.01
1.02
1.02
1.03
1.00
0.99
0.96
0.97
0.97
0.98
0.98
0.99
0.99
1.01
1.01
1.01
0.97
0.99
1.00
1.00
0.96
0.97
0.96
0.97
0.97
0.96
0.97
0.96
1.00
0.95
0.98
0.98
0.98
0.97
0.99
0.96
0.97
0.98
0.96
0.99
0.97
0.98
0.98
0.98
0.97
0.95
0.96
0.99
0.95
0.96
0.96
0.98
0.93
0.98
0.94
0.98
0.98
1.02
0.96
1.00
1.00
0.98
1.00
0.96
0.99
1.01
0.98
0.96
0.96
0.95
0.93
0.92
0.88
0.84
0.89
0.88
0.91
0.88
0.92
0.91
0.93
0.94
0.93
0.92
0.90
0.92
0.87
0.85
0.84
0.82
0.79
0.76
0.78
0.77
0.75
0.74
0.79
0.76
0.73
0.69
0.69
0.70
0.62
0.61
0.58
0.55
0.53
0.50
0.48
0.48
0.48
0.41
0.39
0.40
0.41
0.39
0.49
0.47
0.43
0.47
0.46
0.48
0.50
0.50
0.55
0.52
0.51
0.51
0.51
0.49
0.48
0.44
0.41
0.43
0.38
0.39
0.55
0.56
0.60
0.57
0.56
0.57
0.64
0.62
0.63
0.68
0.67
0.67
0.66
0.63
0.63
0.60
0.65
0.63
0.66
0.60
0.79
0.81
0.78
0.78
0.77
0.77
0.72
0.73
0.76
0.69
0.69
0.71
0.68
0.71
0.66
0.69
0.70
0.70
0.68
0.69
0.79
0.79
0.77
0.77
0.76
0.76
0.81
0.85
0.86
0.87
0.84
0.84
0.86
0.83
0.88
0.84
0.85
0.84
0.84
0.83
0.89
0.87
0.83
0.88
0.87
0.81
0.88
0.83
0.82
0.81
0.76
0.78
0.81
0.81
0.88
0.87
0.90
0.85
0.90
0.91
0.85
0.86
0.85
0.70
0.71
0.67
0.72
0.81
0.86
0.67
0.81
0.90
0.89
0.91
0.90
0.88
0.90
0.91
0.90
0.92
0.93
0.93
0.92
0.90
0.68
0.78
0.68
0.66
0.69
0.63
0.63
0.55
0.51
0.44
0.48
0.42
0.33
0.19
0.13
0.12
0.09
0.13
0.13
0.21
0.21
0.27
0.39
0.44
0.49
0.49
0.42
0.30
0.24
0.28
0.26
0.14
0.18
0.31
0.25
0.16
0.18
0.18
0.19
0.23
0.18
0.21
0.26
0.24
0.21
0.30
0.24
0.19
0.31
0.41
0.23
0.29
0.42
0.35
0.52
0.58
0.78
0.80
0.81
0.78
0.89
0.82
0.98
0.81
0.74
0.74
0.76
0.79
0.80
0.81
0.83
0.90
1.01
0.94
0.85
0.89
0.94
0.84
0.87
0.94
0.88
0.94
0.94
0.89
0.83
0.81
0.79
0.86
0.84
0.84
0.91
0.89
0.93
0.88
0.84
0.79
0.78
0.77
0.78
0.77
0.83
0.87
0.90
0.89
0.79
0.86
0.78
0.75
0.67
0.61
0.65
0.75
0.75
0.78
0.74
0.55
0.54
0.58
0.58
0.52
