255	323	185	156
247	320	197	172
247	317	198	181
251	315	192	158
254	311	186	180
255	308	188	178
256	307	185	171
257	311	192	163
255	306	191	168
259	300	190	173
262	299	185	167
266	297	185	169
264	296	182	165
265	292	187	166
271	292	182	163
274	290	178	160
271	290	179	160
277	287	177	158
277	284	171	156
279	282	172	159
278	282	177	154
277	277	171	155
285	277	167	152
285	273	170	155
288	272	165	149
290	273	161	147
293	270	160	149
289	268	161	145
291	266	165	146
293	264	160	147
292	264	157	139
302	262	150	139
294	262	160	138
292	258	167	137
287	258	168	134
288	255	174	136
282	254	177	136
288	255	183	127
285	253	182	129
288	250	187	126
286	250	184	126
287	247	186	127
286	249	192	121
288	244	191	122
288	244	191	118
295	243	190	117
295	243	187	115
291	245	195	110
289	245	200	109
282	243	205	111
290	241	197	110
285	242	196	110
281	243	203	110
281	242	204	110
280	242	203	110
277	243	206	105
282	244	200	108
285	241	197	113
284	244	194	107
291	241	187	109
289	242	186	108
284	241	193	111
287	242	187	110
288	241	184	107
286	243	184	104
286	241	184	106
288	240	182	106
290	239	176	108
286	240	180	105
285	241	179	105
283	240	179	103
280	238	182	103
282	239	177	104
286	240	174	101
282	240	180	103
279	238	185	102
278	237	185	101
280	239	187	103
279	236	187	101
281	235	187	103
282	238	186	102
285	235	187	102
278	236	190	102
285	233	189	104
283	234	189	101
283	236	193	99
283	233	196	100
283	236	195	98
286	234	194	99
287	235	192	101
287	234	196	98
291	233	191	100
295	231	187	106
296	235	186	98
294	235	189	96
295	234	192	95
296	236	189	95
304	231	181	98
302	235	181	97
302	234	188	98
304	230	183	98
312	231	174	103
312	231	176	99
314	233	172	97
316	233	172	95
320	232	166	96
323	232	162	100
331	232	153	99
332	231	152	98
327	228	158	103
327	232	154	99
335	229	150	100
341	230	142	101
340	230	137	99
346	229	135	98
342	228	134	102
348	227	130	102
348	231	128	96
349	231	133	96
346	230	137	99
344	230	135	101
348	231	133	98
346	228	133	103
345	228	134	101
347	229	132	102
341	229	136	101
343	227	140	102
340	229	140	103
344	230	141	102
341	230	145	99
343	233	139	99
338	232	144	103
339	232	143	100
334	233	149	100
333	232	151	98
326	234	159	97
325	233	159	97
320	234	167	96
319	234	164	96
317	236	169	97
315	235	172	96
313	232	173	99
309	233	179	101
307	234	183	99
310	232	178	101
314	236	173	99
315	231	172	102
322	236	163	99
318	234	171	99
322	232	165	102
325	236	163	96
326	232	160	100
321	233	167	98
326	231	161	97
326	233	159	101
323	230	163	100
329	233	156	99
338	230	148	102
335	231	152	100
337	232	144	99
342	228	145	102
346	230	135	103
344	228	136	102
347	228	129	102
350	229	131	100
351	230	127	99
350	231	135	95
348	231	139	98
351	231	141	97
346	231	146	99
348	233	149	97
348	231	153	101
344	231	160	102
347	230	159	99
344	234	162	98
343	233	169	96
343	233	174	97
347	232	172	97
345	234	175	94
344	232	183	97
342	234	185	96
347	235	183	96
345	234	189	95
346	233	191	96
345	233	193	97
350	234	188	98
349	236	195	95
352	234	193	97
352	234	190	99
353	236	194	98
355	235	195	100
359	234	189	100
357	234	193	98
364	235	186	100
362	234	189	100
365	236	187	100
364	237	193	97
365	236	187	101
372	235	180	101
368	238	186	98
370	238	184	99
371	237	181	102
373	240	176	100
372	240	179	100
372	239	178	101
370	240	181	99
368	240	182	102
365	241	180	98
366	240	185	104
360	242	188	100
360	241	192	102
357	241	189	104
357	239	196	103
353	244	195	102
353	242	197	103
355	241	195	104
350	246	202	99
347	244	202	102
348	243	202	103
349	243	201	101
347	244	203	100
347	244	204	102
348	243	200	105
347	241	199	106
344	247	206	101
345	244	204	105
344	244	204	107
345	243	199	106
344	242	199	113
342	241	200	113
347	241	193	116
341	243	198	113
346	240	193	117
344	244	194	110
347	243	185	116
349	240	182	120
352	241	179	121
352	241	177	123
350	242	176	123
348	241	178	123
351	244	171	124
351	242	169	121
349	243	168	122
351	241	162	122
353	241	160	123
350	239	155	123
348	241	157	123
346	240	153	123
345	241	152	122
340	243	151	122
337	239	150	125
335	238	152	124
332	236	150	121
332	234	153	121
331	233	151	122
328	231	161	122
324	232	162	122
327	233	163	116
325	232	169	114
323	230	167	111
330	229	163	112
328	228	167	112
330	227	166	110
334	225	163	112
332	221	168	117
335	220	170	115
336	218	166	115
340	220	166	105
342	218	165	110
346	217	162	107
352	212	159	112
355	214	158	114
360	213	147	107
363	215	147	105
375	209	134	109
374	209	133	106
379	210	129	106
386	208	128	109
383	206	125	107
387	206	122	106
386	201	121	110
385	204	127	103
386	204	128	100
388	200	122	105
389	198	121	107
392	199	117	101
388	202	124	93
392	196	118	103
389	195	117	102
394	197	118	93
395	195	116	97
397	194	115	97
393	194	118	95
398	192	118	95
395	190	115	97
396	189	119	99
397	187	115	97
399	188	112	94
397	189	118	90
398	186	114	94
400	187	115	91
402	187	110	89
403	183	108	93
406	181	108	94
407	181	107	92
410	179	103	94
411	181	103	89
409	180	104	89
410	178	104	91
410	176	107	92
411	177	102	89
411	176	103	89
410	175	107	88
410	173	102	89
411	173	106	88
411	171	104	88
413	170	105	90
412	169	101	88
416	171	98	86
413	168	100	87
416	169	98	85
416	169	102	84
414	167	100	85
417	164	99	87
417	164	98	85
415	163	100	84
416	164	96	83
419	164	97	81
417	164	96	79
419	162	98	81
417	161	98	80
417	161	97	79
419	160	97	79
419	160	98	79
419	159	96	78
421	157	96	78
418	157	95	78
423	156	93	78
423	155	93	78
424	154	95	78
424	153	94	78
425	154	93	75
428	152	93	76
428	152	91	75
426	151	92	76
428	149	95	76
426	151	90	74
429	148	93	74
427	147	93	75
427	147	91	75
427	148	89	72
424	146	93	76
425	145	91	74
427	143	91	74
427	144	88	72
425	145	92	72
427	141	90	74
425	141	88	74
428	140	86	72
425	142	87	72
428	141	88	69
427	138	83	73
427	140	83	69
424	138	85	71
423	140	91	68
426	138	86	69
424	137	84	70
427	136	83	70
424	135	85	69
427	134	84	69
424	133	85	71
425	133	84	69
426	132	83	68
424	133	82	70
425	131	83	69
423	131	82	68
424	130	84	68
423	130	83	68
425	129	81	68
425	129	81	67
423	129	80	67
423	129	80	67
425	128	82	64
422	127	80	67
424	127	82	67
424	126	79	66
423	126	81	64
423	126	78	66
421	124	80	67
425	123	76	65
422	124	78	65
421	122	80	65
422	123	77	65
423	122	80	64
422	122	75	65
424	120	76	66
422	120	76	65
423	120	77	63
422	119	75	65
424	119	74	63
421	119	75	63
421	118	78	63
422	117	75	63
421	118	73	61
423	118	75	60
421	116	74	64
423	115	74	62
422	114	73	62
421	115	74	63
421	114	75	61
424	114	71	60
421	114	73	61
421	113	74	61
419	113	74	63
421	112	72	60
420	112	72	59
420	111	74	59
420	111	71	60
420	111	74	58
421	111	71	58
420	111	69	59
421	109	72	60
419	109	71	60
421	109	72	58
422	110	68	55
419	109	70	57
420	108	69	57
420	108	72	56
420	108	69	56
421	107	69	57
419	108	67	56
420	107	67	57
418	107	71	55
419	105	67	56
418	106	67	56
419	105	70	56
419	104	68	56
420	103	68	56
420	103	64	56
420	104	69	54
417	103	65	56
421	103	64	54
419	101	68	57
418	101	67	56
419	101	66	56
418	101	67	56
418	101	65	55
418	100	68	54
418	100	66	55
420	99	65	55
418	97	65	58
419	98	65	56
418	99	64	54
418	99	63	54
419	99	60	52
418	97	63	55
417	98	66	54
417	97	63	53
418	96	63	56
418	96	64	53
418	96	62	52
417	95	63	54
418	95	62	52
419	95	62	52
416	95	63	51
418	94	62	54
418	94	63	50
416	93	62	52
417	93	61	52
418	92	62	53
418	92	62	51
418	92	61	52
420	91	60	52
417	92	60	50
419	91	59	51
416	90	60	51
418	90	61	50
416	91	61	51
417	90	61	50
417	90	61	50
416	90	61	49
416	90	59	49
416	88	61	49
416	88	61	50
416	88	60	50
418	87	59	51
417	87	60	50
416	87	60	49
418	86	59	49
415	86	60	50
416	86	58	49
417	85	58	50
415	85	58	50
415	85	60	49
417	85	57	49
414	86	59	48
416	84	57	50
414	85	60	48
412	85	61	47
413	83	62	49
412	84	60	48
412	84	61	47
411	84	62	46
412	84	64	46
410	83	63	47
411	82	63	48
416	82	60	48
412	82	61	47
415	82	62	46
416	82	61	46
416	81	61	48
413	81	63	45
417	81	61	46
416	80	60	47
418	80	60	46
415	80	61	46
418	80	63	44
416	80	60	46
418	79	60	45
419	78	62	46
418	78	61	46
419	78	60	45
419	77	61	46
421	78	60	45
420	78	62	44
421	77	60	45
421	77	58	45
421	77	61	45
424	76	60	45
424	75	59	46
424	75	60	46
424	75	58	46
423	76	58	45
425	75	60	45
425	75	56	44
425	76	56	43
427	75	56	44
427	74	58	44
426	74	61	44
427	74	57	43
427	74	58	43
426	74	59	44
427	73	57	43
429	74	59	42
427	72	57	45
429	73	57	43
430	72	57	43
433	72	54	43
431	73	54	42
431	73	58	41
430	71	56	43
433	71	56	42
431	71	57	43
432	70	58	42
432	71	58	43
434	71	55	41
432	71	55	40
435	70	56	42
433	69	55	42
436	68	55	44
434	70	56	41
435	70	56	41
435	69	57	42
436	69	56	42
437	69	57	41
436	68	55	42
438	67	55	43
437	68	56	41
437	68	56	41
439	66	55	45
440	67	54	41
439	67	53	40
440	67	53	41
439	67	55	42
440	66	56	44
440	66	55	42
441	65	55	44
440	66	54	41
439	66	53	42
438	66	56	41
438	66	57	40
438	66	57	40
438	66	56	39
436	66	59	40
438	66	55	40
437	66	58	40
437	66	57	40
437	65	57	40
437	66	58	41
438	66	58	41
436	66	58	40
437	65	57	41
437	66	58	41
437	66	58	41
438	65	56	40
438	66	55	40
440	65	55	40
440	66	53	41
439	66	56	39
441	66	54	40
441	66	55	40
441	66	56	41
444	66	53	39
444	66	54	40
442	66	56	40
443	65	54	41
443	65	56	40
442	65	55	41
442	66	57	40
441	65	55	41
443	65	55	42
442	66	56	41
444	65	55	41
441	66	55	39
443	66	55	39
442	65	55	41
442	65	55	40
442	65	57	41
443	65	56	40
443	66	56	40
443	65	56	41
442	65	55	40
442	65	56	40
443	66	54	41
443	65	56	40
442	66	54	40
441	66	55	41
443	66	54	40
444	65	55	40
442	66	54	40
442	66	53	39
442	65	55	41
443	65	56	40
442	67	55	39
442	66	57	40
443	66	54	40
442	66	56	40
443	65	55	40
443	65	53	42
444	65	56	41
443	65	54	41
444	65	54	41
442	65	54	40
443	65	54	41
443	65	56	42
442	65	56	42
443	65	54	41
444	65	54	41
442	65	54	41
443	65	56	40
444	65	53	40
444	65	53	41
445	65	52	41
444	64	53	41
446	65	51	41
444	64	53	43
447	64	50	42
445	64	52	42
444	64	54	43
443	63	55	43
442	65	54	42
442	65	56	42
434	61	63	46
439	65	58	42
442	65	56	43
443	64	56	43
443	64	57	44
442	64	58	44
443	62	58	47
442	63	58	47
443	65	56	44
442	62	58	48
444	52	55	58
443	37	59	73
440	27	65	83
439	21	70	87
440	12	72	95
437	12	79	99
437	17	75	93
435	21	76	88
437	22	69	88
438	27	66	82
439	28	63	82
436	28	65	81
437	32	65	76
437	31	62	79
438	31	62	78
438	33	63	76
438	35	65	73
436	33	65	76
439	31	62	77
436	29	65	78
437	28	65	81
438	27	62	81
439	26	64	83
438	24	63	86
438	21	63	89
437	21	66	89
437	19	65	89
435	17	66	94
437	17	65	92
435	18	66	91
436	17	64	93
435	15	66	95
434	17	68	93
434	16	67	95
435	18	65	90
434	18	65	91
434	21	64	87
434	15	65	95
435	19	65	90
437	18	61	90
436	19	64	90
435	17	66	92
436	19	65	89
435	19	66	90
435	18	67	91
434	19	70	89
433	19	72	89
433	20	74	87
433	18	73	89
434	21	72	86
435	20	70	88
436	18	69	90
435	16	70	92
440	18	65	88
440	14	64	94
439	18	67	89
439	16	65	91
441	15	64	92
442	11	64	97
439	16	70	91
440	18	67	89
441	9	63	98
441	14	67	93
441	8	65	100
440	9	65	99
439	10	66	97
439	10	65	98
441	8	61	99
439	7	62	101
441	6	60	102
438	12	66	95
439	11	63	97
439	5	62	100
438	9	65	99
436	13	68	94
436	17	70	91
435	9	72	98
435	15	72	92
436	14	70	94
437	16	70	90
435	12	71	94
436	14	72	92
437	11	69	96
437	16	68	91
435	20	73	87
438	15	68	92
438	14	68	94
438	17	69	89
438	13	69	94
438	16	69	91
438	11	71	96
437	13	73	94
437	13	73	93
438	9	71	97
437	9	72	98
438	9	73	98
437	9	72	98
437	11	74	97
437	9	74	96
436	10	75	98
437	5	73	102
437	8	74	100
438	6	79	101
436	10	83	98
436	8	79	98
435	6	81	99
434	5	86	102
434	3	88	103
433	6	85	99
433	6	85	98
433	7	87	99
435	10	80	94
435	10	77	95
435	13	72	93
435	16	73	90
433	17	75	87
434	14	72	91
434	11	73	96
434	8	72	100
431	6	76	100
433	8	74	98
430	9	78	97
430	9	77	98
434	11	74	96
434	14	73	92
434	21	73	84
435	17	73	89
434	19	73	86
435	12	71	94
433	12	73	96
435	13	72	92
433	13	73	95
437	17	72	88
436	16	72	91
435	12	72	96
436	15	74	92
436	17	71	89
437	19	73	88
436	21	73	85
436	20	73	85
437	16	72	89
437	20	74	85
437	20	73	86
439	11	71	96
438	18	72	87
439	11	73	96
439	7	69	101
440	9	71	97
439	7	71	99
440	10	72	96
440	8	71	100
439	10	76	97
441	11	74	95
441	13	74	94
441	18	75	87
442	20	74	85
442	14	74	92
442	19	76	85
443	20	74	84
444	20	73	86
444	15	76	89
444	18	76	87
444	19	76	86
445	17	75	89
444	23	79	83
445	24	78	81
444	26	80	78
443	26	82	80
446	20	78	86
446	19	79	87
446	22	80	83
443	25	86	81
445	27	83	80
445	28	83	78
444	33	86	74
440	39	91	67
440	41	91	65
440	45	93	60
445	35	88	69
442	41	90	65
442	41	91	65
441	45	95	59
446	25	86	80
442	31	94	76
440	33	102	73
442	33	93	72
441	35	94	72
443	32	92	74
441	40	98	65
443	42	93	62
443	41	96	62
444	43	91	61
445	43	92	60
445	40	90	64
446	42	91	62
446	43	91	61
447	43	86	61
448	43	84	61
448	41	80	62
449	42	79	62
450	43	77	60
450	41	78	62
450	40	76	63
449	41	78	61
449	38	78	64
448	41	80	62
448	41	79	60
447	42	81	59
447	40	81	61
446	38	84	64
446	35	85	67
445	39	87	65
444	36	87	66
444	40	87	62
444	40	87	62
444	37	87	66
443	40	88	62
443	42	85	59
443	39	83	63
442	40	84	61
440	39	87	62
441	35	84	69
440	32	86	70
440	20	85	84
442	23	82	81
447	20	75	83
441	28	80	73
444	26	74	74
448	15	68	87
447	13	70	91
445	15	71	89
444	18	71	87
443	21	70	81
441	17	69	86
441	19	70	86
441	15	69	90
440	16	67	90
439	15	68	90
439	18	68	87
440	14	67	89
438	14	66	90
438	12	65	92
439	12	64	92
437	16	65	87
437	12	65	92
436	15	65	89
436	13	65	91
436	12	64	92
434	12	66	92
436	13	65	92
434	14	66	91
433	15	66	91
433	13	66	94
432	13	66	94
428	16	72	93
427	17	71	90
427	17	71	90
427	16	71	92
428	15	69	93
428	14	69	96
427	16	70	93
427	15	70	95
425	20	73	91
425	16	72	93
416	18	82	93
426	19	73	92
422	17	77	93
420	19	78	92
418	17	80	95
415	18	84	94
419	19	81	93
422	18	76	95
421	23	80	89
421	16	79	96
420	19	80	94
420	21	82	93
425	18	77	97
426	11	75	104
425	11	77	105
424	10	80	106
425	10	79	107
424	11	80	106
430	17	76	101
431	15	76	104
431	18	76	100
429	18	81	101
429	21	82	98
432	23	80	97
436	20	76	99
436	13	75	108
436	16	75	105
437	14	76	105
438	20	76	101
439	20	76	101
440	18	75	103
441	23	75	99
441	22	77	99
442	23	77	100
442	17	76	104
444	16	74	107
443	20	77	103
444	21	76	102
446	14	74	109
446	23	75	99
446	16	74	107
446	22	78	101
448	16	74	108
447	21	77	103
448	25	79	99
450	17	76	107
450	20	77	105
451	26	80	98
452	23	77	103
453	20	78	105
453	24	84	101
455	19	77	104
456	21	80	104
457	23	82	102
457	21	83	105
458	25	84	100
458	29	82	96
459	26	82	98
460	24	82	102
459	26	90	102
460	26	82	101
459	21	86	108
459	25	86	105
460	21	86	109
459	24	87	108
459	22	87	111
458	26	85	106
458	23	90	110
457	27	88	106
457	24	88	108
456	29	89	104
455	29	92	104
454	30	96	105
454	30	94	105
452	32	97	106
451	36	96	99
451	32	94	103
448	34	97	102
449	32	94	105
445	36	100	101
443	37	102	101
442	38	104	101
441	39	103	100
442	42	99	95
438	31	103	109
441	32	99	110
437	36	101	105
439	36	97	104
436	42	99	97
433	34	101	107
436	36	96	105
435	39	95	101
437	29	91	112
433	35	98	107
432	35	96	109
432	29	98	114
431	31	98	113
432	33	107	111
429	33	101	109
429	36	97	109
430	32	92	113
429	35	91	110
426	39	94	105
429	32	86	111
426	37	91	108
425	29	90	116
423	37	91	110
423	37	90	108
421	35	90	112
422	41	89	106
421	37	88	109
419	32	90	117
418	41	90	108
417	39	89	108
416	36	89	113
415	34	89	116
414	36	88	115
414	33	85	117
413	33	86	117
411	33	87	117
412	31	84	120
411	33	83	119
411	32	85	120
408	33	87	119
409	31	83	122
407	31	85	122
407	33	84	120
404	35	88	119
405	33	86	122
405	35	86	120
405	32	85	123
407	36	83	121
404	37	88	118
403	39	90	118
402	34	92	125
401	39	92	120
403	35	91	126
406	32	87	131
406	32	87	129
408	32	85	130
407	37	87	125
406	40	90	120
405	38	90	124
406	34	91	129
407	37	89	126
408	35	89	130
407	37	92	128
408	34	90	130
408	39	91	127
409	28	91	137
408	33	90	132
409	37	90	131
411	37	90	132
411	35	90	133
410	35	92	134
412	36	91	134
411	27	91	142
413	26	90	143
414	35	93	133
414	40	93	130
415	38	93	133
415	37	95	135
417	39	95	135
416	41	97	132
417	43	97	132
417	40	98	135
417	43	99	133
418	42	98	134
417	37	101	141
418	40	101	137
417	41	101	138
417	40	103	140
419	40	101	141
417	42	104	138
418	42	100	140
418	41	100	141
416	42	104	140
418	43	102	140
417	43	102	140
415	46	107	136
416	42	105	143
416	47	102	138
415	43	105	144
413	43	107	144
412	42	108	147
414	39	102	150
415	43	101	147
413	47	103	141
411	43	107	147
411	46	106	146
408	43	109	151
410	46	102	148
408	45	107	149
412	45	99	149
410	48	103	143
409	46	101	150
407	47	105	150
408	44	104	152
412	43	99	155
409	44	102	155
408	45	106	154
408	45	103	156
410	46	102	155
406	48	108	154
408	50	105	154
407	51	108	152
409	51	105	153
407	47	106	158
404	52	113	150
409	49	105	156
408	50	108	156
410	49	109	160
411	47	105	162
414	47	104	164
408	49	111	163
412	49	108	165
413	48	107	164
412	49	109	162
413	47	109	167
412	48	111	165
412	48	108	167
414	44	109	171
410	46	116	170
412	44	115	173
416	42	108	176
413	45	112	174
413	48	112	172
413	52	114	165
413	53	117	168
411	50	119	171
413	56	118	163
411	55	123	169
411	52	125	172
410	51	124	173
413	54	121	170
411	55	123	171
412	49	123	179
412	53	124	174
414	50	120	180
413	55	124	175
414	56	123	174
412	46	128	185
414	54	124	178
411	56	132	176
411	54	129	181
412	61	129	175
414	49	126	189
410	53	132	186
408	61	132	179
412	56	129	186
411	63	126	177
410	57	131	185
409	60	136	185
409	64	133	180
409	59	133	188
407	60	134	188
408	52	133	197
403	65	139	185
405	60	134	191
403	67	137	184
402	66	135	186
402	69	138	183
401	66	137	188
402	55	132	202
398	62	141	195
402	63	133	195
399	53	138	207
397	63	137	200
396	69	143	194
396	66	137	197
394	73	140	191
394	73	141	193
392	73	142	191
389	72	144	196
394	68	135	201
389	68	140	202
390	69	136	200
388	65	141	205
389	65	135	209
386	73	143	199
385	68	140	208
382	63	143	215
381	69	141	210
378	75	147	205
383	61	136	221
378	69	144	215
380	74	143	210
380	65	142	221
381	60	139	227
378	67	141	222
378	69	143	221
380	76	141	214
377	76	147	215
375	75	147	217
380	79	141	215
375	80	150	215
377	66	147	233
377	58	147	241
378	71	143	231
379	82	142	220
375	85	151	220
374	76	152	227
375	85	151	220
375	85	152	225
375	80	152	231
375	84	149	226
373	70	157	242
373	80	153	234
373	74	155	243
376	87	157	231
375	86	156	235
371	84	163	240
374	89	155	236
373	89	159	235
373	88	161	238
375	88	159	243
371	93	164	240
372	94	159	238
373	98	164	236
370	93	166	242
369	101	173	237
373	97	161	242
372	101	170	240
368	103	169	238
365	101	177	249
371	92	173	256
367	106	173	245
364	105	176	247
365	103	179	252
362	99	187	260
364	101	178	257
358	89	190	274
361	101	183	261
359	105	184	262
357	100	188	270
358	111	185	260
355	104	192	270
356	111	189	263
355	112	190	263
349	111	195	268
351	121	196	259
348	112	193	269
350	123	192	264
346	117	197	272
345	126	201	266
342	122	202	271
341	124	200	271
340	123	203	274
337	107	205	296
332	115	208	290
329	124	213	281
330	130	209	280
330	127	207	284
330	128	208	286
324	121	213	295
321	139	213	279
317	139	213	279
317	133	217	290
318	125	207	301
307	136	226	287
305	134	229	295
302	139	226	293
298	135	226	299
297	129	225	308
292	135	233	300
293	137	230	306
290	130	225	312
292	138	222	303
289	132	222	310
286	134	227	307
287	128	220	316
286	124	225	324
282	139	223	300
288	141	220	304
288	144	215	305
283	140	217	315
288	134	217	315
283	135	219	311
283	136	218	313
284	140	221	309
284	140	214	309
282	128	213	325
287	133	217	316
284	132	212	319
283	123	218	331
286	137	211	316
283	128	211	326
287	121	212	332
287	120	206	332
281	130	210	324
287	128	208	322
280	132	219	318
283	131	218	320
280	122	215	332
275	132	221	323
285	134	216	318
285	127	205	324
285	125	205	331
278	128	211	325
282	120	208	335
279	128	212	327
277	129	215	322
277	135	215	318
280	122	209	335
273	129	223	326
276	120	214	334
274	128	211	324
277	122	209	332
274	142	214	301
271	137	222	314
276	125	214	335
267	134	219	324
276	132	211	328
273	130	210	331
277	119	203	341
272	127	205	336
271	125	209	334
263	121	214	340
270	138	213	317
265	134	217	327
266	132	211	333
263	135	212	331
264	151	218	304
259	141	218	321
262	139	214	327
254	136	223	335
256	144	220	320
253	138	221	329
246	131	224	339
246	147	230	321
243	150	231	325
237	154	240	317
239	162	239	315
236	156	240	316
240	155	238	317
228	148	244	326
235	156	241	316
223	153	257	320
218	161	261	317
210	168	273	300
207	166	270	313
197	160	286	317
199	162	287	317
191	182	299	294
200	168	284	309
194	175	290	303
191	163	285	318
176	165	302	317
176	169	302	310
179	166	290	313
166	174	305	307
169	168	296	313
171	175	295	302
172	168	286	321
180	167	280	315
176	166	283	322
180	152	272	335
177	153	275	330
172	166	270	320
169	177	276	311
179	157	258	332
164	156	275	339
176	164	267	333
170	152	271	351
166	155	279	339
166	149	284	351
164	152	290	349
160	154	298	352
162	155	297	347
167	154	295	350
168	164	292	336
167	188	295	309
167	163	294	337
158	172	305	324
159	166	310	336
160	164	306	339
160	183	309	315
174	184	297	318
159	170	315	337
158	173	321	331
166	178	311	327
159	204	315	293
145	215	328	283
156	200	311	310
157	205	309	298
150	205	319	301
154	200	301	310
158	218	309	281
166	202	298	316
167	197	296	319
174	184	286	331
172	191	295	333
165	186	301	335
176	171	298	362
192	172	278	360
200	181	273	352
209	175	273	355
221	176	272	356
218	173	284	355
215	180	298	351
220	189	297	334
224	180	303	343
232	193	308	299
243	193	303	335
243	190	317	334
253	192	312	330
259	190	309	328
263	178	311	343
271	186	313	333
273	179	315	341
283	170	305	345
285	186	314	337
287	187	304	333
282	167	320	354
289	165	322	359
294	170	319	355
295	187	317	334
300	175	313	348
296	192	317	329
305	183	310	339
320	153	298	367
305	189	321	335
302	175	335	339
316	175	314	339
322	155	304	367
336	147	294	380
311	147	316	378
327	136	313	384
346	149	262	377
318	149	309	370
326	134	312	391
317	150	295	377
325	154	305	376
302	184	319	336
302	178	323	338
290	186	332	331
297	170	328	341
295	146	328	372
287	161	337	351
296	142	315	371
293	139	320	385
285	145	334	366
286	147	322	368
286	148	311	364
284	142	314	378
287	151	303	362
286	137	299	367
280	157	312	355
283	149	298	362
278	136	309	381
275	131	309	385
268	155	315	359
272	137	316	380
271	155	317	359
275	149	288	368
266	149	311	362
271	143	306	370
266	158	303	360
264	165	312	344
265	153	310	363
267	156	309	355
262	167	311	346
262	165	310	349
260	168	307	348
258	170	304	345
259	182	312	327
254	189	321	319
254	192	318	315
260	181	308	330
261	173	305	342
262	183	310	333
260	180	319	330
259	184	316	322
269	190	308	324
266	187	316	328
269	188	314	322
270	186	318	332
266	165	324	352
273	145	316	375
277	146	312	377
275	144	313	369
279	160	309	361
270	182	321	336
275	187	313	333
267	172	321	356
273	166	317	357
267	159	340	369
267	159	335	366
265	166	335	359
270	159	325	361
257	156	343	362
260	158	324	368
250	155	357	373
255	164	335	359
251	160	340	366
252	171	341	354
244	174	326	339
250	171	325	332
252	172	307	350
246	173	324	350
255	182	302	327
268	209	289	313
248	184	302	332
252	217	302	305
230	192	333	335
235	193	330	330
232	211	333	312
212	200	348	329
213	205	350	326
213	201	343	327
216	211	341	320
194	223	363	305
189	225	369	303
191	234	362	299
186	228	361	304
181	226	368	307
171	229	370	301
166	235	380	298
163	241	375	293
157	247	387	289
152	248	388	294
144	256	399	290
139	261	393	281
126	259	408	292
131	255	389	292
119	263	406	286
121	282	395	256
117	276	381	272
125	287	364	253
71	292	299	231
122	292	236	234
118	299	225	219
111	310	220	194
99	314	227	188
80	324	235	186
63	335	249	179
42	344	261	178
29	357	271	159
13	368	276	147
0	371	282	153
6	380	268	148
6	386	264	143
11	385	252	150
2	391	255	142
2	391	253	141
2	395	252	132
0	388	251	145
-3	391	251	138
-3	390	250	142
-6	390	252	141
-1	388	243	145
-1	391	243	142
8	393	227	138
-4	395	241	139
-5	398	241	132
-6	399	240	134
2	397	230	139
-3	401	236	128
-1	397	240	134
-2	397	240	127
1	403	236	129
-3	410	243	120
0	425	238	105
0	443	238	91
-2	462	240	78
17	488	217	67
34	508	197	74
-31	255	203	95
-23	324	185	109
-16	330	155	99
15	330	133	95
0	338	123	84
4	334	120	92
0	338	126	80
-6	350	132	88
-3	344	127	93
0	341	126	92
0	337	124	96
0	340	126	92
0	341	126	89
-1	338	128	88
-2	337	130	85
-2	335	129	89
-4	336	134	90
-3	336	130	89
-2	336	129	85
-2	337	132	87
-1	339	127	85
-1	337	128	92
-1	341	128	81
-2	338	129	83
0	335	126	86
0	334	126	88
0	338	125	83
0	335	125	86
0	336	126	87
0	338	127	85
3	335	121	87
-5	413	126	94
10	445	117	96
37	341	129	90
0	304	136	119
14	286	114	140
224	297	142	146
126	210	148	163
36	154	177	197
-1	103	152	198
9	218	117	207
5	224	117	209
6	232	114	210
10	243	110	194
-1	256	121	172
0	294	117	142
-4	312	128	122
1	320	118	115
1	325	120	110
12	334	111	93
12	339	111	77
11	340	113	77
19	338	106	84
8	335	115	90
7	335	116	89
2	335	124	92
-1	338	127	82
1	336	124	87
0	339	127	80
0	339	126	84
1	336	124	91
0	337	124	85
1	336	123	87
4	336	120	87
3	335	121	86
3	337	122	86
0	335	127	92
-2	337	130	87
0	340	127	81
0	340	127	79
-3	336	130	94
-2	336	128	96
-3	338	128	98
-3	344	127	96
-3	339	128	96
-2	338	127	98
