318	133	119	97
324	134	118	97
327	127	117	96
327	121	114	93
328	119	109	87
328	110	113	89
328	104	110	93
329	102	110	90
329	101	114	90
331	102	114	88
336	99	112	91
337	102	113	91
340	104	115	86
343	107	117	87
339	109	117	97
338	120	111	87
330	126	113	95
324	137	112	93
319	143	112	89
315	143	115	90
313	139	115	91
312	137	112	91
315	134	113	93
314	135	114	95
317	129	113	97
318	128	114	97
320	129	113	94
318	130	113	96
319	129	115	98
318	128	111	95
320	128	110	96
319	133	111	88
320	129	116	93
323	124	116	97
326	125	117	92
332	120	106	99
329	123	116	100
333	128	116	87
335	127	113	96
333	128	116	98
337	128	111	92
334	132	115	89
336	127	111	95
334	131	111	84
333	131	112	88
332	126	113	92
335	125	107	90
334	120	109	90
333	124	111	86
335	118	104	93
333	121	108	93
337	121	108	95
338	125	107	92
341	119	109	97
343	121	102	92
342	121	106	95
342	121	108	95
343	122	106	95
341	124	112	88
340	127	110	89
342	128	115	85
344	128	114	83
346	130	112	82
347	132	109	83
348	136	114	80
348	138	113	79
348	141	113	75
350	140	106	78
350	138	105	81
348	136	108	84
349	133	106	84
350	130	106	86
349	129	107	84
347	132	104	82
347	129	105	87
344	130	108	92
340	136	108	81
338	132	109	92
337	132	108	93
336	133	109	91
334	135	112	90
335	133	109	93
337	134	108	91
336	136	109	87
336	129	107	98
336	126	109	103
336	139	112	86
337	130	111	98
340	136	109	93
337	128	110	104
341	129	106	101
339	135	107	94
338	135	105	90
337	130	104	91
336	127	106	94
336	124	107	93
340	123	108	97
341	122	105	98
344	126	111	99
342	130	112	100
341	136	111	95
341	141	107	97
339	143	111	102
336	141	107	108
338	141	110	103
336	136	113	119
341	114	113	138
344	103	117	156
348	101	117	150
351	93	126	163
353	94	125	165
347	83	134	181
353	88	126	170
350	91	137	164
350	90	143	159
349	85	134	156
347	84	138	152
347	78	136	157
346	71	138	161
342	69	141	146
347	70	136	142
347	61	138	148
348	64	142	139
345	61	141	142
347	58	142	141
348	54	139	141
351	44	138	149
349	38	138	153
347	36	143	150
345	34	146	146
348	33	145	142
350	29	145	145
348	28	141	142
346	26	141	143
352	22	135	149
342	21	145	148
352	22	137	142
355	20	133	143
354	20	134	146
351	23	137	143
361	23	127	146
359	27	128	146
353	31	128	145
354	37	127	140
345	43	133	139
332	48	140	140
336	51	134	138
335	58	128	136
333	58	130	139
331	61	126	138
334	61	125	142
333	61	123	142
335	61	122	145
331	65	127	139
333	61	125	142
333	58	123	146
335	53	120	146
337	53	116	150
332	66	119	134
336	56	115	144
339	56	112	144
335	73	111	123
335	90	106	97
333	93	113	93
330	91	116	99
330	97	115	97
331	102	109	88
330	107	111	94
330	111	114	101
327	115	115	96
327	119	111	99
325	122	110	99
323	122	111	101
321	122	112	100
318	116	113	107
319	114	113	106
317	108	114	106
314	103	117	116
313	100	115	115
315	98	108	115
313	94	110	122
310	89	114	128
309	84	115	137
310	85	111	131
306	86	114	133
309	83	112	140
306	85	115	140
316	85	101	138
312	88	106	137
317	90	100	134
338	95	107	122
331	92	85	126
314	80	100	146
336	87	95	131
316	87	100	134
340	89	76	129
342	83	71	137
354	88	60	129
331	74	81	141
341	74	74	146
347	90	66	127
320	69	91	153
337	75	77	145
343	85	68	128
344	84	65	129
344	83	67	128
342	86	69	125
344	85	67	126
344	84	66	129
345	83	65	132
345	85	65	130
344	88	68	124
345	90	68	125
348	93	65	127
360	96	52	132
338	74	55	151
330	81	80	154
323	95	103	144
319	93	117	154
322	90	134	154
329	91	130	155
342	85	124	158
347	90	127	148
352	89	140	143
359	93	145	129
361	98	151	118
364	94	143	120
371	100	144	107
372	90	149	119
364	89	160	123
365	92	156	116
374	93	143	112
375	96	146	111
373	97	142	114
376	102	141	111
373	102	140	114
365	103	147	115
361	101	149	119
356	101	147	114
352	99	140	117
348	91	136	124
350	95	125	117
350	90	119	119
346	95	121	110
335	101	125	100
332	104	123	110
325	114	119	97
319	118	112	101
318	126	110	98
319	122	104	98
315	126	105	96
314	124	106	93
312	123	105	97
310	124	108	93
306	127	106	94
307	129	107	90
307	135	108	89
308	137	104	90
311	134	107	93
311	134	103	92
312	130	102	91
317	127	94	88
317	125	101	90
317	125	106	87
320	123	107	93
325	127	106	91
329	131	110	89
330	132	112	93
335	133	113	88
335	131	116	94
339	129	117	95
339	128	114	93
335	125	119	96
334	120	120	105
338	120	115	103
340	122	119	104
344	126	119	101
345	126	124	111
352	134	124	111
354	143	128	96
366	148	122	100
370	154	125	100
375	160	131	99
376	162	137	108
378	169	134	112
377	178	140	123
374	190	140	126
372	218	146	105
372	243	146	78
383	258	139	60
373	280	138	48
425	214	126	63
307	124	130	54
428	241	114	77
297	45	110	93
303	19	87	101
313	13	69	109
318	31	62	111
320	42	62	104
320	30	64	113
322	21	63	119
319	11	72	130
326	0	67	137
329	0	69	142
329	-2	72	147
333	-5	72	144
334	-3	72	144
336	-5	73	148
339	-4	72	142
340	0	74	136
341	-3	75	143
344	-6	72	143
341	-4	76	141
343	-5	75	141
340	-4	79	140
341	-2	74	135
341	-4	75	138
337	-4	79	136
336	-3	80	135
339	-3	75	132
339	-2	74	134
338	-5	76	135
338	-1	76	133
335	-4	78	133
338	-1	74	132
334	-4	80	134
334	-2	78	132
337	-1	70	130
335	-3	74	134
335	-1	74	129
332	-3	76	136
331	-5	78	135
337	-2	71	134
332	-4	74	134
332	-4	75	136
330	-3	78	132
331	-2	75	130
331	-5	75	136
332	-6	75	135
332	-4	75	138
331	-7	76	139
331	-6	76	141
330	-4	74	136
331	-1	73	136
330	-6	72	148
328	-6	71	143
327	-7	70	148
325	-5	70	147
325	-4	67	144
322	0	68	139
321	0	66	143
315	1	72	141
313	0	68	142
313	1	69	138
313	4	65	137
308	0	66	142
307	1	66	143
307	1	65	143
305	2	65	143
306	5	64	139
305	6	62	138
342	175	88	117
298	21	69	123
334	150	85	104
329	141	90	93
327	131	99	91
326	122	119	93
323	112	125	97
323	106	123	98
323	99	123	104
325	97	120	99
322	90	129	105
325	83	124	110
325	73	127	120
327	72	127	118
330	61	126	127
330	68	128	120
333	79	127	102
333	82	128	105
337	84	131	102
340	88	134	103
340	86	142	107
344	87	146	113
347	91	153	105
347	86	161	132
353	95	160	118
353	100	160	111
360	102	158	120
365	109	161	118
376	112	161	124
389	123	153	119
393	126	157	124
400	130	163	120
400	133	168	122
405	137	170	122
409	140	169	128
415	137	175	128
434	137	164	132
441	144	163	133
448	145	164	139
453	149	166	143
451	159	170	141
441	165	178	139
440	172	179	133
434	180	187	132
436	182	174	137
430	181	177	139
428	188	175	139
434	185	169	130
434	180	174	139
435	173	184	136
435	171	183	133
436	160	187	138
434	151	183	144
437	143	185	150
434	142	199	142
435	134	203	147
435	134	199	138
436	123	203	147
442	119	204	141
447	111	196	147
445	113	192	146
451	106	184	144
454	107	185	144
447	105	196	143
445	100	193	149
445	99	202	147
457	103	188	145
466	97	178	143
477	94	168	147
489	92	150	148
497	84	143	155
505	73	141	169
510	68	135	176
514	75	128	166
521	85	122	152
522	95	119	142
520	103	121	144
520	117	121	145
523	127	116	142
525	132	115	139
530	127	110	134
536	131	103	132
543	141	100	119
550	149	94	117
558	155	86	118
569	153	71	127
573	159	70	121
575	158	65	125
571	160	67	118
565	153	72	117
559	156	82	107
549	151	93	110
540	150	99	111
531	153	109	108
528	149	112	114
520	143	120	119
510	143	127	114
501	137	141	115
491	127	150	117
485	122	148	117
471	118	157	116
467	110	152	118
469	106	140	115
463	106	143	118
462	105	140	123
461	105	132	122
454	103	136	123
455	101	129	123
449	104	133	122
453	102	124	125
450	99	125	133
447	98	126	128
448	95	122	131
445	94	119	127
446	89	117	133
443	88	114	134
442	87	114	135
440	87	111	136
442	86	108	139
441	86	108	136
438	90	110	129
439	89	107	130
440	86	107	133
440	88	102	131
439	87	102	130
437	86	102	132
438	81	103	136
435	81	104	132
435	77	103	133
436	73	101	137
421	77	118	130
433	72	101	136
426	77	104	131
425	75	102	134
426	71	100	137
424	70	99	137
422	71	97	134
417	68	102	135
418	67	99	137
416	66	98	138
417	62	98	143
414	62	96	142
414	64	97	142
416	64	94	139
412	65	95	140
413	66	96	139
409	70	97	134
410	64	97	143
410	67	101	139
411	67	103	142
413	73	105	137
411	75	109	140
414	79	111	139
413	81	113	139
416	86	111	138
414	92	115	133
411	99	116	129
414	106	111	124
416	112	105	124
419	116	105	120
421	111	111	123
426	108	109	124
434	104	104	129
439	102	107	128
437	102	110	129
436	103	110	125
438	100	108	126
439	97	104	127
441	97	106	126
437	96	102	125
442	96	103	126
436	96	101	126
434	96	104	127
435	97	100	124
435	97	101	123
434	97	96	125
431	92	102	126
430	93	99	125
426	92	101	126
425	89	100	128
424	86	105	127
422	79	101	133
421	82	105	128
411	82	116	124
417	79	104	127
418	76	104	128
416	75	99	134
412	67	103	145
414	76	100	138
413	79	106	133
416	82	106	138
417	87	110	137
420	94	118	136
426	100	117	141
427	100	126	145
426	109	129	138
423	115	130	135
417	131	133	119
408	140	132	111
405	142	125	109
400	145	129	108
397	153	128	104
399	147	127	109
392	150	128	105
393	147	132	104
389	148	133	108
386	144	137	114
380	146	140	116
373	147	143	117
368	147	143	121
373	150	144	126
379	155	135	119
389	167	136	104
391	173	146	116
398	176	150	131
410	189	143	124
408	198	150	119
416	205	145	116
421	211	149	108
429	217	150	102
433	218	152	103
432	217	154	102
435	223	155	96
434	222	158	97
433	223	159	99
435	224	153	95
438	226	150	92
437	226	152	94
438	224	154	95
436	218	159	104
439	220	155	100
437	220	156	99
435	218	157	103
435	222	154	99
434	221	153	100
430	224	155	96
427	227	151	93
423	224	152	96
417	225	156	97
420	227	150	93
418	233	154	87
418	231	158	87
420	223	164	98
424	213	170	105
426	201	176	115
429	176	187	131
431	158	198	148
429	145	199	155
426	135	199	167
435	130	194	155
434	134	197	149
437	125	193	159
440	117	201	169
451	115	198	166
468	105	173	185
483	99	166	182
494	104	149	175
505	100	141	191
510	105	141	191
518	99	132	210
520	111	125	195
523	114	120	200
527	107	114	214
527	113	114	206
530	120	110	207
535	127	106	207
532	133	109	196
535	130	105	198
536	127	103	207
535	126	106	205
535	128	105	203
528	123	118	206
522	126	118	209
512	127	136	207
503	119	146	214
496	113	153	223
498	115	153	225
498	112	149	231
499	104	150	232
499	110	155	233
501	101	153	242
499	107	150	238
491	112	155	227
480	114	159	212
469	105	171	202
452	105	190	185
420	113	206	174
410	127	174	161
393	146	153	131
374	161	140	130
361	177	129	117
346	189	127	116
337	195	120	115
331	196	113	112
330	193	110	107
329	192	110	117
328	189	109	107
330	189	109	108
332	190	110	111
332	190	108	107
332	191	107	103
331	192	108	104
333	190	109	105
330	186	111	110
332	190	112	108
331	185	109	107
332	187	107	104
333	190	110	105
332	190	107	104
334	196	110	104
336	194	110	114
335	191	106	110
336	194	111	110
336	195	108	101
334	196	112	102
335	193	109	105
340	194	108	108
338	196	112	104
342	196	108	112
343	195	112	108
346	198	113	117
346	199	120	108
350	199	121	110
350	200	124	110
349	203	125	111
350	204	126	106
352	206	120	113
353	213	117	99
354	215	116	103
351	209	121	101
352	208	123	109
358	205	118	108
357	203	122	108
362	201	122	111
359	195	128	113
362	190	129	115
362	194	128	114
365	189	127	125
365	200	127	119
364	198	128	115
364	207	124	112
358	206	130	109
353	205	131	109
349	208	129	109
352	205	129	111
344	210	135	110
342	211	138	104
345	217	134	103
348	220	131	99
347	223	134	94
353	214	133	102
359	217	134	106
367	222	130	99
375	230	139	91
385	235	142	85
393	237	148	82
402	237	149	83
408	238	153	81
410	238	157	81
412	239	160	79
418	239	156	80
417	241	160	78
420	247	160	73
423	244	161	76
427	247	161	72
428	244	160	73
428	241	161	79
424	237	168	79
427	229	166	89
431	224	160	96
426	218	168	100
430	213	166	108
434	205	162	115
439	198	159	116
437	193	157	118
444	187	149	115
432	182	157	114
436	180	152	111
423	179	156	116
430	174	150	111
430	176	147	106
431	170	146	104
430	165	144	104
437	156	136	104
441	149	130	108
439	142	138	112
446	132	126	124
445	131	125	123
448	129	125	117
454	119	115	131
449	120	121	128
452	116	118	129
449	117	118	127
452	111	117	130
448	114	117	124
451	108	113	128
443	103	114	129
449	102	114	129
448	98	108	131
440	99	111	128
444	98	110	125
444	92	106	127
446	85	102	130
443	84	103	128
441	81	103	126
441	81	101	125
441	77	99	132
439	75	97	132
437	79	101	129
437	79	98	126
437	76	102	133
436	76	96	133
439	77	101	130
435	81	98	130
437	84	105	129
435	81	108	138
446	87	104	135
439	95	115	127
438	101	117	127
429	108	122	127
423	116	123	119
423	128	117	109
416	134	118	103
418	138	116	103
413	142	122	93
411	146	123	97
411	152	126	90
416	153	120	92
412	156	122	98
413	164	118	97
412	165	120	106
409	167	119	114
414	172	121	107
406	181	124	102
413	183	126	101
410	183	132	111
413	192	131	110
414	203	135	111
419	211	129	105
418	215	135	104
417	213	130	102
414	213	130	103
416	211	125	107
411	215	125	100
408	221	127	96
406	223	127	96
400	227	133	93
400	225	129	92
396	228	128	91
393	227	132	93
395	230	130	89
398	231	131	87
398	230	133	88
403	229	131	90
401	230	132	89
403	230	127	89
404	227	129	92
407	228	126	92
405	228	129	92
407	228	131	90
409	222	131	94
407	219	131	100
404	218	135	99
402	210	138	109
403	206	136	109
401	209	138	111
399	203	144	114
398	206	144	108
396	197	149	115
397	193	148	113
395	184	145	118
392	177	147	122
390	176	145	114
390	169	143	117
384	165	143	110
385	163	136	108
381	158	131	109
376	158	132	102
376	154	129	103
369	151	127	103
363	151	122	101
363	151	122	98
358	152	121	96
354	153	120	103
350	157	122	104
348	157	120	109
346	164	124	108
343	169	122	107
344	172	122	109
350	177	113	104
345	179	117	103
345	183	116	102
344	182	114	101
343	186	112	98
344	194	114	90
341	204	129	85
346	209	127	92
353	222	121	90
365	226	112	89
368	231	117	87
374	227	118	91
377	218	127	98
382	213	126	105
383	207	131	111
383	206	136	110
381	206	138	108
373	206	133	110
368	200	124	111
359	203	129	113
355	190	132	122
352	185	139	125
353	172	153	132
359	162	150	140
361	158	162	128
364	150	170	128
364	145	174	136
369	138	168	138
365	133	162	135
362	131	166	126
361	125	160	126
359	116	165	128
360	109	168	128
363	113	164	124
364	114	164	129
363	115	166	137
360	126	160	132
359	139	163	132
365	154	168	150
373	181	163	140
385	199	164	124
397	228	165	94
408	250	171	75
426	271	159	54
556	220	157	42
564	214	163	44
554	211	156	47
563	217	159	33
536	211	157	47
575	211	146	44
536	209	162	54
579	203	139	56
560	202	137	63
580	206	122	55
590	203	112	58
579	202	103	61
591	204	94	56
594	199	86	63
597	196	68	64
599	196	59	63
599	198	49	59
600	195	40	63
602	198	48	59
599	193	39	67
607	196	40	64
600	196	39	63
596	192	40	68
600	196	41	65
597	191	41	71
601	194	45	70
599	191	40	68
603	196	43	63
602	193	36	62
602	196	42	60
602	192	38	64
604	194	40	64
603	193	35	63
609	195	35	65
602	193	36	65
604	196	42	64
602	195	38	62
605	198	42	61
602	194	34	61
607	199	37	59
603	194	36	62
603	196	39	63
602	192	37	65
603	194	35	62
605	195	39	63
601	193	38	64
602	197	44	61
602	193	38	63
602	194	35	62
602	193	35	64
602	193	36	64
604	194	39	64
604	193	35	62
608	196	34	60
610	194	29	63
612	193	28	63
