1.00
1.10
1.06
1.07
1.04
0.97
0.99
0.94
0.92
0.94
0.95
0.96
0.96
0.97
0.99
1.00
1.00
1.02
1.07
1.04
1.04
1.07
1.11
1.11
1.10
1.13
1.11
1.11
1.11
1.07
1.11
1.11
1.14
1.09
1.07
1.08
1.04
1.01
1.00
0.99
0.99
0.99
1.01
0.96
1.03
1.03
1.03
1.01
1.01
0.98
0.97
0.98
0.99
1.00
0.96
0.96
0.96
0.95
0.95
0.96
0.93
0.93
0.90
0.87
0.88
0.85
0.87
0.85
0.87
0.92
0.89
0.90
0.88
0.88
0.89
0.90
0.91
0.92
0.93
0.92
0.92
0.99
0.97
0.98
1.01
0.98
0.95
1.01
0.95
0.99
0.91
0.92
0.93
0.87
0.93
0.90
0.93
0.92
0.95
0.91
0.91
0.94
0.94
0.79
0.72
0.69
0.67
0.66
0.50
0.47
0.40
0.38
0.37
0.33
0.31
0.25
0.26
0.22
0.23
0.22
0.17
0.36
0.35
0.32
0.28
0.28
0.27
0.26
0.24
0.23
0.23
0.22
0.19
0.21
0.20
0.19
0.21
0.19
0.19
0.23
0.26
0.59
0.73
0.77
0.78
0.84
0.83
0.87
0.92
0.90
0.89
0.89
0.89
0.88
0.90
0.90
0.89
0.91
0.93
0.99
1.02
1.07
1.14
1.14
1.11
1.06
1.06
0.99
1.05
1.05
1.05
1.06
1.03
1.06
1.05
0.99
1.01
0.99
0.97
0.94
0.98
0.95
0.90
0.89
0.89
0.84
0.84
0.80
0.79
0.59
0.55
0.62
0.51
0.57
0.48
0.54
0.48
0.48
0.52
0.52
0.49
0.51
0.61
0.52
0.52
0.51
0.51
0.52
0.50
0.51
0.51
0.50
0.54
0.54
0.48
0.60
0.56
0.74
0.60
0.79
0.85
0.93
0.93
0.95
0.77
0.77
0.67
0.65
0.60
0.64
0.65
0.61
0.59
0.59
0.59
0.66
0.71
0.76
0.77
0.74
0.72
0.74
0.77
0.72
0.67
0.67
0.66
0.92
0.93
0.92
0.93
0.93
0.92
0.88
0.92
0.86
0.82
0.87
0.82
0.85
0.96
1.09
1.16
1.13
1.18
1.11
1.16
1.15
1.14
1.14
1.14
1.17
1.13
1.08
1.04
1.03
0.97
0.92
0.85
0.82
0.75
0.62
0.59
0.60
0.56
0.56
0.48
0.35
0.32
0.30
0.23
0.09
0.06
0.09
0.09
0.07
0.07
0.04
0.08
0.06
0.05
0.32
0.33
0.31
0.33
0.32
0.32
0.33
0.32
0.33
0.34
0.34
0.34
0.33
0.33
0.35
0.34
0.34
0.35
0.33
0.34
0.76
0.75
0.74
0.77
0.75
0.76
0.77
0.74
0.75
0.75
0.76
0.76
0.74
0.74
0.74
0.74
0.75
0.75
0.76
0.75
0.96
0.93
0.93
0.95
0.92
0.91
0.91
0.90
0.91
0.90
0.90
0.89
0.87
0.84
0.83
0.79
0.79
0.75
0.78
0.78
0.79
0.69
0.75
0.60
0.65
0.70
0.77
0.74
0.76
0.76
0.75
0.74
0.71
0.70
0.72
0.68
0.68
0.74
0.77
0.76
0.75
0.76
0.77
0.82
0.83
0.81
0.80
0.77
0.68
0.65
0.68
0.64
0.66
0.68
0.69
0.65
0.67
0.74
0.81
0.89
0.86
0.87
0.87
0.87
0.87
0.89
0.88
0.80
0.81
0.80
0.85
0.84
0.86
0.86
0.84
0.88
0.86
0.86
0.89
0.95
0.96
0.96
0.96
0.96
1.00
0.96
0.96
0.91
0.93
0.97
0.88
0.86
0.89
0.89
0.86
0.82
0.77
0.76
0.79
0.76
0.80
0.83
0.83
0.73
0.68
0.65
0.68
0.66
0.72
0.71
0.72
0.75
0.63
0.64
0.73
0.74
0.81
0.92
0.98
0.97
0.85
0.86
0.83
0.87
0.87
0.86
0.92
0.96
0.98
0.98
0.97
0.93
0.92
0.88
0.90
0.88
0.90
0.90
0.90
0.88
0.92
0.97
0.97
0.97
0.94
0.95
0.93
0.93
0.77
0.67
0.63
0.67
0.63
0.63
0.62
0.61
0.62
0.61
0.62
0.62
0.65
0.65
0.65
0.65
0.67
0.67
0.66
0.66
0.69
0.71
0.72
0.76
0.81
0.90
1.10
1.17
1.16
1.14
1.13
1.14
1.05
1.07
1.06
1.12
1.11
1.12
1.12
1.11
1.12
1.09
1.12
1.05
1.12
1.10
1.08
1.08
1.03
1.08
1.07
1.09
1.07
1.05
0.95
0.63
0.65
0.69
0.67
0.73
0.70
0.79
0.80
0.83
0.77
0.82
0.79
0.75
0.71
0.71
0.79
0.78
0.78
0.77
0.82
0.80
0.84
0.81
0.79
0.75
0.69
0.69
0.69
0.67
0.67
0.72
0.75
0.66
0.72
0.70
0.72
0.70
0.73
0.73
0.70
0.68
0.68
0.70
0.69
0.67
0.71
0.72
0.73
0.72
0.70
0.70
0.71
0.71
0.68
0.64
0.65
0.64
0.71
0.70
0.77
0.75
0.77
0.85
0.90
0.89
0.92
0.94
1.00
1.02
1.04
0.99
0.89
0.81
0.90
0.85
0.76
0.76
0.82
0.82
0.79
0.78
0.79
0.72
0.75
0.74
0.75
0.76
0.76
0.75
0.84
0.85
0.87
0.88
0.89
0.90
0.88
0.88
1.01
1.05
1.11
1.06
1.04
1.06
0.91
0.80
0.74
0.80
0.82
1.06
1.04
0.99
1.09
1.17
1.05
1.16
1.18
1.12
1.17
1.18
1.14
1.16
1.16
1.10
1.15
1.16
1.16
1.16
1.16
1.12
1.17
1.14
1.18
1.16
1.14
1.10
1.06
1.01
1.07
1.03
1.09
1.03
1.08
1.07
1.06
1.05
1.02
0.94
1.01
0.95
0.99
1.01
0.99
0.99
1.00
1.01
1.00
0.93
0.97
0.88
0.93
0.93
0.93
0.79
0.81
0.79
0.78
0.80
0.80
0.72
0.72
0.66
0.63
0.65
0.70
0.69
0.66
0.67
0.70
0.68
0.61
0.63
0.62
0.69
0.70
0.74
0.76
0.79
0.82
0.86
0.89
0.89
0.82
0.84
0.85
0.86
0.84
0.87
0.90
0.87
1.06
1.02
1.15
1.12
1.03
1.03
1.04
1.05
1.09
1.08
1.12
1.10
1.09
1.12
1.10
1.11
1.09
1.11
1.06
1.04
1.06
1.04
1.03
1.04
1.05
1.03
1.04
1.04
1.05
1.00
1.02
1.05
1.05
1.08
1.03
1.06
1.03
1.01
1.01
1.06
1.12
1.22
1.21
1.22
1.18
1.12
1.11
1.08
1.14
1.17
1.08
1.06
1.08
1.14
1.02
1.03
1.03
1.03
0.92
1.05
1.03
0.99
0.96
0.90
0.83
0.78
0.77
0.73
0.72
0.78
0.78
0.84
0.85
0.85
0.87
0.86
0.77
0.77
0.84
0.88
0.87
0.87
0.90
0.89
0.90
0.88
0.80
0.79
0.79
0.80
0.80
0.79
0.78
0.78
0.79
0.80
0.82
0.82
1.05
1.19
1.26
1.26
1.24
1.22
1.15
1.08
1.04
1.03
1.02
1.01
0.98
0.93
0.99
1.01
0.99
0.97
0.99
1.01
1.03
1.02
1.05
1.02
0.97
0.76
0.67
0.62
0.77
0.76
0.83
0.89
0.85
0.86
0.89
0.93
0.90
0.90
0.91
0.87
0.89
0.88
0.88
0.91
0.85
0.81
0.81
0.74
0.71
0.76
0.56
0.47
0.26
0.03
0.04
0.09
0.14
0.19
0.15
0.18
0.22
0.31
0.30
0.23
0.30
0.27
0.26
0.26
0.25
0.27
0.27
0.25
0.28
0.24
0.25
0.21
0.27
0.29
0.28
0.32
0.54
0.60
0.52
0.57
0.53
0.56
0.52
0.61
0.53
0.64
0.51
0.64
0.54
0.62
0.51
0.55
0.54
0.53
0.61
0.54
0.78
0.68
0.67
0.66
0.69
0.73
0.68
0.70
0.53
