0.431737
0.043554
0.038569
0.038250
0.037955
0.037839
0.038043
0.038001
0.038399
0.037958
0.038355
0.037873
0.037885
0.037782
0.037875
0.038293
0.037863
0.038175
0.038121
0.038119
0.066457
0.042316
0.048421
0.039885
0.038606
0.041287
0.038362
0.038333
0.038606
0.038447
0.038181
0.038106
0.039462
0.038112
0.043646
0.038200
0.038562
0.038811
0.040121
0.039165
0.078969
0.046366
0.047899
0.045674
0.040714
0.038740
0.038995
0.038246
0.037978
0.038025
0.037997
0.040142
0.038713
0.038576
0.038454
0.037863
0.038531
0.040876
0.038137
0.038010
0.071466
0.039415
0.041681
0.039822
0.038752
0.038540
0.038286
0.038219
0.039904
0.039559
0.040682
0.041149
0.041155
0.039170
0.039437
0.039505
0.041191
0.038150
0.041823
0.045782
0.073165
0.039170
0.039894
0.039200
0.039050
0.039575
0.038541
0.038068
0.038387
0.038495
0.042774
0.040074
0.041105
0.041399
0.046743
0.040354
0.039624
0.038123
0.038049
0.038388
0.071872
0.038236
0.038755
0.038585
0.038663
0.038289
0.043619
0.047606
0.047862
0.044310
0.046112
0.041687
0.047999
0.048603
0.047995
0.048599
0.048363
0.048003
0.048804
0.048062
0.080661
0.042968
0.043112
0.043108
0.043012
0.042894
0.042759
0.043164
0.043088
0.043238
0.043210
0.043108
0.045944
0.045972
0.045806
0.045693
0.045971
0.042841
0.042955
0.042340
0.075880
0.041765
0.042147
0.042270
0.040844
0.041794
0.043047
0.039229
0.042786
0.043111
0.040647
0.045748
0.045366
0.043961
0.043684
0.043530
0.042317
0.042495
0.042309
0.042234
0.076053
0.042145
0.048769
0.047137
0.047265
0.047758
0.047493
0.046633
0.047343
0.049197
0.047980
0.047646
0.047421
0.047789
0.047908
0.048856
0.048451
0.048508
0.049217
0.050788
0.082836
0.048327
0.041209
0.041514
0.041284
0.042505
0.042285
0.041877
0.041434
0.042420
0.047768
0.048850
0.046861
0.042292
0.048461
0.048522
0.046278
0.046224
0.045028
0.047557
0.081320
0.046471
0.048936
0.047122
0.046451
0.046405
0.046103
0.046029
0.054674
0.048164
0.052900
0.046049
0.066538
0.049014
0.045879
0.044874
0.043449
0.038575
0.039295
0.037279
0.071332
0.037511
0.037496
0.037466
0.044909
0.038459
0.042896
0.042803
0.041313
0.040612
0.044208
0.046058
0.044232
0.042815
0.046097
0.043819
0.046230
0.045467
0.043403
0.044365
0.078565
0.039234
0.043984
0.041073
0.045152
0.049422
0.049701
0.040142
0.040236
0.039802
0.039754
0.039951
0.039902
0.039778
0.045899
0.045127
0.044603
0.047798
0.045764
0.047598
0.077853
0.039668
0.039515
0.039870
0.039566
0.046917
0.039866
0.048168
0.049122
0.047781
0.039011
0.038856
0.039430
0.040586
0.048266
0.048271
0.049124
0.050045
0.048215
0.047254
0.081840
0.041070
0.049298
0.041215
0.038926
0.042162
0.043664
0.043172
0.042967
0.040818
0.040207
0.045017
0.058197
0.057750
0.047315
0.046278
0.046358
0.044497
0.042637
0.044367
0.063978
0.046610
0.047574
0.040176
0.040253
0.040490
0.040545
0.040562
0.040464
0.040343
0.040315
0.040255
0.047215
0.046861
0.047179
0.048664
0.047606
0.038266
0.038210
0.038288
0.071758
0.038024
0.038190
0.038285
0.039619
0.039678
0.039636
0.039766
0.039434
0.039547
0.039505
0.039693
0.046514
0.047231
0.039736
0.039793
0.039519
0.044438
0.046770
0.043406
0.079120
0.039759
0.039842
0.039534
0.039844
0.040050
0.039898
0.039816
0.039722
0.039616
0.039557
0.039512
0.046756
0.046863
0.047879
0.039644
0.048537
0.038029
0.055839
0.037155
0.037335
0.037848
0.038337
0.055392
0.037451
0.055819
0.037945
0.038434
0.038808
0.039079
0.039318
0.039286
0.039414
0.039781
0.037346
0.038597
0.037602
0.037321
0.039502
0.040127
0.074229
0.043519
0.041059
0.041122
0.040578
0.043297
0.040185
0.040386
0.038755
0.038511
0.038569
0.038578
0.038675
0.038347
0.038623
0.038785
0.056660
0.038655
0.038652
0.038541
0.072567
0.038863
0.038788
0.038976
0.038942
0.041367
0.037712
0.037863
0.037741
0.037737
0.037750
0.038972
0.043870
0.044480
0.045087
0.042476
0.044717
0.043295
0.037690
0.037536
0.070841
0.037393
0.037679
0.037507
0.037348
0.037348
0.039150
0.039209
0.038798
0.039900
0.038934
0.038667
0.038850
0.038828
0.038959
0.038589
0.038532
0.038417
0.038784
0.037595
0.070662
0.037326
0.037317
0.039492
0.038785
0.038595
0.038121
0.038066
0.037961
0.037835
0.037831
0.037884
0.038095
0.038431
0.056176
0.038667
0.038870
0.039206
0.039126
0.036842
0.070383
0.037541
0.037098
0.045316
0.037439
0.037318
0.037375
0.037262
0.037534
0.037328
0.036786
0.036762
0.038463
0.038318
0.043320
0.039343
0.036835
0.037601
0.037416
0.039164
0.076659
0.040556
0.044985
0.041953
0.040197
0.039203
0.039086
0.039574
0.041865
0.049903
0.039077
0.039148
0.036892
0.038987
0.039280
0.038821
0.038917
0.038886
0.041858
0.040892
0.073953
0.039589
0.039345
0.039975
0.039361
0.040290
0.041204
0.046029
0.045405
0.049079
0.054137
0.039245
0.043209
0.039664
0.043489
0.037997
0.037812
0.037682
0.037853
0.039642
0.073131
0.039339
0.039602
0.040987
0.050488
0.049577
0.049477
0.050465
0.041198
0.039891
0.039639
0.039060
0.040443
0.039500
0.039616
0.039435
0.040956
0.048035
0.050421
0.039445
0.074300
0.040844
0.040822
0.042113
0.041529
0.041083
0.038973
0.038867
0.039011
0.036753
0.039394
0.039363
0.036840
0.036984
0.037093
0.038166
0.038057
0.038011
0.038182
0.041335
0.072352
0.039739
0.039698
0.039393
0.042339
0.040781
0.048486
0.048539
0.045066
0.037379
0.037390
0.039421
0.037536
0.037465
0.039769
0.037439
0.038613
0.039247
0.043032
0.043024
0.077790
0.038360
0.038513
0.040065
0.042423
0.038798
0.040566
0.039917
0.044096
0.043651
0.041551
0.041470
0.040428
0.044259
0.039467
0.037321
0.037293
0.037701
0.039724
0.039726
0.071375
0.039903
0.040864
0.040402
0.040725
0.038717
0.042055
0.041708
0.039378
0.038097
0.037564
0.046030
0.044080
0.039248
0.037994
0.037443
0.037346
0.038173
0.037861
0.039611
0.078047
0.038716
0.037291
0.037124
0.041998
0.042383
0.037320
0.037158
0.037018
0.037280
0.043624
0.038728
0.037283
0.037159
0.037286
0.038016
0.038923
0.036860
0.036621
0.036660
0.070281
0.037258
0.037618
0.038453
0.037534
0.038385
0.042101
0.038399
0.038621
0.038779
0.038967
0.038793
0.041214
0.040555
0.040560
0.040742
0.039335
0.041180
0.045328
0.039370
0.073268
0.039483
0.046289
0.042307
0.044122
0.039422
0.040599
0.043973
0.039885
0.039328
0.039164
0.041831
0.040892
0.045806
0.041167
0.040047
0.040233
0.040291
0.042362
0.043777
0.076023
0.039585
0.039633
0.045292
0.050284
0.039682
0.039555
0.041071
0.041259
0.039191
0.039282
0.040442
0.039768
0.039593
0.039006
0.039482
0.039701
0.037460
0.037619
0.038858
0.071247
0.042791
0.040093
0.040202
0.039919
0.040282
0.039848
0.037463
0.039761
0.039534
0.039512
0.039368
0.041068
0.049598
0.048473
0.046783
0.039310
0.039238
0.039593
0.043259
0.076118
0.039439
0.040066
0.042724
0.045320
0.051176
0.050089
0.038981
0.044397
0.050343
0.045100
0.037547
0.036905
0.037042
0.037723
0.042954
0.042620
0.037640
0.039144
0.043273
0.075722
0.044441
0.043082
0.043565
0.042315
0.040612
0.039844
0.037381
0.037359
0.037746
0.046056
0.042853
0.038798
0.038923
0.037406
0.037319
0.045187
0.039831
0.044377
0.044447
0.073264
0.039891
0.040223
0.040907
0.040551
0.039546
0.046778
0.042155
0.051987
0.039840
0.042194
0.044147
0.039675
0.041273
0.042148
0.040187
0.049732
0.044802
0.053360
0.042626
0.077584
0.039582
0.044753
0.049911
0.044389
0.040255
0.039611
0.039819
0.057979
0.046196
0.041921
0.042641
0.042560
0.041100
0.039701
0.040115
0.040156
0.040596
0.040317
0.037730
0.074747
0.043496
0.049571
0.041111
0.040648
0.041628
0.042978
0.048298
0.047249
0.048946
0.045683
0.044701
0.044874
0.040898
0.039464
0.038795
0.039043
0.038819
0.041248
0.039351
0.073197
0.039476
0.039717
0.041690
0.039647
0.037501
0.038426
0.038392
0.038957
0.040485
0.040465
0.039861
0.041070
0.042855
0.041698
0.041305
0.038317
0.037153
0.041798
0.042209
0.075613
0.043136
0.040764
0.044800
0.043346
0.041920
0.039688
0.040100
0.042272
0.041671
0.040949
0.043031
0.050177
0.040565
0.040451
0.040606
0.040118
0.041631
0.041088
0.044883
0.082629
0.044502
0.041556
0.042911
0.043561
0.047302
0.043594
0.045055
0.040126
0.041743
0.039788
0.044070
0.042908
0.042854
0.043770
0.043850
0.038540
0.039154
0.037732
0.037606
0.071338
0.037569
0.038800
0.040179
0.037253
0.037392
0.038131
0.044554
0.037658
0.038007
0.040720
0.042157
0.039976
0.040994
0.040006
0.059140
0.057808
0.043458
0.045140
0.041127
0.073105
0.038638
0.038633
0.038921
0.039847
0.043967
0.038195
0.037794
0.038007
0.037596
0.037610
0.037367
0.038299
0.046535
0.040732
0.038464
0.038841
0.038557
0.038441
0.038996
0.076666
0.039104
0.037703
0.037703
0.045855
0.042744
0.036885
0.036739
0.036900
0.037382
0.040010
0.043739
0.043007
0.037635
0.037505
0.040234
0.049105
0.040195
0.044950
0.037414
0.076621
0.040562
0.037679
0.037935
0.043140
0.037385
0.037339
0.036998
0.040439
0.037077
