0.405115
0.040115
0.040138
0.041745
0.040143
0.040097
0.041465
0.040219
0.041167
0.040114
0.040946
0.041034
0.050174
0.040961
0.041054
0.040922
0.040999
0.040982
0.049747
0.041248
0.069210
0.041188
0.041103
0.041275
0.041564
0.048430
0.040918
0.041581
0.041443
0.041116
0.040951
0.041061
0.040776
0.041169
0.041596
0.041509
0.041866
0.042100
0.041945
0.041575
0.075377
0.041742
0.041409
0.041424
0.041942
0.041595
0.042005
0.040501
0.040293
0.040206
0.040222
0.040154
0.052393
0.043430
0.042188
0.041253
0.040989
0.040811
0.041323
0.040980
0.074174
0.041130
0.041792
0.040660
0.040733
0.041006
0.040921
0.040899
0.040874
0.040869
0.041796
0.047047
0.041497
0.041104
0.041161
0.038820
0.041535
0.041340
0.041464
0.041740
0.072340
0.039104
0.043368
0.045697
0.043269
0.040596
0.041806
0.039156
0.041563
0.039294
0.038157
0.041046
0.041570
0.042387
0.039575
0.041136
0.041916
0.041156
0.042597
0.044217
0.075520
0.041361
0.041345
0.042642
0.041218
0.041085
0.041348
0.041313
0.041766
0.044284
0.043824
0.040910
0.040865
0.043240
0.042966
0.042504
0.038913
0.042029
0.041457
0.060223
0.074740
0.041281
0.038732
0.052673
0.040104
0.039100
0.039395
0.038888
0.038623
0.038747
0.038855
0.041522
0.046234
0.041553
0.038628
0.042454
0.039861
0.057814
0.057987
0.044773
0.073190
0.039607
0.039642
0.041951
0.040001
0.041148
0.040065
0.040116
0.043458
0.038210
0.046740
0.051048
0.041393
0.038840
0.042911
0.041546
0.041082
0.040999
0.041201
0.041693
0.074548
0.040842
0.042084
0.053494
0.041216
0.041666
0.042511
0.040531
0.041258
0.040598
0.041897
0.042341
0.041180
0.041268
0.041087
0.039653
0.038317
0.038354
0.038460
0.038456
0.073648
0.038722
0.038586
0.038830
0.038791
0.039114
0.038515
0.038541
0.038469
0.039597
0.038276
0.042665
0.040474
0.040632
0.039854
0.044055
0.044303
0.038628
0.038580
0.038160
0.071864
0.039312
0.046453
0.039493
0.041422
0.039140
0.039905
0.042143
0.050964
0.042068
0.043082
0.042070
0.041529
0.041830
0.047510
0.040416
0.039559
0.038315
0.040468
0.039111
0.072703
0.039384
0.039079
0.039060
0.039054
0.038969
0.043094
0.049302
0.046588
0.049585
0.041404
0.041120
0.044665
0.049180
0.044889
0.047515
0.040539
0.041674
0.042326
0.040337
0.074150
0.042011
0.040164
0.040194
0.040260
0.040278
0.045379
0.040696
0.040727
0.040649
0.041977
0.040190
0.041485
0.040032
0.039852
0.042072
0.040034
0.042462
0.040642
0.040719
0.074289
0.041094
0.040519
0.039934
0.039739
0.040375
0.050379
0.046627
0.042415
0.043510
0.044662
0.041426
0.045437
0.042732
0.041402
0.042057
0.041287
0.041269
0.043077
0.042151
0.074888
0.062333
0.058101
0.040578
0.040285
0.039993
0.041675
0.041686
0.040290
0.040648
0.047746
0.043180
0.041111
0.040630
0.042916
0.042952
0.041392
0.043043
0.048586
0.041437
0.072611
0.038973
0.043341
0.044768
0.039286
0.041448
0.039536
0.039346
0.039551
0.039775
0.040533
0.046267
0.043989
0.043705
0.039668
0.039518
0.039274
0.039240
0.040516
0.043489
0.086517
0.052073
0.047689
0.042450
0.053452
0.051725
0.052319
0.048531
0.043266
0.044566
0.043276
0.042747
0.040770
0.052449
0.040957
0.043316
0.043669
0.054257
0.051609
0.051893
0.076332
0.043440
0.045637
0.053536
0.044264
0.041029
0.046380
0.046862
0.052348
0.050722
0.052736
0.050438
0.050165
0.043097
0.047367
0.050438
0.049762
0.048788
0.050262
0.046653
0.075962
0.042261
0.040411
0.059721
0.039053
0.039234
0.057695
0.057521
0.040141
0.040248
0.040444
0.040653
0.040624
0.042483
0.040692
0.041388
0.041497
0.041598
0.042452
0.043470
0.074418
0.040691
0.038379
0.041760
0.047033
0.042695
0.038826
0.042663
0.043295
0.052380
0.041147
0.042180
0.049416
0.041943
0.040474
0.040282
0.040110
0.041222
0.040578
0.048152
0.081645
0.041790
0.044247
0.044654
0.039870
0.040412
0.040791
0.039613
0.040408
0.040143
0.043883
0.039449
0.039524
0.038176
0.040455
0.046464
0.042339
0.044698
0.043740
0.040699
0.074407
0.039427
0.039255
0.039376
0.039182
0.041027
0.040252
0.039616
0.043954
0.044301
0.043091
0.042828
0.040448
0.039765
0.039952
0.041476
0.039981
0.039740
0.039655
0.039914
0.074202
0.039740
0.039304
0.039633
0.039960
0.040539
0.040013
0.040160
0.039680
0.040512
0.041436
0.040731
0.040684
0.040717
0.040437
0.040750
0.040387
0.039948
0.039982
0.040316
0.073994
0.040358
0.040174
0.040980
0.040621
0.040380
0.057846
0.057337
0.057326
0.057410
0.059363
0.057949
0.057809
0.057690
0.041166
0.040182
0.039868
0.040168
0.040332
0.040206
0.073758
0.040275
0.040308
0.058016
0.043793
0.040760
0.041538
0.040530
0.043398
0.042407
0.040187
0.040102
0.040261
0.040377
0.040490
0.040471
0.041213
0.043537
0.038354
0.041335
0.071991
0.040860
0.039843
0.038413
0.038541
0.038207
0.041410
0.053648
0.040914
0.045537
0.044287
0.052856
0.071669
0.053098
0.040229
0.039943
0.043972
0.041869
0.041803
0.039195
0.072430
0.039099
0.038321
0.041248
0.040514
0.040570
0.040932
0.041208
0.040451
0.040675
0.040538
0.039369
0.058708
0.058335
0.041262
0.038748
0.038898
0.038933
0.039152
0.038955
0.073053
0.039036
0.038991
0.038743
0.041913
0.040819
0.040594
0.041945
0.040102
0.039783
0.039929
0.040199
0.040511
0.039640
0.039464
0.039777
0.039950
0.039970
0.040179
0.039948
0.074160
0.041589
0.041214
0.041180
0.039268
0.038379
0.038818
0.039508
0.038890
0.038677
0.039681
0.038864
0.038984
0.038809
0.038591
0.038841
0.038700
0.039825
0.044416
0.039041
0.073891
0.039232
0.039902
0.039264
0.039359
0.039154
0.039102
0.039269
0.040359
0.039173
0.039195
0.039102
0.039129
0.041220
0.039099
0.039175
0.040196
0.040172
0.040192
0.042970
0.075717
0.042366
0.043573
0.044626
0.042105
0.043623
0.042396
0.043564
0.050886
0.042238
0.044948
0.041888
0.040733
0.040762
0.042564
0.058326
0.040769
0.058183
0.041193
0.044312
0.073053
0.039160
0.040672
0.039699
0.039303
0.039314
0.039465
0.039410
0.039423
0.040361
0.057227
0.040013
0.039345
0.038863
0.041438
0.038851
0.038710
0.041694
0.039623
0.039001
0.072473
0.038792
0.039189
0.039001
0.039026
0.040475
0.038868
0.040726
0.039402
0.039319
0.039341
0.040461
0.040780
0.040447
0.040672
0.040361
0.040338
0.042232
0.045579
0.042226
0.075937
0.044849
0.042444
0.042336
0.042422
0.042802
0.043447
0.043833
0.043434
0.044311
0.042763
0.045150
0.045738
0.043940
0.043875
0.043627
0.040129
0.040021
0.039868
0.039795
0.073739
0.039924
0.042812
0.043354
0.042756
0.042584
0.040080
0.040115
0.040234
0.040131
0.040846
0.039798
0.038745
0.038523
0.038593
0.038655
0.038500
0.040988
0.040885
0.040681
0.075391
0.040866
0.041120
0.041751
0.042865
0.041909
0.041604
0.041713
0.041417
0.041560
0.042093
0.039800
0.039087
0.038934
0.038965
0.039292
0.058228
0.041462
0.039304
0.038996
0.072599
0.040989
0.039190
0.042130
0.041579
0.041429
0.042749
0.041560
0.041178
0.041940
0.043417
0.041538
0.041560
0.041329
0.041592
0.041453
0.041426
0.041555
0.041405
0.041748
0.076643
0.041870
0.043068
0.041358
0.042577
0.041271
0.042480
0.041504
0.041891
0.042869
0.041047
0.042160
0.040799
0.043356
0.042593
0.043786
0.043197
0.040061
0.040172
0.044503
0.076793
0.039884
0.040296
0.040476
0.044221
0.040332
0.040128
0.040726
0.041884
0.044132
0.041824
0.042110
0.042457
0.042506
0.042315
0.042376
0.055939
0.038614
0.038598
0.038686
0.072318
0.040194
0.038743
0.039438
0.040175
0.046114
0.041289
0.039041
0.039217
0.040034
0.038966
0.039197
0.039876
0.040277
0.040237
0.040207
0.039829
0.039722
0.040359
0.040537
0.077316
0.040707
0.041101
0.039403
0.042956
0.041738
0.038533
0.038483
0.041172
0.038648
0.038519
0.039683
0.039246
0.041624
0.040902
0.040022
0.041302
0.040447
0.044058
0.040072
0.077652
0.045872
0.041476
0.039044
0.039598
0.041671
0.040803
0.045107
0.042915
0.039978
0.038764
0.040583
0.046203
0.046373
0.047961
0.047967
0.046135
0.039832
0.050663
0.042635
0.072799
0.045656
0.045515
0.047519
0.054485
0.041210
0.043328
0.043276
0.051034
0.040507
0.041534
0.050452
0.043115
0.042749
0.042352
0.056603
0.038980
0.042324
0.039174
0.042645
0.069087
0.046925
0.054416
0.052894
0.060396
0.039646
0.047934
0.047676
0.048296
0.049079
0.048297
0.041403
0.041329
0.041496
0.041516
0.043866
0.047443
0.045083
0.041866
0.043501
0.081926
0.041216
0.048543
0.041088
0.047020
0.049896
0.042329
0.043606
0.041344
0.041172
0.043840
0.041903
0.040823
0.047460
0.048639
0.041214
0.041204
0.049141
0.046077
0.053018
0.082497
0.045248
0.045722
0.044202
0.049200
0.045605
0.046063
0.041598
0.043340
0.041624
0.047004
0.049761
0.041661
0.041642
0.050251
0.050068
0.039955
0.039840
0.039940
0.042585
0.073444
0.040041
0.040035
0.041127
0.039880
0.039870
0.040027
0.040016
0.041863
0.047632
0.040929
0.040985
0.042566
0.041095
0.041214
0.044444
0.041897
0.041703
0.041301
0.048577
0.074418
0.040496
0.043264
0.039582
0.039693
0.040274
0.039741
0.039523
0.039724
0.039721
0.039786
0.039801
0.041387
0.041974
0.041505
0.041021
0.053433
0.040181
0.042388
0.043052
0.074163
0.041793
0.040274
0.042725
0.043254
0.040978
0.040966
0.039680
0.043197
0.040503
0.040351
0.040180
0.042420
0.040087
0.040232
0.040864
0.043144
0.043519
0.042187
0.040080
0.079384
0.040316
0.039914
0.057324
0.039963
0.040299
0.040236
0.039884
0.039856
0.039694
0.040032
0.039943
0.040172
0.039913
0.040188
0.040530
0.043805
0.043093
0.040902
0.042536
0.086503
0.048537
0.047500
0.045557
0.047674
0.048702
0.047819
0.048379
0.050158
0.050742
0.051473
0.043605
0.052970
0.053411
0.046838
0.043925
0.040572
0.040312
0.044075
0.044426
0.080614
0.045216
0.041975
0.040597
0.041003
0.039780
0.039558
0.040066
0.039946
0.039693
0.039938
0.039991
0.041478
0.039640
0.039586
0.039645
0.039239
0.039865
0.042646
0.041591
0.075273
0.040829
0.041337
0.041296
0.041711
0.048550
0.046262
0.042664
0.048548
0.048445
0.048447
0.050434
0.041065
0.042493
0.041435
0.042636
0.042456
0.043378
0.040654
0.040838
0.074731
0.048376
0.048167
0.048751
0.049236
0.049775
0.050172
0.049640
0.049905
0.049798
0.050126
0.059811
0.065143
0.052981
0.066868
0.053765
0.052189
0.052086
0.049322
0.048735
0.083537
0.050233
0.050367
0.048599
0.049055
0.056221
0.052216
0.050874
0.051862
0.049348
0.051279
0.040960
0.040419
0.040784
0.040378
0.040445
0.040766
0.040371
0.040342
0.044520
0.085347
0.051395
0.040780
0.041068
0.040527
0.040296
0.040896
0.043986
0.044963
0.044616
0.044665
0.040256
0.042896
0.041266
0.040236
0.039335
0.039047
0.039090
0.039344
0.039025
0.073287
0.040172
0.040463
0.047683
0.038746
0.040451
0.046538
0.047134
0.045475
0.044915
0.047618
0.043546
0.042584
0.048865
0.045328
0.043914
0.039602
0.040235
0.039641
0.039848
0.073178
0.039921
0.039728
0.039693
0.039921
0.039727
0.039675
0.040007
0.039639
0.039766
0.039526
0.039376
0.039685
0.039791
0.043746
0.049120
0.044473
0.050004
0.040367
0.038800
0.072352
0.039185
0.038924
0.039008
0.038882
0.039000
0.039019
0.038864
0.038834
0.038956
0.040376
0.039512
0.039069
0.042109
0.043596
0.051711
0.042137
0.042365
0.039787
0.045326
0.075268
0.042724
0.046266
0.042417
0.045987
0.046855
0.045260
0.041595
0.040219
0.040285
0.040475
0.040122
0.039773
0.039651
0.039523
0.039251
0.039186
0.039414
0.039196
0.039156
0.072992
0.039126
0.039346
0.040150
0.039103
0.039136
0.039047
0.040910
0.039205
0.039196
0.040229
0.043828
0.038777
0.038781
0.038922
0.040208
0.039262
0.040192
0.039516
0.039866
0.075726
0.040569
0.042475
0.039515
0.039340
0.039515
0.039035
0.038889
0.039040
0.038999
0.038861
0.038885
0.039139
0.039263
0.038796
0.038986
0.038965
0.039093
0.038838
0.038905
0.085794
0.049022
0.040086
0.039262
0.042041
0.042339
0.042493
0.047900
0.041911
0.039532
0.039518
0.039437
0.039647
0.040022
0.040048
0.039380
0.039590
0.039336
0.040144
0.046735
0.073667
0.038885
0.040569
0.042672
0.043192
0.039251
0.040262
0.046921
0.042508
0.043902
0.050818
0.042581
0.044273
0.039743
0.041515
0.039655
0.039478
0.039645
0.040955
0.039269
0.074822
0.039081
0.039237
0.039108
0.043474
0.039153
0.038913
0.039233
0.038558
0.038624
0.040686
0.038374
0.042088
0.040666
0.044224
0.043407
0.040966
0.045157
0.046418
0.041284
0.078501
0.049250
0.046623
0.047338
0.038658
0.040130
0.038682
0.038759
0.038653
0.038835
0.039129
0.038795
0.039358
0.039259
0.039180
0.039024
0.038988
0.038864
0.039066
0.039157
0.072640
0.039220
0.038999
0.039419
0.039074
0.038903
0.039110
0.039058
0.039151
0.039011
0.039194
0.039154
0.039072
0.039165
0.039044
0.039083
0.039069
0.039107
0.039300
0.039884
0.076900
0.052216
0.046526
0.039530
0.046014
0.040640
0.046321
0.039011
0.042852
0.046928
0.049275
0.047609
0.047310
0.047518
0.047154
0.044551
0.044510
0.045256
0.045378
0.043932
0.079957
0.045370
0.045907
0.044807
0.046849
0.046689
0.046866
0.046472
0.054621
0.045233
0.053680
0.050845
0.044599
0.051650
0.052347
0.052619
0.052003
0.052787
0.053828
0.044075
0.078004
0.044744
0.044982
0.044789
0.044041
0.040220
0.040762
0.041042
0.051341
0.051798
0.053352
0.061869
0.058314
0.055925
0.051220
0.049315
0.052355
0.049567
0.050724
0.049579
0.085016
0.054028
0.049386
0.043257
0.047861
0.054511
0.052599
0.047851
0.055113
0.050040
0.050534
