254	324	60	121
254	322	62	127
253	321	61	126
253	322	62	126
253	322	60	124
256	323	58	125
253	324	60	128
254	324	61	123
255	324	57	128
255	324	61	127
255	324	61	123
255	322	59	129
253	323	61	128
253	323	62	124
254	322	62	124
256	322	60	126
255	323	58	125
255	324	61	126
254	324	63	126
259	322	62	130
265	316	61	139
270	311	60	142
276	307	58	141
279	302	69	143
287	304	67	132
294	306	65	120
297	310	68	123
304	311	68	125
309	313	65	123
314	315	65	112
317	320	67	104
320	323	65	105
319	327	69	129
323	325	68	149
327	325	70	151
327	325	73	155
333	320	72	165
341	326	70	162
348	332	66	155
353	337	64	153
353	337	67	156
357	343	64	148
357	327	64	150
354	339	69	157
358	343	67	155
360	326	67	172
359	336	72	166
364	342	70	160
367	345	68	157
369	350	68	152
369	349	71	154
371	331	67	146
371	343	67	159
370	352	70	149
370	349	69	154
368	348	70	158
369	351	71	153
370	348	66	156
367	348	71	157
370	351	69	153
370	351	67	154
371	352	65	153
369	353	69	151
368	352	70	154
369	337	68	170
368	350	71	154
366	347	69	162
364	349	70	158
363	349	72	153
362	349	72	151
362	345	69	155
359	336	70	159
357	326	73	162
354	324	73	165
346	300	83	178
346	309	81	169
347	306	80	166
347	311	81	162
349	283	79	180
352	274	75	194
350	252	78	218
352	246	75	225
352	251	76	219
352	249	81	226
352	245	80	240
360	238	66	205
355	242	78	194
352	249	87	208
351	246	102	192
356	241	88	174
362	246	80	162
358	244	86	165
359	242	86	164
357	252	94	158
363	244	82	163
361	243	75	169
363	242	69	169
359	247	71	161
353	247	74	160
351	245	72	167
355	246	68	167
352	244	73	168
357	245	69	170
358	248	71	167
358	248	74	170
360	241	74	165
362	231	81	158
363	236	96	137
372	227	92	141
378	221	86	140
399	214	64	142
398	207	67	149
388	209	85	136
384	202	93	142
382	200	93	144
380	189	98	153
385	195	102	141
337	220	110	119
340	241	114	97
334	237	114	99
337	232	109	107
367	191	119	123
339	216	105	126
365	187	109	146
361	178	127	149
377	175	119	147
340	189	107	154
383	171	100	155
340	188	102	154
372	174	104	163
343	179	99	161
339	176	101	167
380	170	89	150
345	180	92	165
387	163	60	172
390	174	52	165
444	161	45	154
373	233	55	144
372	231	69	130
389	167	56	137
389	179	57	135
392	167	55	141
391	175	55	155
392	172	52	139
392	181	51	131
368	192	70	147
392	186	79	131
394	182	88	142
362	188	116	137
371	195	98	135
370	193	100	142
367	197	95	142
353	203	105	140
351	208	103	140
349	223	102	131
345	232	87	135
343	242	83	138
342	245	84	145
338	247	85	152
339	245	83	157
335	247	88	157
338	246	81	159
335	246	89	156
335	245	88	157
335	246	88	154
333	245	93	155
339	248	84	153
337	244	88	155
339	250	85	150
343	246	84	151
345	245	85	150
346	249	98	144
349	249	104	139
354	245	102	138
352	242	110	138
355	239	115	136
357	234	131	135
360	234	141	130
355	231	151	130
353	226	157	131
353	225	174	131
357	217	179	136
356	215	180	137
375	208	163	143
388	206	149	140
393	205	147	139
396	204	141	136
398	196	137	141
396	194	141	144
396	193	139	144
395	189	137	154
390	179	142	166
391	181	140	163
366	181	129	157
387	180	99	156
410	157	115	169
397	162	125	181
380	165	109	173
388	160	98	175
391	160	92	169
406	159	114	174
394	159	133	188
387	159	135	179
385	158	147	183
385	166	118	165
382	167	101	166
397	169	116	167
385	181	97	149
388	184	91	149
386	185	93	151
388	192	96	143
394	190	88	147
394	192	92	145
392	194	95	143
396	197	87	140
416	187	101	151
409	192	102	150
400	192	118	150
395	196	135	149
395	197	138	148
400	199	128	149
400	204	132	153
402	204	120	149
403	214	113	146
397	218	113	147
407	222	92	146
394	227	93	144
389	233	86	148
386	241	78	152
380	250	78	161
375	250	72	167
371	249	71	173
365	246	73	158
369	283	72	170
367	289	69	173
363	281	52	183
362	295	49	170
364	305	43	159
363	310	47	152
360	316	61	149
358	330	61	131
360	333	54	130
359	325	53	137
356	327	57	135
356	329	56	132
352	328	62	132
353	318	62	140
355	304	62	157
356	320	62	138
354	321	65	138
358	321	62	139
361	319	60	142
360	312	62	152
364	322	59	140
359	311	65	154
365	322	59	139
362	313	63	151
364	324	60	138
356	330	75	128
354	319	81	125
351	311	83	125
352	313	76	114
354	317	60	100
358	321	44	91
389	281	56	107
365	277	76	120
364	297	86	133
363	266	89	134
361	293	98	159
372	299	90	168
372	303	92	172
374	309	87	165
370	322	89	152
366	336	89	145
360	344	79	152
355	366	77	150
347	381	75	155
341	401	76	137
329	412	88	134
316	458	77	118
346	235	86	111
360	246	71	98
355	247	77	97
355	245	78	98
355	246	77	96
355	245	77	98
354	247	78	95
354	248	79	96
354	246	77	97
354	244	77	98
353	245	80	96
352	247	81	95
353	247	80	95
354	246	79	98
354	250	79	90
351	249	81	94
315	443	73	102
317	416	77	119
319	388	84	143
316	358	93	160
321	338	92	158
329	318	90	157
339	289	91	181
349	281	87	179
356	269	87	193
359	255	89	206
360	249	89	215
361	248	93	220
363	248	92	223
367	253	92	220
363	241	96	230
380	283	91	192
375	294	105	179
373	294	110	170
376	292	104	170
376	297	104	167
378	296	95	169
378	300	94	167
377	303	86	167
381	300	82	167
378	304	86	166
375	308	91	159
366	302	92	166
359	302	87	160
355	303	85	166
354	300	82	171
355	294	82	175
362	308	86	163
367	306	86	166
367	308	80	165
374	303	74	168
375	306	77	164
378	307	79	166
384	308	80	167
385	310	90	157
390	311	90	160
391	310	88	156
386	314	91	153
384	313	93	156
382	313	85	156
382	312	85	155
374	314	87	154
367	303	82	166
355	293	79	179
338	289	97	181
327	279	103	194
324	256	87	168
326	260	76	142
327	263	61	138
314	258	69	139
315	256	71	134
330	258	67	139
347	250	75	148
342	249	75	150
334	258	66	140
337	257	64	140
350	247	74	155
361	247	72	153
365	248	79	141
381	236	77	132
420	215	60	135
453	192	57	135
472	179	54	130
477	168	50	127
475	161	52	130
479	159	49	132
481	163	45	132
471	172	52	134
452	190	59	134
427	211	64	135
405	228	67	135
387	243	70	134
363	246	73	130
359	261	72	140
349	264	88	148
344	277	95	143
334	276	97	136
330	292	106	121
326	292	108	119
328	289	104	125
341	310	94	128
330	290	107	137
335	276	103	144
354	255	83	159
358	279	84	159
328	282	104	152
373	322	85	165
339	290	92	146
347	294	91	133
350	299	88	131
361	301	77	134
365	302	79	126
369	297	81	129
381	298	68	123
390	292	62	125
400	287	56	125
411	278	52	136
427	266	47	152
437	254	53	138
451	246	49	129
459	235	49	126
472	228	39	118
473	220	41	121
471	217	42	109
468	215	41	109
465	211	39	109
458	211	40	110
449	214	43	106
443	220	39	96
434	217	41	94
429	216	40	96
425	217	38	93
421	215	36	90
419	214	33	91
424	213	23	91
426	221	19	91
407	214	25	91
400	204	35	94
395	214	39	101
388	216	45	101
386	216	46	101
383	216	48	105
378	218	54	112
394	205	39	109
389	216	45	121
380	216	54	115
373	211	60	119
383	218	61	118
369	215	68	108
356	219	79	124
383	205	58	128
373	212	60	133
366	219	67	125
379	198	66	140
363	213	71	131
380	195	61	141
373	215	61	129
384	203	57	134
376	214	56	131
390	204	46	130
386	216	47	126
382	218	50	124
374	222	59	120
357	234	77	110
376	216	59	109
361	219	73	124
356	229	77	115
361	240	72	104
355	227	80	116
353	241	82	101
371	219	87	118
361	234	81	109
355	223	80	118
353	241	81	104
356	229	79	115
355	215	81	128
361	234	74	110
364	214	69	129
356	223	78	121
358	220	75	122
357	240	78	104
352	248	83	94
352	227	80	114
350	237	85	106
347	245	89	97
310	189	70	98
299	192	56	87
299	185	50	91
286	182	52	95
265	183	67	93
266	176	68	104
264	176	65	105
260	179	60	104
260	181	62	105
260	181	67	107
263	187	65	103
262	196	60	115
268	198	57	128
275	205	55	130
280	212	58	134
285	225	58	134
293	232	58	139
307	243	53	141
312	250	56	148
316	258	61	154
322	264	60	149
326	270	59	144
329	272	62	145
333	275	62	146
338	278	60	147
342	279	62	148
346	279	60	148
350	279	66	152
356	270	66	163
360	270	70	164
361	253	75	183
364	244	74	193
366	241	76	196
382	285	72	198
374	243	79	198
394	286	61	212
380	257	78	218
390	284	69	210
374	252	84	212
379	240	81	195
377	170	93	200
430	186	67	210
437	175	72	234
449	163	72	237
456	152	70	235
463	152	53	230
454	146	58	234
448	159	54	247
427	165	61	254
408	170	61	251
396	238	64	227
376	249	71	198
367	266	69	204
353	249	78	224
353	254	77	222
354	267	68	217
353	255	72	214
353	277	68	203
348	310	70	169
350	330	66	145
345	338	78	136
340	340	78	131
332	344	72	122
322	348	83	126
348	358	87	117
355	246	79	97
314	368	95	84
308	376	105	92
323	369	132	101
310	362	150	112
311	369	150	98
314	360	149	112
315	358	155	114
319	359	156	110
323	360	151	111
327	358	154	110
338	355	139	115
341	354	131	118
344	349	116	120
344	343	89	121
352	341	73	125
357	341	69	111
355	340	78	99
361	344	69	80
358	347	83	82
353	342	87	80
350	339	87	64
347	327	90	73
346	316	83	72
341	307	83	67
343	296	72	73
354	320	69	83
352	300	62	95
351	290	62	108
347	289	66	124
346	285	69	134
344	273	80	151
346	262	85	165
350	244	79	193
349	246	83	204
352	244	80	230
351	241	79	237
352	241	82	236
356	240	75	241
355	243	79	237
354	245	82	233
354	243	83	237
370	249	90	239
353	243	86	234
356	239	81	238
357	241	79	241
358	242	78	239
356	259	87	216
361	245	76	230
355	244	81	234
355	242	84	236
360	240	74	237
357	244	81	234
356	241	83	232
357	255	85	222
356	243	81	226
361	246	79	247
360	240	79	238
363	257	73	244
360	245	79	246
371	292	69	231
376	296	75	233
379	305	88	213
384	290	79	220
356	239	95	210
357	241	96	197
358	242	97	196
368	249	91	194
378	262	78	177
395	272	61	164
364	242	81	159
360	245	99	143
365	271	99	133
381	275	85	127
393	281	77	127
384	274	75	132
394	282	81	122
372	280	105	128
387	288	97	116
369	294	115	109
353	295	135	104
380	303	115	101
358	258	99	123
366	292	117	122
385	312	108	97
354	271	114	111
358	261	91	124
364	290	89	144
356	271	80	154
345	298	98	155
348	288	106	175
344	277	109	203
345	243	97	234
347	239	87	240
351	236	83	247
351	235	85	246
348	237	86	245
349	235	85	247
345	236	92	248
343	240	93	236
345	241	94	240
346	238	90	243
347	236	88	245
349	237	87	247
349	234	90	249
348	238	86	245
347	235	91	249
350	235	88	249
349	237	88	247
347	236	93	249
348	237	92	249
347	239	97	248
346	243	98	239
346	240	94	245
347	240	92	250
350	237	88	248
348	236	87	257
349	236	88	246
352	235	79	258
350	237	82	252
347	236	84	257
351	236	80	263
350	238	80	254
348	241	84	253
355	238	74	235
354	238	76	228
351	238	79	236
358	238	70	202
359	240	68	180
360	245	65	170
356	243	74	176
356	243	74	176
357	244	72	167
356	244	76	171
354	245	78	163
355	243	78	174
353	245	81	178
355	245	78	169
353	247	81	165
358	255	78	169
354	241	79	174
350	247	89	178
355	242	80	179
353	245	83	165
355	243	81	176
349	266	97	177
352	243	84	174
351	253	91	166
354	243	84	178
354	243	82	178
355	242	80	188
354	245	80	168
354	245	81	160
355	245	80	161
355	244	78	165
351	244	84	181
348	244	90	189
350	243	87	190
354	244	81	201
359	243	77	199
353	243	82	197
354	240	79	209
355	237	76	201
353	238	78	187
353	237	81	201
354	239	78	188
357	239	74	180
357	242	74	167
357	243	74	156
357	243	73	160
357	244	75	156
355	243	78	168
355	241	78	165
355	241	79	174
356	242	77	174
358	243	75	169
356	243	76	167
354	244	80	158
357	242	75	167
359	241	73	193
357	240	77	195
354	244	79	188
355	248	81	183
359	243	77	196
352	244	86	214
351	241	86	250
354	233	83	240
356	236	80	267
360	229	70	237
355	237	81	225
353	241	79	195
354	242	81	186
355	242	79	184
354	245	78	169
355	245	78	158
354	242	79	158
354	240	78	164
357	240	75	163
355	240	79	174
358	240	74	177
357	241	75	168
357	243	75	167
358	242	73	167
357	242	75	167
358	242	74	164
355	241	78	160
354	241	79	157
354	240	77	156
351	238	80	172
354	239	76	164
351	239	79	163
351	241	79	156
354	240	74	161
352	242	73	157
352	243	75	157
353	241	74	159
351	243	77	160
353	242	73	162
354	244	72	159
353	241	76	161
355	242	77	167
359	242	71	165
356	243	75	164
355	245	75	166
355	244	75	167
354	242	75	188
302	245	79	189
335	240	101	174
354	232	77	182
359	230	79	176
358	230	82	179
355	226	93	173
359	228	99	170
358	229	107	147
343	249	105	163
354	239	103	176
354	231	129	181
331	260	107	176
349	247	87	171
356	253	61	155
360	246	58	165
358	242	61	176
358	240	60	186
358	241	53	209
359	238	46	230
381	242	65	219
357	239	80	197
348	242	83	211
352	242	83	202
355	243	80	208
354	237	81	216
357	241	77	211
353	237	80	216
352	242	84	208
356	242	78	211
354	239	81	212
354	243	81	209
356	239	76	214
354	238	80	213
353	241	81	213
354	239	79	211
353	241	79	210
351	238	85	224
353	238	79	219
353	239	82	213
354	242	81	196
356	240	79	212
350	237	85	229
351	241	88	217
353	240	82	219
350	239	87	215
348	242	90	209
348	240	88	213
344	243	94	207
349	241	86	209
351	241	83	205
353	241	80	204
356	241	77	203
357	238	75	208
358	238	74	211
353	238	79	212
356	240	76	205
356	239	74	211
356	238	76	207
352	241	81	204
351	242	83	202
354	240	79	207
351	239	85	212
351	240	86	211
351	242	84	224
354	237	80	228
355	237	77	238
353	237	80	216
350	242	85	183
350	241	83	208
350	243	83	190
352	245	78	184
352	246	78	183
355	242	74	204
356	239	75	215
358	239	72	222
357	240	78	224
358	238	78	236
358	239	78	242
352	242	80	235
352	241	84	229
357	239	75	227
354	240	83	216
352	245	83	198
352	243	83	181
350	243	78	165
356	243	70	152
355	244	71	135
357	252	71	163
359	244	71	179
360	241	74	184
352	243	84	166
357	240	79	164
369	240	65	160
364	243	70	154
354	243	79	151
356	240	78	150
355	243	78	155
354	242	77	159
352	239	77	169
345	238	84	175
341	235	81	177
334	235	84	181
324	235	87	145
322	246	82	129
316	266	107	124
311	277	110	122
298	269	108	115
295	275	85	111
422	270	67	109
417	258	53	92
406	259	52	88
386	263	60	90
375	264	58	95
361	269	58	89
348	275	56	86
335	280	56	84
321	286	57	90
314	288	58	97
307	291	58	94
304	294	58	93
300	294	60	97
297	294	59	97
296	296	58	109
296	296	56	123
295	297	55	125
295	297	52	124
293	296	52	122
288	296	60	107
287	295	58	104
287	298	56	100
287	298	57	105
286	297	58	102
285	302	59	98
285	299	60	98
286	301	56	98
288	299	53	104
291	299	51	107
291	299	51	114
291	300	50	122
291	300	49	124
291	299	49	124
292	299	47	122
293	300	45	121
292	298	44	121
292	300	43	123
293	299	44	119
293	301	44	122
293	299	42	126
292	299	43	124
294	299	40	123
292	301	45	123
290	299	50	120
289	302	49	119
293	301	38	121
292	301	40	119
292	300	43	121
292	299	42	120
291	302	50	118
292	301	46	117
292	304	48	114
292	301	45	118
293	302	45	118
292	300	48	118
293	301	47	118
291	302	48	117
292	300	47	117
293	302	45	119
292	298	47	119
292	303	47	119
293	298	46	119
293	301	46	119
292	299	46	118
292	301	47	118
292	300	47	119
291	300	48	118
292	299	47	120
292	299	48	120
293	300	44	120
290	299	48	119
288	301	49	118
287	302	52	116
288	301	51	116
286	300	55	116
284	301	54	116
282	301	55	116
282	301	52	117
280	301	54	119
277	302	56	119
278	299	55	121
277	294	56	124
278	288	55	128
278	281	56	125
280	278	56	129
281	274	57	124
284	273	56	123
285	270	57	124
287	270	57	124
285	270	61	124
289	271	57	126
287	274	60	126
288	279	59	120
287	284	58	121
289	286	56	128
288	289	54	133
287	294	56	128
288	297	55	127
290	296	55	125
287	298	56	125
285	300	56	124
284	299	55	123
286	300	53	123
285	300	56	123
284	301	59	121
285	301	56	123
285	301	57	124
287	300	54	125
291	300	50	122
291	297	48	126
293	295	50	128
294	297	71	127
300	295	67	125
309	301	64	124
319	302	57	123
318	306	58	122
307	316	70	117
298	329	78	109
282	329	62	115
353	323	58	122
352	325	67	137
357	325	67	144
370	327	54	144
370	331	53	144
370	329	55	141
370	333	55	139
371	333	54	139
368	332	58	139
368	333	57	140
362	333	63	140
349	332	76	141
351	333	77	140
350	336	78	135
355	336	75	135
352	335	75	136
354	334	75	137
362	335	66	134
378	336	55	129
385	336	47	140
291	299	61	133
367	326	60	148
369	336	59	139
361	332	66	137
356	317	73	156
349	315	79	157
343	308	82	163
299	216	91	170
318	242	79	171
325	232	67	203
313	220	78	218
312	213	75	231
307	210	76	233
296	207	89	232
301	201	85	231
296	198	93	222
305	202	82	231
307	198	81	234
305	196	83	235
305	191	82	238
303	188	84	243
302	187	82	235
300	187	84	242
299	184	88	246
295	181	87	253
296	178	88	226
298	176	87	248
295	169	89	241
298	171	80	242
301	170	76	244
307	193	68	223
301	175	73	230
296	189	80	223
291	167	82	237
307	187	64	214
306	225	63	178
307	231	62	169
310	243	62	152
312	233	58	166
310	236	58	164
311	233	60	164
309	239	60	160
310	236	57	162
310	235	60	161
311	238	56	157
312	237	56	158
310	235	56	158
309	230	59	161
312	234	57	153
308	230	60	157
311	226	58	158
309	225	64	156
309	227	64	149
310	225	65	148
314	226	59	144
313	218	63	149
317	216	63	147
319	218	60	142
323	219	59	141
323	217	63	139
326	216	64	141
328	215	62	144
329	214	62	147
329	215	63	147
331	220	63	143
331	219	64	146
328	215	64	151
329	219	64	148
330	221	61	147
330	222	60	146
332	220	58	149
329	222	58	148
328	225	59	143
326	226	60	143
323	225	62	147
324	226	60	147
324	227	58	147
323	228	58	150
321	229	59	149
321	228	57	153
320	232	56	149
317	233	57	150
316	225	59	160
316	233	56	153
313	225	58	165
314	230	56	160
311	230	56	160
314	231	57	160
308	229	59	163
310	233	60	159
308	226	61	165
309	226	63	165
309	226	64	167
309	227	63	161
308	223	64	150
304	218	68	143
304	250	74	158
299	215	76	148
302	216	74	119
305	236	72	121
304	222	71	107
306	241	71	96
309	269	75	120
305	241	78	131
309	243	76	133
308	243	77	158
307	226	81	178
309	226	80	186
314	224	77	194
310	231	83	184
311	231	82	187
319	230	76	199
317	234	77	193
314	238	81	187
316	234	81	197
314	237	82	191
312	237	88	189
317	239	82	192
314	245	87	181
310	240	93	186
312	242	91	188
307	242	98	186
308	240	98	188
308	251	100	180
307	253	100	177
301	245	110	187
296	235	118	198
294	233	116	203
296	243	119	196
290	246	126	198
293	252	121	193
285	232	124	216
286	210	109	233
284	180	103	266
279	177	110	262
276	182	108	267
277	175	110	262
276	177	109	267
274	177	111	250
273	171	115	258
276	170	110	269
277	171	108	260
273	169	119	256
282	167	109	264
280	162	111	265
278	168	114	271
282	154	108	261
284	154	107	249
281	157	116	259
283	151	107	266
283	152	115	268
289	150	101	257
288	154	111	256
292	154	107	275
292	143	104	256
299	143	100	263
303	141	97	260
304	142	98	250
303	143	104	248
308	144	100	250
306	142	109	246
312	147	105	243
309	134	104	255
318	137	96	249
319	151	101	228
323	169	96	210
324	200	93	182
328	200	90	179
331	204	84	174
335	207	82	170
335	201	80	174
334	198	81	178
331	210	82	168
332	198	81	171
329	191	82	184
328	206	81	168
329	201	78	164
328	209	79	162
320	190	89	172
319	188	90	172
319	178	87	179
322	180	81	183
315	164	91	190
306	132	97	222
308	134	92	222
311	130	91	226
310	130	87	225
308	132	91	220
308	127	93	229
309	131	89	226
306	133	97	218
307	131	94	223
309	134	89	223
309	129	92	226
310	133	88	221
308	131	95	217
309	130	93	220
312	132	88	220
312	131	90	221
310	133	84	217
311	132	88	219
308	132	90	220
306	134	91	221
309	130	88	229
307	132	88	225
307	133	90	226
306	136	89	220
308	140	90	224
309	140	83	231
308	137	82	246
304	137	89	242
306	141	84	251
312	140	82	230
303	145	92	259
304	143	93	265
306	146	88	255
309	146	87	248
312	152	83	248
312	150	84	254
313	151	86	250
312	155	86	254
316	154	81	250
315	166	89	257
315	161	85	255
316	160	87	261
317	162	90	259
319	163	87	263
319	163	86	259
319	165	91	265
316	169	94	258
315	169	85	255
313	169	89	263
312	173	88	262
319	176	77	263
317	182	79	257
315	185	80	257
315	184	78	262
314	185	80	269
312	187	82	278
310	189	82	264
313	191	80	276
307	190	86	277
311	193	79	279
307	191	86	278
306	196	85	273
304	196	84	275
302	198	86	271
299	197	87	273
299	198	87	270
301	192	83	279
301	194	81	272
301	192	85	270
296	193	86	269
295	192	88	272
296	190	81	268
298	187	85	278
295	185	85	299
298	179	82	286
293	175	79	271
291	170	86	260
286	170	80	251
288	162	83	255
279	160	87	250
281	153	89	247
278	150	80	253
271	143	92	255
277	135	80	261
272	126	83	265
268	119	80	271
271	108	83	278
263	101	78	284
264	93	81	291
262	88	79	296
259	84	79	306
264	79	75	286
265	78	72	266
259	77	80	244
261	76	71	238
260	71	74	231
262	69	74	242
257	69	76	227
264	66	74	230
261	65	73	224
263	65	74	225
266	65	75	221
266	65	74	222
268	65	72	220
274	64	65	222
271	57	74	227
271	63	74	223
273	62	75	227
273	62	74	224
276	63	75	227
275	65	77	226
275	64	79	231
274	71	86	225
275	77	79	217
279	78	81	230
273	83	83	220
276	88	89	228
277	88	84	237
273	92	88	238
273	97	91	228
276	101	93	232
276	104	89	244
273	107	93	240
270	112	95	244
270	116	94	245
270	116	96	263
267	122	99	266
267	128	94	265
265	131	99	260
266	138	99	253
272	144	95	248
267	152	96	243
270	159	99	237
266	163	99	239
269	169	103	236
277	174	90	254
271	176	94	240
278	185	95	244
277	186	95	242
281	188	93	248
280	190	93	242
283	196	93	248
283	192	93	249
281	197	99	257
281	198	98	251
282	202	95	254
285	201	97	261
286	210	94	254
286	208	97	264
292	217	95	258
291	220	108	247
300	223	114	248
301	227	121	248
308	228	117	246
309	232	121	244
311	243	123	230
322	241	114	233
325	249	119	226
334	256	120	217
340	265	124	209
350	272	118	202
357	285	114	184
364	291	130	186
373	299	123	183
349	307	156	182
365	309	148	191
342	323	171	178
354	303	167	163
309	309	204	166
309	332	238	154
310	294	246	187
343	285	230	209
293	282	251	227
329	287	258	212
270	334	230	209
254	310	237	217
284	299	202	179
304	302	178	154
319	283	154	164
286	250	139	185
318	248	100	192
331	249	81	166
317	238	91	168
323	236	89	162
333	234	73	157
314	224	93	162
325	234	85	154
330	241	81	157
336	239	77	159
339	245	83	158
339	248	89	157
345	252	83	158
344	253	93	173
336	257	98	164
333	262	107	157
333	264	108	156
339	264	100	158
337	266	100	158
336	270	104	154
354	269	80	155
353	272	80	156
354	273	79	157
356	274	79	156
356	276	75	160
357	282	73	153
360	283	72	149
357	283	73	153
357	284	73	147
359	290	69	137
361	297	73	120
367	298	68	141
367	309	74	140
384	313	66	130
381	322	78	127
376	326	86	125
381	326	80	129
385	329	75	129
385	339	67	136
384	347	69	124
392	343	75	130
398	343	71	130
391	351	77	140
391	370	74	141
390	378	75	150
391	389	73	148
