0.395875
0.037473
0.037135
0.037341
0.037222
0.042855
0.043059
0.042647
0.041709
0.041624
0.037731
0.037395
0.037689
0.038663
0.040114
0.038545
0.038587
0.038487
0.038383
0.038566
0.067009
0.039641
0.040039
0.038751
0.043334
0.044159
0.043700
0.041762
0.043615
0.037872
0.040151
0.045514
0.040323
0.041918
0.041208
0.038810
0.038005
0.044194
0.039408
0.037866
0.072041
0.039622
0.040431
0.039179
0.037652
0.037738
0.037334
0.037501
0.037523
0.037441
0.037701
0.037593
0.037560
0.037581
0.037574
0.037646
0.039831
0.037595
0.037655
0.037703
0.073124
0.037669
0.037792
0.041493
0.037572
0.040495
0.040898
0.039513
0.040641
0.040793
0.039361
0.037565
0.036911
0.037647
0.037779
0.039487
0.037662
0.037912
0.037619
0.039492
0.074589
0.041622
0.040361
0.037504
0.037242
0.037693
0.042743
0.039166
0.043907
0.038448
0.037437
0.037150
0.039830
0.038514
0.037673
0.038445
0.038616
0.040347
0.039414
0.039572
0.073140
0.038845
0.038658
0.037184
0.038145
0.038872
0.038460
0.038776
0.040000
0.039333
0.038843
0.039129
0.039870
0.037534
0.038728
0.038182
0.037985
0.039203
0.038247
0.040593
0.077826
0.049194
0.046855
0.048352
0.045669
0.037781
0.038290
0.040237
0.042602
0.045696
0.045724
0.037458
0.037382
0.037217
0.039478
0.037059
0.041693
0.038806
0.043370
0.045147
0.074769
0.041566
0.039336
0.037606
0.038691
0.038750
0.043746
0.047626
0.040327
0.039228
0.038948
0.037078
0.039003
0.041456
0.041998
0.042085
0.041653
0.041857
0.041201
0.041420
0.077487
0.044792
0.040907
0.044525
0.047368
0.042472
0.041942
0.039094
0.037370
0.038913
0.037167
0.043888
0.045788
0.041892
0.046454
0.045810
0.040472
0.039299
0.037079
0.042792
0.079361
0.038451
0.039475
0.038407
0.037905
0.037917
0.040259
0.045439
0.037868
0.037419
0.038131
0.039181
0.038392
0.036692
0.037126
0.038368
0.044292
0.041930
0.044658
0.042966
0.077515
0.041407
0.042464
0.037344
0.040189
0.044298
0.037475
0.037326
0.037217
0.039204
0.037117
0.039643
0.039968
0.043401
0.043880
0.044574
0.044099
0.040208
0.042430
0.041824
0.074881
0.044068
0.045516
0.045205
0.045129
0.043735
0.041499
0.045986
0.045333
0.041991
0.044612
0.045653
0.043866
0.047175
0.041190
0.045325
0.044103
0.038890
0.040510
0.040382
0.073416
0.044451
0.038551
0.038676
0.038659
0.045906
0.045035
0.037037
0.038867
0.039967
0.038637
0.037511
0.038776
0.037865
0.038244
0.037609
0.037588
0.037444
0.037462
0.037530
0.072830
0.038492
0.044900
0.045609
0.037245
0.037730
0.037173
0.038780
0.037801
0.038799
0.038853
0.038805
0.041355
0.038865
0.039824
0.042771
0.039025
0.038169
0.037930
0.037683
0.072783
0.037755
0.037589
0.038058
0.043068
0.043606
0.041517
0.038997
0.045201
0.044327
0.045941
0.043644
0.038885
0.037474
0.037286
0.037317
0.037341
0.037313
0.037397
0.038413
0.071089
0.037373
0.037439
0.037607
0.037712
0.037704
0.039744
0.040449
0.037740
0.037447
0.038820
0.038467
0.038998
0.038320
0.036937
0.036859
0.036954
0.036971
0.036871
0.037088
0.071798
0.038789
0.040683
0.039995
0.042701
0.037008
0.038039
0.037091
0.037076
0.037121
0.038086
0.044542
0.038876
0.039278
0.037976
0.038817
0.044000
0.045017
0.037190
0.045325
0.074096
0.040154
0.039311
0.039238
0.038921
0.039998
0.038673
0.038317
0.038564
0.038519
0.038632
0.038635
0.038383
0.044875
0.037507
0.041377
0.037983
0.037100
0.038648
0.037766
0.073309
0.038075
0.037775
0.039519
0.037623
0.038507
0.038838
0.039074
0.045679
0.037968
0.037314
0.037570
0.039281
0.037513
0.043871
0.040497
0.040155
0.038907
0.043179
0.038020
0.072657
0.038059
0.040597
0.043553
0.044576
0.043967
0.043494
0.043913
0.044297
0.043894
0.042365
0.043607
0.038283
0.044829
0.046896
0.038765
0.039722
0.038187
0.038245
0.037584
0.070910
0.037260
0.038241
0.043780
0.042684
0.037891
0.037452
0.037558
0.037258
0.041976
0.037444
0.038991
0.041588
0.042704
0.039338
0.045150
0.043854
0.039910
0.043464
0.044769
0.075485
0.039757
0.041163
0.038907
0.038392
0.041880
0.040280
0.039064
0.038131
0.038459
0.038360
0.038399
0.039412
0.041150
0.038464
0.038156
0.037905
0.037955
0.038051
0.038193
0.075435
0.037448
0.037381
0.037592
0.037415
0.037768
0.038788
0.042247
0.038117
0.038094
0.038195
0.037873
0.038186
0.039134
0.038378
0.045828
0.046070
0.046546
0.043657
0.043124
0.077266
0.045710
0.040547
0.044339
0.045726
0.040970
0.039733
0.037657
0.042343
0.041292
0.037997
0.038179
0.037847
0.038551
0.037916
0.039230
0.037870
0.037939
0.037800
0.037919
0.078630
0.048822
0.046355
0.041252
0.046777
0.047050
0.046085
0.045883
0.047603
0.042926
0.037243
0.037205
0.037145
0.037135
0.038082
0.037428
0.037963
0.037950
0.037539
0.036977
0.070511
0.038316
0.037607
0.037858
0.037846
0.037524
0.037631
0.037458
0.038332
0.037317
0.037498
0.037295
0.043205
0.043085
0.037507
0.038417
0.037320
0.037441
0.054854
0.054469
0.054429
0.037758
0.036994
0.054704
0.055053
0.037193
0.060162
0.041439
0.040713
0.039246
0.038211
0.037836
0.059277
0.041268
0.043792
0.038049
0.037774
0.037754
0.037799
0.038296
0.071750
0.037858
0.038005
0.037718
0.038700
0.040627
0.045784
0.046311
0.039128
0.043661
0.039385
0.039418
0.046504
0.038792
0.038466
0.039394
0.046353
0.047099
0.044551
0.048060
0.075663
0.038362
0.037941
0.037615
0.038608
0.037649
0.040169
0.047066
0.037415
0.037794
0.038399
0.037876
0.037699
0.041320
0.038553
0.043506
0.049529
0.045303
0.044070
0.038913
0.072682
0.038853
0.038154
0.038036
0.038067
0.041074
0.042842
0.039343
0.038717
0.038907
0.040566
0.037720
0.040288
0.046428
0.038376
0.037729
0.037631
0.040328
0.039528
0.040001
0.072243
0.038365
0.040961
0.040638
0.043543
0.039477
0.037582
0.037480
0.039026
0.038564
0.043341
0.040511
0.043982
0.037153
0.037449
0.038224
0.037943
0.038038
0.038953
0.048159
0.080295
0.039880
0.043553
0.049634
0.049675
0.051277
0.042414
0.042113
0.046418
0.041071
0.040168
0.040192
0.041815
0.044457
0.038264
0.038371
0.037448
0.037793
0.037418
0.037436
0.070845
0.037782
0.037770
0.037153
0.037039
0.037001
0.037143
0.037247
0.037215
0.038842
0.039240
0.043931
0.046290
0.041694
0.040748
0.041454
0.060979
0.042263
0.043791
0.042940
0.077276
0.038794
0.038092
0.037762
0.037828
0.039600
0.037945
0.038461
0.039014
0.037942
0.037976
0.038092
0.038024
0.038005
0.045092
0.046900
0.046567
0.044601
0.041705
0.046678
0.080194
0.038217
0.038450
0.041872
0.042140
0.044185
0.045903
0.047527
0.048084
0.043628
0.045327
0.043282
0.043275
0.037970
0.037935
0.038150
0.038034
0.038435
0.038235
0.039093
0.071426
0.038146
0.040162
0.043244
0.047093
0.040143
0.040022
0.039770
0.039173
0.038092
0.037936
0.039534
0.040205
0.038199
0.038263
0.038764
0.047880
0.046638
0.042275
0.045372
0.079267
0.041940
0.042090
0.044078
0.044435
0.037686
0.037737
0.037816
0.037616
0.038721
0.037326
0.039050
0.040709
0.038507
0.038528
0.038840
0.041432
0.043047
0.039068
0.058266
0.075335
0.037763
0.041931
0.044895
0.038858
0.038560
0.038396
0.038657
0.046419
0.044185
0.046644
0.041912
0.045954
0.045092
0.046883
0.046148
0.044283
0.046221
0.048237
0.043865
0.073351
0.043024
0.038877
0.038775
0.038639
0.038903
0.039560
0.043639
0.044821
0.045686
0.045161
0.041761
0.040730
0.043374
0.042807
0.045850
0.044796
0.045284
0.043644
0.038134
0.071386
0.038350
0.038187
0.042044
0.046975
0.047925
0.040940
0.042102
0.040471
0.046658
0.047022
0.048095
0.043259
0.040825
0.042709
0.038616
0.038907
0.037393
0.037351
0.037257
0.070932
0.037319
0.037127
0.038809
0.037272
0.037292
0.037115
0.037023
0.038468
0.038265
0.038182
0.037948
0.037870
0.037592
0.037693
0.037602
0.037723
0.038416
0.044039
0.045685
0.078390
0.039336
0.042240
0.048562
0.042031
0.038281
0.038557
0.038765
0.038942
0.038981
0.039861
0.039785
0.039322
0.039612
0.037352
0.039698
0.039885
0.040260
0.038609
0.038404
0.072484
0.038690
0.043713
0.051248
0.040876
0.042350
0.041814
0.042976
0.041085
0.039762
0.040206
0.043511
0.043198
0.043002
0.041628
0.049346
0.038191
0.040443
0.037827
0.040604
0.071540
0.041276
0.037905
0.040202
0.039289
0.039172
0.039029
0.039027
0.039019
0.039471
0.038908
0.049231
0.038610
0.039196
0.036892
0.037007
0.037703
0.036989
0.036952
0.036993
0.070562
0.038433
0.037168
0.037953
0.037248
0.037187
0.037440
0.037697
0.038307
0.037028
0.038092
0.036946
0.037530
0.037566
0.038425
0.041481
0.038696
0.041274
0.038527
0.044561
0.076060
0.038683
0.037323
0.036957
0.036924
0.036681
0.037343
0.037013
0.037028
0.037251
0.039022
0.037796
0.036956
0.036874
0.037024
0.036967
0.036931
0.036877
0.038507
0.037722
0.070557
0.037646
0.037474
0.037514
0.037677
0.037751
0.037634
0.037395
0.038342
0.037623
0.037299
0.038232
0.038093
0.038477
0.038627
0.038539
0.038724
0.038491
0.037997
0.036746
0.070276
0.036807
0.036777
0.036837
0.036796
0.037698
0.038419
0.038471
0.041223
0.042993
0.041111
0.042439
0.043918
0.043806
0.038516
0.038349
0.038041
0.043237
0.045271
0.038232
0.077260
0.038623
0.041903
0.039135
0.040194
0.047724
0.044603
0.041910
0.037681
0.042926
0.037601
