212	155	50	57
213	156	49	58
213	155	48	58
211	149	50	64
211	147	51	67
212	147	50	68
212	151	51	63
212	150	50	63
211	152	51	61
211	151	50	64
211	151	51	63
209	151	51	65
210	150	51	65
210	149	50	66
208	148	52	67
207	150	53	65
207	148	50	68
207	151	51	63
207	148	49	66
208	148	51	66
207	148	51	67
208	147	53	69
208	148	52	71
208	147	52	71
207	147	52	71
208	146	52	71
207	147	53	69
206	145	53	71
206	146	54	70
206	146	53	69
205	146	52	69
203	146	53	69
202	146	52	70
200	147	56	69
200	146	53	71
199	148	54	68
199	147	55	69
197	147	55	70
197	146	57	69
194	147	59	71
194	146	57	71
194	146	57	72
193	149	59	68
194	146	57	74
194	148	59	73
193	148	59	75
194	149	58	76
192	151	59	81
193	159	55	76
193	162	57	76
193	165	59	73
193	169	59	74
193	175	60	72
192	178	63	74
194	182	63	73
195	183	63	77
196	187	64	79
198	190	66	78
202	192	60	80
205	193	59	80
206	195	60	79
207	196	59	81
208	197	59	80
211	197	58	81
210	197	61	81
213	197	59	83
216	196	59	84
218	197	60	84
220	195	59	85
220	194	58	86
220	193	60	84
221	192	59	83
222	184	60	88
224	183	60	86
223	180	62	84
222	176	63	87
220	176	65	85
218	172	68	85
218	169	67	83
219	167	68	77
217	164	65	83
217	160	64	85
214	155	66	86
213	154	64	86
209	149	70	88
209	147	67	86
207	146	69	85
206	146	70	81
207	145	68	81
207	143	68	81
205	142	70	82
203	143	70	79
202	145	71	77
201	145	72	79
203	144	69	82
203	144	69	82
204	145	69	79
204	144	68	80
204	146	71	77
205	145	71	78
206	145	70	78
205	142	70	81
206	142	70	80
206	144	70	76
206	143	68	80
205	143	71	79
203	140	73	83
206	142	69	78
206	141	71	80
208	141	69	78
208	137	69	83
207	136	67	86
207	137	68	80
205	138	68	79
204	137	70	80
202	135	69	81
201	135	69	79
200	134	68	78
200	133	69	80
199	132	68	81
198	132	71	79
196	132	70	78
195	131	71	76
194	129	71	77
193	127	69	80
192	127	67	79
191	127	67	81
190	127	68	81
190	126	66	82
189	126	66	81
188	128	67	79
188	128	67	80
186	128	67	81
189	130	67	82
188	132	66	79
188	132	65	80
188	131	67	82
187	132	65	80
188	133	67	81
186	132	66	79
185	133	66	81
185	132	66	81
184	132	65	82
184	133	68	79
182	133	67	81
180	134	66	81
178	135	67	80
177	134	69	81
177	134	68	83
176	135	68	80
176	138	69	76
177	136	66	79
175	137	69	78
176	136	67	77
176	134	68	79
176	132	67	83
177	133	68	79
177	134	67	79
177	133	65	80
177	133	67	79
176	134	65	79
177	133	66	79
178	132	64	82
177	132	65	83
176	133	65	83
177	137	65	78
179	135	65	82
180	139	64	75
179	138	63	79
180	138	64	79
178	138	62	79
179	138	64	81
180	137	63	82
179	137	64	81
179	137	63	78
180	136	63	82
179	137	63	78
179	135	64	84
180	135	63	82
180	135	64	82
180	136	62	81
180	135	63	82
182	134	61	84
181	136	63	80
182	135	64	82
181	135	62	80
183	135	60	81
184	134	61	80
185	134	61	81
184	133	62	81
185	135	63	78
186	134	61	78
186	132	61	81
188	132	63	83
188	132	60	79
190	132	61	82
190	131	60	81
191	130	58	86
189	131	60	85
188	131	58	84
189	130	58	86
189	131	58	86
189	130	58	88
189	130	59	88
191	129	58	87
193	130	55	87
193	130	57	88
193	130	61	84
193	127	62	89
195	126	61	89
195	126	64	90
196	126	62	94
197	128	61	88
198	127	59	90
198	128	59	83
197	126	60	93
197	127	61	91
197	127	60	91
196	127	61	94
196	127	61	95
196	127	61	95
194	128	64	94
195	128	61	94
197	127	57	97
195	128	58	94
196	129	58	93
195	129	61	94
194	129	63	96
195	129	61	96
196	129	60	97
196	127	60	101
197	129	59	97
198	129	58	98
196	129	60	97
195	128	61	99
196	127	61	101
198	127	58	101
197	129	60	98
195	128	62	99
198	129	58	98
197	129	58	99
194	130	63	96
196	130	62	97
197	131	59	96
196	129	59	99
196	130	59	98
195	131	61	94
194	131	63	95
196	131	62	93
196	130	58	97
195	130	62	97
194	132	63	94
193	133	62	90
195	131	64	93
190	131	65	93
191	131	65	97
189	132	65	94
191	131	66	100
189	132	66	98
190	132	64	91
190	133	69	81
188	133	68	78
189	133	67	72
191	132	64	81
190	131	66	82
191	130	66	88
190	132	66	80
192	130	66	85
191	130	66	89
190	131	66	85
191	131	66	88
189	131	69	84
189	131	69	80
192	130	67	87
190	132	70	83
190	131	69	86
189	132	68	81
189	132	69	87
187	133	71	80
188	132	70	87
188	135	71	77
188	134	70	80
190	133	68	81
188	134	69	83
188	135	67	78
185	134	70	84
186	134	68	81
186	133	68	86
186	133	66	80
185	135	65	80
183	134	68	83
183	132	68	86
184	132	68	82
183	133	69	82
183	132	69	78
183	132	69	81
181	131	68	82
182	130	67	82
180	132	70	78
180	131	68	78
179	131	68	83
178	130	70	79
178	130	69	81
176	130	70	78
175	131	70	78
175	129	68	79
173	128	70	78
172	126	69	80
173	125	68	77
171	123	68	78
169	119	70	80
169	117	70	79
168	114	67	79
168	111	66	81
166	109	65	80
163	108	68	79
162	106	67	79
161	104	68	78
162	101	66	80
160	100	67	81
161	98	67	80
160	97	67	80
160	96	67	80
161	94	67	80
159	93	68	81
159	91	67	82
159	91	68	80
160	91	67	78
159	88	68	83
158	87	68	82
158	86	70	81
158	83	66	83
159	83	67	81
159	80	67	82
157	78	69	85
158	76	68	82
156	75	67	82
157	74	66	82
156	71	68	85
155	70	65	84
153	69	71	83
153	66	71	83
151	64	72	85
154	62	66	83
154	61	67	82
153	59	67	82
153	57	68	84
151	56	68	83
152	53	68	85
150	52	69	84
150	51	67	85
149	50	70	85
147	47	71	86
148	46	68	85
148	44	68	86
146	45	70	82
148	42	68	83
147	41	71	84
145	39	72	84
145	37	71	85
145	35	69	84
146	33	67	84
145	31	68	82
143	29	71	83
143	24	69	85
142	22	68	84
142	19	67	85
141	16	69	85
138	15	73	85
141	12	69	85
140	10	69	86
140	9	68	85
139	8	70	85
140	5	68	86
139	6	68	83
139	3	68	86
138	2	70	86
138	1	71	87
135	0	73	86
138	0	70	85
136	-1	73	88
136	-2	71	87
135	-2	72	83
135	-2	71	84
136	-3	67	85
133	-1	74	80
133	0	74	78
132	-2	75	80
131	-2	74	81
131	-1	75	81
130	1	75	77
130	0	76	78
131	-1	75	79
131	0	76	76
132	-1	75	79
132	-1	73	75
133	-1	74	74
132	-2	77	76
131	0	81	71
133	0	81	71
133	1	80	69
132	0	84	71
132	0	83	68
132	0	85	66
132	4	85	61
130	3	88	61
131	2	85	63
130	5	86	59
130	2	86	63
128	2	87	63
129	3	85	62
129	2	84	64
130	1	83	65
129	2	85	64
128	1	86	66
131	2	82	65
129	2	84	65
130	1	82	66
130	2	82	65
132	0	76	67
133	-2	74	71
133	-2	72	71
134	-1	72	70
132	-3	74	72
133	-2	73	72
132	-1	76	70
134	-1	73	71
134	-1	71	72
134	-1	71	71
133	0	72	71
134	-1	69	72
134	0	71	72
135	-2	67	74
134	0	69	72
133	0	70	71
133	0	68	73
132	0	69	71
131	-1	71	76
131	0	70	73
132	0	67	71
131	-1	68	74
130	0	69	73
130	0	68	70
130	0	69	70
131	1	67	70
131	1	68	71
131	2	65	66
130	3	69	68
131	2	68	70
132	3	65	70
130	5	65	66
130	7	64	63
129	8	67	63
128	9	66	63
129	9	66	62
128	11	67	59
128	12	65	58
129	11	66	63
128	11	66	62
127	13	67	59
127	14	66	58
127	16	64	55
128	17	62	55
127	18	63	54
127	19	63	56
128	19	61	57
128	20	62	55
128	20	60	57
128	21	62	54
128	22	60	54
128	22	60	54
127	22	61	54
127	22	61	56
128	22	58	57
127	22	59	57
126	23	61	57
127	24	60	55
128	24	56	56
126	26	61	54
126	27	59	54
125	26	61	57
124	28	64	55
126	30	58	53
125	29	59	55
125	31	57	55
126	30	56	56
125	34	57	53
125	34	57	53
126	33	56	56
126	35	57	53
126	35	58	55
126	36	58	54
127	37	56	54
127	37	56	54
126	39	57	52
126	40	57	53
125	40	61	54
124	40	64	53
124	40	59	53
125	41	55	52
125	40	54	55
124	41	55	53
123	39	57	55
123	39	57	54
123	41	55	54
124	40	52	55
123	41	53	55
122	42	54	53
121	41	55	54
122	41	53	57
121	41	52	57
121	44	49	53
121	46	49	51
120	45	51	54
129	39	67	59
121	39	80	60
121	39	84	60
121	40	84	60
121	40	83	59
121	42	84	57
121	41	86	59
122	41	83	60
123	40	82	64
121	43	85	60
121	43	82	59
121	41	84	64
121	44	83	60
121	44	83	61
120	43	85	62
121	43	85	61
120	44	87	61
120	45	86	60
120	46	84	60
120	46	83	61
121	46	84	62
121	45	84	64
121	44	83	65
121	45	85	65
120	46	85	62
120	48	83	62
120	50	81	61
120	50	82	61
120	48	84	63
120	52	80	59
121	50	80	62
120	50	82	61
120	50	82	62
119	49	85	63
120	50	85	63
120	51	84	61
120	51	84	61
121	49	84	64
123	51	78	62
121	53	79	61
121	52	83	62
122	52	85	65
122	54	83	62
121	56	82	61
121	56	82	60
121	57	78	59
125	55	72	62
122	55	76	61
123	57	72	59
123	56	74	62
125	57	70	59
123	58	75	59
124	57	72	60
125	57	71	60
131	58	63	60
126	59	69	59
123	59	74	59
126	58	70	60
125	60	70	59
125	60	72	60
124	61	69	58
123	62	71	60
127	62	65	61
124	63	71	60
129	64	63	60
126	63	68	63
130	63	62	63
126	64	68	63
132	63	62	60
130	64	63	60
130	63	65	61
131	63	67	59
131	63	66	60
134	63	64	62
132	65	70	61
134	67	68	59
133	69	68	59
132	67	70	60
134	66	69	58
134	65	69	58
132	64	75	59
132	64	75	59
131	64	73	60
132	63	69	60
130	63	71	61
128	62	70	60
129	62	68	61
126	61	69	61
129	60	64	61
126	61	62	58
124	59	63	61
121	59	66	60
121	59	62	61
120	57	62	63
116	58	64	60
116	59	61	60
112	59	65	61
110	57	67	63
109	57	66	61
109	57	64	59
108	56	64	61
106	56	68	62
106	56	65	61
101	56	70	61
103	55	67	62
101	55	67	63
101	55	66	62
100	54	66	63
96	53	70	63
96	53	69	62
96	53	67	64
93	53	74	63
92	54	74	62
92	53	73	64
91	53	72	64
92	53	70	62
90	53	67	63
86	53	71	63
85	54	68	63
86	56	65	62
83	55	68	63
81	56	67	60
79	56	68	63
83	54	61	62
78	55	69	62
76	55	69	61
80	54	61	61
77	52	68	62
78	51	69	64
77	50	69	65
76	49	69	61
76	47	69	61
74	46	71	63
77	44	66	63
73	42	70	65
73	40	72	66
71	39	72	64
71	39	70	62
70	39	70	63
67	36	76	68
68	37	70	64
67	36	69	66
63	36	74	65
61	35	74	65
61	35	71	65
59	35	72	68
59	35	72	64
56	36	73	61
59	35	67	68
58	33	68	65
56	32	70	66
54	31	69	64
53	31	68	68
52	29	68	66
50	29	65	64
50	28	67	66
46	26	76	71
44	26	78	68
44	27	73	65
41	26	79	69
37	26	86	69
36	25	87	71
35	26	83	70
33	24	85	71
31	24	85	73
30	24	87	72
29	24	83	71
26	24	87	72
26	25	88	70
25	24	86	73
21	22	96	76
21	23	99	71
22	23	94	73
17	21	90	77
17	21	98	75
14	17	89	79
16	17	94	75
15	16	85	77
14	15	93	76
12	13	85	79
11	13	93	77
10	13	94	77
10	11	86	81
8	10	89	80
8	11	90	77
7	11	89	75
4	10	82	77
3	11	94	75
3	12	96	74
1	10	99	80
0	11	95	75
0	12	93	75
0	13	94	75
0	13	90	75
0	14	93	75
0	13	93	76
0	13	96	77
-2	15	107	73
-4	12	102	79
-1	13	106	76
-3	16	102	74
-2	15	112	74
-13	15	116	74
-1	14	104	76
-1	17	89	71
0	15	93	76
-1	16	99	75
0	15	107	75
0	14	101	73
0	15	112	75
0	12	98	76
1	13	100	78
2	13	105	76
3	14	100	75
5	16	101	75
4	15	102	75
6	17	103	74
6	16	106	75
7	16	101	75
7	16	98	75
7	17	96	75
8	17	104	75
9	17	103	74
10	18	107	72
11	17	106	72
14	17	102	73
16	15	99	75
16	14	101	74
17	13	103	75
18	12	103	77
18	14	105	75
19	15	105	72
22	15	99	73
23	14	96	74
24	12	95	81
24	11	98	77
25	12	97	73
26	11	100	74
27	10	97	78
27	10	101	79
27	12	98	74
26	12	102	74
28	13	98	72
27	15	98	71
28	17	94	69
27	17	97	69
26	17	98	70
26	19	98	67
27	19	96	68
26	21	99	66
27	20	98	70
27	20	99	70
27	18	101	72
28	18	102	73
30	18	96	73
29	18	103	74
32	17	95	74
31	19	102	74
33	19	97	73
32	20	101	72
33	21	106	69
33	19	109	70
35	19	118	69
31	17	107	75
36	17	108	74
35	17	97	73
36	17	97	73
38	17	92	75
43	18	84	73
42	19	83	72
42	19	84	71
47	20	78	70
47	20	77	69
49	19	75	71
52	19	72	70
58	20	66	69
62	24	63	65
59	21	66	69
61	22	65	68
65	24	60	67
64	23	60	69
62	23	62	70
62	24	62	70
64	24	57	73
62	25	59	69
61	26	60	69
62	24	58	74
61	23	57	74
61	23	58	75
61	25	57	69
62	25	56	69
61	22	56	74
61	21	56	74
61	22	56	73
62	23	55	71
60	24	56	70
61	27	54	66
61	25	55	68
59	26	59	67
59	23	62	72
61	22	53	69
60	22	53	69
57	21	59	69
57	20	58	68
57	21	57	67
58	21	56	66
60	22	52	68
58	21	55	68
57	20	58	69
57	21	56	66
57	20	57	68
58	20	56	69
58	21	57	67
58	22	57	66
57	21	59	67
58	21	58	66
59	21	59	65
60	22	57	67
61	22	59	68
63	24	59	65
64	23	56	66
65	23	58	64
68	23	59	65
71	22	54	66
71	22	60	63
74	21	61	67
75	21	61	66
77	22	61	67
79	23	60	66
80	23	61	67
83	23	59	69
84	25	60	66
86	25	59	66
88	27	59	64
89	27	59	64
91	27	61	62
93	27	61	63
96	27	59	67
98	27	57	67
100	28	57	66
103	27	60	67
106	27	57	66
108	28	58	62
110	30	59	62
113	27	59	67
115	29	58	65
117	32	58	62
119	29	57	65
120	30	62	63
122	28	60	67
124	30	58	66
125	29	59	65
127	30	60	65
129	31	60	63
131	30	60	63
133	30	60	63
135	30	62	61
137	30	61	63
137	30	65	61
140	31	61	64
141	31	65	64
145	32	59	65
147	32	60	67
149	33	61	66
151	35	59	65
154	34	56	67
155	36	61	66
158	35	61	67
160	38	59	65
162	37	61	65
165	37	60	66
167	38	60	67
168	40	60	65
170	39	62	67
173	42	58	64
176	40	58	68
179	44	58	65
181	43	61	67
184	45	62	64
187	45	60	64
189	47	61	63
191	46	61	67
193	46	62	67
196	47	62	66
197	45	63	71
200	50	64	66
202	46	66	72
204	50	67	68
208	49	66	72
209	52	72	69
212	56	69	66
215	57	68	67
217	52	68	73
220	58	67	67
223	58	65	68
227	63	63	67
227	59	67	71
231	64	65	66
230	60	69	72
234	60	65	74
234	60	69	78
236	61	68	77
238	66	67	71
240	64	66	77
243	68	65	72
241	66	68	77
243	66	66	78
244	68	67	79
244	70	69	75
246	71	66	78
245	71	68	79
242	71	71	78
243	74	70	75
241	73	72	75
242	74	70	78
241	74	70	80
240	74	72	77
241	76	71	80
239	76	72	78
241	77	70	80
241	77	71	79
239	79	74	79
241	81	70	78
239	79	74	80
238	82	73	80
238	80	75	82
239	82	72	81
238	82	73	80
239	81	73	84
239	82	72	80
238	82	74	85
238	82	72	86
238	81	76	83
238	83	74	90
237	82	75	91
235	83	73	86
236	84	73	85
236	85	72	84
236	83	74	84
237	86	73	80
235	85	74	82
235	86	74	79
235	86	72	81
233	87	74	80
233	87	76	81
234	88	73	81
234	91	73	76
233	89	74	83
231	91	76	84
229	93	76	79
227	92	76	81
227	92	75	82
225	91	76	88
225	92	75	85
224	94	78	83
226	92	72	85
225	95	75	80
226	96	73	84
225	97	76	89
223	97	78	100
223	98	77	106
222	98	78	110
221	98	78	107
221	99	78	112
221	100	77	99
223	101	73	101
222	102	77	106
221	102	78	102
222	101	77	108
221	103	76	99
222	102	77	104
223	102	75	104
