0.519938
0.049385
0.043931
0.043627
0.042994
0.041717
0.046766
0.043579
0.042555
0.042411
0.041578
0.042869
0.042948
0.042453
0.041902
0.049211
0.042207
0.041834
0.042739
0.045680
0.074311
0.041499
0.042688
0.042875
0.042926
0.043972
0.042892
0.042947
0.046081
0.042996
0.042014
0.041997
0.044039
0.042340
0.041945
0.042084
0.042476
0.044266
0.042392
0.055902
0.082256
0.058040
0.048069
0.052024
0.046432
0.048548
0.049366
0.047846
0.052752
0.044900
0.047818
0.051702
0.041515
0.042671
0.046437
0.044064
0.042402
0.042891
0.048194
0.045250
0.083531
0.043278
0.049077
0.042615
0.041658
0.043423
0.047044
0.044300
0.044744
0.044438
0.048292
0.054700
0.058382
0.046326
0.044692
0.045373
0.044949
0.044116
0.045212
0.044767
0.086730
0.043902
0.044864
0.047072
0.051519
0.047498
0.047414
0.044722
0.044242
0.043810
0.046163
0.047358
0.039840
0.045530
0.051159
0.044761
0.046338
0.042158
0.040005
0.045563
0.081313
0.044587
0.043845
0.045679
0.045500
0.043504
0.050263
0.045364
0.044435
0.043381
0.044543
0.045805
0.044469
0.044210
0.046411
0.045339
0.047382
0.043089
0.042981
0.044110
0.080314
0.044578
0.044741
0.043795
0.044966
0.045102
0.044058
0.045207
0.044549
0.046624
0.043482
0.044387
0.043664
0.050967
0.047597
0.045110
0.045634
0.045208
0.046676
0.043246
0.086205
0.043853
0.037388
0.041562
0.043259
0.050400
0.044829
0.043417
0.043889
0.044840
0.043706
0.042908
0.043381
0.044997
0.047996
0.042639
0.040931
0.043523
0.043744
0.043845
0.077258
0.044631
0.044316
0.043099
0.044011
0.044198
0.046606
0.043387
0.043464
0.045015
0.044559
0.044063
0.043707
0.045067
0.043762
0.042766
0.043339
0.047553
0.043148
0.040790
0.079060
0.047855
0.044219
0.048708
0.044063
0.045308
0.043532
0.042841
0.043121
0.044176
0.044203
0.041116
0.040803
0.043313
0.043305
0.045189
0.042729
0.038426
0.043613
0.044409
0.075497
0.037373
0.042878
0.046595
0.039301
0.039140
0.045418
0.044562
0.046844
0.046398
0.045830
0.049493
0.043661
0.046901
0.047225
0.039362
0.038941
0.038626
0.040307
0.044501
0.077524
0.037634
0.037298
0.037789
0.037593
0.037090
0.039669
0.040819
0.041214
0.039529
0.040975
0.046262
0.041733
0.042586
0.041989
0.039851
0.038617
0.045219
0.045341
0.043604
0.079833
0.039489
0.042624
0.045986
0.038706
0.044398
0.043178
0.044853
0.038925
0.038985
0.042838
0.040906
0.044615
0.037994
0.037846
0.037822
0.038409
0.037827
0.038127
0.037875
0.071297
0.037737
0.038717
0.042784
0.037611
0.044375
0.037934
0.037839
0.037825
0.038749
0.044822
0.046496
0.041468
0.040699
0.038848
0.040012
0.044704
0.039303
0.039624
0.039060
0.073741
0.040428
0.041392
0.044113
0.044852
0.044607
0.045386
0.041322
0.046524
0.045679
0.042403
0.045612
0.044070
0.045523
0.043846
0.041938
0.046086
0.039531
0.039070
0.039265
0.073818
0.041538
0.040175
0.043369
0.040232
0.039788
0.040462
0.040284
0.044812
0.045044
0.038196
0.038640
0.038702
0.038654
0.038523
0.038698
0.038999
0.038513
0.038361
0.038650
0.073268
0.038825
0.038924
0.038672
0.038005
0.038429
0.038250
0.038757
0.038474
0.039229
0.039543
0.039524
0.040098
0.039376
0.040894
0.045950
0.044441
0.044176
0.047451
0.046758
0.080213
0.043893
0.044103
0.043691
0.045604
0.038254
0.041508
0.038465
0.038766
0.038134
0.040498
0.045434
0.041460
0.046315
0.046039
0.043751
0.044690
0.046801
0.045859
0.044049
0.077301
0.043410
0.043242
0.043245
0.044029
0.043216
0.043088
0.043083
0.043374
0.043689
0.043510
0.044065
0.039376
0.041262
0.042591
0.041671
0.042820
0.044777
0.042444
0.041659
0.081092
0.037773
0.038128
0.038162
0.040411
0.047028
0.045641
0.045402
0.046999
0.045159
0.039514
0.039286
0.038780
0.038529
0.039450
0.038533
0.039118
0.040003
0.041629
0.044373
0.083487
0.045003
0.045129
0.045588
0.038870
0.044331
0.044964
0.042742
0.040413
0.041441
0.040546
0.039883
0.038110
0.037668
0.037716
0.037985
0.037815
0.037657
0.037854
0.037687
0.071936
0.038482
0.038529
0.040953
0.043459
0.040154
0.037523
0.037204
0.037157
0.037025
0.037277
0.037460
0.038290
0.038938
0.038672
0.038256
0.038940
0.039462
0.039314
0.038129
0.072556
0.037130
0.037355
0.042243
0.041558
0.041059
0.043506
0.043106
0.040432
0.038867
0.037725
0.037466
0.037978
0.038584
0.040637
0.039181
0.039347
0.039223
0.039923
0.037503
0.070986
0.037503
0.039186
0.039772
0.036883
0.037636
0.037460
0.039934
0.038236
0.038962
0.037893
0.039077
0.038068
0.036644
0.036626
0.036940
0.037244
0.037506
0.037982
0.037531
0.072247
0.044524
0.041291
0.040729
0.039514
0.039167
0.036852
0.037862
0.036978
0.036878
0.036767
0.036840
0.037263
0.036798
0.039009
0.042132
0.038882
0.039230
0.040119
0.039301
0.073814
0.037398
0.038947
0.037587
0.038976
0.042693
0.041420
0.041400
0.039583
0.039107
0.038607
0.036894
0.036727
0.037235
0.037770
0.040902
0.037637
0.039696
0.040327
0.040487
0.070770
0.037552
0.037391
0.037175
0.037610
0.037587
0.047870
0.037421
0.037166
0.037581
0.037492
0.037469
0.037451
0.037388
0.041876
0.041157
0.039978
0.039540
0.039273
0.041533
0.079414
0.042770
0.044141
0.039249
0.039303
0.038696
0.039851
0.044644
0.046165
0.040036
0.044079
0.044405
0.044599
0.038776
0.042222
0.043020
0.042276
0.038689
0.038684
0.038597
0.072495
0.038474
0.038812
0.040010
0.039991
0.038651
0.038748
0.038845
0.038738
0.038553
0.038847
0.038563
0.038582
0.038750
0.038855
0.038790
0.040876
0.039606
0.039901
0.038604
0.071132
0.041256
0.041323
0.040457
0.038639
0.038559
0.038469
0.038659
0.040512
0.038584
0.038589
0.038734
0.038816
0.037299
0.040194
0.038832
0.038788
0.038702
0.038553
0.038673
0.072627
0.038632
0.038707
0.038809
0.037015
0.036981
0.036928
0.037093
0.037082
0.036991
0.036999
0.037142
0.037079
0.036974
0.037143
0.037389
0.037592
0.037562
0.037625
0.042640
0.071073
0.037629
0.037477
0.037950
0.038720
0.038720
0.038517
0.038553
0.038707
0.038658
0.038780
0.038474
0.038852
0.038576
0.038672
0.038866
0.038778
0.038775
0.038508
0.038697
0.072314
0.038663
0.038487
0.038530
0.038573
0.038775
0.038666
0.038491
0.038655
0.038589
0.038786
0.038813
0.038624
0.038627
0.038334
0.038880
0.039521
0.037313
0.037376
0.037189
0.070670
0.037139
0.037074
0.038631
0.037763
0.037902
0.037603
0.037719
0.037062
0.037054
0.037338
0.037364
0.037243
0.037052
0.037184
0.037335
0.037236
0.037394
0.037432
0.037394
0.070895
0.037701
0.038392
0.039082
0.038606
0.039037
0.039798
0.039389
0.039933
0.039409
0.039474
0.039786
0.039115
0.039743
0.040082
0.039641
0.039065
0.039783
0.039547
0.039710
0.074048
0.039120
0.039385
0.039792
0.039352
0.039474
0.039429
0.039676
0.040311
0.037948
0.038448
0.038969
0.038474
0.038795
0.038542
0.038216
0.038182
0.038445
0.037874
0.038026
0.071655
0.037915
0.038597
0.037984
0.038897
0.038928
0.038628
0.038360
0.038535
0.038000
0.039247
0.038058
0.039467
0.044995
0.038156
0.038004
0.038772
0.039181
0.046309
0.044136
0.079114
0.038046
0.038005
0.038026
0.038166
0.038223
0.038288
0.038072
0.038088
0.038246
0.038269
0.039155
0.045626
0.046474
0.040347
0.045467
0.038161
0.037618
0.037412
0.039619
0.073497
0.039098
0.039149
0.039359
0.038984
0.038929
0.039016
0.039160
0.039599
0.039033
0.045354
0.045755
0.044612
0.044513
0.039281
0.039155
0.039106
0.039178
0.039236
0.038797
0.072847
0.039054
0.039493
0.038724
0.038954
0.039021
0.041399
0.044645
0.042781
0.044578
0.044148
0.037190
0.038562
0.039283
0.041562
0.041525
0.037699
0.037995
0.038135
0.038514
0.072479
0.038719
0.038687
0.038502
0.042647
0.043016
0.041474
0.041747
0.042862
0.042251
0.043061
0.043225
0.038373
0.042879
0.038994
0.043291
0.041548
0.037594
0.037548
0.037490
0.070894
0.037345
0.037473
0.037632
0.038161
0.037708
0.037180
0.036988
0.037044
0.036946
0.036943
0.036928
0.040868
0.037102
0.036921
0.036914
0.036958
0.036934
0.037507
0.037000
0.071413
0.036888
0.037386
0.036982
0.036985
0.036940
0.037117
0.036954
0.037130
0.036890
0.037419
0.036919
0.036962
0.036874
0.037107
0.037117
0.036917
0.036910
0.036996
0.036961
0.070403
0.037126
0.036775
0.037073
0.037098
0.037046
0.037011
0.037715
0.037550
0.036859
0.036990
0.037052
0.037019
0.037086
0.036903
0.037432
0.037176
0.037706
0.037837
0.038497
0.078467
0.038704
0.043090
0.044682
0.044291
0.044313
0.042976
0.045374
0.043696
0.036957
0.037074
0.037655
0.038768
0.041425
0.037545
0.037709
0.037603
0.037639
0.037546
0.038996
0.076147
0.039176
0.043975
0.039371
0.041850
0.042592
0.043412
0.043778
0.044227
0.044151
0.038638
0.038581
0.038703
0.038785
0.043607
0.041691
0.044099
0.044973
0.044001
0.038865
0.076691
0.038851
0.042689
0.044471
0.041735
0.038911
0.044901
0.044056
0.037813
0.037840
0.037904
0.038274
0.047205
0.050749
0.039186
0.039708
0.040832
0.039318
0.039549
0.042984
0.083304
0.043015
0.041663
0.040764
0.038553
0.038181
0.048785
0.045424
0.047765
0.045172
0.040989
0.046923
0.040419
0.039502
0.046131
0.043937
0.043704
0.045747
0.045758
0.047342
0.081194
0.040781
0.037578
0.037530
0.037562
0.037477
0.037625
0.037532
0.038855
0.037580
0.037637
0.044689
0.037641
0.037954
0.038021
0.039205
0.039164
0.039937
0.044530
0.038831
0.072298
0.041194
0.045347
0.045917
0.046070
0.046246
