0.403641
0.040047
0.038553
0.044135
0.048522
0.042698
0.049619
0.042818
0.043879
0.039050
0.038818
0.038473
0.039085
0.039131
0.041359
0.040869
0.051441
0.041357
0.039750
0.038812
0.067125
0.041943
0.049572
0.047354
0.042957
0.040698
0.046644
0.045520
0.038779
0.039821
0.040912
0.055981
0.042255
0.059282
0.042779
0.041613
0.041673
0.042198
0.041493
0.064219
0.081302
0.043204
0.044253
0.043444
0.043948
0.040931
0.041868
0.041481
0.041051
0.039565
0.038893
0.042182
0.041499
0.041262
0.042043
0.049001
0.050397
0.041488
0.039775
0.040490
0.056898
0.039323
0.039456
0.040634
0.041434
0.040628
0.040479
0.040509
0.040517
0.039893
0.042132
0.047343
0.043452
0.068642
0.066114
0.040508
0.040114
0.057140
0.056567
0.038510
0.039648
0.038988
0.039159
0.057757
0.039163
0.057554
0.038764
0.039188
0.039969
0.039987
0.039144
0.039719
0.039736
0.040274
0.040039
0.039167
0.057381
0.038594
0.038597
0.038709
0.056892
0.056518
0.057900
0.056194
0.038342
0.038459
0.038374
0.058209
0.038949
0.056785
0.038959
0.039240
0.039094
0.039250
0.039820
0.047648
0.043378
0.043332
0.040010
0.039225
0.078009
0.042299
0.039827
0.038137
0.056517
0.039501
0.058606
0.059002
0.057572
0.045593
0.056880
0.039826
0.038627
0.057103
0.058342
0.063289
0.063128
0.056575
0.038274
0.039462
0.075665
0.039336
0.046298
0.039859
0.057231
0.041708
0.057030
0.057615
0.040276
0.042614
0.040988
0.043090
0.040755
0.038783
0.040586
0.040663
0.042707
0.044951
0.039934
0.038879
0.073042
0.039718
0.039027
0.039005
0.038679
0.040923
0.044136
0.043769
0.045319
0.042602
0.041498
0.039796
0.041488
0.040692
0.041029
0.045093
0.038821
0.038982
0.040719
0.039610
0.071918
0.039893
0.040062
0.038903
0.038194
0.039501
0.043020
0.040007
0.038835
0.039623
0.044697
0.039633
0.039600
0.045892
0.039105
0.038888
0.038770
0.039596
0.039894
0.039666
0.073654
0.039868
0.039936
0.039901
0.041122
0.039803
0.039555
0.044486
0.043479
0.039698
0.042030
0.044759
0.046329
0.044751
0.039737
0.045287
0.040010
0.039854
0.039785
0.039785
0.074674
0.039929
0.039690
0.041575
0.039864
0.039600
0.039709
0.039914
0.040024
0.038795
0.039804
0.040231
0.039805
0.039877
0.040323
0.038151
0.038309
0.038191
0.038142
0.038274
0.072057
0.038308
0.038122
0.038291
0.038743
0.039927
0.039760
0.039923
0.040176
0.040116
0.040066
0.039875
0.040484
0.039054
0.039557
0.038798
0.038942
0.039628
0.039843
0.040214
0.072468
0.039176
0.038805
0.038959
0.038873
0.038770
0.058039
0.041247
0.056265
0.038493
0.038264
0.061092
0.056829
0.037652
0.037504
0.038463
0.038414
0.038571
0.039176
0.039266
0.072677
0.039034
0.039009
0.039345
0.040289
0.040108
0.040012
0.040065
0.040010
0.040001
0.040174
0.057796
0.040184
0.039662
0.040115
0.040238
0.040630
0.039356
0.039480
0.039402
0.073061
0.040789
0.040744
0.040439
0.040712
0.041034
0.039482
0.039697
0.039889
0.039790
0.041127
0.039894
0.058744
0.058257
0.039598
0.058727
0.040336
0.040809
0.040533
0.040575
0.074421
0.040442
0.040516
0.040704
0.040813
0.041158
0.041059
0.040560
0.040585
0.040498
0.040539
0.058914
0.040565
0.040647
0.041025
0.041055
0.040997
0.059309
0.059568
0.042163
0.073743
0.039972
0.039805
0.040249
0.040193
0.040287
0.040251
0.040240
0.040271
0.038806
0.038634
0.038408
0.039891
0.039765
0.041070
0.041705
0.040579
0.041050
0.045820
0.042159
0.076347
0.040176
0.043143
0.044081
0.054373
0.042934
0.042031
0.047380
0.052344
0.069285
0.049796
0.049499
0.041807
0.041361
0.042161
0.041187
0.057696
0.041764
0.044847
0.047342
0.077220
0.040566
0.042273
0.040389
0.040648
0.039976
0.039524
0.039799
0.058354
0.039668
0.058215
0.039816
0.040303
0.040448
0.040054
0.040189
0.040500
0.040759
0.040795
0.040899
0.072111
0.038483
0.038739
0.039076
0.039082
0.038951
0.038864
0.038765
0.038661
0.038545
0.038580
0.038660
0.038654
0.038607
0.038631
0.038669
0.038546
0.038673
0.038925
0.039094
0.072701
0.038885
0.038965
0.038990
0.039041
0.038885
0.039069
0.039181
0.038895
0.039046
0.039193
0.038908
0.039144
0.037994
0.039235
0.039408
0.047504
0.040573
0.045460
0.047825
0.079922
0.044640
0.039048
0.039126
0.039104
0.039254
0.039054
0.038962
0.039159
0.039118
0.039592
0.039250
0.039710
0.039102
0.038903
0.039052
0.038938
0.038967
0.039894
0.039073
0.072566
0.038903
0.038938
0.038869
0.038949
0.038870
0.041393
0.041180
0.058856
0.041430
0.039881
0.057894
0.040277
0.041505
0.038353
0.058048
0.040754
0.040651
0.040974
0.058635
0.074361
0.040812
0.040534
0.040552
0.040780
0.038372
0.038522
0.038559
0.040872
0.038215
0.037946
0.038081
0.056470
0.039101
0.038309
0.055614
0.037995
0.055763
0.038198
0.038017
0.055764
0.038200
0.038041
0.037961
0.038070
0.038069
0.038589
0.038112
0.038037
0.038185
0.038179
0.039388
0.039695
0.044142
0.041424
0.038798
0.039101
0.039078
0.038496
0.038560
0.072059
0.038612
0.039079
0.038876
0.038160
0.038553
0.039639
0.038635
0.038506
0.038417
0.057183
0.039012
0.039350
0.039076
0.038923
0.040571
0.056964
0.056908
0.057150
0.057152
0.072845
0.040251
0.040762
0.041738
0.066525
0.062975
0.061747
0.043619
0.043726
0.044403
0.045637
0.045659
0.045762
0.044435
0.045059
0.042911
0.042672
0.042663
0.043109
0.045835
0.082376
0.045041
0.044320
0.043618
0.044063
0.043849
0.044308
0.044872
0.044738
0.043839
0.044619
0.045020
0.045032
0.045322
0.044645
0.045329
0.044878
0.044869
0.044293
0.048234
0.081038
0.045624
0.044713
0.043990
0.045400
0.044075
0.044696
0.043840
0.043366
0.044078
0.043314
0.043544
0.043618
0.043534
0.043618
0.043420
0.043793
0.043323
0.043511
0.047570
0.066820
0.065313
0.046970
0.062776
0.043215
0.043405
0.047725
0.047515
0.043316
0.065135
0.047827
0.045315
0.045464
0.046302
0.046021
0.045518
0.042794
0.041901
0.047102
0.048385
0.079121
0.045748
0.042158
0.039961
0.040314
0.040139
0.040367
0.040275
0.039649
0.040154
0.039814
0.044992
0.039900
0.039902
0.039739
0.038160
0.040194
0.038275
0.038846
0.038630
0.072688
0.039288
0.039090
0.039172
0.039017
0.039520
0.039981
0.040859
0.039952
0.039988
0.039943
0.039921
0.039848
0.041910
0.042438
0.042551
0.043606
0.041080
0.040923
0.040618
0.074282
0.040694
0.040598
0.041301
0.039092
0.039067
0.039049
0.039095
0.039078
0.038747
0.047190
0.043234
0.040869
0.040460
0.040658
0.040330
0.044381
0.044533
0.047609
0.046194
0.087405
0.045224
0.045046
0.044430
0.038773
0.039114
0.039292
0.039420
0.040759
0.039203
0.039203
0.039350
0.040548
0.040659
0.041786
0.041891
0.040606
0.046647
0.039366
0.039386
0.072773
0.039090
0.038846
0.039272
0.040339
0.038985
0.039780
0.039057
0.042005
0.044069
0.048698
0.042912
0.042066
0.044712
0.041653
0.043515
0.050913
0.041539
0.042996
0.044277
0.081564
0.045657
0.042923
0.052466
0.042212
0.041131
0.041391
0.041182
0.042039
0.040941
0.042792
0.055575
0.051500
0.052257
0.040427
0.040173
0.040056
0.039957
0.039887
0.038418
0.077600
0.040932
0.057057
0.060392
0.041238
0.038773
0.038909
0.057214
0.039799
0.039712
0.039874
0.057169
0.040196
0.039757
0.039426
0.039616
0.040601
0.043970
0.044025
0.043888
0.077435
0.043979
0.043805
0.046632
0.044946
0.047646
0.045440
0.044643
0.044356
0.044820
0.044762
0.043895
0.044853
0.044445
0.044537
0.044721
0.044896
0.044284
0.044512
0.039230
0.072765
0.038965
0.039429
0.039414
0.040441
0.039721
0.039210
0.045485
0.043864
0.044139
0.045319
0.044740
0.044389
0.044432
0.041105
0.040387
0.039948
0.039067
0.039084
0.039373
0.077907
0.044497
0.044529
0.044283
0.044284
0.044035
0.044587
0.045475
0.047033
0.047017
0.045848
0.047636
0.047720
0.050080
0.043375
0.047955
0.044289
0.048146
0.046123
0.045681
0.080014
0.044195
0.040536
0.048373
0.046518
0.048759
0.044347
0.046049
0.042866
0.040874
0.042597
0.046303
0.040754
0.041062
0.041251
0.040644
0.043254
0.039350
0.039430
0.039474
0.079998
0.044079
0.043896
0.040372
0.040588
0.046153
0.046065
