0.409756
0.040231
0.043822
0.039442
0.039339
0.039190
0.039209
0.039198
0.038403
0.039487
0.038436
0.038406
0.038461
0.038337
0.043322
0.038581
0.038464
0.039676
0.048915
0.040910
0.072138
0.040011
0.047556
0.047570
0.039193
0.039101
0.039245
0.041821
0.039347
0.042987
0.042396
0.040579
0.046851
0.043034
0.039673
0.039625
0.041543
0.040525
0.049051
0.040863
0.081274
0.041363
0.049082
0.042934
0.045101
0.041609
0.044038
0.040663
0.037137
0.037045
0.039639
0.037905
0.038805
0.037805
0.037624
0.037925
0.037785
0.037736
0.037236
0.038881
0.071032
0.037296
0.038210
0.037376
0.038137
0.038146
0.037493
0.037268
0.037421
0.037404
0.037604
0.037561
0.037525
0.037649
0.037595
0.040048
0.043393
0.051287
0.038763
0.037845
0.071374
0.038051
0.040128
0.040255
0.038367
0.038384
0.038836
0.039896
0.039871
0.039592
0.041511
0.038487
0.037002
0.038027
0.036945
0.037089
0.037081
0.038996
0.037676
0.040582
0.071478
0.037414
0.038454
0.040429
0.038133
0.038482
0.038409
0.038457
0.039897
0.039348
0.039232
0.040066
0.038350
0.037704
0.037756
0.039186
0.037882
0.043140
0.043858
0.043665
0.083411
0.041603
0.044520
0.044237
0.038293
0.039251
0.040276
0.044113
0.040957
0.041544
0.038923
0.037580
0.037578
0.037546
0.037750
0.037425
0.037371
0.037577
0.039249
0.047388
0.071535
0.037695
0.037528
0.038627
0.037585
0.038880
0.037351
0.042532
0.043619
0.042161
0.037884
0.038016
0.041152
0.039600
0.038757
0.037591
0.040119
0.038583
0.040325
0.040130
0.076745
0.038094
0.038217
0.037984
0.040391
0.038870
0.037968
0.037814
0.038609
0.038878
0.038838
0.041445
0.038932
0.038713
0.038310
0.041308
0.039539
0.038998
0.039300
0.038976
0.074386
0.039020
0.039196
0.039046
0.039465
0.060486
0.057608
0.057951
0.056564
0.038644
0.039034
0.040920
0.038434
0.038544
0.038644
0.038759
0.038658
0.039318
0.038727
0.038964
0.072292
0.055648
0.041734
0.040564
0.039013
0.039606
0.044299
0.037908
0.037657
0.039160
0.037683
0.037883
0.037705
0.037946
0.038736
0.043177
0.037920
0.039128
0.042107
0.039445
0.072634
0.041287
0.038720
0.038764
0.040618
0.046700
0.047518
0.045758
0.044564
0.046789
0.043052
0.046013
0.038940
0.042894
0.038111
0.042907
0.050614
0.043591
0.041637
0.041480
0.074687
0.037840
0.037685
0.037776
0.037523
0.037835
0.037932
0.043806
0.042071
0.043324
0.044976
0.041900
0.040953
0.044241
0.039433
0.044108
0.041480
0.045096
0.037742
0.037838
0.071589
0.041162
0.046034
0.039781
0.043685
0.039686
0.043401
0.042478
0.038738
0.039382
0.040179
0.047639
0.040442
0.042164
0.045547
0.039241
0.039249
0.039369
0.042208
0.043519
0.072757
0.041615
0.038595
0.039880
0.038993
0.038833
0.038823
0.040723
0.047709
0.040576
0.039790
0.039362
0.039402
0.039162
0.039135
0.039057
0.039345
0.039366
0.037451
0.037646
0.086155
0.040039
0.041295
0.039881
0.038767
0.039625
0.038750
0.059961
0.043371
0.043681
0.063372
0.039552
0.038651
0.057708
0.038894
0.039937
0.062949
0.062027
0.041019
0.057314
0.057623
0.063386
0.041105
0.042707
0.039887
0.041656
0.047263
0.040090
0.041817
0.045736
0.063662
0.043305
0.038628
0.039993
0.038483
0.038488
0.038484
0.038237
0.039411
0.042288
0.076706
0.045764
0.047289
0.043903
0.042083
0.047011
0.042723
0.039744
0.038604
0.040878
0.040564
0.038003
0.038451
0.038852
0.040500
0.037788
0.037676
0.036859
0.038371
0.037787
0.071239
0.037725
0.037567
0.043430
0.040863
0.040826
0.044445
0.044432
0.044743
0.037510
0.037538
0.037313
0.037421
0.039643
0.037441
0.037361
0.037357
0.037333
0.037338
0.037372
0.074496
0.042372
0.038271
0.038176
0.038402
0.040995
0.043341
0.038922
0.042511
0.043242
0.039801
0.043781
0.043737
0.047001
0.044597
0.046341
0.045762
0.044949
0.045401
0.045488
0.073362
0.044434
0.043339
0.045188
0.046440
0.043777
0.044990
0.043607
0.045243
0.045051
0.043962
0.046913
0.044002
0.044218
0.043665
0.041178
0.045457
0.045028
0.038915
0.038911
0.075723
0.039012
0.042200
0.039266
0.042581
0.038218
0.040042
0.044240
0.037561
0.037597
0.037616
0.040159
0.045731
0.038063
0.038431
0.038944
0.039162
0.049054
0.040502
0.038555
0.072073
0.037627
0.038756
0.038177
0.038106
0.038212
0.038049
0.038311
0.039062
0.038627
0.038956
0.040352
0.039916
0.041056
0.041311
0.038278
0.040006
0.040268
0.038069
0.038105
0.073222
0.039815
0.038197
0.038444
0.038107
0.039715
0.038365
0.039310
0.038117
0.039742
0.038285
0.039953
0.042302
0.039818
0.042072
0.043382
0.038178
0.038108
0.038109
0.038126
0.072506
0.038506
0.041767
0.037603
0.037657
0.045800
0.043120
0.042549
0.044170
0.039073
0.038418
0.038371
0.038170
0.044044
0.043821
0.043477
0.041558
0.038125
0.038312
0.039469
0.083254
0.043519
0.042089
0.041106
0.045769
0.044975
0.044155
0.043646
0.044162
0.037539
0.037729
0.038942
0.037655
0.044767
0.044098
0.042456
0.039104
0.039583
0.044846
0.045071
0.073509
0.038912
0.038060
0.038164
0.037990
0.038707
0.038753
0.044600
0.044112
0.045849
0.041503
0.045249
0.044895
0.038800
0.042472
0.042978
0.043047
0.045274
0.038615
0.038058
0.072950
0.037500
0.038001
0.038184
0.038114
0.039005
0.038054
0.039998
0.042301
0.037624
0.037569
0.037573
0.036485
0.037995
0.038213
0.039916
0.047587
0.037989
0.038414
0.038023
0.077052
0.037857
0.038003
0.037716
0.043627
0.043015
0.039256
0.038261
0.038393
0.039305
0.038490
0.039591
0.039508
0.038066
0.037903
0.036412
0.043606
0.044713
0.043186
0.038355
0.071721
0.040943
0.043863
0.044907
0.040972
0.039479
0.041407
0.043406
0.042391
0.043931
0.041879
0.043721
0.042431
0.040208
0.040152
0.040560
0.044652
0.040302
0.043752
0.047004
0.082124
0.043073
0.044909
0.042610
0.042497
0.046459
0.046699
0.044618
0.046938
0.041616
0.043095
0.042278
0.043547
0.043894
0.046894
0.044486
0.040031
0.038305
0.038277
0.038211
0.073263
0.039768
0.044185
0.039453
0.036903
0.038252
0.038248
0.038292
0.038219
0.038273
0.036824
0.039372
0.038493
0.038283
0.038198
0.037653
0.037660
0.037690
0.037781
0.037668
0.071672
0.037677
0.037635
0.037696
0.037617
0.037831
0.037623
0.037646
0.037738
0.036635
0.040694
0.040478
0.040325
0.041786
0.047102
0.041680
0.042773
0.038440
0.038331
0.039561
0.071675
0.037921
0.037673
0.043020
0.043144
0.042550
0.043512
0.039348
0.041390
0.039709
0.042931
0.043245
0.044501
0.044064
0.043911
0.042783
0.040568
0.040261
0.039331
0.040982
0.073761
0.039495
0.039536
0.039142
0.041219
0.040748
0.041801
0.040940
0.041988
0.043038
0.042466
0.040496
0.040903
0.039457
0.039469
0.040312
0.044856
0.040508
0.042464
0.040309
0.073350
0.039665
0.039923
0.044376
0.039629
0.040837
0.044443
0.040297
0.042532
0.041695
0.042702
0.039065
0.038647
0.038713
0.040773
0.045555
0.045651
0.039522
0.044102
0.040462
0.079603
0.038294
0.039401
0.042231
0.038112
0.038232
0.040250
0.042072
0.042550
0.043582
0.042174
0.039344
0.040683
0.042208
0.039270
0.039444
0.040545
0.041325
0.047608
0.042261
0.079019
0.037630
0.037832
0.038998
0.037759
0.037997
0.037875
0.037796
0.037830
0.037612
0.039385
0.037738
0.037674
0.042133
0.048500
0.037688
0.037728
0.037791
0.036081
0.037691
0.071176
0.038335
0.037573
0.037697
0.037873
0.042055
0.046085
0.045431
0.038476
0.037626
0.037626
0.037714
0.038304
0.040619
0.040948
0.038977
0.041842
0.041406
0.044054
0.045419
0.077698
0.041096
0.046360
0.038111
0.039329
0.038229
0.038320
0.041903
0.042055
0.043077
0.046726
0.044964
0.041723
0.038268
0.038712
0.039298
0.040185
0.038843
0.037827
0.037804
0.071575
0.037692
0.037682
0.037631
0.037806
0.041360
0.045194
0.044625
0.039380
0.039261
0.040789
0.038187
0.038364
0.039694
0.038304
0.038176
0.038108
0.036732
0.038108
0.038656
0.071841
0.037995
0.038241
0.038160
0.038662
0.038163
0.038178
0.038169
0.038341
0.038210
0.038070
0.039400
0.038117
0.038193
0.038153
0.038222
0.036806
0.038847
0.037690
0.039166
0.074439
0.039200
0.041981
0.040798
0.042345
0.037553
0.037631
0.037631
0.037660
0.038119
0.037591
0.037671
0.037591
0.038201
0.037678
0.037658
0.039327
0.037473
0.037636
0.037582
0.071095
0.037657
0.039412
0.037540
0.037675
0.037706
0.037586
0.037563
0.037434
0.038460
0.037606
0.037524
0.037715
0.037664
0.037706
0.038568
0.043325
0.038400
0.038223
0.038229
0.071891
0.039607
0.038299
0.038393
0.038337
0.037851
0.037750
0.038178
0.038995
0.041547
0.038251
0.038114
0.038729
0.043954
0.039247
0.039956
0.041648
0.044070
0.040907
0.041015
0.077416
0.039282
0.042774
0.044251
0.044889
0.044247
0.041939
0.044157
0.039926
0.045486
0.040147
0.040844
0.040074
0.043774
0.045420
0.042943
0.043584
0.044325
0.041782
0.041969
0.078243
0.039757
0.041178
0.041018
0.041537
0.038990
0.038945
0.039062
0.039028
0.038352
0.038251
0.038280
0.038960
0.039347
0.037678
0.037655
0.037716
0.038666
0.039596
0.043261
0.074741
0.037676
0.038649
0.037817
0.038212
0.038232
0.038401
0.038189
0.038979
0.038141
0.038138
0.039062
0.042488
0.041167
0.041949
0.037846
0.037692
0.037659
0.037646
0.037528
0.071910
0.037504
0.037647
0.037530
0.037539
0.037644
0.037491
0.039100
0.037619
0.037566
0.037766
0.037689
0.037646
0.037580
0.038150
0.037564
0.037477
0.037626
0.037611
0.037491
0.072333
0.037715
0.037745
0.037689
0.040701
0.039143
0.038972
0.038197
0.038228
0.038374
0.038214
0.038282
0.038105
0.039537
0.038136
0.038088
0.038331
0.038214
0.038138
0.039049
0.071589
0.038130
0.038184
0.042426
0.039459
0.055720
0.044521
0.042979
0.064213
0.040430
0.037954
0.039432
0.038136
0.041225
0.046871
0.044362
0.047507
0.038194
0.037621
0.040176
0.082719
0.044152
0.041621
0.038929
0.038497
0.038825
0.041106
0.040562
0.039365
0.040862
0.039488
0.041008
0.040603
0.047589
0.046280
0.043100
0.038149
0.037616
0.037738
0.037660
0.071187
0.037530
0.037729
0.037779
0.037680
0.037714
0.037736
0.037685
0.037939
0.037702
0.037731
0.037494
0.039910
0.042871
0.038369
0.044739
0.045627
0.040609
0.039405
0.038342
0.071692
0.038437
0.038294
0.038131
0.041258
0.044218
0.044516
0.043908
0.044097
0.045636
0.039626
0.040078
0.043841
0.038258
0.038221
0.038144
0.038251
0.038455
0.038404
0.038295
0.071771
0.036787
0.038205
0.038032
0.038211
0.038272
0.038139
0.038209
0.038295
0.038112
0.038116
0.038183
0.039219
0.038165
0.038061
0.038208
0.038142
0.038144
0.038093
0.038183
0.071814
0.038242
0.038120
0.038332
0.038202
0.038178
0.038059
0.038264
0.038306
0.038222
0.038318
0.038148
0.038584
0.040280
0.038105
0.038281
0.038313
0.038047
0.038204
0.038177
0.071742
0.038329
0.038024
0.038283
0.038214
0.039564
0.038084
0.038188
0.038180
0.038523
0.038300
0.038222
0.038268
0.038161
0.038399
0.039176
0.044464
0.044660
0.043841
0.044779
0.076432
0.039423
0.044841
0.039401
0.039144
0.044717
0.039360
0.041858
0.039213
0.044458
0.041809
0.039302
0.043991
0.042497
0.044062
0.039170
0.045213
0.045382
0.038229
0.051990
0.082853
0.047135
0.047445
0.046023
0.038549
0.038557
0.038603
0.038853
0.038566
0.046388
0.041874
0.040226
0.040307
0.038615
0.038827
0.040242
0.038211
0.039072
0.041861
0.050050
0.082069
0.040492
0.040450
0.038397
0.038207
0.038059
0.048482
0.044975
0.041667
0.039979
0.039297
0.038308
0.038520
0.037846
0.039514
0.041079
0.041369
0.040460
0.045900
0.045628
0.076010
0.036203
0.037726
0.037521
0.037787
0.037671
0.037700
0.038796
0.037641
0.037743
0.037596
0.037562
0.037768
0.036338
0.040175
0.041361
0.045550
0.045557
0.040880
0.038414
0.073776
0.042854
0.041772
0.041586
0.038187
0.038390
0.038323
0.038650
0.037850
0.038374
0.038262
0.038395
0.038310
0.038254
0.040156
0.041805
0.041784
0.044922
0.037834
0.038164
0.071187
0.037734
0.037740
0.037577
0.037581
0.039859
0.040496
0.045745
0.042185
0.043040
0.037649
0.037947
0.037884
0.038247
0.038360
0.038179
0.038195
0.038744
0.041548
0.041242
0.078716
0.042373
0.039003
0.037987
0.037675
0.037678
0.039511
0.045441
0.039351
0.040062
0.037996
0.038109
0.037944
0.038537
0.038282
0.039270
0.045027
0.043015
0.042324
0.047161
0.072335
0.038509
0.038325
0.038564
0.038059
0.038151
0.038106
0.038108
0.038429
0.038437
0.042262
0.038154
0.038162
0.038385
0.038466
0.038245
0.039340
0.042204
0.043373
0.042808
0.082127
0.041388
0.038612
0.038117
0.038339
