0.421891
0.039120
0.040807
0.039905
0.039820
0.039705
0.039845
0.039805
0.039972
0.039953
0.043221
0.042422
0.040203
0.039891
0.039883
0.039074
0.039133
0.038707
0.042389
0.042895
0.074986
0.042764
0.040132
0.038985
0.045636
0.038989
0.039818
0.039109
0.040041
0.039980
0.040056
0.040229
0.040085
0.040262
0.040352
0.039968
0.040387
0.039857
0.040108
0.040544
0.073946
0.039960
0.041050
0.040100
0.040304
0.040105
0.040089
0.040007
0.040040
0.040010
0.039835
0.039131
0.038958
0.038979
0.038832
0.038537
0.038691
0.039967
0.040132
0.040071
0.074098
0.040087
0.039948
0.040019
0.039832
0.040102
0.040224
0.040093
0.040055
0.041594
0.040148
0.038964
0.039065
0.039075
0.038873
0.039278
0.039129
0.040378
0.039022
0.039128
0.072648
0.039403
0.039024
0.039286
0.038947
0.038945
0.038917
0.039019
0.039164
0.038998
0.039064
0.038989
0.038893
0.038846
0.039073
0.038894
0.039053
0.038882
0.038890
0.038978
0.072498
0.039178
0.038779
0.038907
0.038877
0.038977
0.038960
0.038925
0.038914
0.038993
0.038890
0.038924
0.038833
0.039152
0.038870
0.038930
0.041069
0.039084
0.039123
0.039111
0.072823
0.038974
0.038895
0.038903
0.038926
0.038955
0.038441
0.038435
0.038388
0.038383
0.038333
0.038418
0.038304
0.038352
0.038216
0.038391
0.038439
0.038302
0.038372
0.038385
0.071948
0.038319
0.038304
0.038363
0.038388
0.038480
0.038402
0.038495
0.038366
0.038438
0.038343
0.038396
0.038446
0.038384
0.038312
0.038312
0.038323
0.038462
0.038574
0.038423
0.071853
0.038398
0.038354
0.038389
0.038265
0.038514
0.038454
0.038542
0.038313
0.038501
0.038463
0.038351
0.038411
0.038446
0.038338
0.038479
0.038423
0.038404
0.038473
0.038309
0.071765
0.038489
0.039243
0.041495
0.041250
0.042913
0.042451
0.041272
0.043145
0.040458
0.039974
0.040296
0.040053
0.040998
0.042848
0.043823
0.044523
0.044285
0.041166
0.039448
0.072687
0.039026
0.039014
0.043341
0.040545
0.040459
0.038938
0.038955
0.038948
0.038927
0.041940
0.040985
0.039562
0.039434
0.038377
0.038381
0.038361
0.038459
0.038302
0.038378
0.071915
0.038514
0.038804
0.038851
0.039083
0.039113
0.038500
0.039508
0.038390
0.038622
0.039220
0.039230
0.039230
0.039301
0.038748
0.039105
0.043652
0.042335
0.039954
0.039245
0.076764
0.044611
0.042210
0.043213
0.043794
0.043038
0.040432
0.041896
0.044946
0.044797
0.044653
0.043145
0.041684
0.041685
0.040467
0.039384
0.049447
0.040020
0.040744
0.040473
0.074294
0.040397
0.041246
0.041070
0.042125
0.042109
0.044060
0.038490
0.038739
0.038624
0.040777
0.041500
0.041124
0.041654
0.044125
0.043635
0.043460
0.039659
0.039239
0.043489
0.082992
0.039858
0.041311
0.041053
0.040914
0.040170
0.039722
0.039761
0.039654
0.039634
0.038643
0.039950
0.040780
0.042221
0.039838
0.039759
0.040241
0.040087
0.040182
0.041210
0.076513
0.040281
0.039327
0.040118
0.045372
0.046936
0.040316
0.045385
0.039700
0.039062
0.038431
0.038397
0.038514
0.038422
0.038457
0.042736
0.040532
0.039304
0.041079
0.038493
0.072005
0.039674
0.045043
0.042044
0.040213
0.040163
0.039037
0.039047
0.039037
0.039264
0.040705
0.041350
0.041125
0.040854
0.039876
0.039904
0.040508
0.041932
0.045238
0.044563
0.077688
0.043418
0.042967
0.042811
0.040230
0.040733
0.040326
0.040644
0.040890
0.043569
0.041127
0.039426
0.039816
0.041044
0.041008
0.041415
0.040735
0.042433
0.045004
0.044718
0.079672
0.043360
0.042624
0.040756
0.040905
0.039824
0.039629
0.039342
0.038498
0.038469
0.039538
0.039352
0.039310
0.039198
0.039456
0.039122
0.039320
0.038584
0.038373
0.038509
0.072067
0.038464
0.038554
0.038425
0.038471
0.038527
0.038493
0.040540
0.038440
0.038465
0.038490
0.038445
0.038419
0.038504
0.038429
0.038505
0.038420
0.038431
0.040290
0.045578
0.078393
0.039184
0.046498
0.045679
0.045635
0.043791
0.038621
0.038468
0.038767
0.039273
0.038896
0.039013
0.049008
0.045303
0.040119
0.040022
0.039303
0.039790
0.038547
0.038509
0.074043
0.038539
0.039300
0.041131
0.039294
0.040101
0.043231
0.041130
0.039247
0.039795
0.038453
0.041501
0.040108
0.040720
0.040491
0.038755
0.038736
0.040370
0.040861
0.045092
0.079687
0.039276
0.038784
0.038764
0.038814
0.044189
0.042360
0.039446
0.039160
0.039109
0.043464
0.042085
0.038537
0.039129
0.039089
0.039125
0.041551
0.042286
0.046060
0.040356
0.079842
0.040149
0.040066
0.040340
0.039789
0.040735
0.045516
0.039944
0.040101
0.040261
0.040604
0.040104
0.039828
0.040378
0.038585
0.038576
0.038836
0.038803
0.038641
0.038385
0.072011
0.038419
0.038422
0.038436
0.041278
0.045773
0.041666
0.040199
0.044428
0.039390
0.038902
0.040334
0.041460
0.038900
0.039327
0.039392
0.038686
0.039481
0.038443
0.038481
0.071800
0.040671
0.039913
0.039392
0.038912
0.038652
0.038861
0.038561
0.038512
0.039696
0.040345
0.039875
0.039689
0.042484
0.041326
0.039079
0.039026
0.046267
0.043909
0.038920
0.080467
0.045481
0.044832
0.044554
0.044843
0.044603
0.039547
0.039207
0.040095
0.038881
0.056733
0.039431
0.042293
0.047889
0.042213
0.044672
0.044237
0.041528
0.040152
0.040238
0.073774
0.043370
0.038451
0.038347
0.038712
0.039697
0.039896
0.042795
0.039835
0.039210
0.038901
0.039708
0.043587
0.044349
0.042313
0.042217
0.042522
0.038973
0.043694
0.038528
0.072073
0.041381
0.040175
0.042583
0.039587
0.038421
0.039093
0.039612
0.039156
0.039275
0.039438
0.039396
0.039011
0.039312
0.039117
0.039217
0.039332
0.039430
0.038429
0.038734
0.080765
0.038765
0.038628
0.043552
0.039274
0.039351
0.042473
0.043312
0.039155
0.038942
0.039173
0.044199
0.038867
0.038639
0.041742
0.042178
0.039131
0.039265
0.040136
0.039441
0.072853
0.039131
0.039384
0.039372
0.039397
0.040685
0.039629
0.039376
0.039167
0.040125
0.045887
0.040364
0.040741
0.045643
0.045761
0.040433
0.045419
0.040292
0.040293
0.045864
0.076917
0.041742
0.045342
0.042207
0.040099
0.050781
0.043347
0.039478
0.039566
0.046987
0.046198
0.040142
0.040184
0.042375
0.043221
0.046232
0.040455
0.045322
0.040901
0.040455
0.083647
0.040296
0.040067
0.039981
0.042124
0.043360
0.046305
0.041635
0.039409
0.039544
0.039276
0.039135
0.044123
0.040136
0.039725
0.042692
0.040040
0.039596
0.042215
0.044851
0.072892
0.039348
0.039092
0.039980
0.040400
0.040159
0.040353
0.040177
0.040689
0.040380
0.046284
0.046611
0.040257
0.047540
0.042472
0.046888
0.048012
0.041965
0.039564
0.039608
0.083052
0.047920
0.039300
0.039497
0.039346
0.042175
0.043317
0.039760
0.039314
0.039564
0.044932
0.044229
0.039077
0.038929
0.038849
0.038927
0.049165
0.043649
0.039113
0.039128
0.073077
0.043545
0.039062
0.039032
0.039056
0.039294
0.040769
0.038363
0.039049
0.046654
0.043127
0.040140
0.041866
0.041974
0.040663
0.044235
0.042120
0.038369
0.038326
0.038486
0.076817
0.046933
0.039621
0.039265
0.040544
0.043827
0.039969
0.040185
0.040006
0.039990
0.040398
0.038859
0.039696
0.039547
0.038342
0.038457
0.038498
0.038550
0.038446
0.038431
0.072170
0.038440
0.038447
0.038485
0.038565
0.038533
0.038766
0.038639
0.038539
0.039301
0.039441
0.039326
0.039270
0.039092
0.039854
0.041352
0.040244
0.044796
0.045413
0.040409
0.073939
0.040145
0.039993
0.043173
0.046676
0.040047
0.040220
0.043171
0.040131
0.040122
0.045363
0.046914
0.039061
0.038990
0.039009
0.039099
0.038921
0.039017
0.039079
0.039129
0.072642
0.039178
0.039127
0.038984
0.039603
0.039061
0.038865
0.039046
0.038990
0.039073
0.039105
0.039018
0.039057
0.039187
0.038937
0.038929
0.039067
0.038984
0.038961
0.038949
0.072832
0.038904
0.038938
0.039032
0.039474
0.038532
0.038483
0.038451
0.038531
0.038633
0.038486
0.038394
0.038553
0.038451
0.038492
0.038459
0.038616
0.038484
0.038493
0.038597
0.071825
0.038602
0.038857
0.038419
0.038681
0.038601
0.038730
0.038621
0.038602
0.038504
0.038605
0.038488
0.038523
0.038533
0.038514
0.038604
0.038857
0.038579
0.038429
0.038475
0.072132
0.038524
0.038461
0.038397
0.038533
0.038537
0.038399
0.038387
0.038582
0.038404
0.038368
0.038481
0.038575
0.038592
0.056237
0.038652
0.038557
0.038612
0.038732
0.038575
0.072343
0.038909
0.038491
0.038518
0.038532
0.038498
0.039202
0.039328
0.039680
0.041859
0.039445
0.039120
0.040310
0.040116
0.039046
0.039253
0.039169
0.039264
0.040395
0.042580
0.076076
0.041800
0.041491
0.041978
0.039243
0.040460
0.038314
0.042693
0.042282
0.041178
0.041319
0.043162
0.039077
0.040672
0.040386
0.040892
0.039358
0.039688
0.039155
0.038848
0.071806
0.062888
0.041351
0.038212
0.038321
0.038355
0.038425
0.039200
0.039185
0.038494
0.041764
0.043148
0.045194
0.046707
0.044092
0.044007
0.045270
0.040045
0.040489
0.042179
0.082638
0.039132
0.038779
0.038833
0.038439
0.040100
0.039084
0.039422
0.039571
0.040205
0.040450
0.040323
0.040427
0.040372
0.040466
0.040178
0.040431
0.047350
0.040421
0.040885
0.073016
0.038842
0.040328
0.040601
0.039663
0.039500
0.039357
0.039331
0.040154
0.040393
0.041773
0.047832
0.040625
0.040315
0.040032
0.040291
0.041776
0.042425
0.040539
0.040409
0.074223
0.040432
0.040501
0.040342
0.040216
0.040462
0.040383
0.040254
0.040513
0.040282
0.041612
0.038671
0.038661
0.038866
0.038694
0.038752
0.038655
0.038768
0.038921
0.038779
0.072314
0.038746
0.038901
0.038910
0.038627
0.042003
0.040580
0.038483
0.038561
0.038652
0.039109
0.039297
0.038523
0.038555
0.038516
0.038554
0.038632
0.038745
0.038807
0.038723
0.072240
0.038573
0.038763
0.038646
0.038613
0.038613
0.038733
0.038659
0.040340
0.045062
0.039392
0.039387
0.038496
0.039042
0.040364
0.038776
0.039124
0.039241
0.040743
0.040390
0.076500
0.041571
0.040392
0.040761
0.040523
0.044570
0.045965
0.041797
0.040510
0.042046
0.040972
0.040203
0.043090
0.040349
0.039543
0.039367
0.039336
0.039341
0.039306
0.040382
0.074519
0.040400
0.040316
0.040519
0.040972
0.040244
0.042309
0.040550
0.042184
0.041241
0.040321
0.040047
0.041628
0.041541
0.039485
0.039193
0.039228
0.041107
0.039274
0.039502
0.073452
0.041377
0.040232
0.040365
0.040334
0.040212
0.040267
0.040954
0.040409
0.040695
0.040707
0.040535
0.041028
0.042561
0.045689
0.039593
0.040897
0.040655
0.040614
0.042313
0.074070
0.040625
0.040870
0.045164
0.038779
0.038886
0.039293
0.039212
0.038809
0.039063
0.042234
0.038893
0.038764
0.038881
0.038883
0.041727
0.038948
0.038851
0.038746
0.038836
0.072493
0.038973
0.038903
0.038741
0.038924
0.039061
0.038847
0.038846
0.038766
0.039120
0.044771
0.041201
0.039670
0.039564
0.039420
0.039418
0.039617
0.039346
0.039456
0.039374
0.072838
0.039635
0.039448
0.040855
0.039754
0.040736
0.039324
0.039359
0.041481
0.039778
0.040615
0.040737
0.045122
0.038951
0.038699
0.038662
0.038730
0.039394
0.039242
0.041928
0.072921
0.039492
0.040168
0.039832
0.039397
0.039649
0.042215
0.043258
0.040832
0.039258
0.039561
0.041674
0.041036
0.041119
0.041097
0.039173
0.038963
0.038975
0.039809
0.039550
0.074164
0.039103
0.040825
0.039186
0.038510
0.041675
0.044062
0.043672
0.039676
0.040432
0.040635
0.042643
0.039558
0.039444
0.042123
0.043419
0.039177
0.039342
0.041836
0.039037
0.073057
0.043603
0.045897
0.045996
0.045449
0.042760
0.042939
0.042980
0.044099
0.042138
0.043574
0.045699
0.042679
0.040769
0.045445
0.044254
0.039977
0.040885
0.040423
0.040158
0.074163
0.041861
0.040239
0.040324
0.040110
0.040161
0.044806
0.044482
0.046734
0.040467
0.041417
0.040689
0.045869
0.044497
0.039243
0.039316
0.040617
0.045786
0.040523
0.047528
0.081505
0.039366
0.039278
0.040531
0.039604
0.039232
0.039339
0.039259
0.039203
0.039266
0.039177
0.039140
0.039166
0.039090
0.039848
0.039263
0.039238
0.039005
0.039202
0.040867
0.072754
0.039203
0.039216
0.039191
0.039860
0.039265
0.039221
0.039101
0.039169
0.039945
0.039169
0.039165
0.039089
0.039232
0.040903
0.039373
0.039322
0.039465
0.039414
0.041203
0.072467
0.038831
0.038872
0.038894
0.040038
0.038713
0.037538
0.039064
0.038939
0.040007
0.039566
0.039809
0.039378
0.039536
0.039661
0.039452
0.039626
0.039436
0.039594
0.039617
0.073745
0.039494
0.039479
0.039428
0.039702
0.039115
0.039212
0.039050
0.039058
0.039363
0.039155
0.039128
0.039055
0.039171
0.039101
0.039939
0.039074
0.039056
0.039013
0.039202
0.074025
0.039070
0.039062
0.039021
0.039108
0.059077
0.041286
0.040162
0.042760
0.064012
0.040228
0.040325
0.040416
0.040951
0.043992
0.044640
0.046261
0.041006
0.040382
0.045439
0.074882
0.040975
0.040246
0.040273
0.040650
0.040028
0.040435
0.038801
0.039325
0.039313
0.042529
0.041348
0.038615
0.038687
0.038708
0.038640
0.038728
0.041210
0.041785
0.040199
0.072606
0.039812
0.039151
0.039279
0.039978
0.039247
0.040661
0.039115
0.039247
0.039000
0.039110
0.039690
0.039501
0.044508
0.041782
0.040405
0.040262
0.038634
0.038347
0.038564
0.073593
0.038394
0.038385
0.038444
0.038685
0.039775
0.039105
0.039057
0.039073
0.039124
0.039078
0.039002
0.039244
0.038950
0.039066
0.039031
0.040012
0.039278
0.039129
0.039080
0.073795
0.039158
0.038996
0.038924
0.038925
0.038996
0.039415
0.039040
0.038945
0.039001
0.038992
0.039805
0.038968
0.039062
0.039018
0.038929
0.039788
0.039119
0.039060
0.039052
0.072563
0.040588
0.038997
0.038985
0.039177
0.039113
0.039957
0.039073
0.039165
0.039104
0.039198
0.041661
0.039176
0.039261
0.039184
0.039180
0.039110
0.039295
0.039142
0.039583
0.076083
0.044379
0.039423
0.039423
0.039318
0.039283
0.039292
0.039188
0.039172
0.040239
0.039164
0.039472
0.040662
0.040897
0.044772
0.045264
0.039251
0.039222
0.039375
0.040702
0.072607
0.040398
0.046787
0.041117
0.039129
0.039154
0.040796
0.038579
0.039071
0.038645
0.038579
0.038426
0.038607
0.038672
0.038606
0.038778
0.038655
0.038642
0.038503
0.040366
0.072870
0.039276
0.039244
0.038683
0.038419
0.038797
0.039255
0.039104
0.039061
0.041962
0.042317
0.046109
0.040338
0.040787
0.040345
0.044265
0.040326
0.040505
0.045499
0.046735
0.072778
0.040576
0.039373
0.040641
0.039231
0.039253
0.039724
0.039006
0.039062
0.039094
0.038939
0.040435
0.056533
0.056456
0.056638
0.056546
0.039115
0.056576
0.056791
0.056409
0.058127
0.039134
0.056811
0.056915
0.038872
0.040291
0.038932
0.039001
0.056609
0.039096
0.040299
0.039119
0.057869
0.039032
0.039043
0.058315
0.039011
0.039105
0.038994
0.056883
0.056959
0.056587
0.038997
0.056900
0.058444
0.059993
0.061785
0.056655
0.058032
0.056869
0.056794
0.056733
0.039797
0.039026
0.039031
0.039018
0.039220
0.039021
0.039456
0.039249
0.072742
0.039409
0.040709
0.039261
0.039253
0.039200
0.039454
0.040051
0.039532
0.040417
0.044360
0.044798
0.042051
0.040421
0.040423
0.040298
0.045594
0.040281
0.040642
0.040745
0.079070
0.040464
0.040367
0.040310
0.040440
0.040417
0.040454
0.040227
0.041341
0.046804
0.044122
0.043700
0.040354
0.040925
0.039387
0.039246
0.039407
0.040319
0.045676
0.040471
0.074055
0.040411
0.044388
0.039241
0.039159
0.039240
0.039176
0.039318
0.039140
0.039525
0.039212
0.039088
0.040491
0.043627
0.039600
0.039473
0.039454
0.039419
0.040157
0.039297
0.072791
0.041087
0.044583
0.039316
0.039224
0.039229
0.039227
0.039917
0.039339
0.039298
0.039209
0.039414
0.039719
0.039518
0.039359
0.039482
0.040346
0.045711
0.038724
0.038735
0.071990
0.038680
0.040365
0.038802
0.038857
0.038707
0.040330
0.040509
0.038843
0.038729
0.038724
0.039023
0.040246
0.039347
0.039390
0.039338
0.039221
0.039129
0.039371
0.039383
0.072740
0.039275
0.039510
0.039355
0.039276
0.039442
0.039324
0.038694
0.038657
0.038694
0.039396
0.039741
0.038850
0.038821
0.038692
0.038761
0.038670
0.038663
0.040237
0.038790
0.072222
0.038863
0.038944
0.039043
0.038899
0.038719
0.038740
0.038698
0.038693
0.038628
0.038909
0.038749
0.038807
0.038796
0.038742
0.038761
0.038763
0.038784
0.039910
0.038785
0.072774
0.038792
0.038710
0.039680
0.039129
0.039355
0.039262
0.039260
0.040583
0.039159
0.039490
0.039260
0.039298
0.039334
0.040307
0.046246
0.044917
0.041498
0.041157
0.046134
0.074274
0.040617
0.045447
0.040348
0.041809
0.039232
0.040252
0.041855
0.038837
0.038742
0.038645
0.039857
0.040732
0.044949
0.039325
0.039391
0.040205
0.040462
0.040383
0.040287
0.074291
0.040425
0.040426
0.040423
0.040560
0.042072
0.040425
0.043096
0.041706
0.040650
0.042272
0.040551
0.041639
0.044730
0.042927
0.045467
0.040189
0.040359
0.040373
0.046339
0.072409
0.038845
0.040164
0.038769
0.038753
0.038726
0.038814
0.038679
0.038745
0.038798
0.038779
0.038812
0.038723
0.040082
0.038579
0.038902
0.038602
0.038649
0.039842
0.038815
0.072434
0.038906
0.038768
0.039688
0.038685
0.038645
0.038769
0.038610
0.040215
0.038759
0.038771
0.038762
0.038750
0.040384
0.039600
0.039370
0.039784
0.041649
0.041305
0.043979
0.074686
0.044464
0.041244
0.040382
0.041895
0.040287
0.045078
0.044640
0.046094
0.046017
0.039970
0.040352
0.039606
0.039370
0.039315
0.039478
0.039370
0.039405
0.039462
0.039302
0.073978
0.039419
0.039373
0.038753
0.038762
0.039558
0.038861
0.038666
0.038842
0.038678
0.038729
0.039645
0.038780
0.038772
0.038633
0.038677
0.039253
0.038744
0.038662
0.038668
0.074492
0.041728
0.046277
0.039154
0.039229
0.039139
0.041051
0.039330
0.039269
0.039120
0.039253
0.041244
0.039299
0.038719
0.038764
0.038972
0.040285
0.038803
0.038758
0.038876
0.072356
0.039783
0.038837
0.038890
0.038744
0.038794
0.039625
0.038694
0.038880
0.038828
0.038676
0.039306
0.039408
0.039289
0.039282
0.039161
0.039346
0.039249
0.039379
0.039338
0.073073
0.040555
0.040056
0.044937
0.043374
0.039169
0.038927
0.039003
0.038742
0.038804
0.039973
0.040388
0.039455
0.039212
0.042760
0.041569
0.040437
0.039265
0.039347
0.039537
0.072798
0.042000
0.039458
0.039456
0.039329
0.039403
0.040964
0.039405
0.039405
0.039445
0.040409
0.042466
0.038808
0.038661
0.038611
0.038775
0.038842
0.039095
0.038821
0.038764
0.072274
0.038807
0.038879
0.038630
0.038867
0.041497
0.038857
0.040086
0.038674
0.038864
0.038923
0.039072
0.038856
0.038819
0.038799
0.038832
0.040175
0.038763
0.038584
0.038812
0.072497
0.040148
0.039008
0.038791
0.038719
0.038625
0.039876
0.038771
0.039162
0.040885
0.040848
0.042888
0.043221
0.042499
0.041447
0.042084
0.043424
0.044574
0.044971
0.040993
0.077988
0.046820
0.039255
0.039237
0.039211
0.040950
0.040776
0.048827
0.047728
0.047098
0.046521
0.046080
0.045551
0.039705
0.039630
0.039733
0.039586
0.039559
0.039973
0.039601
0.073430
0.038706
0.038732
0.038584
0.038789
0.038623
0.038675
0.039065
0.041098
0.039210
0.039345
0.038957
0.040163
0.042061
0.040326
0.040622
0.048126
0.044895
0.048978
0.049390
0.082523
0.044962
0.048507
0.047267
0.039736
0.041177
0.040773
0.040139
0.040887
0.041096
0.046124
0.048365
0.042651
0.041696
0.042042
0.039810
0.039594
0.038992
0.039464
0.039639
0.078735
0.045788
0.047369
0.039437
0.040198
0.039452
0.039573
0.039336
0.039481
0.039770
0.040595
0.038780
0.038797
0.038775
0.039415
0.041052
0.041745
0.043828
0.042860
0.043222
0.073387
0.039535
0.039426
0.040690
0.039404
0.039417
0.039281
0.039704
0.040758
0.041262
0.047119
0.045034
0.039273
0.039697
0.039327
0.039440
0.039399
0.039284
0.040995
0.039479
0.072711
0.039171
0.039217
0.039494
0.039391
0.039488
0.039390
0.039317
0.040578
0.041099
0.039334
0.039440
0.040288
0.046497
0.040438
0.040275
0.041667
0.040303
0.045870
0.040446
0.074481
0.040269
0.040373
0.040444
0.040397
0.040375
0.046225
0.040497
0.043416
0.041801
0.044475
0.040581
0.041589
0.039292
0.039451
0.039315
0.039347
0.040295
0.040335
0.040890
0.074338
0.040744
0.038974
0.038769
0.040887
0.043802
0.046192
0.040174
0.046759
0.041979
0.042677
0.040413
0.047259
0.046137
0.040699
0.038934
0.038637
0.039120
0.038707
0.038615
0.072496
0.039541
0.038807
0.038753
0.038689
