1.00
1.12
1.16
1.14
1.14
1.16
1.15
1.13
1.13
1.11
1.12
1.12
1.11
1.12
1.15
1.13
1.11
1.14
1.13
1.13
1.12
1.13
1.14
1.14
1.12
1.12
1.14
1.12
1.13
1.13
1.14
1.13
1.12
1.12
1.12
1.11
1.07
1.12
1.10
1.13
1.09
1.09
1.10
1.11
1.10
1.10
1.10
1.11
1.12
1.06
1.08
1.06
1.12
1.10
1.11
1.11
1.10
1.10
1.11
1.13
1.10
1.12
1.09
1.12
1.11
1.08
1.12
1.11
1.12
1.12
1.13
1.13
1.11
1.12
1.09
1.11
1.13
1.12
1.13
1.14
1.10
1.12
1.14
1.12
1.13
1.13
1.12
1.14
1.13
1.12
1.13
1.13
1.09
1.11
1.10
1.07
1.11
1.09
1.11
1.11
1.11
1.11
1.11
1.11
1.13
1.10
1.12
1.10
1.10
1.09
1.11
1.13
1.12
1.12
1.11
1.11
1.12
1.11
1.10
1.11
1.08
1.11
1.09
1.08
1.09
1.10
1.11
1.10
1.09
1.10
1.09
1.11
1.07
1.08
1.08
1.07
1.08
1.04
1.05
1.03
1.05
1.10
1.10
1.12
1.10
1.11
1.11
1.10
1.11
1.14
1.12
1.11
1.08
1.09
1.04
1.05
1.06
1.08
1.07
1.06
1.09
1.10
1.08
1.06
1.06
1.07
1.03
1.04
1.05
1.05
1.04
1.00
1.00
1.01
1.03
1.02
1.01
0.99
0.99
0.99
0.96
1.06
1.05
1.07
1.06
1.05
1.04
1.08
1.07
1.07
1.03
1.07
1.03
1.02
1.04
1.05
1.03
1.02
1.03
1.01
1.00
1.09
1.09
1.05
1.05
1.06
1.10
1.09
1.09
1.08
1.07
1.07
1.05
1.08
1.04
1.07
1.08
1.10
1.08
1.05
1.02
1.05
1.07
1.03
1.03
1.01
1.01
1.03
1.01
1.01
0.99
0.94
0.96
0.95
0.97
0.98
0.92
0.95
0.94
0.90
0.92
0.99
1.00
0.98
1.00
1.03
1.02
1.03
1.00
1.00
0.96
0.99
1.00
0.95
0.93
0.94
0.97
0.96
0.96
0.96
0.98
1.04
1.05
1.03
1.06
1.11
1.05
0.99
0.99
0.98
0.99
1.01
1.02
0.97
1.05
1.02
1.02
1.03
1.02
1.02
1.04
1.08
1.08
1.07
1.06
1.02
1.03
1.06
1.09
1.07
1.05
1.09
1.06
1.04
1.02
1.03
1.04
1.04
1.05
1.04
1.06
1.08
1.07
1.10
1.09
1.07
1.07
1.08
1.10
1.13
1.11
1.11
1.15
1.15
1.12
1.19
1.16
1.16
1.16
1.17
1.18
1.17
1.16
1.14
1.18
1.15
1.19
1.18
1.13
1.12
1.08
1.14
1.16
1.14
1.10
1.12
1.11
1.07
1.05
1.01
1.08
1.06
1.05
1.04
1.06
1.08
1.10
0.92
1.07
1.07
0.71
1.01
1.02
0.89
0.98
0.95
0.97
0.98
0.96
0.95
0.86
1.00
1.01
1.01
0.94
1.04
0.96
0.91
0.89
0.89
0.89
0.89
0.95
0.97
1.00
0.97
1.00
1.04
1.04
1.05
1.06
1.12
1.10
1.12
1.10
1.08
1.13
1.11
1.08
1.09
1.06
1.04
1.02
1.06
1.09
1.11
1.10
1.08
1.06
1.09
1.05
1.12
1.10
1.10
1.11
1.07
1.15
1.15
1.14
1.11
1.11
1.08
1.12
1.12
1.11
1.12
1.13
1.13
1.12
1.13
1.16
1.14
1.21
1.20
1.18
1.20
1.21
1.18
1.21
1.20
1.21
1.24
1.21
1.23
1.23
1.23
1.20
1.20
1.22
1.18
1.23
1.16
1.12
1.13
1.15
1.17
1.16
1.14
1.19
1.15
1.16
1.13
1.15
1.14
1.16
1.13
1.12
1.13
1.10
1.12
1.08
1.09
1.11
1.09
1.06
1.08
1.11
1.14
1.12
1.05
1.03
1.05
1.02
1.03
1.01
1.00
1.04
1.07
1.03
1.01
0.98
1.08
1.02
1.05
1.03
1.03
1.03
1.01
1.02
1.03
0.96
0.95
0.94
0.97
0.91
0.95
0.88
0.95
0.86
0.87
0.79
0.80
0.75
0.81
0.74
0.74
0.68
0.75
0.74
0.75
0.71
0.71
0.64
0.59
0.56
0.51
0.44
0.40
0.35
0.32
0.33
0.61
0.59
0.58
0.51
0.43
0.34
0.30
0.16
0.14
0.19
0.36
0.40
0.39
0.39
0.48
0.44
0.47
0.46
0.45
0.43
0.67
0.71
0.67
0.54
0.48
0.56
0.54
0.53
0.49
0.48
0.54
0.48
0.51
0.41
0.39
0.40
0.32
0.33
0.40
0.33
0.68
0.64
0.65
0.63
0.66
0.63
0.58
0.55
0.50
0.54
0.50
0.50
0.55
0.50
0.52
0.51
0.54
0.50
0.51
0.54
0.93
0.87
0.92
0.88
0.89
0.86
0.94
0.88
0.95
0.95
0.93
0.90
0.91
0.90
0.87
0.85
0.87
0.85
0.88
0.86
1.05
1.03
1.01
1.03
1.02
1.00
0.98
0.94
1.01
0.95
0.97
0.96
0.99
1.00
0.99
0.96
0.99
1.01
1.02
1.03
1.07
1.08
1.10
1.05
1.09
1.06
1.08
1.09
1.11
1.10
1.07
1.08
1.11
1.09
1.06
1.07
1.07
1.10
1.06
1.02
1.05
1.07
1.06
1.07
1.09
1.09
1.05
1.04
1.05
1.08
1.07
1.05
1.04
1.04
1.03
1.03
1.01
1.02
0.97
0.99
1.03
1.02
1.06
1.03
1.02
1.01
0.99
0.97
0.99
1.00
0.91
0.97
0.93
0.88
0.92
0.85
0.79
0.82
0.80
0.79
0.88
0.77
0.73
0.79
0.70
0.71
0.70
0.66
0.66
0.66
0.63
0.59
0.57
0.63
0.54
0.51
0.57
0.51
0.56
0.75
0.88
0.92
0.88
0.94
0.91
0.93
0.91
0.95
0.99
0.95
0.95
0.93
0.86
0.78
0.75
0.67
0.66
0.55
0.64
0.73
0.79
0.82
0.76
0.84
0.92
1.02
1.05
1.07
1.04
1.10
1.10
1.15
1.21
1.28
1.22
1.30
1.30
1.26
1.28
1.27
1.21
1.18
1.24
1.21
1.28
1.24
1.22
1.26
1.27
1.27
1.25
1.19
1.26
1.20
1.22
1.23
1.18
1.18
1.18
1.20
1.12
1.07
1.04
1.09
1.03
1.06
1.10
1.11
1.17
1.10
1.16
1.15
1.12
1.15
1.15
1.14
1.16
1.17
1.11
1.06
1.00
1.03
0.99
0.96
0.98
0.97
1.03
1.02
1.02
0.98
1.02
0.98
0.97
0.93
0.97
0.97
0.98
0.93
0.95
0.97
1.03
1.02
1.02
1.02
1.00
0.98
0.97
1.03
1.02
1.00
1.01
1.02
1.01
1.01
1.03
1.00
0.98
1.05
0.99
1.08
1.14
1.16
1.19
1.15
1.10
1.12
1.12
1.09
1.08
1.09
1.11
1.09
1.05
0.99
1.02
1.04
1.06
1.03
1.08
1.11
1.10
1.07
1.05
1.04
0.98
0.89
0.86
0.83
0.77
0.69
0.56
0.42
0.35
0.24
0.35
0.25
0.23
0.19
0.15
0.23
0.36
0.35
0.36
0.36
0.41
0.37
0.39
0.42
0.44
0.45
0.45
0.49
0.52
0.45
0.39
0.40
0.50
0.45
0.46
0.51
0.81
0.80
0.83
0.80
0.79
0.83
0.79
0.73
0.71
0.75
0.69
0.72
0.71
0.69
0.72
0.69
0.65
0.57
0.39
0.38
0.66
0.72
0.61
0.47
0.47
0.52
0.59
0.70
0.81
0.77
0.88
0.88
0.80
0.75
0.79
0.80
0.79
0.78
0.84
0.86
0.95
0.95
0.98
0.99
1.02
1.01
0.95
0.99
0.95
0.92
0.93
0.90
0.95
0.92
0.94
0.90
0.93
0.92
0.95
1.00
1.12
1.08
1.08
1.08
1.10
1.13
1.13
1.13
1.14
1.14
1.11
1.12
1.10
0.97
0.90
0.90
0.82
0.83
0.93
0.89
0.90
0.90
0.92
0.95
0.95
0.95
0.90
0.86
0.86
0.81
0.80
0.81
0.79
0.82
0.84
0.83
0.84
0.90
0.89
0.92
1.05
1.05
1.08
1.09
1.13
1.05
1.14
1.07
1.06
1.05
1.06
1.00
1.07
1.01
1.02
1.05
0.94
1.04
0.96
0.95
1.01
1.04
1.02
0.97
1.04
0.99
1.04
1.02
1.02
1.04
1.03
1.03
1.04
1.07
1.05
1.03
1.04
1.09
1.03
1.06
1.09
1.09
1.08
1.05
1.07
1.06
1.06
1.08
1.02
0.97
0.99
1.05
1.03
1.01
1.00
1.00
0.97
1.00
0.93
0.96
0.98
0.99
0.94
0.94
0.87
0.79
0.83
0.73
0.79
0.80
0.69
0.79
0.72
0.75
0.73
0.73
0.77
0.77
0.78
0.74
0.90
0.91
0.88
0.92
0.88
0.85
0.85
0.86
0.85
0.83
0.82
0.85
0.79
0.76
0.78
0.76
0.77
0.67
0.74
0.65
0.83
0.74
0.79
0.82
0.87
0.82
0.82
0.82
0.74
0.67
0.63
0.74
0.69
0.72
0.72
0.75
0.76
0.84
0.72
0.79
1.04
1.05
1.07
1.02
1.07
1.03
1.04
0.96
0.95
0.98
0.99
0.96
0.97
0.91
1.00
1.01
0.99
0.96
1.02
0.97
1.06
1.07
1.06
1.06
1.06
1.09
1.05
1.05
1.05
1.03
1.08
1.06
1.06
1.10
1.09
1.08
1.10
1.11
1.13
1.10
1.13
1.06
1.05
1.02
0.98
0.93
0.93
0.90
0.88
0.94
0.93
0.89
0.93
0.91
0.87
0.89
0.88
0.86
0.80
0.80
0.89
0.86
0.85
0.89
0.87
0.87
0.90
0.84
0.81
0.81
0.79
0.76
0.79
0.76
0.74
0.70
0.70
0.68
0.73
0.67
0.99
0.98
0.96
0.95
0.97
0.97
0.98
0.98
0.98
0.97
0.97
0.96
0.98
0.93
0.97
0.96
1.00
0.94
0.99
1.01
1.05
1.06
1.05
1.07
1.12
1.01
0.96
0.96
1.00
1.03
1.00
1.03
0.98
0.94
1.03
1.01
0.98
1.02
1.03
1.04
1.06
1.05
1.07
0.98
1.04
1.10
1.12
1.07
1.09
1.07
1.10
1.07
1.13
1.06
1.10
1.06
1.04
1.08
1.06
1.08
1.09
1.09
0.92
1.03
1.10
1.10
1.07
1.06
1.07
1.11
1.08
1.00
1.01
1.01
0.98
0.99
1.04
0.99
0.93
0.96
0.95
1.00
0.96
0.93
0.93
0.87
0.83
0.77
0.75
0.69
0.80
0.84
0.80
0.84
0.77
0.84
0.77
0.75
0.75
0.72
0.80
0.75
0.81
0.85
0.77
0.75
0.77
0.82
0.79
0.85
0.91
0.85
0.91
0.86
0.84
0.79
0.73
0.68
0.59
0.49
0.58
0.52
0.47
0.48
0.37
0.47
0.51
0.51
0.44
0.59
0.63
0.69
0.66
0.68
0.62
0.71
0.67
0.66
0.59
0.65
0.84
0.79
0.81
0.73
0.70
0.65
0.59
0.64
0.58
0.61
0.62
0.56
0.57
0.47
0.50
0.41
0.44
0.39
0.40
0.43
0.70
0.65
0.65
0.67
0.59
0.61
0.52
0.48
0.43
0.47
0.45
0.40
0.43
0.50
0.49
0.48
0.50
0.51
0.50
0.46
0.77
0.75
0.79
0.78
0.69
0.75
0.69
0.65
0.62
0.67
0.75
0.83
0.83
0.74
0.61
0.56
0.40
0.41
0.46
0.51
0.49
0.51
0.52
0.51
0.53
0.54
0.58
0.83
0.77
0.87
0.77
0.72
0.67
0.68
0.68
0.67
0.68
0.61
0.65
0.68
0.82
0.90
0.94
0.93
0.91
0.86
0.81
0.81
0.77
0.80
0.83
0.86
0.76
0.77
0.79
0.72
0.73
0.70
0.69
0.63
0.77
0.81
0.75
0.75
0.77
0.80
0.76
0.79
0.74
0.75
0.73
0.73
0.74
0.77
0.78
0.75
0.79
0.77
0.79
0.82
0.98
0.93
0.91
0.91
0.88
0.83
0.86
0.82
0.82
0.81
0.71
0.80
0.82
0.82
0.83
0.85
0.84
0.81
0.81
0.84
0.93
0.96
0.98
0.99
1.04
1.07
1.01
1.12
1.04
1.01
0.97
0.94
0.94
0.87
0.85
0.87
0.83
0.81
0.74
0.68
0.57
0.52
0.42
0.49
0.46
0.49
0.45
0.50
0.54
0.45
0.44
0.11
0.05
0.07
0.08
0.24
0.33
0.27
0.19
0.17
0.23
0.21
0.14
0.35
0.35
0.31
0.33
0.24
0.39
0.39
0.37
0.32
0.53
0.35
0.30
0.40
0.42
0.36
0.40
0.54
0.60
0.19
0.26
0.34
0.14
0.18
0.09
0.13
0.13
0.04
0.08
0.13
0.24
0.09
0.07
0.12
0.20
0.77
0.81
0.84
0.93
0.85
0.83
0.92
0.83
0.82
0.80
0.85
0.82
0.80
0.81
0.86
0.83
0.80
0.75
0.85
0.79
0.86
0.84
0.84
1.00
1.03
0.98
1.01
1.00
1.02
0.98
1.02
0.98
1.02
1.04
1.02
1.05
1.05
1.04
1.04
1.07
1.00
1.02
1.01
1.12
1.10
1.06
1.16
1.10
1.06
1.10
1.05
1.10
1.07
1.07
1.04
1.00
1.11
1.04
1.13
1.07
1.10
1.12
1.12
1.10
1.04
1.10
1.16
1.09
1.10
1.08
1.10
1.09
1.07
1.02
1.13
1.07
1.09
1.11
1.06
1.10
1.11
1.06
1.09
1.09
1.09
1.04
1.10
1.07
1.12
1.12
1.08
1.12
1.10
1.03
1.12
1.05
1.12
1.16
1.15
1.09
1.04
1.09
1.03
1.11
1.13
1.04
1.09
1.12
1.05
1.10
1.13
1.05
1.14
1.10
1.07
1.08
1.05
1.07
1.05
1.15
1.00
1.07
1.07
1.12
1.11
1.07
1.10
1.08
1.06
1.15
1.12
1.07
1.10
1.12
1.09
1.11
1.07
1.11
1.12
1.06
1.16
1.14
1.09
1.08
1.07
1.09
1.10
1.11
1.09
1.10
1.13
1.13
1.16
1.14
1.09
1.14
1.12
1.13
1.15
1.11
1.13
1.12
1.10
1.10
1.10
1.14
1.13
1.10
1.12
1.18
1.13
1.13
1.13
1.17
1.11
1.16
1.14
1.16
1.10
1.16
1.11
1.18
1.15
1.15
1.15
1.15
1.17
1.12
1.10
1.08
1.14
1.18
1.14
1.14
1.13
1.12
1.10
1.13
1.18
1.13
1.13
1.11
1.10
1.12
1.11
1.17
1.13
1.17
1.13
1.06
1.06
1.10
1.10
1.08
1.13
1.11
1.08
1.14
1.11
1.11
1.10
1.13
1.05
1.11
1.12
1.14
1.10
1.10
1.13
1.10
1.06
1.11
1.11
1.10
1.11
1.12
1.10
1.13
1.13
1.10
1.06
1.11
1.11
1.21
1.17
1.14
1.23
1.14
1.17
1.19
1.16
1.15
1.15
1.13
1.22
1.14
1.19
1.19
1.19
1.14
1.17
1.21
1.12
1.12
1.12
1.12
1.14
1.08
1.17
1.10
1.17
1.10
1.12
1.12
1.13
1.11
1.19
1.15
1.15
1.14
1.13
1.11
1.18
1.18
1.15
1.13
1.18
1.18
1.15
1.18
1.16
1.17
1.15
1.19
1.17
1.15
1.13
1.16
1.20
1.17
1.19
1.15
1.11
1.13
1.14
1.13
1.11
1.12
1.10
1.14
1.14
1.08
1.14
1.21
1.19
1.21
1.17
1.15
1.18
1.16
1.17
1.09
1.17
1.14
1.10
1.15
1.16
1.12
1.12
1.17
1.11
1.13
1.09
1.10
1.07
1.11
1.09
1.04
1.10
1.09
1.08
1.03
1.09
1.11
1.09
1.09
1.14
1.13
1.08
1.05
1.10
1.07
1.10
1.07
1.09
1.09
1.11
1.11
1.16
1.08
1.07
1.12
1.12
1.17
1.09
1.14
1.16
1.12
1.12
1.11
1.16
1.12
1.12
1.16
1.12
1.14
1.14
1.13
1.13
1.16
1.13
1.13
1.13
1.15
1.17
1.18
1.20
1.14
1.12
1.17
1.17
1.16
1.17
1.13
1.17
1.22
1.17
1.17
1.14
1.17
1.11
1.15
1.19
1.16
1.15
1.16
1.15
1.16
1.16
1.15
1.10
1.12
1.17
1.12
1.14
1.13
1.13
1.10
1.17
1.17
1.17
1.19
1.11
1.17
1.13
1.13
1.17
1.17
1.13
1.06
1.14
1.15
1.13
1.09
1.11
1.09
1.15
1.13
1.13
1.10
1.12
1.16
1.11
1.11
1.08
1.10
1.08
1.08
1.04
1.16
1.16
1.13
1.11
1.15
1.14
1.14
1.13
1.10
1.12
1.12
1.12
1.13
1.10
1.13
1.14
1.14
1.17
1.18
1.15
1.18
1.18
1.21
1.13
1.18
1.16
1.13
1.16
1.16
1.18
1.19
1.21
1.20
1.20
1.11
1.15
1.16
1.16
1.10
1.14
1.11
1.12
1.18
1.16
1.18
1.13
1.14
1.15
1.06
1.10
1.12
1.17
1.13
1.13
1.14
1.14
1.16
1.15
1.14
1.15
1.12
1.16
1.15
1.13
1.15
1.13
1.12
1.15
1.15
1.15
1.13
1.13
1.11
1.14
1.17
1.09
1.11
1.11
1.11
1.14
1.19
1.16
1.11
1.13
1.15
1.15
1.14
1.14
1.12
1.15
1.14
1.10
1.13
1.14
1.11
1.10
1.15
1.11
1.15
1.14
1.16
1.15
1.17
1.16
1.16
1.16
1.17
1.16
1.23
1.16
1.12
1.19
1.15
1.14
1.15
1.15
1.16
1.17
