454	210	56	35
456	213	55	34
455	212	57	34
455	213	56	34
456	213	56	33
454	213	58	34
454	213	56	33
455	213	56	34
454	212	56	35
455	214	56	32
453	214	57	32
453	212	60	35
455	213	57	34
455	213	58	33
455	213	57	34
454	212	58	36
456	213	56	35
453	213	58	34
455	213	56	34
455	213	56	34
454	212	57	35
455	212	57	36
455	213	57	35
454	212	59	36
454	213	59	34
456	213	55	34
455	212	56	36
456	213	55	34
455	213	57	34
456	213	56	33
453	212	57	36
454	212	56	35
455	212	57	36
455	212	56	35
455	212	57	34
453	211	57	35
454	210	58	35
453	209	58	36
455	211	57	33
452	210	59	34
454	211	57	33
454	209	56	35
455	210	55	33
453	210	57	34
453	210	58	34
453	208	58	36
456	209	56	35
453	209	58	34
454	210	56	33
455	209	56	33
453	209	57	33
454	209	58	35
453	209	57	34
454	209	56	34
453	210	57	33
453	209	57	34
455	210	56	33
453	209	58	35
453	209	59	34
453	209	59	35
453	210	59	32
454	209	56	34
454	209	56	35
454	210	57	33
453	210	56	33
454	210	58	34
454	210	58	34
454	209	57	36
453	210	58	33
454	210	56	33
453	209	57	35
453	209	57	35
453	209	58	36
451	209	59	34
453	210	58	34
453	209	57	35
454	210	57	34
453	209	56	35
455	210	55	33
452	210	57	32
452	209	58	33
453	210	58	33
452	209	58	35
453	209	58	35
454	210	56	33
453	210	56	33
453	209	56	35
453	209	58	35
452	210	59	33
452	210	58	32
452	210	58	33
452	209	57	33
452	210	57	33
452	210	58	33
451	210	58	34
453	210	57	34
451	210	58	32
452	210	58	34
452	210	57	32
451	209	59	34
451	210	58	33
452	210	57	33
452	210	57	33
453	210	56	33
452	209	57	33
452	209	56	35
452	209	57	35
453	210	56	33
452	209	56	34
452	210	58	32
452	209	58	33
453	209	57	35
452	209	58	33
454	209	54	34
453	209	56	35
452	209	57	35
453	208	57	35
453	208	57	36
452	208	57	34
452	208	56	34
451	207	58	35
452	208	56	34
452	208	57	34
452	208	58	35
451	208	59	34
452	208	58	33
452	207	58	36
451	208	58	34
453	208	56	34
451	208	58	33
453	207	57	35
451	208	58	34
451	207	59	36
453	207	56	35
451	207	59	34
453	208	56	34
452	207	57	34
453	207	55	35
453	208	55	33
452	207	57	35
451	208	57	33
452	207	57	34
452	207	57	34
452	206	58	35
451	207	58	35
451	207	58	35
452	207	58	34
451	207	58	35
452	207	58	33
452	207	57	34
453	207	56	34
451	206	58	34
452	207	57	32
451	206	56	34
453	206	56	35
452	206	57	34
451	205	58	35
451	205	57	36
450	205	57	36
451	204	58	37
450	205	59	36
449	204	57	36
452	204	54	36
451	204	55	34
451	204	55	36
449	203	58	36
449	204	58	35
448	203	59	34
448	203	59	35
449	204	57	34
451	203	53	35
449	202	56	35
450	202	55	36
448	202	58	35
447	202	58	35
446	202	58	35
447	202	56	35
447	202	56	35
449	202	55	35
448	202	54	33
447	201	55	37
447	203	56	34
446	201	56	35
446	201	56	37
445	202	57	34
444	201	56	35
444	202	57	34
445	201	55	35
444	201	55	35
443	200	56	37
443	200	58	36
442	201	57	34
442	200	56	36
444	200	54	36
442	201	56	35
442	200	55	36
443	201	55	34
441	199	56	36
441	200	56	36
441	200	56	35
440	200	55	35
439	199	59	37
439	200	57	35
440	201	55	33
439	201	56	35
438	201	56	35
439	200	56	35
438	200	58	36
437	199	58	37
439	201	56	34
440	201	55	34
439	200	55	36
439	200	54	35
439	200	56	35
439	199	56	36
438	200	57	35
439	200	57	35
439	200	56	34
439	199	56	36
441	199	56	35
440	198	56	35
441	198	56	37
443	197	55	37
442	197	57	36
444	198	55	34
444	196	56	37
445	196	56	37
446	196	55	37
447	195	55	38
447	195	56	37
448	196	56	36
449	196	57	35
450	196	56	36
451	196	57	35
452	196	57	36
453	194	57	37
453	194	59	36
454	194	58	36
455	194	58	36
456	195	58	36
458	195	57	35
458	194	57	35
458	194	58	35
459	193	58	37
459	193	58	36
460	193	58	36
461	192	58	38
461	192	58	38
462	193	58	37
463	193	58	36
464	192	56	37
464	192	58	37
465	192	56	37
466	192	57	36
467	192	57	36
468	192	56	35
468	191	56	38
467	192	57	37
469	193	56	35
469	193	55	34
469	193	56	35
469	193	57	35
469	193	58	34
469	194	59	34
469	193	59	36
471	194	56	35
471	193	56	36
472	194	55	36
472	194	55	35
474	194	55	34
474	194	55	35
473	193	56	37
474	193	57	37
474	194	55	37
475	193	56	36
475	194	55	35
475	194	56	36
476	193	56	38
477	193	56	37
476	194	56	35
477	194	56	35
477	194	56	35
478	194	55	34
478	196	54	31
480	197	51	30
479	196	53	31
480	197	53	30
479	196	54	32
479	196	54	31
480	196	52	32
480	195	54	33
481	197	53	31
482	198	52	29
481	197	52	31
483	197	50	32
483	198	50	30
482	197	52	32
483	198	51	30
484	197	48	31
481	196	53	32
482	197	53	30
481	196	54	32
481	197	54	31
480	196	54	31
480	198	52	28
480	196	53	31
479	196	53	31
479	196	53	32
477	195	54	32
477	196	54	30
476	195	53	33
476	195	53	33
474	195	54	33
474	195	53	32
473	195	54	33
473	194	54	34
472	195	54	32
470	195	54	32
469	194	55	34
469	193	55	35
468	193	56	35
467	194	56	33
466	194	56	33
466	193	57	35
466	193	55	35
465	192	56	37
463	192	58	36
463	192	57	37
462	192	56	35
460	190	58	38
459	190	59	38
459	190	57	36
458	190	57	37
458	190	58	37
456	190	59	36
455	190	59	36
455	190	58	37
454	190	59	37
452	189	59	37
452	189	59	37
452	190	57	35
450	190	59	35
451	191	57	34
450	191	56	34
447	190	60	36
448	190	58	36
447	190	58	35
447	191	57	34
447	191	57	34
446	191	58	34
446	190	57	36
446	191	57	35
444	189	57	36
445	190	56	35
445	190	54	34
443	190	57	34
444	189	54	36
442	189	57	35
442	189	55	36
441	190	56	34
442	190	55	34
440	190	55	34
440	189	55	34
440	190	54	34
439	190	55	34
438	190	55	32
440	191	52	32
438	191	53	31
438	192	53	30
437	191	53	32
439	191	51	31
436	190	52	32
435	191	54	31
435	190	54	32
434	191	53	30
434	190	53	33
433	191	55	32
433	190	54	33
433	191	54	31
432	190	53	33
434	191	53	31
432	191	53	32
433	191	53	32
432	191	53	33
430	190	55	33
430	190	54	33
432	191	52	33
429	192	54	31
431	192	53	31
430	192	53	31
429	191	53	31
428	192	54	30
430	192	51	30
428	192	54	30
428	190	55	32
428	191	54	32
426	190	55	32
427	190	54	32
427	191	57	32
428	191	54	31
427	192	57	29
428	191	54	31
428	191	54	31
429	192	56	30
428	192	55	30
429	192	56	32
430	192	55	32
431	192	53	31
430	193	55	30
432	194	55	29
432	193	55	31
433	193	56	32
433	194	54	30
433	194	57	32
433	194	56	31
434	193	58	34
435	194	56	31
436	194	55	32
434	194	59	34
435	195	58	33
435	196	57	32
437	196	59	33
437	196	57	33
435	196	59	33
437	196	60	35
438	197	58	35
438	197	57	34
439	196	58	35
439	198	58	34
440	198	57	33
440	198	58	32
439	198	58	33
441	198	59	34
441	198	59	33
442	198	59	34
444	197	56	35
444	199	56	32
445	198	57	33
446	199	56	32
447	199	57	32
446	198	59	33
448	199	55	32
447	198	58	33
448	199	58	31
451	198	55	32
451	198	56	32
450	198	57	31
451	198	57	32
452	198	56	31
453	198	57	32
453	197	55	33
453	196	57	33
455	197	54	31
455	196	55	33
456	197	55	32
456	196	55	34
456	195	55	34
456	197	54	32
457	197	54	32
457	198	54	30
457	196	55	33
458	197	53	32
458	197	53	34
457	196	53	33
457	197	54	32
457	196	54	32
456	195	55	34
456	195	54	35
456	195	54	34
455	194	56	35
454	194	55	36
454	194	54	36
454	195	56	34
454	194	54	35
453	194	54	34
454	193	52	35
453	193	54	34
451	193	57	33
451	194	57	31
450	194	57	31
451	194	56	31
452	195	55	28
451	194	54	30
451	194	54	31
452	196	52	28
450	195	53	29
450	195	53	29
450	194	54	31
449	195	54	29
451	195	52	30
450	194	53	31
451	193	52	31
450	194	52	31
451	193	53	31
452	192	51	31
451	192	53	31
451	192	53	31
452	192	52	31
453	192	51	31
454	191	48	32
455	193	47	29
456	193	45	31
460	192	39	32
462	193	36	30
463	193	35	31
463	193	33	32
461	192	35	34
460	192	37	36
462	190	35	41
462	192	32	38
462	192	31	39
462	191	31	40
464	192	29	39
465	194	25	36
466	195	23	34
467	198	22	32
467	198	20	31
468	198	20	31
469	198	17	30
470	200	16	29
470	200	15	28
470	200	15	26
471	200	12	26
471	198	12	27
472	200	11	24
473	199	10	25
473	199	9	25
473	198	9	27
473	197	14	25
476	193	15	30
474	192	19	34
473	190	21	36
472	187	19	40
470	188	21	38
470	188	21	39
469	187	23	40
468	188	23	39
467	189	24	39
467	190	26	39
466	190	28	39
466	191	28	38
466	192	29	37
465	193	30	36
464	193	31	35
465	192	31	37
464	192	32	37
463	192	33	37
463	192	34	37
463	192	35	38
463	192	35	37
454	191	34	39
457	191	35	39
462	192	37	38
464	192	35	38
469	193	31	35
460	192	42	35
467	192	34	36
464	191	38	39
459	190	45	40
463	192	39	34
464	192	39	34
462	192	41	33
459	191	42	35
457	191	46	33
456	191	47	34
455	190	48	33
455	191	47	34
454	190	49	34
452	190	50	35
450	189	53	35
448	189	55	34
449	188	54	35
448	187	55	37
448	188	56	34
448	187	55	35
448	187	56	34
450	187	54	35
451	187	52	34
448	186	55	35
448	187	55	35
448	186	56	35
448	186	56	36
446	186	57	36
448	186	57	37
450	186	56	36
448	187	55	37
449	187	57	37
449	187	56	36
451	187	56	36
449	187	55	35
450	187	56	35
449	186	56	36
451	186	56	35
451	186	55	35
450	185	56	36
449	184	58	36
449	184	58	36
449	183	56	37
449	183	58	37
448	183	59	37
448	182	58	38
449	182	58	38
448	181	58	38
448	181	58	39
450	182	57	37
450	183	56	36
451	182	57	37
450	181	55	40
451	182	56	38
448	181	58	39
449	181	59	40
449	182	58	39
451	183	58	37
450	184	58	37
450	184	58	36
450	183	58	38
449	184	58	36
450	183	57	37
450	183	58	37
449	183	58	37
449	182	59	38
450	183	57	37
450	183	58	37
449	184	57	37
450	184	57	37
448	183	60	38
450	184	57	37
447	183	59	38
447	184	60	37
448	185	59	36
448	185	58	36
448	184	59	38
448	185	58	36
448	185	58	36
448	185	58	37
448	184	58	38
447	185	59	38
447	184	59	39
448	185	58	36
446	186	59	36
446	185	59	37
447	185	58	36
447	185	57	38
447	185	59	37
446	185	59	37
446	185	60	37
446	185	59	37
448	186	58	36
446	185	59	37
446	185	59	37
445	185	59	37
444	185	60	37
445	186	59	36
444	184	59	37
444	185	58	37
445	185	58	36
444	186	58	36
443	185	59	36
445	185	57	36
443	185	57	36
443	185	58	37
445	186	56	37
442	185	59	37
443	185	58	36
443	184	58	37
443	186	57	36
443	186	57	36
442	182	57	41
443	184	55	38
442	185	55	37
444	185	52	37
444	184	51	38
443	184	51	39
443	183	51	40
444	183	48	41
444	184	47	40
444	185	45	39
445	184	44	41
445	185	43	39
446	186	40	40
445	188	44	36
447	188	36	36
447	188	36	38
447	189	35	37
447	188	35	38
448	190	33	36
449	188	32	37
449	188	30	38
450	189	29	36
450	190	29	35
451	187	27	39
452	189	26	37
453	189	24	37
454	185	21	41
455	185	18	42
456	186	17	40
456	184	16	43
457	184	15	43
468	181	17	44
461	182	26	43
459	183	27	43
461	184	25	43
460	184	26	41
458	185	27	40
460	184	25	41
458	185	27	40
461	183	24	41
460	184	24	41
461	184	24	41
461	184	23	41
461	183	24	42
462	183	24	42
464	183	20	43
464	183	20	41
463	183	19	41
463	183	19	42
462	182	19	44
461	184	18	41
461	184	18	41
458	185	21	40
458	186	20	39
467	187	18	38
456	186	16	40
470	188	14	37
469	188	17	35
468	190	18	34
467	190	20	35
467	190	21	35
466	190	22	34
466	190	22	35
466	191	24	34
465	191	24	34
464	190	26	35
463	191	28	35
463	191	27	34
463	191	29	34
462	191	29	35
461	192	30	33
460	191	34	35
460	193	33	32
459	192	33	33
458	192	35	34
458	192	35	35
457	193	37	33
456	192	38	34
455	194	39	31
452	193	43	35
451	193	44	36
451	193	46	35
448	193	49	36
448	194	50	35
445	194	52	35
448	193	49	35
450	194	48	33
446	193	50	37
446	193	52	36
445	196	52	32
444	195	51	34
445	195	51	34
445	195	51	35
443	195	53	36
444	196	52	32
443	196	52	30
444	196	53	32
445	196	52	29
444	196	52	30
445	195	52	31
444	194	53	32
444	193	55	32
443	194	53	31
444	193	53	32
447	193	51	31
445	192	53	31
443	191	56	32
444	191	55	30
443	191	54	30
442	190	57	31
441	190	57	31
441	189	54	32
441	190	54	31
440	192	53	29
440	191	53	30
439	192	54	30
442	192	50	30
441	193	50	29
442	193	48	29
438	192	52	32
436	193	54	30
437	193	53	31
437	194	52	30
435	194	54	31
435	194	53	31
434	194	53	31
434	195	53	30
434	195	53	31
433	195	53	31
433	195	53	30
434	196	52	29
433	196	54	30
434	196	52	30
434	196	53	30
432	197	54	30
434	197	51	30
432	197	54	30
432	196	53	31
433	197	51	29
431	197	52	27
432	197	55	30
432	198	52	29
430	198	55	29
432	198	52	28
432	198	52	28
431	197	55	30
435	199	49	29
434	198	51	29
435	199	50	29
433	200	52	28
433	200	55	29
433	200	51	29
434	200	54	30
436	201	51	29
435	199	55	32
437	201	53	31
440	202	50	30
439	201	54	32
441	202	53	31
444	203	53	29
446	205	51	29
449	206	49	28
450	207	49	30
449	207	52	31
454	208	48	30
454	209	47	29
455	209	47	31
454	210	49	29
456	209	46	31
458	211	45	30
456	210	47	30
454	210	47	30
455	211	47	29
452	211	48	28
452	212	47	27
450	212	48	27
447	212	50	28
445	211	51	28
446	212	48	26
445	212	48	26
444	213	50	26
444	214	50	25
444	213	50	27
442	216	51	26
442	217	51	26
442	217	52	26
441	216	53	28
442	214	53	30
444	207	50	36
441	203	53	44
441	205	55	44
440	207	55	42
449	208	55	42
441	209	58	40
442	213	56	31
442	214	55	29
452	214	60	30
444	215	55	31
444	215	54	34
445	216	52	35
445	215	52	40
448	210	48	43
446	216	50	39
447	212	48	40
449	217	46	33
455	216	41	28
458	217	35	26
456	217	36	28
453	217	40	25
452	216	39	27
452	216	41	27
451	216	42	25
452	216	40	27
450	216	42	27
450	216	43	29
450	216	42	28
450	216	42	28
450	216	41	30
450	216	42	30
448	216	43	31
448	217	43	30
448	217	40	31
448	217	40	32
447	217	42	34
446	217	41	35
447	217	41	36
447	217	41	36
448	218	40	35
449	219	39	33
450	218	36	34
452	217	32	33
454	220	32	29
463	217	26	32
464	220	24	25
461	220	25	25
460	220	26	23
459	221	25	21
456	226	30	26
457	228	28	31
453	234	27	27
446	232	32	30
437	234	40	26
434	236	43	22
431	236	44	23
428	235	47	26
426	237	48	24
422	240	53	23
422	243	52	25
420	246	53	28
420	249	55	29
422	253	54	30
424	258	56	31
427	264	53	29
427	269	54	30
430	272	53	31
432	275	55	30
434	277	56	30
437	277	55	31
440	277	56	32
443	271	55	37
447	268	54	41
448	266	56	44
450	266	54	44
452	265	53	46
451	266	54	46
452	270	53	43
451	271	55	42
451	270	54	44
449	270	54	45
449	271	53	44
446	271	56	44
449	274	54	41
448	273	53	42
450	274	52	41
449	274	55	39
449	273	54	41
451	272	54	42
451	274	54	39
451	275	54	38
453	275	52	38
452	276	53	37
452	274	52	40
452	276	53	37
451	277	53	37
450	277	54	37
451	276	52	38
447	272	54	42
444	272	56	42
443	270	53	43
440	270	51	43
435	268	53	42
433	267	49	41
431	263	50	44
429	263	52	44
427	262	52	43
426	260	50	43
423	259	50	43
421	258	51	44
419	257	52	44
418	259	51	40
417	258	49	39
415	259	47	39
413	258	47	40
412	257	47	39
410	255	46	41
409	255	47	40
409	251	45	44
407	256	46	37
407	253	47	39
409	250	46	42
408	251	49	40
407	252	52	38
407	248	54	41
409	249	52	38
410	248	52	39
411	248	53	38
411	248	51	38
413	248	50	37
413	248	51	37
413	248	52	36
413	249	52	36
414	249	52	36
415	249	52	34
414	248	55	35
415	249	55	34
415	247	55	35
415	247	55	35
416	248	56	34
416	248	56	34
416	248	58	35
416	246	59	36
418	246	57	37
417	246	58	35
416	246	59	35
417	246	59	35
416	246	59	34
415	245	61	35
416	244	61	33
415	243	63	36
415	242	63	37
416	242	61	37
417	242	61	35
417	242	60	35
416	241	61	37
417	241	61	35
416	241	61	36
417	241	61	36
415	240	63	35
414	240	64	37
413	240	65	37
414	239	64	35
414	241	62	37
413	240	63	36
410	240	64	35
411	240	62	37
409	240	64	37
405	240	67	38
404	240	68	37
403	241	67	38
401	241	70	39
401	241	67	38
399	241	68	40
398	242	67	40
398	244	65	38
396	244	64	38
394	244	65	39
392	245	67	39
390	245	67	40
389	245	67	40
386	245	69	42
386	245	66	40
384	245	68	42
385	245	66	42
383	245	67	39
382	247	66	39
382	247	65	41
381	248	65	42
384	249	60	42
385	250	58	42
383	252	58	42
385	253	54	42
384	255	56	39
383	254	56	41
385	255	53	40
383	255	56	41
383	254	55	43
382	256	57	40
383	256	54	41
384	258	54	38
382	257	56	41
383	258	55	41
383	259	56	39
382	260	56	41
385	262	54	39
383	263	55	40
385	264	53	40
382	265	57	39
384	265	55	41
384	267	54	38
384	267	54	39
385	268	52	39
385	269	53	39
382	270	57	39
380	270	61	40
378	271	63	41
378	270	63	40
377	270	65	43
376	270	66	42
375	271	66	41
372	270	70	42
374	269	67	43
371	270	70	43
368	268	75	44
368	267	72	45
364	267	81	46
361	266	84	46
361	266	73	45
360	265	65	46
362	268	59	41
361	267	58	42
362	267	56	44
359	265	59	45
358	266	57	45
356	264	58	47
354	263	58	47
351	261	61	48
349	262	60	47
346	262	61	45
346	260	61	45
344	261	61	42
342	259	63	45
340	258	70	45
338	257	68	46
337	256	64	47
336	257	63	45
334	256	65	44
332	255	66	46
330	253	65	45
329	252	64	46
328	251	63	45
325	253	68	41
323	252	70	42
320	251	69	44
319	251	70	42
317	249	71	44
315	249	71	42
312	248	72	44
312	249	68	42
310	248	63	43
309	248	61	42
306	246	62	44
305	246	59	41
302	246	59	44
300	246	58	42
299	246	56	42
295	246	61	42
293	247	58	41
291	246	58	42
289	247	57	42
286	247	58	41
285	247	56	40
282	246	57	41
281	246	54	39
282	247	51	40
278	248	52	38
278	248	50	38
276	247	50	38
276	248	49	38
274	248	49	37
272	249	49	34
269	250	52	34
268	250	51	34
266	249	55	33
264	248	55	35
264	243	54	40
263	242	56	41
261	241	58	41
264	241	55	40
267	240	53	41
270	239	51	41
267	235	56	44
270	228	52	52
269	228	53	51
267	225	57	51
267	224	58	52
267	222	60	53
265	220	65	52
264	219	67	53
266	216	63	55
266	212	65	58
266	211	61	57
266	206	62	61
260	201	73	66
264	200	66	65
263	199	65	66
268	195	62	69
275	196	49	66
277	194	43	65
277	194	43	64
278	194	38	62
278	190	41	65
278	190	40	64
279	188	39	65
279	186	36	64
279	184	34	65
280	180	30	70
281	182	28	63
282	181	27	62
282	182	26	58
283	180	26	59
283	179	26	60
283	179	25	60
283	178	24	60
283	178	25	59
282	177	25	61
282	177	25	60
283	177	26	58
282	177	25	58
282	177	26	58
282	176	26	61
282	177	26	58
281	177	27	58
282	176	26	61
280	177	27	60
281	177	26	60
280	177	26	60
281	177	26	58
280	178	27	58
280	177	27	60
279	177	28	61
280	177	28	61
279	177	29	63
280	177	27	64
279	178	27	61
278	178	29	63
277	178	30	62
275	180	34	62
276	179	32	67
274	178	35	69
272	179	39	69
268	182	43	67
269	185	42	66
270	193	39	59
268	196	43	58
267	201	46	54
266	205	49	50
267	208	45	48
265	209	49	49
265	211	50	48
267	214	48	45
264	215	52	46
262	216	55	45
264	220	52	42
264	221	54	41
263	222	55	40
260	222	59	42
260	224	60	40
259	226	62	38
259	228	61	38
258	229	63	37
260	232	59	34
260	234	60	33
264	236	54	32
261	238	59	32
262	238	56	33
261	239	59	32
262	240	58	32
261	240	59	33
262	240	59	32
264	241	55	31
264	241	58	32
263	241	58	32
264	242	57	32
265	242	56	31
265	241	56	32
264	243	58	31
263	242	58	32
264	242	58	32
263	242	58	33
263	243	59	32
263	243	59	32
263	243	60	33
265	243	55	32
263	241	59	35
262	242	61	36
262	242	61	38
262	243	62	38
261	242	63	40
261	242	63	41
261	242	64	44
260	243	67	45
258	244	69	43
257	243	71	47
256	242	72	49
257	242	71	50
257	241	70	53
262	240	63	55
259	242	65	54
262	243	61	54
265	245	56	53
269	242	50	58
269	240	51	60
269	239	50	62
268	240	51	63
261	243	57	60
260	239	59	64
254	244	64	58
254	241	65	62
255	241	63	61
252	242	67	59
252	240	70	60
255	239	71	61
255	242	57	57
250	242	52	56
251	243	50	54
263	239	41	60
267	238	33	59
270	238	28	58
272	238	24	56
272	238	25	55
270	239	27	56
272	238	26	54
270	238	28	55
271	236	27	55
271	237	27	54
271	237	27	54
272	236	27	55
269	236	31	55
270	234	29	55
273	236	27	53
273	235	27	53
275	235	24	53
278	233	21	55
280	231	18	58
281	231	17	57
283	230	14	59
283	229	14	59
284	230	13	59
283	232	14	55
285	228	13	60
287	228	11	59
287	229	11	59
279	228	13	60
276	228	17	58
275	229	17	58
272	229	22	58
272	229	24	56
272	228	18	59
271	227	25	59
271	228	25	58
273	227	24	58
275	227	18	57
275	227	20	58
276	225	20	61
277	227	19	60
278	225	19	61
279	226	19	60
281	224	18	62
282	224	18	62
284	225	16	61
287	224	15	62
289	225	14	61
291	226	14	61
294	228	13	60
296	228	14	60
299	228	14	60
303	228	13	59
305	228	15	59
306	227	17	59
311	229	16	57
315	228	14	58
318	229	12	58
319	229	14	55
318	230	19	54
321	229	18	55
325	229	17	53
327	227	19	55
327	228	27	52
329	223	29	59
331	224	28	56
333	224	30	56
335	225	29	56
336	224	28	56
339	224	27	53
341	224	25	54
345	225	21	53
345	226	23	52
344	226	25	53
345	226	25	53
345	225	26	53
345	225	28	54
346	224	28	54
349	225	26	53
348	225	26	52
350	224	26	51
351	224	26	51
348	223	30	50
351	223	28	50
353	221	27	51
353	219	28	52
354	218	26	53
354	215	22	60
353	211	21	62
354	210	21	61
353	209	22	62
352	207	24	64
350	206	24	64
348	203	25	68
349	204	23	65
350	201	23	65
349	199	23	68
355	194	19	70
355	197	18	66
358	195	13	68
356	196	14	67
353	196	16	66
351	197	16	65
349	192	19	66
347	195	26	62
346	199	29	54
350	198	27	53
350	200	28	48
351	202	28	45
349	206	33	38
349	208	36	35
349	208	38	33
348	208	40	31
347	209	42	29
345	208	45	31
343	209	48	31
343	211	50	30
343	212	51	28
342	213	54	29
341	214	55	31
343	216	53	29
342	217	55	30
342	218	56	29
341	219	57	31
342	221	57	32
343	222	58	32
343	224	58	31
346	225	56	32
346	224	57	34
349	226	55	31
350	227	54	31
350	228	56	32
349	227	57	33
351	227	56	32
351	227	55	33
351	227	56	33
349	228	58	33
350	226	57	33
350	227	57	33
351	227	56	32
350	226	58	32
351	225	57	33
351	224	57	32
351	225	56	33
353	224	56	33
352	223	57	33
352	223	56	32
354	222	53	33
351	221	58	34
351	222	58	34
352	220	56	35
352	219	56	35
352	219	56	34
348	219	60	34
351	220	56	33
352	219	55	34
352	218	57	35
353	219	57	34
354	218	58	34
358	219	55	34
360	219	55	34
364	218	53	34
367	217	52	35
371	215	50	36
373	215	49	35
377	213	48	35
379	213	47	34
382	214	45	33
384	213	44	34
384	212	46	33
385	211	46	33
386	210	46	35
387	211	46	32
390	211	44	34
391	212	44	32
393	211	43	35
395	211	43	35
397	212	42	36
399	212	42	37
401	213	42	38
402	216	43	38
404	220	45	37
407	222	41	37
410	224	40	35
411	227	40	36
412	230	38	35
413	233	38	37
413	231	37	40
413	232	38	40
410	232	40	41
410	233	40	41
409	235	40	40
409	234	40	42
408	234	41	45
406	236	42	44
407	236	41	47
408	239	42	45
409	239	41	45
410	242	40	42
412	242	39	43
409	243	44	42
411	244	42	37
412	243	40	38
415	243	37	39
416	243	34	33
418	243	29	33
420	244	27	30
423	244	23	24
426	245	18	24
428	245	16	22
432	247	12	18
445	246	15	16
446	246	14	17
452	223	13	17
468	192	17	15
464	182	15	15
492	157	17	18
494	173	15	22
486	162	19	25
524	180	24	22
509	157	24	27
521	153	22	30
534	149	24	29
546	144	25	31
558	138	26	32
570	134	25	32
581	130	29	31
594	122	27	35
607	120	29	35
620	117	29	35
634	115	29	34
648	113	30	36
664	111	30	38
679	112	33	37
697	111	31	38
715	112	30	38
735	111	32	41
756	111	32	42
835	178	35	32
840	179	37	29
861	176	33	30
854	107	30	27
901	83	30	25
923	90	30	22
947	77	33	23
930	42	33	28
916	53	27	22
907	3	31	24
922	-9	33	20
932	-1	29	19
947	10	25	20
933	40	27	25
941	62	27	30
914	73	31	29
918	73	33	32
915	73	38	34
842	159	42	34
839	179	43	29
835	178	50	31
831	179	57	30
829	178	64	32
826	177	68	32
827	179	67	30
825	178	69	31
824	178	72	32
824	178	72	32
825	178	72	32
823	178	72	32
825	178	71	32
825	178	70	31
825	177	70	33
825	177	71	33
823	177	74	33
822	177	76	33
826	178	70	33
825	177	71	33
824	178	72	31
823	178	75	33
824	178	74	32
823	178	74	32
824	178	73	32
825	177	72	33
825	177	72	34
823	178	74	32
824	177	72	33
823	177	75	33
824	177	72	33
825	177	71	33
823	178	75	32
823	178	74	33
825	178	71	32
824	179	71	31
826	178	70	31
824	178	71	30
824	178	71	31
823	178	74	32
822	177	75	32
825	178	70	32
823	178	74	32
825	177	72	34
825	178	71	32
825	177	72	33
825	178	72	33
824	177	73	33
823	177	75	33
824	178	73	32
825	177	71	32
822	178	75	32
824	177	73	33
826	177	70	33
824	177	73	33
823	178	74	32
824	178	72	31
824	177	72	34
824	177	73	33
823	176	74	35
825	177	73	33
824	179	71	31
827	178	67	32
824	177	72	33
823	178	73	32
825	178	70	32
825	178	70	31
823	178	72	32
824	178	71	32
824	178	72	32
823	177	73	33
824	177	73	33
824	178	72	32
823	178	73	32
825	179	71	31
824	178	72	32
824	178	71	32
826	178	69	31
825	178	70	32
824	178	71	31
824	178	71	32
824	178	72	32
826	178	71	32
825	177	72	32
825	178	71	31
823	178	73	32
823	178	73	31
823	178	73	33
825	178	71	31
825	178	71	32
824	178	71	32
823	178	74	32
824	178	72	32
826	177	71	33
825	179	71	30
825	177	70	33
826	178	70	33
826	178	71	32
825	178	71	32
825	178	71	32
823	178	73	32
824	179	73	31
823	177	73	34
823	178	75	32
825	178	72	33
824	177	73	33
824	178	72	32
822	178	75	32
823	177	75	34
824	179	72	31
825	178	72	32
824	178	73	32
825	179	72	31
825	179	71	31
825	177	71	32
825	177	71	33
824	178	72	32
826	177	69	33
825	177	70	33
825	177	71	33
824	177	73	33
826	179	71	32
825	177	71	34
824	177	73	34
823	177	75	33
825	178	72	32
824	178	72	32
824	177	72	32
825	178	72	32
824	178	73	31
823	178	73	32
824	177	73	33
823	179	74	30
825	178	71	31
824	178	73	33
824	178	74	31
824	177	73	33
825	178	73	32
822	179	74	31
824	177	73	33
825	179	72	31
825	178	71	32
825	178	71	31
826	177	70	32
824	178	73	33
825	177	72	33
824	178	73	32
824	178	73	32
825	178	71	32
823	177	74	32
823	178	75	33
824	178	72	31
825	178	71	31
824	178	70	32
825	178	70	31
825	177	70	33
825	178	71	32
825	178	71	32
825	178	71	32
824	177	72	33
823	178	73	33
824	178	72	32
824	178	74	31
824	177	72	33
823	178	74	32
825	177	71	33
825	178	73	32
825	178	72	32
825	178	71	33
824	178	73	33
823	177	73	33
823	178	75	33
824	178	74	33
825	178	70	32
825	177	70	33
824	178	74	32
823	178	74	31
825	178	73	32
825	177	73	34
824	178	73	32
825	178	71	32
824	178	73	31
824	178	72	32
825	178	70	31
825	178	71	31
825	178	72	32
825	178	71	32
825	177	71	33
824	179	71	30
825	179	70	30
826	178	70	32
824	179	72	31
826	178	70	32
826	177	71	33
825	177	73	33
824	177	74	34
825	177	72	33
825	178	70	32
826	177	69	33
827	178	69	32
826	178	69	32
825	177	70	32
825	178	71	31
825	178	71	31
826	178	70	31
825	178	71	32
825	178	71	32
827	178	69	32
825	178	71	32
825	177	71	33
824	178	73	32
824	178	73	32
823	178	73	32
823	177	75	33
824	179	74	30
825	178	72	32
825	177	70	33
827	177	70	33
826	177	71	34
826	179	69	31
823	177	74	32
824	178	74	32
823	178	74	32
823	177	74	33
823	178	73	31
824	178	71	31
825	178	71	32
826	178	71	33
825	177	73	34
824	177	73	34
823	177	75	33
824	178	74	31
823	179	74	31
823	177	75	33
823	178	74	32
826	178	72	33
824	178	73	33
823	178	74	32
825	177	71	33
825	178	71	32
824	178	73	31
826	179	71	31
826	177	70	33
824	178	72	32
826	178	70	32
826	177	70	33
826	179	71	31
826	177	70	32
824	179	73	31
825	179	72	31
824	177	74	33
823	178	74	33
823	178	74	32
824	177	73	33
825	179	71	31
826	178	70	32
824	179	72	30
824	179	70	30
826	179	67	30
825	178	71	31
824	178	70	31
824	178	72	32
824	177	72	33
827	178	69	32
826	178	69	32
825	178	70	32
825	178	71	32
826	177	71	34
826	179	71	31
825	178	72	32
826	177	70	33
826	177	71	33
825	177	72	34
825	177	73	33
825	178	73	32
824	177	73	32
825	178	73	32
824	177	73	33
824	178	75	33
824	177	74	34
824	178	72	31
824	177	72	33
824	178	72	31
825	178	71	32
825	177	71	33
825	177	71	34
824	178	75	32
824	178	73	32
825	177	73	33
824	178	74	32
825	177	70	32
824	177	73	33
825	177	73	33
824	178	75	32
825	177	71	33
825	178	72	32
825	178	72	32
826	178	70	32
827	177	69	33
826	177	69	33
824	178	73	31
825	178	72	31
824	178	72	31
824	179	72	30
825	177	70	33
826	178	71	32
824	177	72	32
823	177	75	33
823	179	73	31
824	177	72	33
824	177	73	33
823	177	73	33
823	178	74	31
824	178	73	31
824	178	72	33
825	177	71	33
824	178	73	31
825	178	71	31
824	178	72	31
824	178	72	31
823	179	73	31
823	177	73	33
825	178	72	32
824	178	73	32
824	177	73	33
825	178	72	32
824	177	74	33
825	178	71	32
824	177	72	33
824	178	73	32
825	178	72	32
824	178	75	32
824	177	73	34
824	178	72	32
823	177	74	33
823	177	76	33
823	178	76	33
823	176	75	35
822	177	77	34
823	177	75	33
822	177	74	34
823	177	74	33
822	178	75	33
824	177	74	34
820	178	78	33
822	178	76	32
824	178	74	32
825	179	72	32
824	177	72	35
822	177	75	33
824	178	72	32
823	177	73	32
823	178	73	32
823	177	74	33
822	178	75	32
824	178	73	33
824	178	72	33
825	177	70	33
824	178	73	32
824	177	73	34
825	178	73	33
825	178	72	33
824	178	73	33
824	178	73	32
823	177	75	33
823	178	76	32
824	178	74	32
824	178	74	32
825	179	72	31
825	178	72	31
826	177	71	33
825	177	72	33
825	178	72	33
823	178	75	33
822	178	76	32
823	178	74	32
823	178	74	32
825	178	72	33
824	178	73	33
823	177	74	33
823	177	74	34
824	177	74	34
824	178	73	32
822	178	75	32
821	178	77	32
823	178	73	32
823	177	74	33
823	178	76	32
823	178	73	32
824	178	74	31
825	178	72	31
824	177	73	34
823	177	76	34
823	178	75	33
823	178	74	33
824	178	75	32
824	177	74	34
824	177	73	34
824	177	75	34
823	178	76	32
824	177	74	33
825	179	73	31
825	178	71	32
824	178	72	31
824	177	72	32
824	179	73	31
825	178	70	32
826	177	70	34
825	178	71	32
824	178	72	32
822	178	75	32
822	177	76	33
822	177	77	33
821	177	77	33
823	179	74	32
824	178	74	32
822	177	76	32
823	178	74	31
824	178	73	32
825	178	72	32
825	177	72	33
824	178	74	32
825	178	72	32
824	178	73	32
825	179	69	30
825	177	71	33
824	178	73	32
825	179	72	31
826	178	70	32
825	178	72	31
824	178	74	32
824	178	73	32
823	177	76	33
822	178	77	32
823	179	74	30
823	178	74	32
825	178	72	32
824	178	74	32
825	178	74	32
824	177	75	33
825	178	72	32
826	177	71	33
825	177	73	34
825	178	73	33
824	178	73	33
823	178	75	32
824	177	74	34
823	178	76	33
823	177	76	33
823	178	75	33
823	178	73	33
824	178	74	32
825	177	73	33
825	177	72	34
824	178	72	32
824	178	72	31
824	177	74	32
823	177	76	34
822	179	75	31
823	178	73	32
823	178	74	33
824	178	74	32
824	177	74	33
824	178	75	33
823	178	73	31
824	178	72	33
824	178	73	32
824	177	73	33
823	178	74	33
825	178	72	33
824	178	73	32
824	178	73	32
825	177	73	33
823	178	75	31
823	177	75	33
823	177	75	33
823	178	73	32
825	178	72	32
826	178	70	32
826	178	71	31
825	178	71	32
825	177	72	33
825	178	72	31
824	177	73	33
824	178	74	32
824	179	72	31
823	178	74	32
823	179	74	30
824	178	72	32
824	177	74	33
823	177	76	34
824	178	72	32
825	177	71	33
825	178	73	33
825	176	72	34
824	178	73	31
824	177	73	32
822	178	75	32
822	178	75	31
822	178	76	32
823	178	74	31
823	177	75	32
824	178	75	32
825	177	71	32
824	178	72	31
824	178	72	31
825	178	72	32
825	178	73	31
824	178	75	31
824	177	73	32
824	178	74	32
825	177	71	33
823	178	74	32
824	179	73	31
824	178	71	32
826	179	69	30
825	178	71	32
825	178	70	31
826	178	70	32
825	177	71	32
824	178	72	31
825	178	72	32
825	177	73	33
825	178	73	32
824	178	72	31
824	178	72	31
825	178	71	30
827	177	68	33
824	178	72	31
824	178	72	32
824	178	72	32
825	177	70	33
826	178	70	32
825	178	71	31
825	178	71	31
825	177	72	32
823	177	75	33
823	178	75	33
823	177	74	33
824	177	72	33
824	178	72	32
825	177	70	33
824	178	73	32
822	178	74	32
825	179	70	30
824	178	72	32
823	178	74	32
824	178	72	32
823	178	72	32
824	178	73	32
824	177	71	32
824	178	73	32
825	177	72	33
823	176	74	34
824	178	73	32
825	179	70	31
825	178	71	32
825	177	72	33
825	178	72	32
824	178	73	32
823	177	75	33
826	177	71	33
824	178	74	32
824	177	71	33
823	178	74	33
823	177	74	33
824	178	74	32
823	177	74	33
