1.00
0.85
0.78
0.88
0.87
0.86
0.90
0.84
0.88
0.88
0.89
0.84
0.85
0.86
0.86
0.89
0.87
0.83
0.87
0.81
0.82
0.84
0.84
0.78
0.79
0.82
0.79
0.78
0.80
0.82
0.80
0.78
0.83
0.78
0.84
0.78
0.77
0.76
0.79
0.79
0.73
0.76
0.78
0.80
0.82
0.80
0.79
0.90
0.79
0.85
0.94
0.85
0.85
0.87
0.91
0.84
0.83
0.92
0.93
0.93
0.90
0.94
0.94
0.87
0.90
0.88
0.93
0.94
0.93
0.94
0.94
0.85
0.93
0.87
0.93
0.92
0.88
0.97
0.91
0.90
0.90
0.97
0.96
0.98
0.95
0.95
0.96
0.93
0.93
0.92
0.94
0.92
0.88
0.86
0.85
0.85
0.85
0.86
0.85
0.80
0.73
0.89
0.88
0.83
0.81
0.84
0.79
0.79
0.77
0.78
0.76
0.75
0.77
0.74
0.73
0.71
0.71
0.73
0.71
0.71
0.70
0.80
0.81
0.80
0.86
0.82
0.82
0.84
0.85
0.84
0.86
0.85
0.86
0.80
0.79
0.78
0.77
0.81
0.81
0.81
0.87
0.89
0.94
0.89
0.89
0.85
0.87
0.85
0.88
0.94
0.83
0.90
0.93
0.91
0.92
0.91
0.91
0.93
0.91
0.97
0.99
1.01
1.07
1.06
1.04
1.06
1.05
1.06
1.09
1.08
1.07
1.11
1.04
1.11
1.04
1.03
1.05
1.01
1.00
1.06
1.04
1.04
1.05
1.05
1.04
1.02
0.99
1.00
0.93
1.00
0.87
0.89
1.01
0.98
0.92
1.02
0.98
0.98
0.76
0.83
0.98
0.79
0.79
0.74
0.75
0.73
0.78
0.73
0.72
0.73
0.73
0.74
0.78
0.74
0.76
0.75
0.72
0.70
0.73
0.71
0.70
0.67
0.67
0.63
0.69
0.76
0.78
0.80
0.77
0.78
0.78
0.74
0.85
0.79
0.85
0.80
0.65
0.82
0.74
0.82
0.89
0.91
0.90
0.94
0.93
0.94
0.95
0.86
0.80
0.89
0.86
0.87
0.81
0.71
0.68
0.83
0.68
0.66
0.69
0.70
0.69
0.73
0.70
0.74
0.74
0.69
0.73
0.71
0.71
0.70
0.80
0.72
0.75
0.78
0.71
0.77
0.85
0.72
0.84
0.79
0.75
0.77
0.82
0.90
0.69
0.71
0.70
0.69
0.70
0.71
0.68
0.69
0.66
0.68
0.73
0.65
0.65
0.67
0.67
0.69
0.75
0.76
0.76
0.84
0.69
0.79
0.76
0.77
0.76
0.72
0.66
0.76
0.61
0.60
0.57
0.54
0.53
0.67
0.53
0.57
0.69
0.60
0.59
0.60
0.62
0.64
0.60
0.64
0.61
0.65
0.64
0.61
0.66
0.60
0.62
0.66
0.62
0.58
0.64
0.65
0.62
0.81
0.72
0.79
0.76
0.77
0.80
0.72
0.80
0.80
0.78
0.72
0.58
0.69
0.68
0.69
0.56
0.60
0.57
0.54
0.62
0.66
0.76
0.77
0.71
0.78
0.67
0.65
0.69
0.80
0.80
0.63
0.71
0.62
0.66
0.70
0.64
0.65
0.55
0.60
0.57
0.70
0.70
0.69
0.69
0.70
0.63
0.62
0.60
0.59
0.61
0.62
0.54
0.59
0.60
0.64
0.57
0.50
0.54
0.58
0.75
0.75
0.75
0.71
0.72
0.70
0.69
0.68
0.65
0.66
0.63
0.63
0.58
0.59
0.64
0.58
0.66
0.67
0.71
0.67
0.59
0.70
0.71
0.70
0.71
0.72
0.62
0.69
0.60
0.62
0.60
0.60
0.57
0.59
0.57
0.51
0.59
0.49
0.56
0.54
0.60
0.72
0.74
0.72
0.73
0.70
0.76
0.74
0.76
0.69
0.55
0.65
0.64
0.61
0.59
0.65
0.63
0.62
0.70
0.80
0.79
0.93
0.97
0.99
0.91
0.88
0.79
0.72
0.73
0.70
0.68
0.64
0.59
0.51
0.56
0.55
0.49
0.52
0.59
0.50
0.53
0.70
0.75
0.72
0.75
0.65
0.67
0.62
0.54
0.41
0.51
0.36
0.50
0.50
0.49
0.56
0.46
0.54
0.53
0.51
0.67
0.75
0.50
0.32
0.30
0.21
0.25
0.39
0.44
0.33
0.37
0.41
0.47
0.44
0.39
0.37
0.40
0.40
0.32
0.37
0.29
0.50
0.53
0.69
0.86
0.77
0.74
0.79
0.72
0.74
0.75
0.75
0.79
0.74
0.76
0.71
0.70
0.74
0.76
0.75
0.77
0.90
0.89
0.92
0.89
0.87
0.79
0.84
0.85
0.88
0.79
0.69
0.68
0.69
0.76
0.84
0.77
0.75
0.75
0.83
0.80
0.79
0.75
0.96
0.70
0.77
0.76
0.65
0.65
0.64
0.65
0.70
0.61
0.58
0.58
0.60
0.68
0.69
0.62
0.68
0.70
0.83
0.84
0.80
0.76
0.73
0.74
0.74
0.73
0.78
0.69
0.69
0.73
0.72
0.69
0.71
0.71
0.73
0.72
0.73
0.68
0.92
0.84
0.70
0.68
0.70
0.64
0.68
0.66
0.65
0.63
0.69
0.64
0.66
0.64
0.69
0.68
0.67
0.61
0.65
0.70
0.71
0.71
0.70
0.69
0.71
0.71
0.76
0.76
0.75
0.74
0.71
0.73
0.74
0.75
0.84
0.82
0.78
0.82
0.84
0.81
0.78
0.80
0.96
0.80
0.86
0.87
0.86
0.70
0.71
0.89
0.84
0.78
0.78
0.75
0.70
0.82
0.71
0.71
0.73
0.65
0.71
0.75
0.74
0.68
0.71
0.75
0.73
0.74
0.78
0.72
0.69
0.75
0.72
0.72
0.65
0.62
0.63
0.65
0.64
0.55
0.65
0.75
0.77
0.79
0.76
0.79
0.81
0.79
0.82
0.83
0.81
0.82
0.85
0.85
0.77
0.69
0.86
0.80
0.78
0.87
0.85
0.91
0.87
0.79
0.84
0.75
0.90
0.79
0.82
0.92
0.87
0.91
0.90
0.75
0.73
0.91
0.73
0.78
0.85
0.93
0.92
0.91
0.91
0.90
0.93
0.81
0.84
0.83
0.75
0.76
0.79
0.84
0.79
0.82
0.72
0.81
0.83
0.84
0.81
0.85
0.97
0.98
0.94
0.95
1.05
1.01
0.99
0.99
1.03
0.98
1.01
0.97
0.79
0.86
0.99
0.83
0.77
0.82
0.81
0.79
0.85
0.88
0.90
0.79
0.86
0.90
0.82
0.76
0.79
0.82
0.80
0.81
0.95
0.94
0.78
0.84
0.99
0.94
0.78
0.81
0.79
0.84
0.86
0.79
0.79
0.83
0.82
0.78
0.83
0.81
0.80
0.83
0.81
0.86
0.85
0.79
0.89
0.87
0.88
0.85
0.89
0.88
0.87
0.87
0.83
0.84
0.83
0.84
0.86
0.89
0.84
0.84
0.81
0.80
0.79
0.83
0.80
0.85
0.84
0.87
0.87
0.87
0.89
0.86
0.85
0.88
0.81
0.84
0.83
0.79
0.79
0.81
0.83
0.81
0.85
0.79
0.84
0.80
0.88
0.89
0.87
0.88
0.91
0.88
0.93
0.94
1.01
0.99
0.89
0.98
0.95
0.87
0.92
0.85
0.91
1.08
0.85
0.81
0.78
0.75
0.77
0.80
0.82
0.82
0.80
0.78
0.79
0.84
0.81
0.95
0.80
0.80
0.85
0.91
0.79
0.80
0.86
0.86
0.75
0.85
0.76
0.76
0.74
0.82
0.78
0.79
0.74
0.80
0.75
0.75
0.74
0.77
0.75
0.76
0.72
0.75
0.74
0.74
0.73
0.77
0.75
0.77
0.76
0.76
0.76
0.77
0.78
0.78
0.75
0.78
0.77
0.78
0.76
0.78
0.73
0.76
0.74
0.75
0.77
0.80
0.80
0.77
0.77
0.77
0.76
0.78
0.77
0.77
0.93
0.93
1.02
0.97
0.85
1.00
0.99
1.00
0.98
0.98
1.01
0.97
1.05
1.04
1.02
0.99
0.96
1.05
1.07
1.03
1.03
1.06
1.00
1.03
1.01
1.03
1.03
1.04
1.02
1.01
0.96
1.04
1.08
1.06
1.02
1.07
1.03
1.08
1.05
1.03
1.07
1.03
1.05
1.01
1.01
1.04
1.01
0.99
1.02
1.02
1.06
1.01
1.04
1.01
1.06
1.02
1.03
1.03
1.03
0.99
0.99
1.01
1.02
1.03
1.00
1.00
1.02
0.97
1.00
1.00
0.98
1.03
1.05
0.86
1.00
1.03
1.05
0.77
1.03
0.80
0.96
1.03
0.83
0.81
1.02
0.83
1.02
1.04
1.01
1.00
0.84
0.91
0.91
0.96
0.78
0.76
0.78
0.77
0.79
0.77
0.85
0.77
0.79
0.79
0.77
0.75
0.77
0.84
0.78
0.76
0.82
0.80
0.76
0.78
0.79
0.77
0.81
0.72
0.75
0.77
0.91
0.72
0.68
0.74
0.81
0.92
0.66
0.70
0.76
0.66
0.66
0.64
0.69
0.69
0.65
0.62
0.80
0.85
0.80
0.77
0.81
0.81
0.80
0.72
0.73
0.69
0.77
0.71
0.70
0.66
0.66
0.68
0.80
0.79
0.73
0.77
0.79
0.77
0.79
0.74
0.74
0.66
0.67
0.69
0.67
0.68
0.65
0.68
0.68
0.64
0.70
0.67
0.82
0.74
0.79
0.70
0.64
0.66
0.61
0.71
0.59
0.75
0.51
0.52
0.50
0.51
0.43
0.47
0.49
0.49
0.47
0.57
0.80
0.78
0.72
0.72
0.80
0.72
0.71
0.85
0.81
0.84
0.86
0.66
0.64
0.76
0.68
0.70
0.68
0.68
0.68
0.69
0.93
0.85
0.85
0.87
0.82
0.78
0.80
0.86
0.88
0.96
0.88
0.88
0.69
0.79
0.90
0.83
0.87
0.83
0.77
0.95
0.89
0.97
0.97
0.97
0.99
0.91
0.96
1.05
1.03
0.95
0.90
0.93
1.08
1.00
0.89
0.93
1.00
0.99
0.93
0.91
0.96
0.93
0.96
0.94
0.93
0.95
0.94
0.95
0.83
0.85
0.82
0.91
0.92
0.85
0.82
0.80
0.78
0.76
0.80
0.65
0.82
0.82
0.83
0.84
0.85
0.86
0.81
0.82
0.78
0.83
0.85
0.92
1.00
1.01
1.00
1.03
1.02
1.04
1.07
1.07
0.95
1.04
1.01
0.97
1.03
1.04
1.07
1.04
1.07
1.03
1.02
1.04
1.03
1.09
0.97
0.96
1.09
1.06
0.86
1.04
0.90
1.02
1.03
1.05
1.08
0.83
0.82
0.87
0.79
0.89
0.94
0.87
0.87
0.83
0.96
0.91
0.91
0.87
0.86
0.85
0.80
0.85
0.82
0.85
0.82
0.84
0.83
0.76
0.80
0.78
0.82
0.78
0.78
0.75
0.76
0.73
0.78
0.78
0.77
0.81
0.83
0.76
0.79
0.79
0.78
0.80
0.82
0.81
0.79
0.80
0.80
0.82
0.80
0.79
0.77
0.85
0.82
0.80
0.80
0.83
0.79
0.82
0.89
0.81
0.81
0.83
0.86
0.85
0.81
0.83
0.80
0.80
0.76
0.81
0.84
0.81
0.80
0.82
0.83
0.99
0.92
0.90
1.00
0.80
0.90
0.96
1.01
1.01
1.04
0.94
1.00
1.03
1.03
0.89
1.03
1.06
1.03
1.01
1.05
0.96
1.06
1.03
1.09
1.08
1.11
1.12
0.99
1.08
1.09
1.12
1.14
1.13
1.11
1.11
1.08
1.08
1.10
1.10
1.05
1.04
1.00
1.00
1.06
1.04
1.04
1.03
1.07
0.98
1.00
1.00
0.98
0.98
1.00
0.99
1.00
0.93
0.98
1.01
1.03
1.00
0.93
1.02
0.99
0.94
1.02
0.95
1.02
1.03
0.94
0.96
0.99
0.94
0.99
0.98
0.96
0.92
0.86
0.96
0.83
1.01
0.87
0.92
1.01
0.90
0.92
0.96
0.93
0.93
0.92
0.94
0.98
0.92
0.95
0.90
0.91
0.87
0.93
0.94
0.86
1.04
1.01
0.98
0.92
0.88
0.96
0.92
0.84
0.85
0.81
0.86
0.89
0.87
0.86
0.85
0.87
0.89
0.82
0.87
0.86
0.84
0.87
0.89
0.86
0.85
0.86
0.86
0.85
0.84
0.82
0.84
0.90
0.84
0.86
0.91
0.85
0.87
0.83
0.87
0.91
0.89
0.88
0.85
0.86
0.87
0.87
0.91
0.91
0.90
0.89
0.92
0.91
0.93
0.92
0.96
0.89
0.96
0.93
0.88
0.88
0.90
0.89
0.92
0.90
0.88
0.85
0.85
0.86
0.85
0.84
0.82
0.83
0.84
0.81
0.85
0.81
0.80
0.85
0.85
0.79
0.85
0.80
0.89
0.80
0.82
0.86
0.85
0.90
0.89
0.93
0.86
0.88
0.85
0.91
0.89
0.87
0.90
0.91
0.88
0.91
0.80
0.85
0.91
0.94
0.92
0.92
0.87
0.88
0.85
0.89
0.88
0.88
0.86
0.88
0.89
0.89
0.89
0.90
0.91
0.91
0.90
0.97
0.87
0.95
0.89
0.87
0.87
0.89
0.89
0.91
0.93
0.89
0.86
0.89
0.91
0.88
0.84
0.90
0.79
0.83
0.87
0.85
0.84
0.86
0.82
0.82
0.83
0.79
0.86
0.82
0.84
0.84
0.85
0.85
0.85
0.85
0.83
0.80
0.83
0.81
0.89
0.83
0.91
0.84
0.84
0.84
0.87
0.87
0.90
0.83
0.85
0.85
0.83
0.79
0.87
0.85
0.83
0.86
0.81
0.83
0.82
0.85
0.83
0.84
0.86
0.83
0.80
0.82
0.85
0.81
0.81
0.76
0.76
0.75
0.73
0.77
0.77
0.79
0.75
0.76
0.69
0.79
0.80
0.83
0.79
0.79
0.79
0.87
0.81
0.88
0.91
0.79
0.75
0.74
0.71
0.76
0.76
0.76
0.70
0.73
0.76
0.81
0.80
0.79
0.71
0.81
0.68
0.75
0.75
0.75
0.71
0.71
0.72
0.71
0.71
0.67
0.80
0.71
0.66
0.66
0.67
0.71
0.76
0.75
0.72
0.79
0.79
0.80
0.76
0.75
0.73
0.73
0.73
0.74
0.77
0.74
0.81
0.76
0.75
0.75
0.75
0.79
0.75
0.78
0.79
0.75
0.76
0.83
0.85
0.83
0.84
0.83
0.88
0.79
0.82
0.75
0.78
0.75
0.77
0.73
0.85
0.87
0.82
0.81
0.80
0.82
0.78
0.78
0.78
0.87
0.58
0.69
0.68
0.63
0.56
0.73
0.70
0.65
0.69
0.66
0.71
0.76
0.65
0.85
0.72
0.74
0.74
0.67
0.71
0.68
0.63
0.68
0.64
0.69
0.50
0.57
0.56
0.53
0.47
0.53
0.52
0.74
0.78
0.77
0.79
