0.395899
0.036970
0.036700
0.036801
0.036546
0.036547
0.036606
0.036638
0.036551
0.036619
0.036632
0.036564
0.036617
0.036769
0.036610
0.036828
0.036691
0.037029
0.036694
0.036711
0.064947
0.037146
0.037131
0.037136
0.037033
0.036957
0.037506
0.037931
0.038131
0.038051
0.038175
0.038053
0.038082
0.037923
0.038142
0.038021
0.038086
0.040414
0.040328
0.040357
0.071830
0.037917
0.040359
0.039970
0.039948
0.040359
0.040040
0.037946
0.040819
0.043472
0.043226
0.039654
0.039865
0.039882
0.039756
0.040040
0.039740
0.040093
0.039547
0.039650
0.073213
0.040340
0.039762
0.039902
0.039568
0.039712
0.039876
0.039495
0.040134
0.043207
0.044689
0.047720
0.050410
0.039294
0.039183
0.039183
0.038820
0.039110
0.036558
0.036887
0.070402
0.037086
0.037326
0.037213
0.037085
0.037200
0.037494
0.037364
0.037105
0.037360
0.036973
0.036822
0.037053
0.037111
0.037069
0.036886
0.036566
0.037287
0.037279
0.036969
0.070430
0.037212
0.036318
0.037052
0.036967
0.036755
0.036999
0.037026
0.037015
0.036893
0.036873
0.037016
0.036965
0.037000
0.036770
0.037150
0.036944
0.036925
0.037288
0.037309
0.070863
0.037271
0.036990
0.037137
0.037085
0.037027
0.037019
0.037112
0.037067
0.037281
0.037182
0.037046
0.037148
0.037717
0.037246
0.036968
0.037031
0.037237
0.036905
0.036939
0.070497
0.037236
0.037290
0.037284
0.037095
0.037039
0.037176
0.037047
0.036883
0.037291
0.037143
0.036915
0.037372
0.036930
0.036768
0.036837
0.037012
0.037040
0.037085
0.036995
0.070587
0.037058
0.037034
0.039372
0.037026
0.037030
0.036886
0.037094
0.036923
0.036935
0.036962
0.037220
0.036934
0.037114
0.037110
0.037125
0.037055
0.036951
0.037209
0.037098
0.070880
0.037019
0.037066
0.037072
0.037220
0.036931
0.037196
0.037115
0.037093
0.037133
0.037075
0.037049
0.037219
0.037328
0.037296
0.037297
0.037421
0.037355
0.037249
0.037339
0.070941
0.037252
0.037224
0.037180
0.037200
0.037336
0.037253
0.037179
0.037351
0.037260
0.037364
0.037240
0.037257
0.037211
0.037354
0.037127
0.037194
0.037058
0.037152
0.037335
0.070106
0.037232
0.037089
0.037079
0.036878
0.037063
0.037197
0.036638
0.036507
0.037349
0.036439
0.036813
0.036811
0.036954
0.036989
0.036891
0.037590
0.037394
0.038160
0.037242
0.072284
0.038388
0.037956
0.040640
0.042760
0.044118
0.038157
0.037952
0.038189
0.037980
0.037998
0.039794
0.038257
0.038458
0.038056
0.038376
0.038150
0.038270
0.037971
0.038751
0.071848
0.038359
0.038117
0.038174
0.041215
0.038066
0.038488
0.038045
0.038127
0.038301
0.041501
0.043639
0.042466
0.042168
0.042624
0.042346
0.042250
0.038151
0.038290
0.038383
0.071911
0.040668
0.038464
0.038366
0.042330
0.041373
0.041090
0.041156
0.041403
0.040045
0.042357
0.040196
0.038777
0.038794
0.038537
0.038806
0.038739
0.038755
0.038680
0.038713
0.072365
0.040918
0.038695
0.038350
0.038193
0.038252
0.038069
0.038291
0.038107
0.038298
0.038193
0.041408
0.039117
0.036665
0.036639
0.036715
0.036619
0.036648
0.036716
0.036530
0.070206
0.036814
0.036640
0.036619
0.036643
0.036763
0.036637
0.039198
0.037320
0.039868
0.039325
0.041837
0.040836
0.044589
0.037168
0.037195
0.037127
0.037571
0.040781
0.038157
0.074588
0.038113
0.039841
0.038817
0.041624
0.042103
0.043240
0.038409
0.039255
0.038113
0.038282
0.041607
0.041381
0.041756
0.042576
0.043008
0.042861
0.042370
0.044118
0.042661
0.076007
0.038666
0.038728
0.038917
0.040638
0.042585
0.038937
0.040517
0.042743
0.042228
0.043107
0.041700
0.042116
0.038718
0.040293
0.038972
0.041893
0.042298
0.038632
0.042991
0.076049
0.041992
0.041192
0.042907
0.043332
0.040686
0.037475
0.036644
0.036531
0.036665
0.036560
0.036651
0.036480
0.036565
0.036504
0.038248
0.036618
0.036494
0.036387
0.036456
0.070015
0.036498
0.036503
0.036497
0.036542
0.036498
0.036550
0.036479
0.036400
0.036521
0.036539
0.036545
0.036496
0.036723
0.036674
0.036511
0.036476
0.036572
0.036555
0.036533
0.069921
0.036540
0.036578
0.036470
0.036727
0.036655
0.036577
0.036671
0.038147
0.040638
0.037184
0.036979
0.037148
0.036988
0.037276
0.037008
0.037053
0.037014
0.036712
0.036620
0.070376
0.036737
0.036641
0.036632
0.036430
0.036491
0.036422
0.036597
0.036542
0.036663
0.036420
0.036451
0.036586
0.036482
0.036514
0.036552
0.036614
0.036584
0.036542
0.036538
0.070255
0.036568
0.036722
0.036528
0.036641
0.036782
0.036540
0.036697
0.036488
0.036541
0.036600
0.036468
0.036770
0.036545
0.036462
0.036471
0.036392
0.036628
0.036538
0.036519
0.069861
0.036698
0.036710
0.036434
0.036568
0.036694
0.036663
0.036626
0.036461
0.036532
0.036539
0.036533
0.036499
0.036727
0.036507
0.036645
0.036646
0.036542
0.036814
0.036630
0.070085
0.036428
0.036627
0.036616
0.036458
0.036649
0.036511
0.036469
0.036598
0.036812
0.036517
0.036747
0.036540
0.036585
0.036649
0.036509
0.036612
0.036429
0.036605
0.036478
0.070015
0.036491
0.036524
0.036866
0.036758
0.036630
0.036502
0.038066
0.041923
0.036600
0.036655
0.036586
0.036607
0.036760
0.036680
0.036719
0.036507
0.036665
0.036628
0.036739
0.070255
0.037080
0.037065
0.037184
0.037104
0.037075
0.037238
0.037057
0.037229
0.036914
0.036630
0.036573
0.036521
0.036679
0.036635
0.036689
0.036605
0.036523
0.036586
0.036526
0.070204
0.036611
0.037202
0.037438
0.038126
0.037264
0.037244
0.037588
0.037261
0.037375
0.037331
0.037235
0.037342
0.037278
0.037699
0.037466
0.037322
0.037221
0.037161
0.037402
0.071058
0.037386
0.037530
0.037340
0.037238
0.038393
0.040582
0.037397
0.037558
0.037402
0.037276
0.037281
0.037273
0.037315
0.037210
0.037194
0.037227
0.037292
0.037350
0.037336
0.070918
0.037377
0.037177
0.037330
0.037455
0.037307
0.037479
0.037296
0.037426
0.037222
0.037370
0.037447
0.037359
0.037192
0.037702
0.037216
0.037221
0.036754
0.039770
0.043364
0.070484
0.036870
0.036621
0.036895
0.036900
0.036769
0.036843
0.036725
0.036745
0.036795
0.036699
0.036789
0.036711
0.036644
0.036694
0.036873
0.036835
0.036930
0.036645
0.036696
0.070296
0.036657
0.036948
0.036603
0.036529
0.036657
0.037045
0.036982
0.037181
0.037112
0.037170
0.037446
0.037148
0.037392
0.037382
0.037474
0.037223
0.037277
0.036928
0.037004
0.070292
0.036860
0.036693
0.036785
0.036780
0.036696
0.036807
0.036829
0.036830
0.036619
0.036711
0.036715
0.036677
0.036940
0.036959
0.036620
0.036807
0.036784
0.036681
0.036656
0.070325
0.036890
0.036668
0.036660
0.036822
0.036665
0.036683
0.036468
0.036743
0.036522
0.036572
0.036603
0.036715
0.036800
0.036775
0.036618
0.036870
0.036723
0.036605
0.036770
0.070207
0.036765
0.036621
0.036857
0.036671
0.036608
0.036494
0.036803
0.037296
0.037577
0.037643
0.037854
0.037178
0.037195
0.037272
0.037322
0.037263
0.037162
0.037785
0.037621
0.070967
0.037484
0.037600
0.037564
0.037662
0.037441
0.037648
0.037668
0.037571
0.037564
0.037560
0.037531
0.037467
0.037658
0.037455
0.037555
0.037508
0.037584
0.037578
0.037541
0.071104
0.037591
0.037496
0.037458
0.037593
0.037383
0.037368
0.037502
0.037488
0.037375
0.037451
0.037483
0.037451
0.037421
0.037609
0.037417
0.037498
0.037575
0.037424
0.037478
0.071146
0.037593
0.037788
0.037488
0.037425
0.037668
0.037552
0.038594
0.036946
0.036897
0.036865
0.037113
0.041215
0.036822
0.036881
0.037028
0.037047
0.036820
0.036937
0.037006
0.070591
0.037042
0.037213
0.036891
0.036956
0.036971
0.037007
0.036952
0.036889
0.037012
0.036887
0.036660
0.036569
0.036772
0.036740
0.036770
0.036714
0.036777
0.036951
0.037230
0.071065
0.037201
0.037286
0.037326
0.037417
0.037270
0.037427
0.037288
0.037483
0.037322
0.037154
0.037386
0.037145
0.037534
0.037174
0.037473
0.036815
0.036930
0.036705
0.037039
0.070389
0.036666
0.036772
0.036630
0.036477
0.036663
0.037094
0.036672
0.036948
0.036522
0.036658
0.036994
0.036602
0.036585
0.036573
0.036559
0.036557
0.037048
0.036700
0.037399
0.075274
0.036707
0.036984
0.037055
0.036988
0.037085
0.036994
0.036959
0.037130
0.037060
0.037499
0.037643
0.037604
0.037588
0.037563
0.037647
0.037598
0.037481
0.037825
0.037736
0.072353
0.039813
0.036925
0.036998
0.036948
0.037088
0.036914
0.036944
0.036830
0.037076
0.037026
0.036897
0.039277
0.041985
0.043086
0.046130
0.037397
0.037639
0.037634
0.037547
0.072128
0.040257
0.036920
0.037120
0.037092
0.036886
0.037078
0.036916
0.037082
0.037008
0.036981
0.037000
0.036988
0.036852
0.038779
0.037007
0.036938
0.037098
0.037029
0.036586
0.070346
0.037130
0.036632
0.037011
0.036953
0.036725
0.036775
0.036586
0.037561
0.037210
0.037227
0.037247
0.037180
0.037285
0.037479
0.037140
0.038274
0.036707
0.036643
0.036616
0.070526
0.036778
0.036855
0.036911
0.036892
0.036754
0.036732
0.037145
0.036734
0.036771
0.036967
0.036952
0.036653
0.036902
0.036689
0.037098
0.036951
0.036850
0.036818
0.036883
0.070442
0.036920
0.036890
0.036974
0.036774
0.036867
0.036891
0.036863
0.036927
0.037638
0.044631
0.036940
0.036785
0.036907
0.037348
0.037342
0.037281
0.037360
0.037412
0.037755
0.070748
0.037423
0.037258
0.037965
0.040715
0.037569
0.037213
0.037354
0.037103
0.036864
0.036891
0.036834
0.036956
0.036835
0.036799
0.036831
0.037143
0.037348
0.037497
0.037318
0.070981
0.037326
0.037336
0.037399
0.037120
0.037342
0.037440
0.037448
0.037314
0.037424
0.037388
0.036862
0.036761
0.036740
0.036800
0.036918
0.036760
0.037372
0.038337
0.041528
0.071034
0.037648
0.037323
0.037285
0.036973
0.036790
0.036927
0.036791
0.036939
0.036716
0.037090
0.037073
0.036905
0.036915
0.036845
0.037003
0.036894
0.036771
0.036841
0.036986
0.070395
0.036931
0.036753
0.036837
0.036956
0.036988
0.036836
0.036767
0.036700
0.036897
0.036808
0.036928
0.036937
0.036755
0.036913
0.036847
0.036746
0.036858
0.036842
0.036883
0.070065
0.037147
0.036842
0.036783
0.036969
0.036924
0.036904
0.037021
0.036893
0.036980
0.036926
0.036745
0.036860
0.037021
0.036896
0.036840
0.036696
0.036854
0.037639
0.037321
0.072104
0.038305
0.037367
0.037367
0.037117
0.042065
0.044848
0.037529
0.037709
0.037587
0.037736
0.037458
0.037343
0.037329
0.037432
0.037339
0.037867
0.042595
0.045463
0.042753
0.076981
0.045139
0.041121
0.038589
0.042513
0.040238
0.041677
0.042985
0.041725
0.038448
0.043617
0.042149
0.041088
0.037431
0.037345
0.037307
0.037363
0.037341
0.037279
0.037385
0.070966
0.037305
0.037498
0.037477
0.037275
0.037410
0.037316
0.037393
0.037269
0.037275
0.037483
0.037690
0.037379
0.037331
0.037337
0.037280
0.037240
0.038531
0.041747
0.037159
0.078192
0.040446
0.036915
0.036936
0.037684
0.037346
0.037362
0.038032
0.039097
0.040888
0.041791
0.038552
0.038551
0.040274
0.041429
0.043563
0.040248
0.043166
0.043899
0.040474
0.077070
0.038423
0.040968
0.037374
0.037627
0.038635
0.042342
0.042587
0.037032
0.036769
0.036724
0.037115
0.036911
0.036854
0.036812
0.036817
0.036843
0.036968
0.036858
0.036919
0.070422
0.036981
0.036826
0.036914
0.036886
0.036863
0.036787
0.036735
0.036797
0.036813
0.037037
0.036950
0.036872
0.036856
0.036870
0.036717
0.036800
0.037030
0.037086
0.036533
0.070261
0.036602
0.036567
0.036874
0.036984
0.036922
0.036638
0.036961
0.036778
0.036736
0.037215
0.037398
0.037436
0.037263
0.037672
0.038089
0.042996
0.041286
0.043736
0.042460
0.077959
0.038969
0.041305
0.043272
0.039920
0.044195
0.044158
0.043520
0.044860
0.037560
0.037463
0.037517
0.037001
0.036773
0.037062
0.036942
0.036817
0.036842
0.036876
0.036825
0.070478
0.036847
0.036847
0.037075
0.036947
0.036918
0.036836
0.037086
0.036940
0.036979
0.036936
0.036944
0.036897
0.037005
0.036980
0.037187
0.036864
0.036989
0.037120
0.036811
0.070750
0.036877
0.037098
0.036892
0.037184
0.037137
0.037000
0.036961
0.036876
0.036880
0.037011
0.037740
0.037509
0.037535
0.037282
0.037483
0.037568
0.037518
0.037492
0.037483
0.071149
0.037603
0.037484
0.037496
0.037449
0.038027
0.043046
0.040954
0.042559
0.040586
0.040433
0.043362
0.043976
0.042528
0.043070
0.042186
0.042190
0.044335
0.044002
0.042710
0.077323
0.039371
0.040405
0.042740
0.045689
0.044246
0.043839
0.044066
0.045145
0.045816
0.038597
0.038453
0.038278
0.037795
0.037431
0.037447
0.037354
0.037672
0.037400
0.037346
0.070953
0.037425
0.037467
0.037956
0.037544
0.037529
0.037486
0.037374
0.037724
0.038502
0.037906
0.037910
0.037112
0.037267
0.037624
0.037671
0.037395
0.037655
0.037575
0.037544
0.070616
0.036975
0.037153
0.037679
0.037591
0.037382
0.037890
0.037541
0.037828
0.037746
0.037498
0.037552
0.037386
0.037530
0.037585
0.037600
0.037488
0.037616
0.037400
0.039061
0.075626
0.037925
0.037498
0.037492
0.037675
0.037830
0.037944
0.037502
0.037274
0.036930
0.037079
0.037058
0.036970
0.036906
0.036987
0.036940
0.037068
0.036982
0.036883
0.036852
0.070310
0.037025
0.037006
0.037082
0.037124
0.036928
0.036905
0.036844
0.036900
0.036795
0.037007
0.036972
0.037023
0.037161
0.036920
0.036919
0.036800
0.037504
0.037611
0.037396
0.071259
0.037634
0.037715
0.037257
0.039024
0.042820
0.037326
0.037360
0.037333
0.037397
0.037281
0.037370
0.037729
0.043763
0.042341
0.043052
0.043696
0.039725
0.042870
0.043520
0.076643
0.045444
0.041740
0.043211
0.044719
0.043110
0.045011
0.042318
0.040590
