1.00
1.16
1.13
1.11
1.11
1.12
1.15
1.11
1.10
1.10
1.14
1.14
1.17
1.13
1.14
1.17
1.13
1.10
1.13
1.12
1.11
1.11
1.08
1.04
1.06
1.08
1.03
1.01
1.08
1.07
1.11
1.12
1.07
1.08
1.08
1.05
1.13
1.10
1.08
1.13
1.11
1.11
1.07
1.07
1.11
1.04
1.11
1.11
1.08
1.11
1.09
1.09
1.04
1.07
1.07
1.08
1.08
1.13
1.08
1.09
1.11
1.11
1.10
1.07
1.06
1.03
1.03
1.06
1.06
1.05
1.08
1.09
1.08
1.09
1.10
1.07
1.09
1.11
1.09
1.07
1.08
1.11
1.11
1.08
1.11
1.16
1.12
1.13
1.10
1.07
1.09
1.11
1.13
1.13
1.13
1.10
1.07
1.08
1.07
1.05
1.08
1.07
1.04
1.08
1.05
1.08
1.04
1.05
1.06
1.01
1.02
1.02
0.99
1.01
1.01
1.00
1.03
1.02
1.02
1.03
1.04
1.09
1.03
1.06
1.07
1.07
1.05
1.08
1.10
1.11
1.09
1.11
1.10
1.08
1.07
1.08
1.09
1.10
1.05
1.06
1.04
1.06
1.05
1.02
1.02
1.01
0.98
1.01
1.00
0.97
0.97
0.96
0.94
0.94
0.93
0.89
0.88
0.89
0.90
0.86
0.90
0.95
0.94
1.00
0.97
0.96
0.95
0.89
0.93
0.93
0.96
0.87
0.91
0.94
0.90
0.95
0.93
0.89
0.91
0.90
0.88
1.02
1.00
0.99
1.00
0.98
0.99
0.98
1.02
1.00
0.97
0.98
0.99
0.95
0.99
0.93
0.98
0.99
0.98
0.91
1.01
1.01
1.04
1.08
1.05
1.04
1.04
1.08
1.05
1.02
1.01
1.03
1.02
1.00
1.02
0.96
0.99
0.95
0.99
0.97
0.99
1.00
1.00
1.04
1.05
1.04
1.07
1.04
1.06
1.07
1.13
1.06
1.10
1.07
1.08
1.06
1.13
1.11
1.12
1.13
1.12
1.08
1.12
1.14
1.09
1.11
1.13
1.16
1.13
1.14
1.13
1.10
1.13
1.14
1.12
1.14
1.15
1.11
1.13
1.12
1.09
1.12
1.05
1.12
1.08
1.04
1.12
1.08
1.10
1.10
1.09
1.07
1.07
1.08
1.07
1.09
1.09
1.09
1.10
1.10
1.12
1.11
1.14
1.13
1.13
1.16
1.13
1.13
1.11
1.12
1.09
1.11
1.14
1.12
1.11
1.12
1.11
1.09
1.12
1.11
1.13
1.11
1.12
1.12
1.13
1.13
1.12
1.13
1.15
1.17
1.15
1.14
1.16
1.14
1.14
1.15
1.11
1.14
1.11
1.09
1.10
1.12
1.11
1.12
1.08
1.11
1.11
1.10
1.11
1.11
1.11
1.12
1.11
1.15
1.10
1.13
1.17
1.18
1.16
1.15
1.15
1.17
1.16
1.15
1.18
1.21
1.21
1.23
1.16
1.15
1.19
1.20
1.19
1.20
1.21
1.21
1.20
1.17
1.18
1.21
1.20
1.14
1.16
1.12
1.15
1.13
1.14
1.11
1.10
1.08
1.10
1.11
1.07
1.06
1.09
1.05
1.05
1.06
1.04
1.01
1.02
1.04
1.02
1.02
1.01
1.03
1.02
1.04
1.03
1.07
0.98
1.00
0.98
1.01
1.00
1.03
1.05
1.04
1.02
1.03
1.04
1.07
1.00
1.04
1.02
0.98
0.99
0.98
0.94
0.95
0.94
0.92
0.94
0.89
0.82
0.87
0.88
0.87
0.86
0.81
0.77
0.88
0.88
0.82
0.80
0.80
0.81
0.86
0.92
0.94
0.94
0.94
0.94
0.93
0.92
0.88
0.91
0.93
0.95
0.92
0.94
1.02
1.02
1.02
1.03
1.03
1.06
1.07
1.04
1.06
1.04
1.08
1.10
1.08
1.10
1.09
1.10
1.04
1.08
1.10
1.06
1.09
1.04
1.07
1.06
1.03
1.06
1.04
1.07
1.07
1.03
1.07
1.05
1.02
0.99
0.98
0.96
1.00
0.95
0.92
0.91
0.87
0.97
0.98
1.00
1.05
1.02
1.01
0.99
1.02
0.97
0.98
0.97
0.96
0.99
0.97
0.97
0.97
0.96
0.97
1.00
1.08
1.12
1.13
1.15
1.11
1.14
1.19
1.20
1.21
1.21
1.23
1.23
1.15
1.07
1.09
1.05
1.09
1.13
1.08
1.15
1.08
1.07
1.00
1.02
1.03
1.00
1.08
1.03
1.07
1.07
1.10
1.08
1.07
1.10
1.07
1.06
1.05
1.06
1.05
1.04
1.07
1.01
1.04
1.04
1.10
1.09
1.12
1.11
1.10
1.12
1.15
1.13
1.13
1.18
1.12
1.16
1.18
1.15
1.08
1.11
1.13
1.12
1.13
1.14
1.15
1.09
1.12
1.16
1.20
1.19
1.21
1.20
1.22
1.20
1.19
1.11
1.18
1.14
1.19
1.20
1.18
1.16
1.14
1.15
1.20
1.15
1.17
1.17
1.10
1.17
1.16
1.06
1.07
1.14
1.08
1.09
1.10
1.11
1.10
1.11
1.12
1.09
1.09
1.10
1.06
1.02
1.06
1.05
1.07
0.99
0.97
1.03
0.98
0.98
1.01
0.99
1.02
1.02
1.02
1.01
1.06
1.03
1.04
1.04
1.03
1.09
1.04
1.05
1.04
1.06
1.08
1.08
1.12
1.06
1.14
1.13
1.11
1.15
1.14
1.15
1.14
1.16
1.14
1.12
1.16
1.09
1.16
1.11
1.06
1.10
1.05
1.00
1.04
1.09
1.06
1.09
1.03
1.05
1.02
1.02
1.08
1.08
1.08
1.05
1.08
1.08
1.06
1.02
1.11
1.10
1.11
1.13
1.14
1.14
1.13
1.11
1.15
1.09
1.13
1.08
1.07
1.05
1.06
1.05
1.07
1.02
1.07
1.07
1.03
1.12
1.12
1.15
1.10
1.11
1.07
1.06
1.08
1.04
1.06
1.07
1.13
1.12
1.10
1.09
1.13
1.13
1.13
1.11
1.14
1.16
1.14
1.20
1.18
1.14
1.17
1.16
1.20
1.19
1.14
1.16
1.09
1.09
1.05
1.13
1.10
1.10
1.11
1.13
1.14
1.10
1.12
1.15
1.11
1.11
1.14
1.13
1.11
1.15
1.14
1.16
1.13
1.08
1.13
1.16
1.10
1.08
1.13
1.09
1.07
1.06
1.05
1.06
1.05
1.02
1.02
1.03
1.02
0.95
0.97
0.91
0.97
0.90
0.88
0.84
0.79
0.81
0.76
0.71
0.77
0.76
0.66
0.63
0.73
0.68
0.67
0.56
0.64
0.55
0.66
0.50
0.89
0.66
0.80
0.66
0.66
0.65
0.67
0.69
0.66
0.69
0.65
0.67
0.69
0.68
0.68
0.70
0.68
0.66
0.71
0.70
0.90
0.85
0.85
0.82
0.84
0.80
0.83
0.82
0.82
0.78
0.76
0.75
0.81
0.79
0.74
0.75
0.72
0.77
0.75
0.75
0.94
0.94
0.97
1.00
1.02
0.98
0.94
1.01
0.96
1.03
1.03
1.02
1.04
1.03
1.01
1.02
0.99
1.04
1.05
1.02
1.12
1.06
1.07
1.04
1.09
1.06
1.02
1.02
1.01
1.04
0.99
0.97
0.94
0.93
0.97
0.96
0.96
0.91
0.86
0.86
0.94
0.88
0.84
0.95
0.89
0.92
0.87
0.91
0.86
0.91
0.87
0.98
0.88
0.91
0.90
0.91
0.89
0.85
0.80
0.84
1.11
1.01
1.02
0.98
1.02
0.99
0.88
0.89
0.97
0.92
0.95
1.02
0.96
0.97
0.96
0.99
1.01
0.98
0.97
0.97
1.00
0.98
0.99
1.00
0.99
0.98
0.97
0.96
1.04
1.01
1.00
1.03
1.00
0.98
0.99
0.92
0.94
0.91
0.86
0.83
0.93
0.94
0.91
0.97
0.89
0.89
0.90
0.90
0.97
0.91
1.01
0.98
1.00
0.99
1.07
1.05
1.06
1.05
1.08
1.03
1.13
1.12
1.17
1.17
1.22
1.20
1.20
1.11
1.16
1.16
1.14
1.10
1.03
1.07
1.05
1.04
1.07
1.06
1.03
1.03
1.03
1.04
1.04
1.00
1.01
1.04
1.04
1.03
1.02
1.04
1.05
1.07
1.05
1.03
1.03
1.05
1.01
1.06
1.09
1.02
1.09
1.10
1.09
1.04
1.05
1.04
1.07
1.02
1.11
1.07
1.07
1.07
1.05
1.05
1.07
0.99
1.06
1.08
1.01
1.02
1.09
1.03
1.05
1.06
1.01
1.05
1.09
1.09
1.10
1.10
1.01
1.06
1.04
1.11
1.13
1.14
1.13
1.11
1.12
1.12
1.13
1.13
1.08
1.03
1.05
0.99
1.01
1.02
0.98
1.00
0.97
0.94
0.95
0.95
0.92
0.95
0.89
0.95
0.92
0.94
1.13
1.04
1.17
1.10
1.11
1.10
1.10
1.15
1.12
1.15
1.09
1.11
1.03
0.98
0.99
1.05
1.01
1.00
1.07
1.02
1.06
1.04
1.05
1.01
0.45
0.15
0.06
0.10
0.10
0.09
0.09
0.21
0.24
0.35
0.32
0.22
0.15
0.16
0.21
0.12
0.17
0.17
0.14
0.04
0.07
0.11
0.09
0.18
0.20
0.34
0.29
0.13
0.14
0.22
0.13
0.07
0.41
0.53
0.67
0.71
0.67
0.71
0.72
0.69
0.67
0.67
0.66
0.69
0.66
0.71
0.63
0.60
0.64
0.68
0.63
0.69
0.65
0.62
0.66
0.67
0.94
0.93
0.94
0.75
0.86
0.96
0.87
0.93
0.92
0.87
0.89
0.92
0.95
0.95
0.94
0.94
0.86
0.88
0.98
0.83
1.02
0.95
1.05
1.00
1.01
0.97
1.03
0.99
1.01
0.99
0.94
1.07
1.05
1.03
1.00
1.03
1.00
0.97
0.98
1.00
1.05
1.04
1.05
1.10
1.06
1.08
1.05
1.04
1.07
1.10
1.10
1.10
1.08
1.07
1.03
1.08
1.07
1.08
1.10
1.05
1.07
1.17
1.08
1.09
1.10
1.02
1.17
1.07
1.13
1.15
1.12
1.18
1.12
1.16
1.14
1.09
1.16
1.06
1.12
1.13
1.09
1.12
1.08
1.12
1.13
1.10
1.12
1.13
1.10
1.12
1.09
1.13
1.04
1.13
1.07
1.12
1.14
1.12
1.09
1.11
1.09
1.13
1.09
1.08
1.11
1.08
1.10
1.18
1.12
1.08
1.13
1.16
1.11
1.11
1.05
1.08
1.08
1.16
1.07
1.09
1.08
1.12
1.10
1.10
1.10
1.08
1.06
1.12
1.10
1.11
1.16
1.01
1.09
1.07
1.11
1.10
1.07
1.10
1.06
1.14
1.07
1.14
1.11
1.15
1.08
1.13
1.14
1.04
1.12
1.13
1.03
1.08
1.10
1.04
1.15
1.07
1.07
1.09
1.08
1.08
1.10
1.07
1.12
1.19
1.15
1.09
1.06
1.01
1.09
1.12
1.10
1.08
1.01
1.07
1.14
1.08
1.09
1.10
0.97
1.05
1.03
1.00
1.07
1.14
1.15
1.05
1.12
1.11
1.07
1.07
1.12
1.08
1.06
1.07
1.04
1.15
1.16
1.07
1.13
1.15
1.15
1.19
1.10
1.20
1.16
1.11
1.04
1.12
1.17
1.22
1.19
1.15
1.19
1.07
1.17
1.11
1.15
1.22
1.15
1.17
1.15
1.07
1.04
1.08
1.17
1.08
1.14
1.11
1.16
1.11
1.18
1.10
1.14
1.12
1.15
1.12
1.16
1.08
1.08
1.10
1.11
1.09
1.13
1.17
1.13
1.14
1.16
1.14
1.16
1.19
1.15
1.15
1.11
1.09
1.09
1.14
1.05
1.06
1.00
1.04
1.08
1.05
1.02
1.01
1.00
0.99
0.97
1.05
1.02
0.96
0.94
0.81
0.84
0.77
0.77
0.71
0.62
0.71
0.65
0.66
0.88
0.83
0.78
0.83
0.82
0.74
0.77
0.79
0.76
0.82
0.87
0.82
0.75
0.73
0.64
0.57
0.42
0.36
0.34
0.36
0.35
0.24
0.26
0.27
0.12
0.12
0.13
0.14
0.25
0.31
0.50
0.51
0.57
0.54
0.57
0.56
0.56
0.58
0.60
0.61
0.85
0.82
0.84
0.84
0.83
0.80
0.79
0.77
0.83
0.90
0.84
0.90
0.88
0.89
0.82
0.83
0.92
0.95
0.86
0.85
0.84
0.70
0.77
0.78
0.81
0.73
0.86
0.85
0.72
0.75
0.73
0.70
0.77
0.80
0.78
0.83
0.84
0.85
0.84
0.86
0.97
0.95
0.97
0.93
0.87
0.84
0.83
0.76
0.80
0.72
0.66
0.62
0.65
0.70
0.70
0.69
0.63
0.52
0.45
0.56
0.72
0.68
0.44
0.44
0.47
0.51
0.45
0.36
0.37
0.48
0.50
0.43
0.45
0.49
0.45
0.49
0.50
0.51
0.50
0.54
0.80
0.73
0.80
0.77
0.80
0.85
0.83
0.81
0.74
0.75
0.71
0.77
0.76
0.83
0.81
0.77
0.65
0.70
0.75
0.75
0.94
0.81
0.95
0.93
0.88
0.74
0.79
0.78
0.84
0.87
0.86
0.82
0.83
0.83
0.96
0.89
0.94
0.88
1.03
0.96
1.02
1.06
1.00
1.04
1.02
1.05
1.08
1.03
1.04
1.00
1.05
1.03
1.06
1.09
1.04
1.03
1.01
0.99
0.97
0.97
0.97
0.99
1.00
0.93
1.01
1.01
1.02
0.98
0.97
0.97
0.85
0.87
0.84
0.86
0.81
0.89
0.86
0.90
0.86
0.93
1.01
0.97
0.90
0.93
0.95
0.87
0.85
0.88
0.91
0.90
0.92
0.78
0.81
0.69
0.71
0.72
0.71
0.63
0.69
0.74
0.80
0.78
0.78
0.66
0.70
0.77
0.81
0.80
0.77
0.74
0.85
0.77
0.66
0.68
0.64
0.67
0.66
0.68
0.68
0.64
0.75
0.70
0.70
0.69
0.69
0.70
0.68
0.65
0.61
0.61
0.57
0.53
0.51
0.56
0.53
0.53
0.51
0.50
0.55
0.51
0.73
0.79
0.69
0.67
0.70
0.76
0.58
0.63
0.61
0.71
0.67
0.78
0.75
0.72
0.75
0.82
0.94
0.96
0.84
0.89
0.96
0.77
0.57
0.69
0.75
0.79
0.85
0.91
0.93
0.94
1.01
1.06
0.99
0.99
0.90
0.97
0.97
1.03
0.98
0.98
1.06
1.10
1.14
1.16
1.08
1.11
1.13
1.16
1.20
1.21
1.15
1.18
1.13
1.12
1.17
1.18
1.19
1.17
1.22
1.15
1.07
1.05
1.08
1.11
1.10
1.15
1.05
1.10
1.02
1.10
1.19
1.16
1.16
1.15
1.09
1.17
1.08
1.07
1.14
1.09
1.10
1.11
1.06
1.02
0.93
0.98
1.02
1.08
1.08
1.05
1.04
1.03
1.06
1.11
0.96
1.02
0.96
0.98
1.01
1.02
1.02
1.06
1.05
1.10
1.08
1.10
1.06
1.03
1.05
1.09
1.02
1.08
1.07
1.08
1.11
1.10
1.11
1.06
1.04
1.12
1.10
1.11
1.08
1.11
1.05
1.04
1.02
1.03
1.08
1.05
1.04
1.01
1.05
0.95
0.94
0.96
0.88
1.00
0.97
0.94
0.98
0.99
0.98
0.93
0.91
0.91
0.96
0.91
0.88
0.92
0.87
0.94
0.94
0.79
0.85
0.86
0.80
0.84
0.83
0.86
0.87
0.89
0.92
0.90
0.92
0.95
0.92
0.92
0.84
0.85
0.83
0.83
0.79
0.72
0.83
0.84
0.75
0.77
0.73
0.74
0.86
0.90
0.82
0.81
0.79
0.74
0.79
0.78
0.79
0.78
0.73
0.81
0.80
0.83
0.82
0.76
0.75
0.76
0.70
0.74
0.90
0.99
1.04
0.96
1.02
1.00
0.90
0.96
0.98
1.01
0.96
0.92
0.96
0.93
0.86
0.90
0.94
0.88
0.89
0.99
1.04
1.00
0.98
0.99
0.99
0.97
1.01
0.97
0.98
0.96
0.94
1.04
1.07
0.98
1.02
0.99
0.98
0.93
0.94
1.02
1.15
1.15
1.12
1.11
1.15
1.11
1.13
1.17
1.15
1.17
1.19
1.16
1.17
1.17
1.16
1.15
1.18
1.19
1.18
1.11
1.14
1.11
1.10
1.12
1.08
1.05
1.08
1.08
1.07
1.11
1.12
1.11
1.16
1.09
1.07
1.14
1.13
1.13
1.11
1.13
1.12
1.14
1.10
1.13
1.14
1.15
1.15
1.18
1.12
1.12
1.14
1.13
1.11
1.10
1.07
1.09
1.08
1.10
1.09
1.14
1.13
1.11
1.12
1.13
1.10
1.13
1.11
1.14
1.15
1.13
1.19
1.15
1.11
1.12
1.12
1.12
1.09
1.14
1.08
1.13
1.10
1.09
1.11
1.12
1.12
1.11
1.14
1.12
1.11
1.12
1.11
1.07
1.06
1.04
1.03
1.06
1.00
0.97
0.93
0.98
