0.398707
0.040490
0.040433
0.040397
0.040229
0.040436
0.040500
0.040290
0.040362
0.040503
0.040423
0.040316
0.040236
0.040438
0.040303
0.040746
0.040425
0.040142
0.040206
0.040198
0.067066
0.040192
0.040113
0.040195
0.040157
0.040003
0.040053
0.038782
0.040207
0.040089
0.040263
0.039835
0.040197
0.040235
0.041284
0.040147
0.040334
0.040223
0.040254
0.040396
0.074096
0.040257
0.040341
0.040154
0.039963
0.040001
0.040523
0.038780
0.038826
0.038748
0.038782
0.038830
0.038757
0.038831
0.038783
0.038690
0.038901
0.038793
0.038881
0.038827
0.072276
0.038813
0.038963
0.038946
0.038818
0.038713
0.038898
0.038801
0.038771
0.038700
0.038692
0.038987
0.038676
0.038792
0.038728
0.038795
0.038931
0.038919
0.038786
0.039249
0.073164
0.039571
0.039264
0.039233
0.039325
0.039297
0.039409
0.039449
0.039350
0.039368
0.039335
0.039213
0.039351
0.039282
0.039345
0.039349
0.039348
0.039385
0.039273
0.039483
0.072959
0.039184
0.039267
0.039391
0.039206
0.039192
0.039407
0.039223
0.039292
0.039290
0.039441
0.039305
0.039162
0.039346
0.040038
0.038611
0.038621
0.039336
0.039292
0.039410
0.073089
0.039397
0.039755
0.040224
0.040143
0.040269
0.040072
0.040217
0.040404
0.040230
0.040338
0.040214
0.039934
0.040287
0.038681
0.038642
0.038671
0.038907
0.038754
0.038916
0.072451
0.038771
0.038951
0.038654
0.038676
0.038692
0.038725
0.038749
0.038962
0.038831
0.039268
0.039222
0.039694
0.039226
0.040144
0.040160
0.040313
0.040286
0.040319
0.040399
0.073910
0.040093
0.038783
0.040036
0.040246
0.040158
0.040334
0.039908
0.040203
0.040390
0.040167
0.040133
0.040388
0.040342
0.040297
0.040187
0.040146
0.040538
0.040302
0.040410
0.074028
0.039013
0.040239
0.040345
0.040458
0.041672
0.039909
0.040192
0.040009
0.040258
0.040208
0.040322
0.041044
0.040342
0.040353
0.040416
0.040144
0.038861
0.040193
0.039989
0.073824
0.040214
0.040509
0.040184
0.040166
0.040179
0.040128
0.040290
0.040259
0.040508
0.040171
0.040404
0.040093
0.040174
0.040167
0.040214
0.040211
0.040601
0.038827
0.038683
0.072678
0.038827
0.038677
0.039832
0.038724
0.038598
0.038779
0.038590
0.038693
0.038630
0.038601
0.038686
0.038830
0.037525
0.038905
0.038885
0.039128
0.038873
0.038825
0.038891
0.072267
0.039079
0.038657
0.038712
0.038707
0.038743
0.038720
0.038858
0.038970
0.038899
0.038928
0.038855
0.038744
0.038856
0.038833
0.038947
0.039003
0.040427
0.038868
0.038782
0.072414
0.040203
0.038781
0.038810
0.038782
0.040398
0.038758
0.038938
0.038953
0.038887
0.038868
0.038841
0.038994
0.038868
0.039024
0.038838
0.039279
0.039296
0.039593
0.040344
0.074345
0.040224
0.040251
0.040382
0.040591
0.040410
0.040421
0.040323
0.040838
0.040664
0.040416
0.040555
0.040543
0.040496
0.044599
0.040308
0.040593
0.040452
0.040408
0.040822
0.074458
0.040506
0.040349
0.040615
0.040593
0.040620
0.040534
0.040437
0.040570
0.040455
0.040578
0.040273
0.040494
0.040568
0.040466
0.040471
0.040355
0.040570
0.040829
0.040570
0.074010
0.040719
0.040382
0.040445
0.040561
0.040303
0.040249
0.040315
0.040615
0.041083
0.038801
0.038796
0.037456
0.038741
0.039390
0.039629
0.041025
0.039712
0.040494
0.038790
0.073945
0.040241
0.040531
0.040567
0.040298
0.040597
0.040660
0.040711
0.040262
0.040489
0.040408
0.040218
0.040358
0.038986
0.040449
0.040557
0.039076
0.040418
0.040333
0.040498
0.074229
0.040188
0.040521
0.040001
0.042508
0.040476
0.039600
0.039366
0.040048
0.044674
0.040425
0.040419
0.040470
0.040315
0.040291
0.040892
0.040372
0.040186
0.040449
0.040343
0.074348
0.040714
0.040475
0.040544
0.040445
0.040459
0.040532
0.040542
0.040363
0.040724
0.040305
0.040277
0.040175
0.040338
0.040417
0.040392
0.040447
0.040656
0.040573
0.040181
0.074328
0.040491
0.040434
0.040497
0.041030
0.038737
0.038774
0.038779
0.038781
0.038693
0.038815
0.038674
0.038639
0.038701
0.038809
0.038610
0.038809
0.038717
0.038519
0.038630
0.072086
0.038686
0.038776
0.038750
0.038757
0.038676
0.038710
0.039308
0.039271
0.039188
0.039825
0.041475
0.040086
0.040314
0.040179
0.044633
0.040387
0.040109
0.040038
0.040063
0.073718
0.040129
0.040095
0.040195
0.043071
0.043179
0.040031
0.039933
0.042362
0.041180
0.045017
0.041278
0.040175
0.040118
0.040311
0.040111
0.040134
0.040144
0.040165
0.040076
0.073658
0.040190
0.040156
0.040139
0.040158
0.040088
0.040692
0.040340
0.040309
0.040257
0.040191
0.040609
0.040323
0.040045
0.040355
0.039855
0.039333
0.040281
0.040174
0.039651
0.073185
0.039488
0.039610
0.040140
0.041527
0.040472
0.040467
0.040558
0.040515
0.040504
0.040401
0.040318
0.040378
0.040396
0.040380
0.040433
0.040672
0.039391
0.039408
0.039757
0.072822
0.040812
0.040745
0.040508
0.040287
0.040380
0.040303
0.040442
0.046386
0.042109
0.045241
0.041260
0.040403
0.040385
0.043630
0.040810
0.039395
0.040083
0.040569
0.040461
0.074110
0.042383
0.040276
0.040356
0.040181
0.040169
0.040207
0.040137
0.040240
0.040410
0.039330
0.039007
0.038700
0.038801
0.039499
0.039553
0.039580
0.039602
0.039176
0.038988
0.072335
0.038623
0.038849
0.038595
0.038527
0.038604
0.038626
0.038742
0.038710
0.038626
0.038840
0.038742
0.038712
0.038665
0.038805
0.038781
0.038706
0.038759
0.038606
0.038622
0.072285
0.038777
0.038728
0.038723
0.040346
0.039546
0.039393
0.040283
0.039363
0.039356
0.039729
0.039431
0.039761
0.039658
0.039369
0.039389
0.039400
0.039523
0.040360
0.045890
0.074565
0.038894
0.038723
0.038835
0.038907
0.038823
0.038985
0.038901
0.038802
0.038887
0.038861
0.038795
0.038800
0.038870
0.038838
0.038864
0.038900
0.039049
0.039697
0.039705
0.074603
0.039362
0.039470
0.040771
0.042454
0.041444
0.040603
0.040689
0.040632
0.040781
0.040774
0.040603
0.040770
0.040729
0.040718
0.040771
0.040596
0.040791
0.040760
0.041014
0.074280
0.040357
0.040470
0.040494
0.040771
0.041089
0.040404
0.040365
0.040561
0.040603
0.040277
0.040411
0.040678
0.040451
0.040423
0.040451
0.040451
0.040485
0.040476
0.040509
0.074394
0.040510
0.040984
0.039205
0.039365
0.038826
0.038872
0.038970
0.038740
0.038693
0.038970
0.038780
0.038578
0.038858
0.038943
0.039171
0.039465
0.039213
0.039498
0.039902
0.074107
0.040375
0.041781
0.040347
0.042011
0.043647
0.041141
0.040172
0.040476
0.041028
0.040289
0.040359
0.040826
0.042546
0.043693
0.040498
0.040293
0.043637
0.042909
0.040233
0.073874
0.040249
0.040203
0.040124
0.041918
0.040236
0.042070
0.038743
0.038651
0.038614
0.039407
0.039158
0.039324
0.039216
0.039360
0.039175
0.039193
0.040366
0.040398
0.040050
0.074347
0.040388
0.040129
0.040220
0.040386
0.045267
0.040221
0.040302
0.040242
0.040465
0.040515
0.040432
0.040667
0.040476
0.040381
0.040446
0.040340
0.042260
0.040361
0.040359
0.074250
0.040368
0.040439
0.040665
0.040483
0.040661
0.040702
0.040557
0.040545
0.046825
0.040388
0.040302
0.040631
0.040396
0.043530
0.043137
0.044429
0.046088
0.046378
0.040743
0.072389
0.038697
0.037534
0.038905
0.038908
0.038614
0.038815
0.038731
0.038774
0.038851
0.038872
0.038810
0.038890
0.038758
0.038898
0.038985
0.039185
0.038935
0.038801
0.039140
0.072880
0.038791
0.038987
0.038966
0.038763
0.038930
0.038911
0.038848
0.038701
0.038746
0.038793
0.038727
0.038854
0.038799
0.038722
0.038787
0.038757
0.038738
0.038617
0.038765
0.072218
0.038852
0.038549
0.038650
0.038603
0.038713
0.038602
0.038572
0.038630
0.038563
0.038604
0.038702
0.038518
0.038538
0.038594
0.038594
0.038788
0.038759
0.038666
0.038671
0.072331
0.039236
0.039464
0.039119
0.040411
0.041482
0.040438
0.040344
0.040333
0.040245
0.040144
0.040431
0.042202
0.040215
0.039995
0.040273
0.041290
0.040227
0.040191
0.039325
0.072786
0.039099
0.039896
0.040298
0.040301
0.040488
0.040224
0.040347
0.040507
0.040019
0.040562
0.040529
0.040390
0.040334
0.040404
0.040679
0.040180
0.042919
0.044058
0.040318
0.073822
0.040393
0.040361
0.040521
0.040339
0.040414
0.040411
0.040319
0.040523
0.040486
0.040514
0.040433
0.039897
0.040198
0.040502
0.040268
0.040433
0.043421
0.044631
0.045228
0.074284
0.040350
0.040400
0.040232
0.040299
0.040282
0.040255
0.040480
0.040689
0.040528
0.040589
0.043321
0.040398
0.040631
0.040651
0.039530
0.039482
0.039414
0.039662
0.040452
0.074481
0.040337
0.040426
0.040377
0.040546
0.040535
0.040470
0.040492
0.040446
0.042807
0.040665
0.046225
0.038964
0.040671
0.040657
0.040613
0.040933
0.040802
0.040659
0.040641
0.074194
0.040437
0.040793
0.040315
0.040479
0.043980
0.039518
0.040849
0.039386
0.039407
0.039685
0.039598
0.040058
0.040537
0.040623
0.040303
0.040606
0.046491
0.040652
0.041980
0.079629
0.040528
0.040350
0.040543
0.040552
0.040509
0.040697
0.046255
0.040287
0.041984
0.040479
0.040252
0.040380
0.040532
0.046039
0.039670
0.039486
0.039339
0.039436
0.039489
0.072920
0.039389
0.039336
0.039403
0.039217
0.039329
0.039427
0.039364
0.039317
0.039385
0.039322
0.039309
0.039299
0.039580
0.039458
0.039324
0.039312
0.039423
0.039268
0.040020
0.074223
0.040322
0.040457
0.040511
0.040175
0.040498
0.040430
0.040607
0.040432
0.040359
0.040292
0.041014
0.045667
0.040381
0.040596
0.040269
0.044901
0.038726
0.038905
0.038879
0.072178
0.039055
0.038862
0.038696
0.038820
0.038871
0.038831
0.038748
0.038751
0.039582
0.038908
0.038850
0.038705
0.038639
0.038872
0.038895
0.038991
0.038751
0.038879
0.038644
0.072295
0.038739
0.038963
0.038727
0.038669
0.038684
0.038682
0.038710
0.038810
0.038666
0.038777
0.038795
0.038730
0.038718
0.038709
0.038902
0.038928
0.038816
0.038673
0.038708
0.072280
0.040072
0.043656
0.039309
0.039164
0.039326
0.039171
0.038543
0.038752
0.044438
0.039214
0.039085
0.041741
0.039115
0.039222
0.039031
0.039172
0.039235
0.039108
0.039155
0.072759
0.038991
0.039310
0.038977
0.039176
0.041246
0.038918
0.039267
0.039063
0.039528
0.038994
0.039011
0.039346
0.039287
0.039144
0.039268
0.039098
0.038765
0.038811
0.038809
0.072251
0.038799
0.038841
0.038867
0.038518
0.038663
0.039183
0.057010
0.057403
0.057073
0.038737
0.057170
0.056946
0.056847
0.039030
0.038988
0.056914
0.056834
0.057060
0.056658
0.037819
0.056465
0.056106
0.038558
0.056071
0.056199
0.056283
0.055934
0.056221
0.038409
0.056056
0.038338
0.039425
0.056998
0.038475
0.037835
0.056709
0.039086
0.039220
0.038922
0.072251
0.038939
0.039198
0.038870
0.038837
0.038890
0.038859
0.038947
0.039113
0.039244
0.038827
0.039062
0.038878
0.038819
0.038905
0.040332
0.039659
0.038874
0.038774
0.038937
0.072508
0.038765
0.038815
0.039083
0.038921
0.038948
0.038918
0.038802
0.039021
0.038828
0.038657
0.038323
0.038181
0.038460
0.038541
0.038210
0.038373
0.038453
0.038421
0.038403
0.072028
0.038375
0.038301
0.038307
0.038365
0.039020
0.039033
0.038896
0.038820
0.039750
0.038953
0.038752
0.038821
0.038973
0.038792
0.038854
0.039108
0.039101
0.039805
0.041738
0.072166
0.038301
0.038507
0.038312
0.038397
0.038343
0.038471
0.038445
0.038336
0.039132
0.038499
0.038350
0.038236
0.038396
0.038358
0.038326
0.038466
0.038524
0.038282
0.038428
0.071907
0.038286
0.038357
0.038215
0.038152
0.038421
0.038352
0.038226
0.038097
0.038411
0.038379
0.038358
0.038355
0.038420
0.038309
0.038398
0.038297
0.038358
0.038233
0.038425
0.071814
0.038281
0.038603
0.038384
0.038361
0.038337
0.038352
0.038278
0.038204
0.039334
0.038348
0.038292
0.038270
0.038269
0.038600
0.038268
0.038271
0.038397
0.038429
0.038331
0.071833
0.038355
0.038311
0.038383
0.038291
0.038453
0.038400
0.038326
0.038378
0.038417
0.038254
0.038334
0.038231
0.038357
0.038256
0.038344
0.038344
0.038357
0.038287
0.038348
0.072048
0.038304
0.038365
0.038310
0.038358
0.038229
0.038337
0.038477
0.038455
0.038292
0.038392
0.038333
0.038327
0.038695
0.038272
0.038278
0.038459
0.038804
0.038291
0.038368
0.071935
0.038407
0.038454
0.038363
0.038584
0.038478
0.038420
0.038358
0.038467
0.038381
0.038248
0.038481
0.038352
0.038336
0.038449
0.038376
0.038388
0.038418
0.038364
0.038462
0.072109
0.038282
0.038357
0.038296
0.038426
0.038388
0.038264
0.038520
0.038307
0.038328
0.038264
0.038266
0.038208
0.038433
0.038293
0.038373
0.038406
0.038856
0.038518
0.038300
0.071811
0.038372
0.038206
0.038343
0.038238
0.038232
0.038377
0.038303
0.038166
0.038234
0.038275
0.038271
0.038213
0.038400
0.038385
0.038171
0.038357
0.038307
0.038280
0.038228
0.071944
0.038312
0.038243
0.038327
0.038315
0.038330
0.038297
0.038269
0.038699
0.038302
0.038391
0.038328
0.038237
0.038183
0.038331
0.038471
0.038226
0.038313
0.038327
0.038364
0.072044
0.038167
0.038457
0.038259
0.038238
0.038275
0.038145
0.038323
0.038321
0.038416
0.038318
0.038432
0.038244
0.038229
0.038248
0.039822
0.039288
0.038497
0.038333
0.038424
0.071605
0.038271
0.038370
0.038189
0.038411
0.038426
0.040179
0.044224
0.044060
0.041440
0.039198
0.038902
0.038990
0.038257
0.038282
0.038193
0.038307
0.038397
0.038317
0.038250
0.071705
0.038399
0.038247
0.039612
0.038251
0.038258
0.038320
0.038318
0.038355
0.038468
0.038487
0.038182
0.038280
0.038197
0.038289
0.038313
0.038254
0.038406
0.038805
0.042491
0.072180
0.038380
0.038369
0.038420
0.038512
0.038407
0.038283
0.038259
0.038417
0.038378
0.038425
0.038448
0.038413
0.038387
0.038299
0.038431
0.038374
0.038229
0.038197
0.038235
0.071645
0.038249
0.055740
0.038326
0.038287
0.055899
0.056131
0.055979
0.056262
0.038423
0.056316
0.038514
0.038853
0.038710
0.038877
0.038750
0.038782
0.038631
0.038648
0.038759
0.072127
0.038717
0.038577
0.038729
0.038734
0.038704
0.038734
0.038569
0.038798
0.038811
0.038760
0.038747
0.038830
0.038863
0.038788
0.039649
0.039255
0.039257
0.039455
0.039437
0.073408
0.039698
0.039745
0.039766
0.039740
0.040860
0.048447
0.046890
0.040362
0.039779
0.039862
0.039720
0.040547
0.040713
0.040761
0.040851
0.044628
0.047160
0.039206
0.039165
0.072444
0.039170
0.039557
0.039729
0.039774
0.039693
0.039773
0.039646
0.039607
0.039857
0.039646
0.039618
0.039588
0.038889
0.038996
0.039025
0.038836
0.038854
0.038891
0.037513
0.072556
0.038768
0.038819
0.038823
0.039281
0.039462
0.039462
0.039402
0.041506
0.048852
0.044749
0.040791
0.038595
0.038669
0.038782
0.038860
0.038553
0.038615
0.038696
0.038664
0.072117
0.039325
0.039161
0.039242
0.039695
0.045756
0.045137
0.044644
0.045894
0.040189
0.045694
0.039999
0.040204
0.040152
0.045155
0.045881
0.040382
0.042281
0.040645
0.040287
0.074205
0.040317
0.046625
0.040590
0.046892
0.046394
0.046500
0.046854
0.045362
0.041092
0.047392
0.042454
0.047135
0.041240
0.041128
0.044566
0.041254
0.040293
0.040287
0.040390
0.074002
0.039883
0.039416
0.039426
0.038220
0.039331
0.039299
0.039471
0.039489
0.038990
0.038857
0.039009
0.039041
0.038853
0.038982
0.038806
0.038709
0.038889
0.038772
0.039079
0.072997
0.039415
0.039552
0.039597
0.039506
0.038934
0.038872
0.038985
0.038882
0.039305
0.037495
0.038833
0.038869
0.038970
0.038979
0.038886
0.038823
0.038863
0.039208
0.039301
0.073311
0.039410
0.040860
0.040313
0.040679
0.040363
0.046380
0.046106
0.046327
0.046247
0.045361
0.040276
0.046731
0.046222
0.046233
0.045420
0.044414
0.040985
0.044015
0.040565
0.074821
0.040830
0.040989
0.042795
0.045892
0.040904
0.041243
0.041149
0.040995
0.041159
0.040920
0.045675
0.040856
0.040770
0.040957
0.040536
0.046184
0.040987
0.040925
0.040737
0.078892
0.040765
0.040734
0.040763
0.040884
0.040935
0.041275
0.040038
0.039959
0.039217
0.039237
0.039052
0.039136
0.039043
0.039330
0.039237
0.039068
0.039354
0.039226
0.039169
0.073000
0.039263
0.039349
0.039157
0.039098
0.039068
0.038968
0.039270
0.039181
0.039084
0.039212
0.038883
0.038919
0.038920
0.039064
0.038968
0.039321
0.039254
0.039370
0.039264
0.073573
0.039143
0.039144
0.039363
0.039178
0.039341
0.039345
0.039276
0.039315
0.039338
0.039376
0.039182
0.039311
0.039441
0.039403
0.039307
0.039319
0.039216
0.039294
0.039384
0.072904
0.039401
0.040149
0.039382
0.039524
0.039457
0.039336
0.039412
0.040401
0.040432
0.040513
0.041798
0.043047
0.046331
0.040498
0.040330
0.040616
0.043964
0.041240
0.040253
0.074130
0.040331
0.040396
0.040357
0.040393
0.040329
0.040657
0.043167
0.040596
0.040533
0.045386
0.045888
0.041180
0.039275
0.039370
0.039373
0.039225
0.040191
0.040718
0.041039
0.079016
0.041150
0.040157
0.039994
0.040161
0.040015
0.040021
0.039856
0.040145
0.040070
0.040153
0.040120
0.040159
0.039984
0.040020
0.039835
0.040647
0.039825
0.039971
0.039911
0.076169
0.041294
0.041523
0.042941
0.045824
0.040595
0.040528
0.040478
0.040575
0.040519
0.047337
0.039189
0.040523
0.040766
0.040964
0.040609
0.046666
0.040603
0.040618
0.040583
0.074381
0.040327
0.040267
0.039050
0.041417
0.039399
0.039714
0.039428
0.039347
0.039214
0.039349
0.039508
0.039490
0.039328
0.040696
0.039383
0.039433
0.039302
0.039407
0.039322
0.073443
0.042717
0.039225
0.037521
0.039040
0.039282
0.039421
0.039515
0.039423
0.039884
0.041833
0.039384
0.039419
0.039443
0.039429
0.039665
0.040595
0.043312
0.045141
0.041361
0.078522
0.040116
0.045971
0.044444
0.044422
0.045342
0.046112
0.040801
0.041025
0.040918
0.044832
0.041047
0.046057
0.046728
0.045463
0.044367
0.040835
0.045260
0.041027
0.040976
0.080008
0.040980
0.040887
0.046168
0.042556
0.046478
0.043837
0.046300
0.040930
0.045317
0.042480
0.040984
0.041006
0.041049
0.041318
0.041097
0.040981
0.041082
0.038743
0.038628
0.072316
0.038837
0.038729
0.038699
0.040795
0.047378
0.039476
0.039368
0.039492
0.039319
0.039378
0.038769
0.038500
0.038800
0.038884
0.038768
0.038818
0.038793
0.038810
0.038743
0.072195
0.038825
0.038661
0.038807
0.038893
0.038695
0.039011
0.039013
0.038978
0.038834
0.038705
0.038885
0.038793
0.039865
0.039699
0.039428
0.039359
0.040829
0.040901
0.041835
0.072976
0.039345
0.039153
0.038759
0.038820
0.038664
0.038792
0.038894
0.038660
0.038742
0.038866
0.038805
0.038617
0.038778
0.038755
0.038945
0.038636
0.038765
0.038896
0.038652
0.072376
0.038713
0.038682
0.038878
0.038924
0.038740
0.038670
0.038755
0.038855
0.038814
0.038697
0.038802
0.038792
0.038740
0.038703
0.038848
0.038856
0.038738
0.038761
0.038836
0.072330
0.038763
0.038904
0.038768
0.038804
0.039274
0.039285
0.039413
0.039626
0.039205
0.038977
0.039282
0.038898
0.038833
0.038914
0.038769
0.038823
0.039058
0.038856
0.039014
0.072870
0.039270
0.039492
0.039564
0.039312
0.039527
0.039281
0.039248
0.039409
0.039579
0.039336
0.039343
0.039420
0.039270
0.039183
0.039437
0.039376
0.039439
0.039378
0.039412
0.072734
0.039151
0.039234
0.039250
0.039400
0.039481
0.039381
0.039404
0.039434
0.039560
0.039440
0.039380
0.039324
0.039461
0.039519
0.039316
0.039339
0.039421
0.039423
0.039253
0.072886
