445	189	53	77
449	190	50	77
451	190	45	78
450	190	49	81
449	188	48	83
449	189	48	79
450	191	48	77
451	191	46	76
451	191	46	75
449	189	49	81
449	190	48	80
449	190	48	81
449	190	49	80
449	188	49	83
448	189	50	82
451	190	47	78
452	190	44	79
449	191	50	76
448	191	52	78
448	190	51	79
448	190	51	79
451	190	44	79
451	191	46	77
451	191	44	76
451	190	45	81
452	191	41	76
452	192	44	74
450	192	45	75
450	191	46	77
450	190	48	83
451	190	44	81
451	191	45	78
450	192	45	78
451	190	45	80
452	192	41	77
450	190	47	81
451	188	44	85
450	191	46	76
450	189	46	82
450	188	44	84
450	188	46	81
450	189	45	79
451	187	42	84
450	188	45	80
450	188	43	77
449	187	48	79
449	185	46	84
448	186	49	81
447	185	50	81
448	187	49	76
450	185	47	81
452	185	43	81
451	184	46	81
450	183	46	80
450	184	49	79
448	182	51	85
448	182	50	87
449	184	50	82
448	184	51	78
448	183	54	84
450	182	49	86
449	184	51	81
448	184	52	76
450	183	50	80
449	184	51	75
449	185	52	72
448	186	54	73
451	184	50	77
451	182	48	79
448	184	53	77
448	183	54	79
449	183	51	83
447	185	53	77
447	184	55	78
449	183	49	77
447	184	54	75
447	183	53	80
449	183	48	80
449	183	48	79
448	184	50	75
447	184	51	78
450	183	45	79
450	183	45	77
449	182	45	80
444	184	56	77
445	183	52	80
445	182	53	82
445	182	51	82
447	184	47	75
446	184	48	75
444	184	49	75
444	185	50	76
443	184	51	76
442	184	52	77
442	184	49	76
444	184	45	77
443	183	47	79
443	185	45	72
440	185	50	73
440	184	49	79
440	184	47	77
439	184	47	77
439	184	48	82
441	184	43	80
440	185	43	79
439	185	44	79
439	187	45	75
438	185	46	81
438	187	43	74
437	185	45	78
436	187	45	75
436	187	45	76
435	187	47	76
436	188	45	74
436	188	45	73
436	187	46	74
436	187	46	75
434	188	49	74
437	187	45	78
437	185	47	82
436	185	48	84
438	187	44	76
439	187	43	74
439	186	44	72
438	186	46	72
438	185	47	77
439	185	46	75
439	185	46	77
439	184	45	77
439	184	48	78
440	183	46	77
440	182	45	75
440	183	46	74
441	181	46	78
441	182	45	77
442	181	45	76
442	181	44	71
441	180	47	75
440	180	50	75
441	179	49	80
441	178	48	78
442	178	46	77
441	177	47	77
442	177	46	78
443	176	43	80
443	174	43	78
443	173	46	82
442	175	47	78
442	174	46	78
442	173	47	80
443	172	46	81
444	171	45	83
444	172	44	78
443	171	46	77
443	171	46	77
443	171	46	74
444	169	44	78
444	168	46	80
444	169	48	78
446	169	44	78
444	171	46	73
445	170	44	74
444	172	49	72
444	171	47	73
445	168	47	77
445	171	47	72
447	170	47	71
448	169	43	75
449	169	43	72
450	168	43	75
450	166	42	77
451	165	41	78
452	166	40	78
451	168	44	72
450	167	46	74
452	165	41	76
453	165	42	75
453	167	42	74
454	166	42	73
455	165	40	74
457	164	39	78
458	162	39	79
458	164	38	75
458	163	39	79
458	163	38	78
457	165	41	74
459	165	38	75
458	165	41	75
460	164	39	78
460	164	39	77
461	162	36	78
461	163	39	77
462	163	38	78
462	162	38	78
460	165	43	74
462	162	40	77
463	163	39	79
462	164	41	76
462	163	43	74
463	166	41	73
465	164	40	75
463	165	42	73
464	167	43	73
465	163	40	78
466	164	40	80
466	166	43	72
465	168	45	72
466	168	46	74
467	167	43	71
468	170	42	69
468	168	42	75
468	171	44	68
467	169	46	74
467	171	45	69
469	171	44	72
470	173	43	69
469	173	45	67
469	175	45	65
469	174	46	68
469	175	45	67
468	175	48	67
469	176	46	69
470	176	45	68
469	176	48	71
470	177	47	70
471	178	45	68
470	177	47	71
471	177	43	73
470	176	47	74
471	177	44	75
470	177	48	74
469	178	50	72
471	179	46	72
470	180	47	72
472	178	43	73
468	180	51	76
470	179	45	77
468	179	50	75
468	181	49	76
468	182	49	73
468	181	49	75
469	183	46	73
468	182	50	75
469	183	47	73
469	185	48	71
468	184	48	72
469	183	49	76
468	183	50	76
467	185	52	73
468	185	51	74
470	184	45	76
467	185	50	73
468	185	50	75
468	187	48	74
467	187	51	72
467	187	52	74
467	187	51	75
468	187	48	77
467	188	50	75
468	189	49	74
468	190	49	75
467	191	49	70
465	191	52	75
467	191	48	74
467	192	48	71
465	194	52	70
467	192	48	73
465	191	51	75
466	192	47	75
465	193	50	73
464	193	51	74
466	194	47	73
465	192	48	75
464	193	50	74
465	194	48	74
464	193	49	75
463	195	50	73
463	194	50	75
464	194	48	75
463	195	49	75
463	196	48	74
462	196	50	73
462	196	49	76
462	195	48	77
464	196	45	76
462	196	48	74
461	197	49	71
460	199	51	70
460	198	50	71
460	198	49	71
459	200	51	71
458	198	50	73
457	198	51	73
460	196	46	77
459	197	47	78
457	196	51	81
460	195	43	82
456	198	49	77
453	198	54	76
455	197	49	78
454	197	51	80
454	196	49	82
453	197	50	78
452	197	50	78
450	198	54	79
451	198	51	77
452	198	48	78
452	198	48	78
450	198	49	75
450	198	47	75
452	197	45	79
450	198	47	78
450	198	46	76
449	198	47	75
448	198	48	78
448	197	46	76
447	198	47	76
446	198	50	76
447	198	45	76
446	199	47	72
446	198	47	75
446	198	46	75
444	198	47	75
445	197	46	75
444	198	48	74
446	196	44	77
445	198	45	71
443	197	48	74
443	196	48	76
444	196	46	76
441	196	50	74
443	196	46	71
443	196	48	72
444	195	45	72
443	194	47	74
441	194	49	71
441	194	51	72
441	191	48	74
443	191	45	71
443	191	45	68
443	189	46	71
443	186	47	77
442	185	48	77
443	185	47	81
442	185	46	78
442	185	48	79
441	183	48	80
443	184	45	76
444	185	44	72
443	185	45	72
442	183	46	74
443	182	43	77
442	185	45	72
443	184	45	74
442	184	45	75
442	183	44	74
443	185	44	70
443	184	44	72
442	184	44	69
441	185	46	70
440	185	47	69
442	184	43	71
441	184	46	69
441	185	45	69
441	183	47	70
441	183	47	72
441	184	45	68
441	183	47	71
443	183	41	72
442	182	43	73
442	182	43	71
442	184	45	68
442	182	43	75
441	182	45	72
441	183	45	71
441	182	46	73
442	183	44	70
441	183	46	71
440	183	48	69
440	184	47	66
440	184	47	68
441	183	44	71
442	184	45	66
441	184	45	65
441	182	47	69
441	182	46	70
443	182	44	70
442	182	46	66
443	182	45	67
443	181	45	65
443	181	47	67
445	181	44	64
443	180	49	66
445	179	46	65
446	178	46	68
446	177	46	72
445	178	50	70
446	179	47	69
445	179	49	69
446	179	47	71
445	179	48	70
445	179	47	68
445	180	48	69
444	180	47	70
447	180	44	68
447	179	42	71
448	179	40	71
448	180	40	69
447	180	42	69
447	179	42	70
448	178	38	74
447	179	39	72
447	180	39	69
446	181	39	66
447	181	39	65
447	179	39	68
448	179	37	68
448	179	35	65
448	180	37	62
447	180	38	63
447	182	38	60
447	182	38	60
449	181	35	63
450	181	34	63
451	182	33	61
451	182	32	63
450	183	31	60
450	184	32	59
448	183	34	62
448	183	32	63
448	185	32	58
448	186	31	57
447	185	32	59
447	185	31	58
447	186	32	57
447	185	32	60
447	186	32	58
446	187	33	56
447	187	34	56
447	187	33	57
447	187	33	55
448	186	32	56
447	187	34	55
447	186	33	56
448	186	32	56
449	186	31	56
448	186	33	55
448	184	33	58
447	184	33	58
448	184	31	57
447	184	33	59
446	183	34	60
447	182	33	63
446	182	33	64
447	183	32	63
447	183	32	64
448	183	31	63
447	183	31	65
447	182	32	66
448	183	31	64
447	182	32	64
447	183	31	64
448	182	31	64
447	181	31	66
445	182	33	66
445	181	34	65
444	181	34	66
444	180	35	67
444	179	34	68
444	179	34	65
445	177	31	69
445	176	31	70
446	175	29	70
445	173	30	72
442	173	33	73
443	173	34	75
441	172	36	73
439	172	39	74
437	172	43	75
434	172	46	74
432	169	49	79
434	172	46	76
435	170	44	80
439	169	40	79
440	172	36	75
439	171	36	76
436	169	40	80
439	169	36	80
438	169	39	77
437	169	39	80
437	169	40	78
435	168	42	78
436	168	41	80
437	167	39	80
436	167	41	82
437	168	38	80
437	167	40	80
435	168	41	77
435	167	43	80
436	168	40	77
436	167	41	78
434	166	44	79
435	167	45	78
438	167	38	76
439	167	37	75
439	166	39	76
438	167	40	78
437	167	42	79
439	168	40	77
440	167	38	79
441	167	37	80
443	168	34	76
443	167	37	73
443	166	34	73
443	166	34	73
441	167	37	71
442	166	36	75
442	166	38	76
443	168	35	74
443	169	34	75
443	170	35	71
443	168	35	75
442	169	37	70
441	170	37	68
442	170	36	69
443	172	35	64
441	171	37	67
441	172	38	65
441	171	37	68
442	171	37	70
442	170	37	71
441	172	38	69
441	171	38	69
442	171	35	73
442	172	36	68
443	170	35	74
442	172	36	69
442	171	36	70
442	172	36	68
442	171	34	69
442	170	35	70
443	170	34	68
443	171	33	67
442	171	35	65
441	172	37	66
442	171	36	67
442	171	36	68
442	170	37	69
443	170	35	67
442	170	36	68
442	170	37	70
442	170	38	69
442	170	38	69
441	169	39	71
441	170	40	68
442	169	40	73
441	168	40	74
442	169	38	70
444	168	35	69
444	169	36	70
443	168	36	71
443	170	37	68
444	170	36	68
443	168	37	69
443	169	36	70
443	168	36	68
443	169	37	66
442	169	41	67
443	168	39	71
442	168	40	71
443	169	38	70
444	168	39	72
442	169	42	74
444	171	40	70
444	171	41	68
443	171	41	64
443	171	43	67
445	170	40	67
443	170	41	71
443	169	41	73
443	170	42	72
443	171	41	72
443	171	42	70
444	170	40	72
441	170	45	75
441	169	45	75
443	171	42	72
443	170	42	73
443	170	43	74
443	170	43	72
443	171	43	67
443	169	45	74
444	167	42	78
444	167	42	76
444	167	42	76
445	167	42	77
444	169	43	74
444	167	44	76
445	167	40	75
445	169	41	75
444	169	43	73
442	170	46	71
443	169	44	74
441	170	47	73
435	169	55	74
431	171	62	73
431	171	60	72
433	169	55	73
432	169	58	75
432	169	57	75
433	167	55	77
432	168	57	76
432	167	57	78
432	169	58	73
433	168	55	76
433	167	56	76
433	168	56	76
431	168	58	76
432	170	58	72
436	168	52	74
436	167	51	75
435	164	51	81
434	168	52	74
434	166	54	77
434	167	54	77
437	167	48	76
436	166	47	77
435	167	51	75
436	167	49	76
437	167	46	75
437	166	46	75
437	166	47	76
438	166	44	75
438	165	46	76
441	163	41	79
445	165	35	76
446	163	32	80
446	164	34	77
447	165	32	77
447	165	34	77
448	165	33	76
448	164	33	77
448	166	32	74
448	165	32	75
448	167	32	74
448	168	33	68
448	167	33	74
448	166	32	74
449	165	32	76
449	167	34	75
449	167	33	75
449	168	32	74
449	168	33	72
449	169	33	73
450	168	32	75
450	168	32	76
451	170	30	69
451	169	30	73
450	170	30	73
450	170	32	75
449	170	33	75
449	169	33	76
449	170	33	74
449	169	33	75
450	170	31	74
450	170	31	75
450	169	31	76
449	168	33	78
450	169	30	76
449	168	34	78
450	168	32	75
449	168	32	77
450	168	30	74
450	169	31	72
449	169	33	68
449	171	33	63
450	169	30	66
451	169	29	67
450	170	32	65
450	170	31	61
450	171	32	59
449	170	34	61
450	170	32	61
450	168	33	67
451	168	31	67
451	169	30	63
450	169	33	65
449	169	35	64
449	168	33	64
449	168	33	71
450	167	32	74
448	168	36	69
449	168	33	69
448	168	35	68
448	168	33	65
449	170	32	62
448	169	33	64
449	169	32	62
448	169	36	62
448	170	33	60
448	169	32	66
447	170	34	62
447	170	35	60
445	170	39	60
446	169	36	64
447	168	35	65
446	167	37	69
446	167	37	67
446	167	36	70
445	166	39	72
443	166	41	72
443	166	42	72
442	166	42	71
442	165	43	73
441	166	44	74
440	167	46	73
441	166	44	74
442	164	43	77
441	166	45	75
439	165	46	76
438	164	49	79
439	163	48	80
434	164	54	79
438	164	49	77
438	165	49	75
439	164	47	77
438	165	49	77
437	166	50	75
439	165	46	76
440	165	45	76
440	166	45	74
442	165	43	75
442	164	43	77
444	164	40	76
444	163	40	77
443	164	42	75
442	165	43	73
443	164	41	73
443	164	43	74
442	164	44	75
443	164	43	76
443	165	43	76
443	165	43	74
442	165	44	74
442	164	45	76
444	165	42	75
442	164	44	76
442	166	45	74
444	165	43	75
443	165	45	75
443	165	46	75
440	165	50	75
443	166	45	73
443	165	46	74
441	165	49	72
440	166	51	72
442	165	48	72
443	165	46	72
438	165	55	71
440	164	54	73
439	165	49	68
441	165	47	68
439	167	49	62
440	166	46	59
440	167	45	57
440	167	44	60
439	168	47	51
440	169	48	46
439	169	47	49
439	168	47	53
439	168	47	46
438	170	48	42
436	170	54	46
438	169	49	47
438	170	48	45
436	171	51	38
438	175	48	40
438	171	48	37
437	174	49	42
435	173	52	36
435	173	51	44
434	173	53	34
435	175	51	38
434	174	52	34
434	174	52	35
434	175	52	34
432	175	54	34
431	176	56	34
431	177	56	33
430	176	57	36
429	177	58	34
427	179	62	33
428	179	60	34
428	179	62	32
428	180	61	32
428	180	62	33
425	181	65	32
424	181	68	33
424	182	68	34
425	182	67	33
425	183	67	34
425	183	65	34
425	185	67	32
426	185	64	34
426	185	65	34
426	185	68	34
427	185	62	35
427	185	63	35
427	186	64	35
425	186	67	36
426	187	65	35
428	187	61	35
427	188	65	35
427	187	64	36
425	189	69	34
427	189	63	34
429	189	59	35
428	189	61	34
430	188	58	36
429	188	59	39
430	189	58	35
430	189	58	35
429	189	60	37
429	188	60	38
430	187	58	41
429	187	58	40
431	187	55	37
431	186	57	40
431	186	58	42
429	186	59	42
429	186	58	43
429	186	58	43
429	186	58	43
428	186	56	43
429	186	54	43
428	186	56	43
426	186	58	45
425	186	57	44
424	187	59	42
425	187	56	43
424	187	57	45
423	186	60	50
426	187	50	46
423	188	51	45
422	189	52	44
422	190	53	42
421	192	55	42
419	193	58	42
420	193	57	42
420	194	54	42
419	195	58	42
418	196	57	40
418	196	56	41
417	197	58	42
416	197	59	40
416	197	58	42
419	196	52	42
416	197	55	41
416	197	56	43
415	198	56	45
414	198	57	42
413	198	57	43
413	198	57	41
411	199	61	45
411	200	56	40
411	200	56	39
411	199	57	48
408	200	59	44
409	199	53	47
408	199	54	49
407	201	53	43
405	202	54	39
403	201	58	48
400	201	57	49
400	201	54	51
398	201	52	52
396	201	56	53
393	201	57	54
392	201	56	53
390	201	56	54
387	201	59	52
384	201	58	54
382	202	57	53
380	201	58	55
379	201	56	53
377	201	57	53
374	200	58	55
372	200	59	55
369	201	57	56
367	200	56	59
366	199	55	60
365	197	54	60
363	198	55	57
363	196	52	63
360	195	54	64
359	193	55	69
358	193	53	68
357	192	53	72
356	192	53	70
356	192	52	69
357	193	50	71
355	192	50	73
358	192	47	73
357	192	47	73
357	192	48	73
357	194	49	72
358	194	49	69
358	196	52	66
360	197	49	60
361	196	46	68
360	196	52	68
362	196	49	70
364	197	47	73
365	198	47	68
365	200	51	65
368	200	46	66
369	201	47	63
370	204	50	60
371	205	50	61
372	208	53	54
375	208	48	55
378	207	48	57
378	209	50	56
380	209	50	56
382	210	50	56
385	210	49	57
385	211	52	55
389	211	49	56
392	210	47	56
394	210	44	56
396	210	46	57
397	210	45	57
398	211	49	54
400	210	46	58
402	210	45	53
403	210	44	57
403	210	46	56
405	209	44	58
406	210	44	56
408	209	42	57
409	211	43	52
410	209	43	54
412	211	44	50
412	212	43	45
412	211	43	50
413	211	45	48
413	212	46	49
414	210	41	51
414	211	44	52
414	211	46	50
415	213	43	45
415	211	44	54
415	211	44	55
416	210	41	57
415	211	44	54
415	212	43	54
416	212	42	55
416	212	41	57
415	212	45	58
416	212	41	57
418	213	40	58
417	213	42	56
416	213	48	54
416	212	45	57
417	212	46	56
418	213	44	53
419	213	45	52
421	212	41	56
420	213	43	56
421	212	44	58
423	212	43	54
424	212	42	57
425	212	42	56
425	211	43	57
426	211	40	60
428	211	40	60
430	210	37	63
430	212	42	58
432	212	41	56
433	212	42	56
435	212	41	59
437	213	41	54
437	214	43	54
440	212	40	59
441	214	44	55
443	212	41	58
447	213	37	56
448	213	38	58
452	214	39	54
452	214	41	55
454	214	40	52
456	215	40	52
457	215	42	53
461	215	39	53
462	215	41	52
463	215	42	53
466	215	38	54
466	215	41	53
468	216	41	51
469	216	41	53
471	215	40	52
472	216	40	50
473	215	39	48
473	215	45	48
473	216	45	45
475	214	44	47
474	213	50	48
476	213	47	48
478	211	45	49
476	211	52	45
477	210	52	42
481	209	47	44
479	210	51	42
482	208	47	41
482	208	49	42
484	208	46	37
484	207	48	38
487	204	43	41
488	202	43	44
490	202	41	41
491	200	40	44
492	199	40	46
494	196	39	53
493	195	42	52
496	194	37	55
496	194	39	54
496	195	39	54
498	194	38	52
498	195	40	49
501	194	35	53
502	193	32	52
503	195	32	51
502	195	35	53
504	194	35	56
504	194	36	56
504	194	38	56
505	194	37	57
506	192	35	61
507	192	33	62
506	193	36	59
508	192	31	62
508	191	31	62
509	192	30	58
510	193	30	55
510	193	31	55
511	194	29	53
512	194	28	53
513	194	28	53
514	194	27	54
514	196	29	51
514	195	28	53
515	193	29	59
516	193	28	64
516	192	29	65
517	193	28	65
517	193	29	66
518	191	29	68
518	191	30	68
519	189	31	70
520	192	31	66
520	191	33	67
521	192	32	66
523	193	30	65
523	192	29	67
525	192	29	63
533	189	23	65
536	154	29	69
558	201	34	76
651	219	44	69
695	129	51	56
695	126	49	56
639	230	46	56
642	232	43	51
644	234	38	40
645	237	38	36
649	237	43	33
646	239	38	29
685	236	44	27
647	161	40	30
652	148	35	32
663	152	27	37
698	234	30	36
704	233	29	33
715	240	27	25
699	211	26	29
721	163	22	28
753	223	26	24
764	245	31	22
771	250	30	20
802	208	29	22
792	178	26	26
806	175	31	29
821	162	31	33
846	163	37	33
850	163	40	39
759	82	50	41
695	126	50	41
645	229	44	37
647	240	35	31
648	240	33	26
649	242	34	19
648	243	36	16
647	244	37	15
647	244	36	14
647	244	37	14
647	244	37	13
648	244	35	14
647	244	37	14
647	244	37	14
648	244	36	15
648	243	34	15
648	244	34	14
647	245	34	13
648	244	34	14
647	244	35	14
648	244	34	14
648	244	34	14
648	244	35	15
648	244	34	15
648	244	34	14
648	244	35	14
649	244	34	15
649	243	34	16
649	244	32	15
648	244	34	15
648	244	34	15
649	243	34	15
649	244	35	15
649	244	34	15
649	244	34	15
649	243	34	15
649	244	33	15
649	244	33	15
648	244	34	15
648	244	33	15
648	244	33	15
648	244	35	14
648	244	35	15
648	244	36	15
648	244	34	14
648	244	34	15
648	244	33	14
648	244	35	14
648	244	35	14
648	244	35	14
648	243	37	15
648	243	36	16
648	244	35	15
648	243	36	15
649	243	36	15
648	244	35	14
648	243	35	15
649	244	34	15
648	243	35	15
648	244	34	14
648	244	34	15
649	243	34	15
649	243	34	15
649	243	34	16
649	243	34	15
648	243	34	15
648	243	38	15
648	244	34	15
648	244	35	14
649	244	34	15
648	244	36	15
648	243	34	15
649	244	34	15
648	244	34	14
649	244	34	15
649	244	33	15
648	244	35	15
648	244	35	14
648	244	34	15
649	244	34	15
648	244	35	14
648	243	34	15
648	244	33	15
648	244	35	14
648	244	33	14
648	244	34	14
648	244	34	14
649	244	33	15
649	243	34	16
648	244	34	15
648	244	33	15
648	244	35	15
649	244	33	15
648	244	35	14
649	243	34	15
648	244	35	15
648	244	34	15
649	243	34	15
649	243	33	15
649	243	34	15
649	243	34	16
649	243	34	16
649	244	33	16
649	243	34	15
648	244	36	15
648	244	33	15
648	244	34	14
648	244	34	14
649	244	33	15
648	244	34	15
649	244	32	16
649	243	34	16
648	244	34	15
648	244	33	14
648	244	36	15
648	244	37	14
648	244	34	15
648	244	35	15
648	243	35	15
648	243	35	15
648	243	35	15
649	243	33	15
648	244	34	15
648	244	33	15
648	244	34	15
649	243	34	15
648	243	35	15
649	244	34	15
648	243	35	15
649	243	33	15
648	244	34	15
648	244	35	15
648	243	36	15
648	244	35	15
648	243	36	16
648	243	35	15
648	243	35	15
648	243	35	15
649	243	34	15
648	244	34	15
649	243	33	15
648	243	35	15
648	244	34	15
648	244	35	15
648	244	35	15
648	243	34	15
648	243	37	15
648	244	34	15
648	244	35	14
649	244	33	15
649	243	34	16
649	243	34	16
648	244	34	15
648	244	35	14
648	243	35	15
648	243	34	15
648	243	35	16
648	244	34	15
648	244	34	15
648	244	36	14
649	244	33	15
649	244	34	14
648	244	34	15
649	243	33	15
649	244	33	15
648	244	34	15
649	244	33	15
649	243	34	15
649	244	33	15
649	243	34	15
648	244	36	15
648	244	34	15
649	243	34	16
649	244	33	15
648	244	34	14
649	244	33	15
648	244	35	15
648	244	34	15
648	244	34	15
648	244	35	15
648	244	33	14
648	243	35	15
648	244	34	15
649	244	34	14
648	244	34	15
649	243	33	15
648	243	35	15
648	244	35	14
649	244	33	15
649	243	34	15
648	244	34	15
649	244	33	15
649	244	33	15
649	244	33	15
648	244	34	15
649	244	34	14
648	244	33	14
649	244	34	14
648	244	34	14
648	244	35	14
648	243	35	15
648	244	34	14
649	243	33	15
649	244	34	15
648	244	34	14
648	244	34	14
648	244	34	14
649	244	33	15
649	244	33	16
649	243	34	15
648	244	34	14
648	244	35	14
648	244	35	14
649	244	33	15
649	244	33	15
648	244	35	14
648	244	33	15
648	244	36	14
648	245	34	14
649	244	33	15
649	244	32	15
649	244	34	15
649	244	33	15
648	244	34	14
648	244	34	15
648	244	34	14
648	244	36	14
648	243	35	14
648	244	35	14
648	244	35	15
647	243	36	15
648	244	32	15
648	243	35	14
648	243	34	15
649	243	33	15
649	243	33	15
648	243	35	15
649	243	34	15
648	244	34	14
647	243	36	15
648	244	35	14
648	244	35	14
648	244	35	14
648	243	34	15
648	243	36	15
648	243	35	15
647	245	34	13
648	244	34	14
648	244	34	14
648	244	34	14
648	244	33	14
648	244	35	14
648	244	35	14
649	244	35	14
649	244	34	15
648	243	35	15
649	243	34	15
648	244	35	15
649	244	33	14
649	244	34	15
648	244	34	15
649	244	34	15
649	243	34	15
648	244	34	14
648	244	35	14
648	244	35	14
649	244	33	15
649	243	33	15
648	244	33	15
648	244	35	14
648	244	34	15
649	244	34	15
648	243	35	15
648	244	33	15
649	243	34	15
649	244	33	14
648	243	34	15
648	243	35	15
649	243	34	16
649	243	34	15
649	244	35	15
650	244	32	15
648	244	34	14
648	244	34	14
648	244	34	14
647	244	36	14
648	244	35	15
648	244	35	14
648	244	36	14
649	244	34	16
649	244	32	17
648	244	34	17
648	244	33	15
648	244	34	16
648	244	33	15
648	244	33	14
648	244	30	14
648	244	33	15
648	244	32	15
647	243	35	16
647	243	42	17
647	244	46	16
646	244	46	15
646	243	49	16
646	243	48	15
646	244	45	14
646	243	45	15
646	243	45	15
646	244	44	15
647	243	44	16
648	243	44	17
646	244	44	16
647	244	43	15
647	243	45	16
647	243	41	15
646	244	42	15
646	244	41	14
646	244	39	14
648	244	36	13
649	244	36	12
649	243	37	13
649	243	36	12
650	243	33	10
652	243	31	10
654	243	30	9
651	242	33	9
650	241	34	8
648	241	33	6
645	241	34	6
645	239	35	7
636	234	38	10
635	220	39	14
586	254	42	19
612	206	47	26
613	203	50	33
614	199	53	38
616	198	54	42
620	197	53	46
622	197	55	44
622	197	60	43
625	197	57	45
627	197	57	43
631	197	54	42
633	197	55	41
637	196	53	41
639	195	53	43
643	196	50	42
647	195	49	43
650	196	49	41
651	195	50	42
653	194	52	45
656	193	51	45
658	195	51	43
662	194	48	46
665	193	48	54
667	193	48	48
670	194	49	50
673	194	47	48
675	193	49	56
677	194	49	46
681	194	47	47
683	194	47	50
685	193	48	59
687	191	49	63
689	190	51	73
691	189	54	79
693	188	55	89
696	188	54	87
698	187	54	88
699	189	58	85
702	192	57	85
704	190	55	85
708	192	54	81
710	191	54	85
710	192	57	84
715	193	55	82
717	194	55	82
718	194	55	81
720	195	57	80
722	196	56	80
724	193	56	84
728	197	54	78
730	196	55	80
734	197	51	80
736	196	52	79
739	198	52	78
740	197	53	79
741	199	55	77
742	197	55	81
743	196	60	81
745	196	62	82
750	198	59	77
752	199	62	77
755	200	61	74
758	200	57	76
759	202	59	71
762	202	57	72
763	201	55	71
765	201	56	71
766	200	55	72
770	199	52	71
773	199	50	71
778	197	46	73
779	199	46	70
785	195	43	75
786	197	47	72
790	197	44	71
790	197	48	70
796	197	45	71
797	199	47	70
798	199	50	70
797	202	51	67
801	200	50	65
803	201	49	67
805	204	49	60
808	206	50	51
809	208	51	43
811	210	50	41
811	212	51	37
812	212	50	40
811	213	51	39
810	214	52	38
812	215	50	36
812	216	50	34
812	216	48	33
811	216	48	33
811	216	49	34
812	216	47	35
811	216	48	33
811	216	49	34
811	215	48	34
811	215	47	34
811	215	47	35
809	214	49	36
809	214	48	35
809	214	48	35
807	213	48	37
808	212	46	37
805	211	48	39
806	211	45	40
803	212	45	39
799	211	49	40
798	211	46	39
793	212	50	38
789	212	51	39
781	217	52	46
781	211	54	58
774	212	57	60
771	213	57	60
769	213	54	61
767	213	50	64
764	213	51	65
762	215	52	64
758	215	54	66
754	215	55	64
752	215	54	65
750	216	54	65
747	215	52	67
744	216	52	68
743	216	48	64
743	218	46	65
739	217	50	64
737	217	51	68
737	218	51	61
737	218	49	65
734	217	52	67
732	218	51	68
732	218	50	68
732	217	47	69
730	215	47	71
728	216	48	69
727	217	48	69
726	217	46	70
723	215	47	73
721	217	49	72
720	216	49	72
718	216	52	71
717	218	54	68
717	217	46	69
716	217	43	69
715	218	40	71
712	217	41	74
709	217	43	73
708	218	42	73
705	220	44	69
703	219	47	70
701	219	48	72
700	221	44	69
699	223	48	68
696	223	45	68
695	224	50	67
694	224	49	68
693	224	47	68
693	225	47	69
692	225	47	69
689	226	46	67
690	227	45	67
688	227	47	68
688	227	46	68
688	227	45	68
688	227	44	68
687	228	46	68
688	227	45	68
687	227	45	69
687	227	44	67
685	228	44	68
683	228	45	68
682	227	49	68
681	227	46	66
678	226	45	67
675	226	44	67
674	227	40	64
671	228	40	63
668	228	40	62
666	228	37	61
662	227	40	64
659	227	40	64
654	227	41	63
651	225	40	67
650	226	36	65
648	225	33	65
644	224	35	68
643	224	34	65
637	224	37	64
633	225	37	66
632	224	35	66
630	224	32	66
625	225	37	66
623	225	36	65
620	225	38	66
616	225	40	64
613	224	45	66
610	224	44	66
609	224	43	66
607	224	39	66
604	224	36	62
602	224	33	57
600	223	29	58
597	224	29	51
594	225	30	47
593	224	29	51
591	224	28	54
589	225	30	49
587	226	31	47
588	224	29	51
586	224	31	55
586	223	31	57
584	223	33	59
584	222	30	61
583	221	30	64
583	220	28	66
581	219	30	63
581	219	27	61
579	218	29	60
578	216	26	64
576	217	29	60
574	213	27	61
573	212	27	60
572	211	25	60
572	210	25	62
570	208	26	64
569	209	26	63
567	207	29	63
565	207	30	62
563	207	32	61
562	206	31	60
560	207	31	57
557	208	34	58
558	206	28	56
556	207	27	49
554	209	25	43
552	209	26	38
549	211	27	35
546	211	30	38
543	211	30	35
540	212	30	35
539	212	28	41
537	211	28	42
533	212	30	39
531	212	30	34
528	213	30	40
524	213	33	46
520	213	34	48
517	214	35	49
515	213	33	47
512	214	34	48
507	215	37	52
505	215	36	62
501	212	35	64
499	212	37	63
496	213	37	62
494	213	36	62
492	214	36	61
489	213	38	62
487	214	39	60
486	215	39	57
483	215	41	57
481	215	42	58
481	214	38	60
479	213	40	63
478	211	38	65
478	210	37	68
475	212	40	66
473	212	43	66
471	212	43	67
471	210	40	70
469	211	40	67
469	208	38	69
467	209	40	69
464	209	43	70
463	209	45	68
462	207	44	72
461	208	44	71
461	208	42	72
460	208	41	71
460	206	41	73
459	206	41	72
457	206	42	74
456	206	43	72
456	207	42	71
454	206	43	70
453	205	44	71
452	205	44	71
452	205	43	71
451	204	44	73
451	204	44	72
450	204	43	73
450	205	42	71
449	205	44	72
449	205	41	72
451	206	38	71
446	207	47	71
446	206	44	73
445	206	46	74
446	206	42	73
445	206	41	74
445	206	40	73
443	207	39	71
441	206	42	70
441	207	41	71
440	207	42	72
440	207	41	74
436	206	44	75
436	206	42	75
431	206	48	77
432	205	44	75
430	207	47	72
431	206	43	75
424	206	50	81
422	206	52	83
423	205	47	82
421	206	49	82
421	205	46	84
419	206	47	83
417	208	50	80
416	205	49	86
416	206	45	83
415	206	44	82
415	205	43	84
413	204	45	89
412	204	43	87
411	205	44	85
409	206	44	81
409	204	42	83
407	207	46	80
406	207	46	82
407	208	45	77
407	209	46	76
407	211	48	74
407	212	48	74
410	213	46	72
409	214	49	70
411	215	47	71
412	215	47	73
413	218	47	66
412	218	49	67
413	220	49	65
414	220	50	63
414	221	51	63
416	221	52	67
417	222	50	67
418	221	50	70
419	220	50	76
421	221	50	68
421	222	49	71
423	222	50	69
424	222	48	70
425	224	50	65
427	226	49	60
428	225	49	63
428	227	50	60
431	226	49	64
431	226	50	67
431	227	52	64
433	228	52	66
435	229	51	63
436	232	51	59
439	233	48	62
440	236	50	58
444	239	46	59
444	244	51	59
447	245	50	62
450	250	51	68
451	256	51	66
453	261	51	68
455	266	51	64
456	270	52	62
459	273	49	67
459	281	50	58
461	284	48	60
463	290	47	59
464	295	46	61
465	297	45	69
468	301	43	68
468	305	41	71
469	310	41	69
468	316	44	68
470	321	41	64
471	323	42	61
473	324	38	68
474	328	36	68
472	335	37	58
471	338	37	61
471	343	38	59
471	346	39	60
471	350	38	59
470	353	38	60
471	355	35	65
472	359	35	66
471	362	33	69
471	363	33	73
470	367	34	73
469	370	34	72
467	374	37	74
469	378	36	70
469	382	37	69
467	386	38	73
466	389	39	71
464	393	41	69
466	397	41	67
468	399	39	67
465	402	40	73
466	406	41	68
463	408	43	70
465	411	41	74
464	413	43	73
465	416	41	73
464	418	42	73
465	421	43	71
465	423	42	70
466	425	40	71
467	425	40	72
469	427	38	73
467	429	40	66
465	431	43	63
465	431	42	66
466	432	42	64
465	433	42	65
466	432	41	67
465	432	41	72
466	432	40	74
467	432	37	75
467	433	37	73
467	433	36	75
466	433	39	73
465	432	40	75
465	433	40	70
466	432	39	71
467	433	37	67
466	433	40	65
466	433	40	68
465	432	40	73
465	433	41	71
465	433	40	66
470	433	35	70
468	432	38	74
468	432	37	75
467	432	38	75
467	432	38	76
467	433	37	75
467	431	37	76
466	432	38	72
464	433	41	69
465	431	40	76
467	430	38	76
467	430	37	71
469	429	35	76
469	429	34	77
469	430	34	78
468	430	36	77
468	431	36	77
467	430	36	78
468	430	35	78
468	431	35	77
467	430	36	77
469	430	34	78
469	430	34	76
467	430	37	77
466	431	37	75
468	431	36	72
468	430	36	77
469	430	34	78
471	430	32	78
470	430	33	78
472	429	31	77
473	430	32	77
471	431	32	77
472	431	33	77
472	431	32	77
472	431	32	77
471	430	34	78
470	430	34	78
470	431	34	77
468	430	37	77
468	432	36	76
469	431	35	77
469	430	35	77
469	431	36	76
470	430	35	78
469	430	36	78
468	430	36	78
469	431	36	77
469	430	35	79
470	430	35	79
470	430	34	78
470	431	34	78
471	431	35	77
469	431	35	77
470	430	34	77
472	431	32	75
472	430	33	78
471	430	34	78
470	432	35	76
470	431	34	76
470	431	34	76
469	431	36	77
469	431	36	77
468	430	37	77
469	430	35	78
470	430	34	78
469	430	36	79
470	430	34	78
469	431	36	76
472	431	33	77
470	431	34	77
470	431	34	76
471	431	33	77
470	432	34	75
470	431	35	77
470	430	36	76
470	431	34	77
470	429	35	79
469	429	35	80
471	430	34	78
469	431	35	77
469	431	36	76
470	430	35	77
470	430	34	78
470	431	35	77
470	432	34	77
471	432	34	75
469	432	36	75
470	431	35	77
470	430	35	78
470	429	34	79
468	430	37	77
470	430	34	77
467	430	37	78
468	429	36	79
470	431	34	77
470	431	35	76
470	431	35	76
469	431	35	77
470	431	35	77
469	431	35	76
467	431	38	76
468	431	37	76
470	430	35	77
471	430	32	79
469	431	36	77
469	430	35	78
470	431	35	77
468	430	36	78
469	432	35	76
468	432	38	76
469	430	36	78
470	430	33	78
470	431	35	78
469	430	35	79
470	432	34	75
469	431	35	77
471	430	34	78
468	432	37	75
470	430	35	78
470	431	34	77
470	432	36	76
469	430	35	79
468	432	36	75
470	432	35	75
469	432	36	75
473	430	31	77
471	430	33	78
470	430	35	78
470	431	34	76
468	430	37	78
469	430	35	77
