276	64	104	183
275	68	111	173
277	69	107	171
279	67	103	174
276	67	107	171
274	68	107	170
272	67	110	167
272	65	106	174
271	62	107	174
270	62	108	177
266	63	108	176
263	62	115	175
256	62	118	175
258	62	108	173
249	64	113	171
245	63	114	175
242	62	109	179
242	64	98	176
238	66	95	174
231	63	103	176
229	66	100	177
223	69	103	178
222	71	99	174
221	72	95	174
217	71	98	178
214	74	98	171
209	70	99	176
207	75	102	172
209	68	97	178
208	72	95	178
208	72	97	174
207	72	97	174
210	74	91	171
210	73	90	174
210	74	92	173
213	78	90	165
215	76	87	164
217	74	83	167
216	78	86	166
214	79	90	162
212	83	95	161
215	78	88	163
221	84	81	149
221	81	80	157
219	80	82	159
218	87	85	150
214	83	91	160
220	83	84	154
222	85	82	152
225	85	79	149
228	84	75	151
227	85	77	147
227	83	76	151
226	86	79	142
229	82	75	149
226	82	81	148
227	78	80	154
229	83	77	144
228	83	79	146
230	81	76	149
229	78	78	151
228	81	79	145
229	80	78	147
232	81	72	143
232	79	73	148
233	82	72	144
230	84	76	139
227	86	83	137
227	87	85	132
226	87	89	135
225	86	89	135
224	87	92	139
220	87	97	136
219	87	100	140
217	93	102	131
220	89	102	136
215	97	111	129
217	91	117	139
215	88	130	144
217	76	139	155
214	63	156	169
215	65	168	168
201	66	171	167
213	64	167	169
224	68	155	163
201	66	167	168
221	66	153	165
225	63	151	172
203	64	170	168
211	65	163	165
231	62	139	170
232	67	139	162
210	63	149	177
214	65	157	167
231	67	139	161
192	75	170	187
205	65	176	170
211	65	166	171
229	70	143	159
230	65	148	166
204	74	154	189
208	63	171	202
224	61	154	175
236	65	138	167
238	63	136	167
239	61	138	174
235	63	143	171
239	64	139	171
240	65	141	167
241	64	139	172
238	64	145	169
237	62	145	170
229	64	149	172
242	65	136	168
241	64	134	174
234	63	146	178
238	64	142	170
231	61	151	178
222	62	157	175
223	63	160	172
216	60	164	176
232	64	151	171
227	64	153	167
225	66	159	169
231	64	150	167
223	65	158	171
222	66	165	161
220	66	160	161
213	66	172	168
210	64	175	164
219	66	164	163
222	66	162	167
218	62	163	170
228	66	158	162
232	63	150	174
229	64	154	164
220	64	165	178
241	67	145	158
240	66	142	173
230	63	152	169
227	66	160	166
216	60	165	168
244	64	138	166
239	66	143	170
230	63	151	166
220	67	163	174
225	66	155	163
223	63	154	162
228	66	158	177
223	62	157	171
238	65	143	165
222	65	164	179
221	64	158	169
246	66	128	151
249	67	130	165
248	66	136	169
241	65	144	167
233	65	150	176
227	64	149	162
218	64	162	168
216	62	159	161
223	63	149	160
231	67	143	166
217	67	153	149
224	68	154	164
220	67	150	152
219	65	158	171
218	66	155	150
221	66	156	169
222	64	150	154
221	66	151	164
225	64	150	166
222	63	152	161
215	64	162	162
217	64	161	161
222	64	153	163
224	66	150	160
221	63	156	168
224	64	155	163
217	64	171	167
224	63	159	166
221	66	159	167
229	63	148	167
222	65	171	166
229	63	158	175
224	64	169	168
226	65	168	172
227	67	163	168
233	65	160	172
234	67	156	166
236	68	156	165
236	64	157	173
235	64	168	174
232	63	173	178
236	65	167	177
234	66	177	172
234	65	178	177
243	63	161	175
245	66	158	176
238	68	178	172
244	66	170	177
247	69	166	168
248	66	163	177
253	66	153	181
246	65	175	178
252	68	165	174
254	67	162	170
254	67	162	174
257	68	164	176
256	68	167	182
256	68	161	175
261	65	151	186
260	65	153	180
260	64	156	195
262	64	144	182
262	66	148	185
261	67	147	171
262	64	149	190
263	66	150	200
261	67	154	215
261	70	156	195
264	66	142	186
265	68	145	169
264	65	141	178
265	65	143	190
266	65	144	203
261	69	155	228
258	62	162	202
264	67	153	206
262	69	151	223
256	71	175	278
256	64	167	295
256	53	163	304
252	49	177	310
248	59	189	306
252	60	172	304
251	64	174	291
242	66	188	282
236	61	203	298
233	65	206	295
242	67	191	286
238	65	196	292
242	71	194	298
247	65	184	296
237	50	202	323
245	66	190	298
250	54	186	310
244	68	194	297
242	59	196	303
245	70	195	295
234	60	209	303
232	63	217	297
228	69	224	298
233	69	218	296
228	67	225	293
237	73	214	288
231	64	219	294
239	68	208	290
233	66	215	292
233	64	217	294
226	64	228	298
233	70	220	291
228	69	222	292
234	68	216	297
230	68	222	294
229	62	222	300
229	72	224	297
228	63	226	296
228	70	224	293
228	68	227	300
223	64	233	297
222	68	227	302
228	65	228	299
223	67	229	301
226	66	230	295
228	65	221	297
221	68	230	296
228	62	223	299
223	63	223	295
234	64	207	295
222	65	229	304
223	66	231	295
229	65	214	298
231	63	217	300
234	64	205	298
230	64	215	296
222	60	228	299
230	66	215	301
224	66	225	297
238	65	204	298
230	70	219	291
230	67	220	291
223	65	223	299
216	60	236	304
218	66	235	302
224	66	224	294
214	60	239	302
226	71	225	296
227	62	216	300
220	66	226	302
233	61	209	300
218	59	230	306
230	61	213	305
227	66	217	295
221	64	223	296
230	64	216	297
222	65	223	301
223	63	223	303
220	66	229	296
220	64	226	302
218	70	237	292
218	69	239	292
218	63	227	301
227	65	218	300
214	64	237	303
231	62	212	303
228	64	213	297
219	69	222	297
226	63	211	297
225	62	223	296
225	64	215	300
220	60	221	302
216	61	236	294
217	70	230	296
225	62	216	297
218	68	227	291
222	65	218	299
225	66	211	299
218	64	223	297
222	63	222	294
229	59	206	296
215	66	230	298
226	60	209	302
221	63	215	303
226	62	214	297
229	64	209	294
233	69	196	296
222	64	217	293
229	61	199	300
236	66	194	297
224	57	211	300
228	66	201	298
232	65	200	297
229	64	206	292
227	71	209	286
225	63	205	298
226	69	207	296
218	64	221	302
222	57	217	299
229	69	196	290
236	68	188	299
225	67	204	292
236	67	189	295
225	67	211	294
225	65	207	296
239	65	189	297
225	68	215	291
226	63	213	298
234	63	197	294
236	67	192	297
228	67	204	288
223	71	210	295
230	61	206	295
222	75	214	287
223	64	216	294
225	61	204	295
227	70	201	287
228	70	200	294
230	66	194	292
225	62	203	301
223	66	207	299
221	63	211	294
229	59	199	293
225	64	209	299
223	62	208	295
224	64	205	300
230	65	197	292
229	65	200	302
230	66	194	291
229	60	195	296
233	68	191	296
232	67	193	295
232	64	195	290
220	67	215	297
219	55	211	295
232	67	198	289
224	66	201	297
231	65	197	299
226	64	202	295
223	61	203	293
228	71	198	288
225	64	199	297
223	70	207	300
221	66	206	296
221	64	208	297
227	70	199	299
223	58	200	302
227	64	195	297
231	67	191	300
220	62	207	303
226	63	195	295
225	62	195	297
223	67	198	289
218	68	210	299
218	62	206	301
223	67	204	296
218	67	210	295
227	64	191	294
228	64	190	297
218	60	204	300
220	63	208	302
218	62	212	298
224	63	194	303
229	66	189	299
223	59	197	304
230	62	190	301
214	70	217	294
224	62	197	297
221	64	204	295
220	65	202	301
223	62	200	298
223	62	197	304
222	60	204	295
217	62	210	297
218	57	204	304
223	66	205	303
221	60	205	298
220	58	208	304
225	62	192	307
223	60	200	301
222	63	199	298
215	64	212	302
223	59	198	297
208	62	222	302
226	63	190	305
227	61	192	301
225	65	194	298
228	63	190	298
217	67	205	294
221	65	200	296
208	70	222	298
215	63	211	295
225	60	193	311
224	68	197	291
215	61	208	296
222	62	195	302
220	67	197	297
213	59	209	305
220	64	203	302
220	64	202	298
225	64	192	294
217	64	210	298
217	64	205	299
222	61	196	301
218	64	204	297
225	65	196	300
215	59	205	299
217	67	202	296
214	67	210	297
215	63	207	303
217	57	203	295
220	63	200	295
212	61	209	303
220	69	200	302
218	59	203	298
218	62	203	305
209	59	212	304
213	66	207	304
219	60	204	302
219	64	199	299
219	59	193	302
210	59	208	298
217	66	200	300
225	65	189	300
209	67	211	293
216	65	198	298
220	58	192	300
208	65	210	297
217	70	200	294
209	59	213	302
206	68	216	302
204	61	216	310
207	66	209	298
213	64	199	303
201	61	221	302
202	62	218	297
205	60	208	305
211	66	200	302
210	65	205	296
213	60	198	303
205	64	213	300
211	61	204	297
199	65	223	300
205	64	207	306
208	67	211	299
210	68	206	299
208	66	212	296
211	67	203	291
209	66	207	298
203	62	217	301
212	64	203	299
198	70	227	291
208	67	205	308
202	63	219	298
197	68	223	300
204	63	213	300
207	59	205	306
203	65	217	295
194	66	224	300
207	63	206	308
211	63	201	304
201	59	214	303
192	68	231	293
205	61	214	307
213	70	198	300
209	63	206	301
211	70	199	300
203	63	211	298
214	61	194	301
200	62	214	300
201	64	214	300
204	58	205	306
206	61	205	299
201	61	221	304
206	62	208	306
200	62	221	301
202	74	215	298
201	61	220	299
204	60	207	308
196	64	228	303
200	67	222	303
195	62	227	303
197	62	231	302
201	67	219	311
200	64	214	303
197	61	223	302
202	66	221	299
212	64	204	303
198	65	224	298
191	64	236	307
201	63	218	303
196	65	229	302
199	67	220	303
203	60	216	306
204	64	212	302
201	63	212	301
199	63	215	297
196	63	223	298
197	67	219	297
197	63	222	299
200	67	219	300
196	66	223	305
198	64	217	303
205	64	207	304
200	66	223	298
194	62	221	303
196	65	223	301
196	59	224	304
198	69	221	300
201	63	216	300
195	62	222	303
200	63	220	300
198	61	216	301
196	66	223	306
194	62	224	301
192	63	230	307
182	61	245	303
190	64	228	303
199	67	222	302
196	66	222	301
195	61	226	305
195	55	218	311
199	58	220	298
194	64	221	309
196	61	230	303
197	61	218	303
199	59	222	308
197	64	224	308
197	60	226	305
195	61	225	306
198	60	216	312
193	63	232	305
185	61	246	307
190	61	227	305
200	58	215	306
195	61	223	303
199	62	218	303
208	60	201	307
204	60	212	302
193	63	223	310
204	60	208	304
207	62	207	300
197	61	216	303
207	61	202	303
206	61	210	300
196	58	218	304
198	62	213	314
198	61	219	303
200	65	215	296
203	61	207	303
201	65	213	295
207	60	201	303
191	62	229	305
190	62	228	305
194	64	225	303
195	64	231	300
193	65	225	300
202	59	212	303
199	71	216	301
197	59	217	302
200	65	214	304
197	62	230	302
195	65	226	304
199	67	217	298
201	66	216	299
203	62	212	303
198	61	225	302
191	65	248	299
185	62	258	310
188	54	283	302
169	64	322	300
174	59	318	299
178	64	270	295
188	58	279	299
168	58	316	308
183	60	307	301
174	66	304	290
176	63	329	299
174	59	312	300
165	58	344	303
174	60	316	306
173	58	328	300
178	61	303	301
176	63	322	301
183	58	291	304
175	62	313	302
190	61	290	292
184	66	298	300
188	60	302	298
177	68	317	289
177	68	334	294
194	70	274	292
191	62	296	296
189	72	303	287
190	60	303	300
198	70	285	292
197	61	295	301
185	62	322	293
197	56	297	300
204	66	297	302
197	63	282	297
214	55	283	306
210	59	285	302
226	55	256	303
216	67	287	299
226	67	252	288
224	59	274	310
225	62	274	290
228	63	267	304
231	60	262	295
237	60	258	301
242	64	235	296
242	63	241	294
248	69	242	291
250	60	234	293
248	67	236	292
248	65	240	295
249	64	243	299
252	66	229	291
252	63	223	302
258	62	231	293
253	59	241	295
260	62	220	296
259	64	228	295
261	63	221	298
262	66	215	299
262	63	211	295
260	65	227	299
266	62	207	299
264	65	216	300
267	64	219	294
270	67	206	293
267	64	216	295
265	62	222	306
267	61	211	304
269	67	200	291
271	64	194	293
270	66	199	290
267	63	203	300
268	64	201	294
271	64	200	297
266	63	215	294
263	66	220	299
264	62	220	300
268	69	213	294
263	62	229	296
265	63	224	298
269	67	207	297
269	65	209	297
267	66	216	292
266	65	208	296
266	62	212	299
268	66	209	296
265	65	213	293
266	62	204	299
271	66	189	296
267	64	213	299
269	66	190	296
273	63	185	297
270	63	182	297
274	64	183	292
270	66	195	293
270	66	203	292
264	62	218	299
266	63	206	303
266	62	211	298
265	69	197	294
274	64	181	294
274	66	173	290
276	59	164	303
275	58	162	303
273	56	163	306
275	57	162	306
274	58	162	306
276	55	160	305
276	59	156	312
273	57	164	303
274	57	162	308
275	59	156	301
274	57	155	301
276	60	156	302
272	58	160	304
272	62	158	302
276	52	148	307
274	60	149	301
276	59	145	305
273	58	153	298
271	55	154	307
275	57	150	305
270	56	157	306
271	58	157	304
272	56	151	307
268	53	158	311
269	61	154	296
272	56	151	303
271	64	152	302
271	59	151	301
272	58	147	307
272	57	149	302
273	54	146	305
269	54	158	305
267	59	158	304
267	61	158	302
268	57	157	297
269	59	155	300
270	59	153	303
272	58	150	303
269	54	155	306
269	59	155	300
266	58	158	304
268	55	162	304
267	64	163	298
269	58	164	301
267	62	166	298
267	57	160	306
264	61	161	298
268	60	155	299
270	59	154	306
264	54	163	308
268	62	159	294
268	56	162	305
264	59	167	303
267	58	163	303
264	56	164	307
266	53	160	307
266	58	163	304
264	63	163	292
268	62	159	296
264	59	162	306
268	56	162	305
265	60	167	301
264	61	168	301
265	62	164	295
261	56	167	304
265	61	162	301
264	60	161	300
263	59	164	302
264	63	163	290
264	59	168	301
265	61	168	293
261	58	188	298
258	60	205	299
251	60	221	297
249	60	223	298
251	62	205	297
248	57	223	303
244	56	212	301
248	61	218	303
245	61	212	299
243	58	213	306
240	60	211	295
239	60	203	297
244	60	212	302
227	54	224	301
228	61	228	298
209	53	238	302
227	69	229	289
224	58	217	303
229	57	222	300
223	55	208	304
220	55	214	304
223	58	200	301
215	56	220	300
213	57	216	298
211	53	218	299
215	59	211	309
202	57	220	303
214	54	211	301
205	56	206	307
211	59	196	301
206	55	209	304
205	57	202	301
212	53	190	302
204	58	195	301
207	53	192	305
210	55	182	302
200	52	199	308
207	62	180	297
198	54	200	301
199	57	196	298
202	58	185	301
202	55	188	303
200	60	186	299
191	58	197	303
194	56	191	308
197	55	183	310
198	56	179	306
192	55	185	307
191	58	183	303
184	56	187	307
185	58	186	300
195	53	168	302
192	53	177	305
194	56	170	304
191	52	172	302
186	57	175	308
187	54	174	298
180	55	175	306
187	54	170	309
185	50	163	308
178	61	175	305
174	54	173	306
172	61	176	294
175	58	169	300
177	53	165	303
179	66	162	303
174	55	164	308
178	51	160	316
175	48	166	318
178	52	161	309
177	53	155	310
173	50	156	312
173	53	154	312
171	49	153	312
171	54	149	313
170	51	148	312
169	52	152	315
167	54	149	308
162	55	156	311
165	51	152	309
159	56	162	306
158	48	164	318
162	48	153	318
154	53	162	313
150	52	167	309
150	58	165	301
150	50	166	312
147	56	167	309
152	57	157	304
151	52	160	313
147	57	167	305
141	54	170	312
139	54	173	303
138	56	174	302
139	60	169	294
131	51	175	308
134	59	168	300
133	53	172	305
130	60	176	296
132	53	168	306
129	58	178	305
123	57	179	303
130	59	175	300
122	57	177	298
123	59	178	298
119	60	182	297
117	59	186	291
118	61	181	295
106	56	194	297
112	59	183	296
113	62	188	294
102	60	193	290
112	59	184	296
105	56	186	298
89	60	210	289
97	60	201	299
101	60	193	294
83	55	214	297
72	55	221	301
79	53	217	300
75	55	218	299
70	59	229	291
87	55	207	298
69	56	220	298
63	50	229	308
58	53	233	302
58	52	231	304
55	54	234	299
50	55	234	293
46	56	240	299
41	59	251	293
37	54	248	304
40	55	248	305
36	56	248	294
39	55	244	293
37	53	248	300
34	55	254	298
29	54	255	304
28	55	258	294
27	51	256	304
18	55	266	295
53	55	259	297
24	49	254	312
84	44	225	320
99	55	170	303
123	47	146	310
124	48	138	314
128	49	135	311
128	52	134	307
124	52	139	306
124	52	134	308
124	50	131	309
125	51	130	305
126	53	128	302
121	55	134	302
117	53	136	304
117	56	137	301
118	53	135	304
114	51	139	306
111	53	139	303
113	53	135	305
114	51	134	310
102	51	145	307
102	49	143	309
107	49	137	310
101	56	141	306
111	52	137	308
115	52	123	310
111	57	130	301
108	55	132	306
106	54	133	308
111	58	131	299
109	56	129	304
110	59	129	299
110	58	131	298
111	58	127	299
113	58	125	304
114	56	123	301
115	60	127	295
110	57	131	297
107	61	133	295
107	58	136	303
112	57	129	301
113	58	129	299
110	59	137	300
105	58	140	296
110	57	136	297
111	58	136	295
115	56	132	300
107	55	145	297
120	51	132	307
122	57	130	298
122	53	130	304
126	57	130	300
125	56	132	299
124	56	137	299
131	54	133	304
135	54	127	303
135	59	132	297
136	59	133	299
139	57	133	302
140	58	136	299
145	57	131	301
141	60	141	295
148	57	135	301
147	55	139	306
150	52	140	310
152	56	137	306
158	57	133	303
157	57	138	300
158	54	139	304
163	56	136	301
169	56	133	301
166	57	136	298
167	58	141	295
172	53	133	306
171	54	138	302
167	57	146	298
170	54	142	305
168	53	145	306
174	53	142	304
180	55	132	304
176	59	137	298
176	60	140	297
178	58	139	299
176	60	144	297
176	56	141	303
182	53	138	308
178	59	142	294
167	55	155	299
184	58	138	303
178	57	142	301
181	56	143	303
184	58	139	301
180	58	143	300
184	59	135	301
177	58	146	297
188	59	133	301
184	61	138	299
185	61	139	300
183	60	143	295
184	59	143	295
187	56	138	298
180	59	146	297
181	58	147	300
185	59	141	301
184	60	144	298
188	53	139	302
193	58	133	299
186	61	143	293
190	61	138	294
191	58	138	296
179	60	154	296
183	58	148	300
182	58	146	298
190	60	141	300
191	59	137	298
181	63	151	290
167	58	166	297
165	62	167	292
182	63	149	289
173	61	162	296
195	60	136	294
193	61	135	294
190	60	141	292
189	57	139	300
182	57	148	296
175	61	159	294
187	60	146	294
183	61	148	293
188	58	141	300
191	58	140	296
189	59	144	295
174	60	158	294
180	59	154	295
173	60	159	293
171	60	161	294
167	61	163	292
177	58	154	304
184	59	148	295
184	56	148	299
186	58	149	296
173	57	159	297
170	62	162	294
179	60	154	296
181	59	152	298
155	63	178	290
166	64	167	291
191	57	143	296
193	57	137	296
192	61	141	288
190	59	144	293
187	57	147	299
168	55	165	299
189	65	145	291
189	64	145	291
176	60	157	296
192	59	144	290
191	61	142	295
195	60	137	290
185	59	146	296
187	57	145	299
189	60	145	294
190	59	144	297
194	60	135	298
190	58	142	293
182	62	149	293
187	58	147	297
173	58	160	296
181	57	154	296
191	57	140	300
186	56	145	300
192	56	141	297
185	61	148	292
185	59	148	298
186	60	146	289
184	59	150	297
186	58	145	297
185	58	148	300
186	55	146	302
185	56	147	298
187	56	145	298
187	58	145	298
183	59	150	291
192	59	140	294
191	59	140	295
193	58	137	295
194	60	135	296
189	63	142	292
188	59	143	293
188	58	142	297
191	54	141	301
188	55	145	300
191	57	137	300
193	60	138	297
197	60	134	295
190	62	145	291
188	59	146	296
188	55	146	298
191	56	144	299
191	57	139	301
190	61	141	295
193	59	138	299
199	61	133	295
195	58	138	299
194	60	138	300
192	55	139	301
188	56	145	299
191	59	140	298
195	58	136	299
186	61	147	297
193	58	138	298
189	61	142	297
185	59	146	300
187	61	149	293
191	59	143	303
194	59	136	302
192	61	138	299
187	64	143	294
185	63	147	297
186	58	147	297
182	63	149	296
185	59	146	304
180	60	151	291
187	59	145	300
191	59	138	299
188	59	141	301
187	59	143	295
190	59	143	298
183	57	150	301
191	64	141	288
178	60	155	297
185	62	145	290
185	59	147	302
187	63	145	288
189	58	141	304
185	60	147	301
188	59	144	296
184	59	150	300
186	56	146	297
190	58	141	300
171	57	164	300
173	56	161	303
187	58	147	303
185	58	146	294
177	62	157	294
165	57	173	300
136	74	200	275
126	78	211	271
126	80	216	276
119	91	225	264
148	63	193	296
174	64	170	293
193	62	142	283
193	59	148	295
197	63	144	288
197	68	144	288
194	64	151	291
199	62	146	290
193	70	155	289
192	63	155	290
191	67	157	289
191	64	157	294
191	62	156	297
189	61	157	297
195	62	155	296
195	64	153	291
200	60	145	293
192	61	154	294
193	67	155	293
196	64	155	293
196	60	152	293
198	66	149	296
192	64	159	293
192	63	158	297
191	63	161	294
191	67	164	291
189	64	163	295
186	67	171	290
187	67	168	292
186	66	168	290
188	70	166	291
193	64	158	289
193	64	160	300
184	68	167	282
191	71	163	288
199	62	152	289
196	65	160	297
194	63	156	290
190	68	165	291
194	67	157	287
189	66	167	290
186	64	166	287
187	70	169	288
187	65	169	291
186	71	168	286
184	65	173	287
187	68	168	289
185	63	169	290
180	65	177	291
180	72	175	285
183	63	172	293
184	71	174	286
182	64	171	286
188	64	166	297
190	68	164	285
185	65	170	295
188	65	165	287
194	68	160	286
191	67	165	289
189	71	167	286
189	63	166	292
188	62	163	300
188	66	165	291
191	67	164	287
191	71	165	291
191	74	167	282
192	65	162	291
190	67	167	294
196	68	159	286
186	66	170	294
187	67	171	291
186	73	173	281
195	75	160	281
189	64	167	294
191	70	163	285
183	69	175	286
192	68	167	289
189	70	168	287
197	66	159	295
191	67	167	292
194	69	162	288
192	72	162	283
190	63	169	292
191	66	166	291
193	71	167	285
188	70	171	283
189	65	170	292
188	66	173	288
189	70	174	287
196	72	165	282
195	63	161	294
194	61	165	295
194	69	168	289
195	69	165	289
198	73	163	283
192	63	172	294
185	67	181	289
191	71	176	284
197	70	168	290
192	60	172	294
194	72	170	286
195	60	174	297
196	62	171	297
196	67	173	291
203	59	164	300
202	63	163	299
206	56	159	303
207	61	163	303
202	60	167	298
205	61	165	296
202	63	164	293
204	58	165	302
191	63	182	294
201	70	167	286
207	62	161	292
204	64	164	296
203	57	168	303
208	69	160	287
213	60	155	298
207	57	164	303
206	64	164	290
207	59	165	300
203	66	169	289
205	66	169	289
204	66	169	289
200	63	174	289
194	60	179	299
191	62	185	291
194	66	179	284
193	66	185	292
191	62	192	297
189	68	194	296
195	62	189	298
200	62	187	296
212	68	172	291
214	62	176	294
221	65	166	291
227	64	162	300
230	64	163	291
233	65	163	296
237	63	162	292
241	63	160	299
247	60	158	300
247	60	160	301
253	65	157	294
255	63	159	299
253	61	165	295
261	66	161	292
265	58	155	297
266	64	161	293
271	64	157	294
272	67	162	289
274	61	161	299
278	62	164	302
278	68	164	286
281	65	164	292
285	60	164	299
282	68	171	289
286	68	167	289
287	63	166	296
291	66	163	289
293	65	164	302
290	65	175	290
290	65	177	293
295	64	172	294
301	70	159	283
305	69	155	290
306	67	159	293
305	67	161	290
306	66	163	295
300	66	177	292
304	64	168	292
305	68	171	292
306	71	170	286
306	65	168	286
304	72	171	292
305	68	168	284
302	71	171	288
302	67	172	287
300	74	172	288
297	69	177	286
308	73	163	284
297	70	178	295
303	71	167	286
309	67	158	289
309	70	159	292
309	68	161	292
310	69	161	292
296	66	179	298
305	67	169	289
303	75	173	291
310	65	163	299
310	70	164	289
311	71	167	290
314	70	163	295
312	64	167	295
316	76	164	286
312	71	171	288
310	74	175	283
309	76	178	277
298	73	191	284
295	75	201	281
304	81	193	272
294	84	208	267
289	81	221	270
284	85	241	272
283	87	257	273
283	92	251	265
293	89	243	273
289	87	251	273
289	93	251	264
292	92	257	261
290	99	270	263
298	98	251	261
299	92	260	271
306	92	253	267
312	94	257	268
322	98	254	261
320	106	256	251
320	96	282	262
327	101	287	261
340	96	289	267
331	110	302	260
335	109	306	257
348	122	295	243
367	118	273	248
340	138	298	232
362	131	282	234
