1.00
1.03
0.99
1.01
0.99
0.94
0.98
0.88
0.95
0.91
0.86
0.92
0.80
0.85
0.80
0.82
0.78
0.81
0.80
0.82
0.76
0.76
0.77
0.75
0.78
0.79
0.81
0.84
0.80
0.80
0.79
0.78
0.78
0.74
0.75
0.77
0.76
0.77
0.75
0.74
0.79
0.82
0.84
0.80
0.83
0.85
0.82
0.82
0.80
0.78
0.78
0.78
0.78
0.75
0.75
0.76
0.73
0.73
0.74
0.76
0.74
0.82
0.83
0.79
0.77
0.76
0.71
0.69
0.69
0.66
0.62
0.58
0.59
0.59
0.58
0.58
0.58
0.59
0.54
0.61
0.44
0.46
0.50
0.50
0.48
0.49
0.54
0.47
0.47
0.52
0.48
0.48
0.48
0.53
0.51
0.45
0.56
0.51
0.51
0.43
0.43
0.56
0.56
0.59
0.55
0.57
0.50
0.55
0.53
0.48
0.51
0.51
0.50
0.53
0.50
0.51
0.53
0.50
0.50
0.50
0.50
0.78
0.76
0.75
0.73
0.77
0.73
0.75
0.74
0.71
0.74
0.72
0.71
0.74
0.76
0.75
0.77
0.70
0.71
0.73
0.75
0.83
0.82
0.81
0.85
0.82
0.81
0.83
0.79
0.82
0.81
0.80
0.83
0.78
0.72
0.76
0.78
0.77
0.80
0.77
0.78
0.79
0.77
0.83
0.72
0.84
0.74
0.83
0.74
0.81
0.75
0.76
0.79
0.77
0.78
0.76
0.79
0.76
0.77
0.71
0.77
0.82
0.79
0.77
0.79
0.78
0.78
0.77
0.75
0.78
0.77
0.77
0.73
0.73
0.71
0.70
0.72
0.66
0.67
0.69
0.68
0.81
0.81
0.80
0.81
0.77
0.76
0.78
0.78
0.74
0.77
0.78
0.75
0.72
0.72
0.73
0.72
0.67
0.71
0.62
0.56
0.76
0.80
0.75
0.78
0.79
0.72
0.65
0.82
0.66
0.61
0.71
0.71
0.69
0.68
0.64
0.71
0.69
0.66
0.63
0.59
0.62
0.60
0.60
0.58
0.59
0.59
0.57
0.59
0.56
0.59
0.56
0.57
0.56
0.56
0.58
0.57
0.59
0.56
0.57
0.58
0.73
0.73
0.75
0.70
0.73
0.75
0.71
0.74
0.72
0.73
0.73
0.73
0.72
0.74
0.73
0.73
0.76
0.74
0.73
0.73
0.85
0.84
0.85
0.84
0.85
0.85
0.86
0.85
0.84
0.84
0.83
0.85
0.86
0.85
0.83
0.86
0.85
0.84
0.86
0.85
0.90
0.92
0.92
0.89
0.94
0.90
0.91
0.91
0.92
0.91
0.91
0.91
0.90
0.91
0.91
0.89
0.88
0.91
0.91
0.90
0.96
0.97
0.94
0.94
0.93
0.95
0.95
0.94
0.95
0.95
0.91
0.94
0.93
0.93
0.95
0.93
0.90
0.94
0.92
0.90
0.93
0.92
0.90
0.91
0.90
0.92
0.91
0.93
0.92
0.90
0.89
0.91
0.91
0.93
0.92
0.91
0.92
0.93
0.92
0.91
0.94
0.93
0.95
0.94
0.97
0.95
0.93
0.93
0.94
0.96
0.96
0.95
0.94
0.96
0.95
0.95
0.95
0.95
0.94
0.95
0.93
0.94
0.96
0.96
0.93
0.93
0.95
0.95
0.96
0.94
0.94
0.94
0.95
0.95
0.95
0.93
0.94
0.94
0.94
0.97
0.94
0.97
0.93
0.97
0.96
0.98
0.97
0.94
0.95
0.97
0.99
0.99
0.95
0.96
0.96
0.96
0.97
0.95
0.96
0.98
0.97
0.95
0.95
0.97
0.95
0.98
0.94
0.98
0.96
0.96
0.95
0.99
0.94
0.98
0.95
0.93
0.94
0.95
0.96
0.96
0.96
0.94
0.99
0.95
0.94
0.97
0.94
0.98
0.98
0.97
0.96
0.98
0.97
0.96
0.96
0.95
0.96
0.95
0.96
0.94
0.93
0.95
0.97
0.96
0.96
0.99
0.98
0.96
0.97
0.97
0.93
0.96
0.94
0.93
0.96
0.96
0.95
0.98
0.95
1.00
0.99
0.99
0.99
0.97
1.02
0.97
0.98
0.97
0.98
0.98
0.99
0.97
0.98
0.96
0.98
0.97
0.99
0.97
0.98
1.00
0.96
1.00
0.96
1.00
0.99
0.99
0.97
0.98
0.96
0.97
0.97
0.98
0.99
0.98
0.94
0.96
0.95
0.97
0.95
0.98
0.97
0.96
0.96
0.98
0.99
0.97
0.95
0.95
0.97
0.98
0.97
0.98
0.99
0.94
0.95
0.96
0.96
0.94
0.95
0.95
0.95
0.95
0.94
0.93
0.92
0.90
0.91
0.91
0.91
0.90
0.91
0.89
0.88
0.90
0.88
0.89
0.89
0.88
0.90
0.88
0.93
0.92
0.92
0.95
0.93
0.95
0.92
0.93
0.93
0.92
0.92
0.88
0.87
0.91
0.89
0.90
0.91
0.91
0.91
0.91
0.95
0.96
0.97
0.95
0.93
0.96
0.97
0.93
0.94
0.97
0.95
0.94
0.96
0.97
0.93
0.92
0.96
0.94
0.95
0.95
0.99
0.97
0.97
0.99
0.97
0.98
0.99
0.97
0.98
0.97
0.98
0.99
1.00
0.99
0.99
0.97
0.98
1.01
1.04
0.91
0.92
0.89
1.02
0.92
0.95
0.89
0.95
0.90
0.91
0.90
0.92
0.89
0.93
0.92
0.93
0.92
0.89
0.93
0.91
0.94
0.94
1.00
0.92
0.94
0.96
0.97
0.97
0.97
0.92
0.97
1.01
0.95
0.99
0.93
0.96
0.93
0.95
0.90
0.89
0.91
0.90
0.94
0.88
0.86
0.90
0.90
0.89
0.90
0.89
0.91
0.91
0.91
0.91
0.89
0.90
0.89
0.89
0.88
0.88
0.89
0.89
0.88
0.89
0.89
0.91
0.87
0.91
0.93
0.93
0.90
0.89
0.91
0.91
0.91
0.89
0.89
0.90
0.90
0.90
0.90
0.94
0.91
0.92
0.92
0.95
0.91
0.93
0.91
0.92
0.89
0.92
0.94
0.94
0.90
0.94
0.92
0.95
0.92
0.88
0.87
0.88
0.86
0.85
0.81
0.87
0.81
0.86
0.87
0.83
0.82
0.83
0.84
0.82
0.81
0.78
0.79
0.82
0.81
0.82
0.84
0.90
0.89
0.90
0.87
0.87
0.86
0.89
0.86
0.87
0.87
0.94
0.94
0.90
0.90
0.91
0.91
0.91
0.93
0.93
0.93
0.99
0.96
0.98
0.96
0.97
0.93
0.92
0.94
0.97
0.96
0.96
0.97
0.96
0.96
0.95
0.97
0.94
0.95
0.95
0.97
1.01
1.00
0.99
1.02
1.01
1.01
1.01
1.00
1.00
1.01
0.99
0.95
0.95
0.96
1.00
0.93
0.99
0.97
0.98
1.00
0.98
1.01
0.93
1.03
0.98
1.00
1.00
1.02
0.94
1.01
1.02
0.99
0.96
0.95
0.95
0.98
1.01
0.93
0.99
0.98
0.96
0.92
0.92
0.94
0.90
0.91
0.96
0.93
0.92
0.91
0.91
0.93
0.93
0.92
0.94
0.92
0.89
0.89
0.86
0.84
0.88
0.85
0.92
0.92
0.86
0.89
0.83
0.87
0.88
0.84
0.91
0.85
0.83
0.86
0.83
0.84
0.84
0.90
0.80
0.78
0.86
0.78
0.86
0.79
0.81
0.82
0.85
0.86
0.80
0.82
0.77
0.82
0.80
0.82
0.80
0.80
0.83
0.79
0.79
0.86
0.88
0.91
0.84
0.86
0.84
0.88
0.84
0.85
0.86
0.81
0.83
0.85
0.81
0.80
0.79
0.81
0.78
0.77
0.82
0.79
0.83
0.82
0.84
0.83
0.82
0.93
0.87
0.82
0.83
0.77
0.82
0.76
0.85
0.73
0.79
0.78
0.86
0.76
0.75
0.74
0.80
0.88
0.80
0.78
0.71
0.71
0.69
0.70
0.68
0.67
0.69
0.89
0.70
0.85
0.75
0.62
0.63
0.58
0.58
0.58
0.60
0.60
0.62
0.61
0.63
0.65
0.63
0.64
0.68
0.67
0.66
0.65
0.71
0.73
0.69
0.70
0.69
0.66
0.66
0.68
0.82
0.78
0.79
0.78
0.76
0.76
0.76
0.78
0.80
0.79
0.84
0.82
0.81
0.81
0.85
0.86
0.83
0.84
0.82
0.86
0.85
0.88
0.94
0.86
0.86
0.93
0.90
0.85
0.89
0.93
0.91
0.90
0.87
0.90
0.89
0.92
0.95
0.92
0.90
0.93
0.96
0.90
0.91
0.89
0.96
0.89
0.94
0.95
0.97
0.93
0.96
0.91
0.93
0.90
0.91
0.93
0.92
0.96
0.92
0.93
0.94
0.94
0.96
0.93
0.96
0.95
0.97
0.92
0.96
0.93
0.95
0.94
0.94
0.92
0.92
0.97
0.98
0.92
0.89
0.95
0.93
0.91
0.97
0.97
0.95
0.96
0.93
0.96
0.91
1.02
0.94
0.99
0.88
0.91
0.92
0.92
0.93
0.96
0.93
0.96
0.95
0.90
0.95
1.02
0.98
1.01
1.03
1.01
1.03
0.95
0.96
0.94
1.01
0.95
0.99
0.98
1.05
1.03
0.90
0.88
0.91
0.92
0.92
0.79
0.94
0.93
0.99
0.89
0.93
0.91
0.95
0.94
0.91
0.94
0.90
0.90
0.94
0.95
0.99
0.96
0.96
0.92
0.93
0.96
0.95
0.95
0.98
0.98
1.00
0.98
0.99
0.96
1.00
0.96
0.94
0.94
0.92
0.91
0.97
0.93
0.97
1.01
1.02
0.98
1.00
0.95
1.01
1.01
1.00
1.02
1.03
1.02
1.03
0.96
1.01
1.02
1.07
1.07
1.07
1.08
1.13
1.06
1.08
1.10
1.07
1.05
1.05
1.09
1.05
1.10
1.08
1.11
1.08
1.09
1.06
1.03
1.04
1.05
1.08
1.09
0.97
1.05
1.02
1.06
0.98
1.00
1.00
1.00
1.04
1.00
0.99
1.07
1.01
1.02
0.99
1.03
1.07
0.91
0.91
0.82
0.81
1.05
1.01
0.89
0.91
0.92
0.92
0.93
0.88
0.90
0.96
0.95
0.98
0.95
0.98
0.88
0.88
0.85
0.89
0.88
0.87
0.88
0.88
0.90
0.94
0.91
0.93
0.95
0.97
0.98
0.96
0.97
0.93
0.94
0.93
0.91
0.89
0.90
0.88
0.92
0.91
0.94
0.90
0.94
0.92
0.95
0.91
0.95
0.91
0.92
0.94
0.89
0.92
0.88
0.90
0.89
0.93
0.88
0.86
0.85
0.95
0.93
0.97
0.94
0.90
0.93
0.92
0.91
0.91
0.91
0.94
0.95
0.96
0.89
0.94
0.91
0.91
0.92
0.94
0.93
1.01
1.02
1.00
0.98
0.98
1.01
1.02
1.02
1.02
1.01
0.99
1.01
0.98
1.02
1.03
1.01
1.05
1.07
1.07
1.04
1.07
1.05
1.04
1.06
1.06
1.01
1.03
1.00
1.00
1.03
1.01
1.04
1.03
1.04
1.04
1.01
1.05
1.00
1.01
1.03
1.01
1.02
1.03
1.04
1.02
1.04
1.01
1.04
1.03
1.00
1.05
1.02
1.03
1.00
1.04
1.05
1.10
1.07
1.06
1.07
1.05
1.03
1.04
1.02
1.04
1.02
1.03
1.01
1.02
1.01
1.00
1.00
0.99
1.02
1.03
1.01
1.01
1.02
1.03
1.02
0.99
1.03
0.97
1.02
1.06
1.06
0.99
1.00
1.01
1.05
1.01
1.01
1.04
1.00
1.00
1.02
1.00
1.05
1.07
1.08
1.02
1.04
0.95
1.03
0.99
1.01
0.98
1.04
1.02
1.04
1.03
1.07
1.01
1.00
1.00
0.96
0.94
0.94
0.92
0.91
0.86
0.88
0.86
0.82
0.79
0.80
0.80
0.81
0.78
0.80
0.78
0.75
0.76
0.78
0.74
0.72
0.70
0.69
0.69
0.66
0.75
0.72
0.61
0.56
0.51
0.47
0.40
0.37
