0.401943
0.039034
0.038943
0.039081
0.038583
0.038866
0.038364
0.038317
0.038851
0.038247
0.038590
0.038304
0.038492
0.038862
0.038612
0.038622
0.038382
0.038287
0.038449
0.038581
0.067024
0.038432
0.038384
0.038407
0.038452
0.038211
0.038533
0.038439
0.038584
0.038549
0.039710
0.046456
0.046011
0.045310
0.043118
0.039625
0.043360
0.042229
0.039522
0.040119
0.074014
0.039519
0.041106
0.045629
0.047324
0.044917
0.038643
0.038362
0.038437
0.038479
0.038594
0.038344
0.038285
0.038293
0.038125
0.038328
0.038327
0.038611
0.038359
0.038590
0.071965
0.038319
0.038429
0.038707
0.038572
0.038619
0.038638
0.038517
0.038371
0.038482
0.038611
0.038460
0.038461
0.038518
0.037968
0.038034
0.037985
0.037933
0.037945
0.037917
0.071524
0.037995
0.037832
0.038364
0.038351
0.038267
0.038395
0.038490
0.038527
0.038441
0.038480
0.038415
0.039586
0.042663
0.037949
0.038010
0.037870
0.037720
0.037685
0.037819
0.071071
0.037837
0.037777
0.038470
0.038304
0.038187
0.039708
0.045151
0.042760
0.042233
0.041091
0.043701
0.041792
0.044863
0.043570
0.037822
0.039210
0.041406
0.037338
0.037454
0.071104
0.037392
0.038063
0.039093
0.040107
0.037938
0.037663
0.038812
0.043768
0.041452
0.040689
0.040869
0.045175
0.040874
0.047235
0.049505
0.038735
0.037078
0.037978
0.038100
0.072991
0.039250
0.039485
0.039336
0.039346
0.040117
0.039176
0.042939
0.045377
0.043933
0.045899
0.046739
0.046525
0.045708
0.039667
0.039776
0.048227
0.039227
0.039840
0.039932
0.074141
0.040806
0.043901
0.042923
0.045940
0.040190
0.040021
0.040250
0.040253
0.046833
0.040143
0.040281
0.040052
0.040244
0.038550
0.039179
0.039636
0.044256
0.039425
0.039445
0.072977
0.039291
0.039343
0.039309
0.039271
0.039592
0.039509
0.039604
0.039218
0.039369
0.040494
0.039454
0.039243
0.043041
0.039906
0.037794
0.037785
0.037972
0.037944
0.037686
0.071313
0.037737
0.037873
0.038017
0.038066
0.038091
0.038102
0.038059
0.039026
0.038153
0.038014
0.038092
0.038093
0.038239
0.038126
0.038095
0.037970
0.037990
0.038133
0.037983
0.071198
0.038055
0.037781
0.037889
0.037846
0.037614
0.037703
0.037770
0.037668
0.037605
0.037753
0.037544
0.037849
0.037587
0.037822
0.037761
0.037815
0.038079
0.037997
0.038014
0.073592
0.038528
0.038310
0.038370
0.038383
0.037953
0.037980
0.038024
0.037846
0.037786
0.039453
0.037805
0.037789
0.037772
0.037811
0.037817
0.037822
0.037788
0.037753
0.037981
0.071359
0.037693
0.037770
0.038502
0.038449
0.038485
0.039138
0.039459
0.042286
0.039620
0.039888
0.039660
0.039660
0.039817
0.039621
0.039502
0.039567
0.042346
0.039598
0.039869
0.073427
0.039594
0.039692
0.039696
0.039984
0.039354
0.039592
0.039569
0.040303
0.039485
0.039767
0.041674
0.042273
0.040931
0.040599
0.038394
0.038680
0.038433
0.038329
0.038301
0.071961
0.038764
0.038554
0.039062
0.038534
0.038456
0.038395
0.038512
0.038449
0.038295
0.043550
0.038416
0.038227
0.038293
0.039682
0.039450
0.039258
0.039439
0.038038
0.038072
0.071690
0.038105
0.038404
0.038997
0.042276
0.042955
0.042403
0.043395
0.041950
0.042060
0.043422
0.040550
0.039202
0.057093
0.039128
0.038279
0.038250
0.038024
0.057615
0.057700
0.057897
0.040044
0.063584
0.039688
0.057935
0.040195
0.040122
0.047172
0.044955
0.046682
0.063648
0.057015
0.056830
0.056886
0.056572
0.056372
0.056104
0.038653
0.056105
0.056276
0.056318
0.056086
0.038139
0.038269
0.037947
0.037979
0.037976
0.038149
0.038175
0.038094
0.055840
0.056139
0.055696
0.041392
0.044002
0.046834
0.038459
0.046853
0.042499
0.044532
0.080107
0.045604
0.046889
0.042908
0.041658
0.045458
0.046329
0.046266
0.041213
0.047084
0.047147
0.044593
0.043752
0.046811
0.047610
0.041788
0.043749
0.047320
0.046120
0.047288
0.081073
0.047933
0.044849
0.040819
0.045769
0.044479
0.047640
0.044351
0.045312
0.047904
0.043769
0.043977
0.047322
0.047054
0.045077
0.046087
0.046561
0.041992
0.042187
0.041955
0.078176
0.044762
0.048021
0.043676
0.045901
0.045086
0.044248
0.046324
0.040269
0.043970
0.045620
0.045744
0.046023
0.040702
0.046188
0.047939
0.045422
0.044074
0.047697
0.049618
0.081677
0.042479
0.047853
0.049700
0.048280
0.047224
0.047756
0.049235
0.047250
0.048850
0.041124
0.047059
0.045049
0.044523
0.044636
0.042870
0.043360
0.048145
0.049506
0.049596
0.082811
0.041451
0.044113
0.048863
0.045270
0.048392
0.043535
0.045279
0.044330
0.046050
0.044191
0.045020
0.041191
0.047401
0.046958
0.049274
0.047018
0.048393
0.047017
0.042178
0.080758
0.040759
0.047983
0.044399
0.044450
0.047606
0.040774
0.043145
0.043197
0.043932
0.047309
0.047032
0.048998
0.044889
0.043919
0.043513
0.046819
0.047180
0.041317
0.047652
0.083023
0.043472
0.045890
0.050313
0.050349
0.049649
0.045261
0.045003
0.044665
0.045187
0.048832
0.047057
0.047388
0.049303
0.040784
0.048313
0.049048
0.051102
0.046572
0.050643
0.081758
0.041934
0.044914
0.043418
0.040157
0.040460
0.040718
0.041198
0.039784
0.046429
0.040596
0.057532
0.039743
0.057342
0.057175
0.057189
0.057247
0.040126
0.057645
0.039369
0.073691
0.038700
0.038740
0.046040
0.039088
0.044560
0.043839
0.038802
0.039136
0.040004
0.041280
0.038665
0.057722
0.040130
0.038824
0.038766
0.038659
0.038771
0.041868
0.043036
0.074604
0.044410
0.038540
0.037942
0.039340
0.038027
0.038246
0.044760
0.037979
0.040422
0.041053
0.038177
0.042675
0.043888
0.038980
0.039029
0.039082
0.038903
0.039739
0.045229
0.073936
0.045285
0.041328
0.042944
0.041729
0.042656
0.039852
0.045772
0.040580
0.047879
0.043912
0.047917
0.047075
0.041386
0.041334
0.043684
0.041443
0.043731
0.040590
0.042058
0.075290
0.039870
0.040371
0.042880
0.040431
0.045903
0.046613
0.043171
0.044513
0.038507
0.038721
0.038702
0.038783
0.038576
0.038443
0.040049
0.039391
0.043068
0.044415
0.039234
0.075655
0.039529
0.060389
0.040286
0.057354
0.039082
0.040659
0.041760
0.039093
0.041118
0.043821
0.060805
0.038979
0.043171
0.044129
0.058402
0.038786
0.042360
0.041363
0.055460
0.071770
0.037817
0.040956
0.043998
0.043415
0.040202
0.041067
0.040407
0.039388
0.059154
0.038875
0.057728
0.043423
0.039327
0.056769
0.039849
0.040702
0.039909
0.038923
0.041034
0.077308
0.038128
0.037863
0.039629
0.041879
0.038018
0.037743
0.037914
0.038200
0.040955
0.039911
0.043269
0.045085
0.041070
0.040121
0.040231
0.040179
0.041038
0.040079
0.040590
0.077428
0.039274
0.061061
0.062584
0.044152
0.044375
0.044083
0.045862
0.047453
0.041055
0.045416
0.045030
0.058093
0.040199
0.040336
0.041790
0.045282
0.046224
0.041630
0.044039
0.075791
0.045046
0.038992
0.043081
0.043595
0.040744
0.040080
0.040160
0.039322
0.039108
0.039231
0.048559
0.042880
0.044939
0.047999
0.043309
0.042394
0.046978
0.047669
0.039634
0.072607
0.039180
0.039659
0.047413
0.039476
0.045846
0.044445
0.044422
0.044664
0.044796
0.043575
0.043341
0.042468
0.039904
0.039716
0.040169
0.040130
0.040918
0.042155
0.041310
0.077499
0.042820
0.044730
0.039597
0.040941
0.042404
0.041834
0.039475
0.039457
0.039493
0.039993
0.040208
0.046976
0.044114
0.041303
0.040134
0.039925
0.045364
0.040054
0.039905
0.072503
0.038967
0.038550
0.039929
0.044726
0.044271
0.041970
0.038022
0.039474
0.039494
0.042028
0.039532
0.041819
0.041836
0.057686
0.039835
0.042725
0.039810
0.045758
0.038194
0.071804
0.037928
0.038126
0.038072
0.038241
0.038104
0.038132
0.038653
0.038835
0.038601
0.038532
0.039890
0.046232
0.040006
0.045142
0.043190
0.038907
0.038940
0.038792
0.038713
0.072084
0.038571
0.038633
0.038569
0.038309
0.037177
0.038446
0.038376
0.039315
0.043414
0.042573
0.038476
0.038305
0.038899
0.039321
0.046711
0.045711
0.039935
0.046191
0.045938
0.080510
0.039630
0.042083
0.039736
0.044906
0.046597
0.038670
0.038388
0.038505
0.039643
0.046863
0.046402
0.042913
0.045043
0.042134
0.040727
0.044377
0.039286
0.044693
0.042491
0.076573
0.039287
0.045282
0.038356
0.038280
0.038440
0.038464
0.039547
0.045642
0.039553
0.039595
0.039797
0.045176
0.042924
0.047233
0.038778
0.038554
0.038806
0.039000
0.039785
0.080335
0.040105
0.040215
0.048700
0.040579
0.040201
0.039970
0.045256
0.043212
0.047340
0.038870
0.038976
0.038855
0.038545
0.038560
0.041418
0.038421
0.038438
0.038388
0.038254
0.071788
0.038816
0.039037
0.038694
0.038731
0.038427
0.038387
0.038443
0.038284
0.038209
0.038551
0.038162
0.038365
0.038940
0.038854
0.039736
0.039050
0.039041
0.039099
0.038757
0.072304
0.039733
0.039434
0.039373
0.039447
0.039109
0.039387
0.039296
0.038911
0.038812
0.046708
0.038872
0.039158
0.038326
0.038153
0.038077
0.038274
0.038015
0.038286
0.038254
0.071992
0.038395
0.038470
0.038276
0.038632
0.038732
0.038642
0.038830
0.039123
0.039277
0.039139
0.039205
0.039107
0.038955
0.039142
0.039060
0.039164
0.039874
0.048000
0.048996
0.072663
0.038847
0.038555
0.038297
0.038553
0.038718
0.039112
0.021316
0.021370
0.021302
0.021273
0.021301
0.021331
0.021338
0.021284
0.021365
0.039128
0.039225
0.039322
0.039025
0.072622
0.039548
0.039881
0.039890
0.039880
0.039910
0.037336
0.037496
0.057467
0.036561
0.036586
0.036631
0.038816
0.056867
0.038237
0.038880
0.057803
0.055138
0.057438
0.055243
0.070970
0.037257
0.037429
0.039860
0.039869
0.037177
0.037463
0.039989
0.040037
0.039830
0.039983
0.037429
0.037401
0.039963
0.039819
0.039927
0.039974
0.039513
0.039587
0.039901
0.075127
0.049142
0.041709
0.040193
0.039850
0.039993
0.039699
0.039986
0.038731
0.039590
0.037410
0.040142
0.037577
0.039872
0.039966
0.037535
0.037457
0.037338
0.037431
0.038182
0.073337
0.037387
0.037680
0.037684
0.037602
0.037839
0.037904
0.038028
0.038133
0.037130
0.038050
0.038033
0.038211
0.037185
0.037270
0.037226
0.037445
0.037391
0.038223
0.038152
0.071643
0.037999
0.037832
0.037979
0.038011
0.037791
0.037661
0.037640
0.037368
0.037501
0.037375
0.039967
0.039781
0.039542
0.039230
0.039166
0.038180
0.056855
0.057002
0.039314
0.072546
0.039115
0.037687
0.056232
0.038624
0.037579
0.055954
0.038753
0.038668
0.038534
0.038440
0.038693
0.038416
0.038805
0.038765
0.038984
0.039201
0.039052
0.039185
0.056979
0.073484
0.037497
0.037930
0.038064
0.038219
0.038339
0.039664
0.047141
0.044203
0.042984
0.041090
0.044241
0.046595
0.041903
0.041140
0.044579
0.039064
0.041116
0.041653
0.043125
0.077245
0.038696
0.041124
0.041066
0.041964
0.041533
0.041947
0.041887
0.042466
0.041589
0.037430
0.037430
0.037459
0.037285
0.037276
0.037486
0.037611
0.037313
0.037422
0.037287
0.071110
0.037528
0.037361
0.037299
0.037430
0.037560
0.037276
0.037313
0.037502
0.037224
0.037230
0.037449
0.037250
0.037430
