1.00
0.69
0.93
0.98
0.70
0.97
0.99
1.07
0.97
0.64
0.62
0.60
0.60
0.65
0.59
1.02
0.96
0.96
0.98
1.03
0.69
0.97
0.73
1.05
0.66
0.99
1.01
1.03
1.00
1.00
1.01
0.92
0.90
0.82
0.81
0.88
0.88
0.86
0.89
0.86
0.70
0.76
0.70
0.61
0.63
0.78
0.82
0.83
0.91
0.85
0.73
0.83
0.66
0.94
0.61
0.76
0.68
0.68
0.63
0.61
0.59
1.00
0.97
1.01
0.83
0.87
0.90
0.88
0.89
0.90
0.89
0.88
0.82
0.86
0.75
0.70
0.68
0.87
0.79
0.63
0.87
0.92
0.91
0.93
0.93
0.91
0.93
0.94
0.93
0.92
0.91
0.91
0.91
0.91
0.89
0.88
0.88
0.84
0.88
0.83
0.84
0.92
0.88
0.92
0.92
0.91
0.94
0.93
0.91
0.94
0.93
0.95
0.81
0.92
0.93
0.84
0.87
0.87
0.81
0.84
0.67
0.61
0.53
0.39
0.45
0.41
0.45
0.49
0.44
0.39
0.33
0.34
0.35
0.36
0.29
0.27
0.24
0.15
0.18
0.19
0.14
0.23
0.22
0.22
0.21
0.20
0.22
0.23
0.28
0.29
0.36
0.43
0.48
0.48
0.49
0.42
0.51
0.66
0.60
0.58
0.58
0.77
0.67
0.78
0.79
0.74
0.76
0.77
0.78
0.80
0.82
0.83
0.82
0.72
0.91
0.90
0.94
0.99
0.99
0.99
0.98
1.02
1.06
1.05
1.04
1.01
1.04
1.01
1.01
0.99
0.98
0.98
0.99
0.98
1.03
1.01
1.04
1.04
1.07
1.01
1.03
1.10
1.00
0.83
0.69
0.63
0.76
0.85
0.91
0.94
0.86
0.88
0.94
0.91
0.89
0.88
0.84
0.87
0.97
1.07
1.10
1.13
1.12
0.94
0.91
1.01
1.00
1.03
1.14
1.01
0.98
1.04
1.02
1.10
1.06
0.99
0.95
1.11
1.05
1.07
0.79
0.74
0.86
1.01
0.86
0.83
0.88
0.97
0.91
0.94
0.93
0.88
0.91
0.86
0.89
0.96
1.04
1.06
1.03
1.06
0.98
1.03
1.03
0.99
0.96
1.00
0.95
0.90
0.79
0.84
0.76
0.84
0.85
0.82
0.88
0.66
0.60
0.66
0.68
0.86
0.91
0.97
0.83
0.79
0.69
1.01
1.04
1.02
1.01
1.01
0.98
0.96
0.98
0.97
0.94
0.95
0.97
0.97
1.04
1.02
1.00
1.04
0.99
0.94
0.97
1.06
1.05
1.04
1.04
0.97
0.93
1.02
0.94
1.06
1.03
0.91
0.66
0.51
0.51
0.46
0.45
0.38
0.12
0.21
0.46
0.57
0.60
0.57
0.53
0.62
0.55
0.54
0.47
0.28
0.15
0.16
0.16
0.19
0.20
0.18
0.26
0.34
0.34
0.39
0.40
0.60
0.57
0.57
0.57
0.54
0.57
0.73
0.82
0.88
0.89
0.85
0.77
0.79
0.74
0.75
0.79
0.81
0.75
0.80
0.76
0.75
0.75
0.75
0.77
0.78
0.53
0.64
0.70
0.69
0.63
0.94
0.86
0.80
0.76
0.65
0.61
0.59
0.54
0.61
0.65
0.65
0.63
0.74
0.78
0.77
0.77
0.76
0.72
0.81
0.80
0.86
0.88
0.76
0.77
0.82
0.76
0.84
0.84
0.87
0.84
0.80
0.73
0.75
0.70
0.67
0.66
0.68
0.67
0.66
0.63
0.63
0.67
0.68
0.69
0.73
0.71
0.73
0.74
0.73
0.67
0.64
0.72
0.76
0.74
0.71
0.57
0.47
0.78
0.78
0.73
0.72
0.53
0.45
0.48
0.48
0.42
0.47
0.57
0.77
0.78
0.72
0.67
0.64
0.67
0.68
0.78
0.81
0.80
0.87
0.80
0.86
0.83
0.81
0.72
0.73
0.72
0.83
0.94
0.88
0.86
0.94
0.99
0.97
0.94
0.98
1.00
1.00
0.96
0.96
0.96
0.96
0.98
0.99
1.00
1.00
0.98
0.88
0.86
0.87
0.85
0.94
0.99
0.91
0.88
0.83
0.85
0.82
0.80
0.75
0.77
0.75
0.70
0.69
0.72
0.72
0.74
0.74
0.74
0.73
0.75
0.81
0.81
0.78
0.77
0.77
0.72
0.75
0.76
0.73
0.78
0.80
0.80
0.66
0.74
0.73
0.56
0.27
0.20
0.17
0.03
0.15
0.10
0.13
0.10
0.07
0.15
0.09
0.19
0.17
0.26
0.38
0.32
0.40
0.37
0.52
0.73
0.81
0.85
0.91
0.73
0.84
0.87
0.74
0.81
0.74
0.63
0.61
0.60
0.75
0.62
0.69
1.05
1.11
1.02
1.09
1.07
0.88
0.96
0.94
1.04
0.99
0.81
0.84
0.94
0.70
0.62
0.59
0.61
0.62
0.57
0.59
0.58
0.54
0.51
0.62
0.78
0.88
1.01
0.95
0.83
0.82
0.66
0.77
0.77
0.86
0.62
0.69
0.55
0.47
0.44
0.44
0.51
0.50
0.43
0.44
0.50
0.47
0.28
0.16
0.12
0.08
0.10
0.10
0.10
0.08
0.07
0.09
0.12
0.11
0.08
0.08
0.10
0.13
0.12
0.13
0.12
0.51
0.44
0.48
0.35
0.44
0.40
0.39
0.41
0.34
0.30
0.28
0.34
0.39
0.39
0.33
0.37
0.36
0.43
0.34
0.54
0.59
0.45
0.45
0.46
0.44
0.55
0.60
0.58
0.56
0.56
0.51
0.53
0.46
0.48
0.50
0.45
0.37
0.48
0.40
0.57
0.65
0.65
0.67
0.55
0.52
0.63
0.82
0.84
0.70
0.85
0.71
0.83
0.64
0.70
0.57
0.53
0.48
0.48
0.63
0.56
0.55
0.59
0.57
0.58
0.48
0.44
0.52
0.47
0.45
0.39
0.48
0.41
0.49
0.56
0.66
0.61
0.65
0.63
0.57
0.51
0.60
0.56
0.68
0.71
0.77
0.80
0.85
0.84
0.86
0.79
0.77
0.82
0.78
0.74
0.71
0.75
0.74
0.75
0.73
0.71
0.67
0.69
0.66
0.76
0.86
0.78
0.79
0.75
0.77
0.85
0.76
0.84
0.74
0.59
0.72
0.84
0.80
0.76
0.75
0.72
0.86
0.87
0.84
0.89
0.87
0.94
0.97
0.95
0.73
0.60
0.50
0.51
0.60
0.54
0.63
0.94
1.00
1.14
1.09
0.96
1.02
0.96
0.95
0.89
0.92
0.87
0.85
0.86
0.86
0.84
0.63
0.75
0.66
0.49
0.50
0.77
0.75
0.62
0.65
0.54
0.65
0.61
0.59
0.86
0.86
0.59
0.82
0.68
0.84
0.58
1.05
0.86
0.81
0.80
0.85
0.61
0.65
0.69
0.68
0.87
1.13
1.19
1.22
1.20
1.11
1.15
1.14
1.01
0.85
0.81
0.83
0.66
0.55
0.53
0.54
0.54
0.47
0.44
0.39
0.38
0.52
0.44
0.35
0.38
0.30
0.25
0.26
0.25
0.22
0.26
0.24
0.27
0.23
0.22
0.18
0.22
0.21
0.18
0.19
0.23
0.84
0.77
0.87
0.93
1.08
1.01
1.02
1.01
1.11
1.04
1.07
0.98
1.00
1.09
0.81
1.01
0.65
0.60
0.76
0.86
0.62
0.47
0.56
0.58
0.45
0.50
0.53
0.51
0.50
0.49
0.54
0.42
0.41
0.45
0.41
0.46
0.44
0.47
0.48
0.45
0.58
0.55
0.55
0.56
0.54
0.48
0.53
0.47
0.42
0.48
0.47
0.55
0.49
0.41
0.42
0.36
0.38
0.40
0.42
0.52
0.67
0.75
0.70
0.72
0.65
0.62
0.61
0.71
0.83
0.83
0.85
0.98
1.01
0.91
0.91
0.83
0.88
0.83
0.71
0.74
0.74
0.79
0.82
0.79
0.81
0.90
0.95
0.98
0.93
0.68
0.72
0.77
0.72
0.74
0.67
0.70
0.67
0.69
0.68
0.58
0.62
0.63
0.39
0.08
0.06
0.03
-0.01
-0.01
-0.02
-0.01
-0.01
-0.01
-0.01
-0.01
-0.00
0.01
0.05
0.06
0.03
0.07
0.36
0.32
0.34
0.34
0.37
0.32
0.30
0.38
0.53
0.49
0.55
0.57
0.58
0.46
0.45
0.47
0.47
0.54
0.59
0.72
0.89
0.86
0.82
0.82
0.88
0.83
0.87
0.84
0.78
0.82
0.83
0.86
0.84
0.73
0.76
0.75
0.66
0.71
0.69
0.69
0.92
0.96
0.90
0.93
0.97
0.92
0.95
0.99
0.93
0.97
0.87
0.97
0.99
0.96
1.04
1.00
1.00
0.98
1.00
0.97
1.01
0.93
1.04
0.94
0.94
0.83
0.83
0.83
0.77
0.81
0.76
0.79
0.69
0.69
0.71
0.70
0.63
0.68
0.61
0.61
0.85
0.82
0.78
0.73
0.70
0.60
0.58
0.65
0.60
0.62
0.66
0.63
0.58
0.58
0.53
0.44
0.50
0.60
0.65
0.67
0.73
0.60
0.52
0.65
0.52
0.56
0.74
0.77
0.82
0.84
0.74
0.67
0.75
0.71
0.79
0.77
0.73
0.65
0.81
1.01
1.04
1.00
0.91
0.86
0.79
0.72
0.71
0.72
0.78
0.75
0.79
0.73
0.72
0.77
0.79
0.68
0.67
0.53
0.49
0.53
0.57
0.56
0.51
0.48
0.32
0.39
0.44
0.48
0.45
0.49
0.41
0.42
0.42
0.44
0.45
0.44
0.43
0.43
0.48
0.44
0.51
0.50
0.56
0.46
0.63
0.60
0.62
0.61
0.57
0.61
0.62
0.58
0.62
