1.00
1.13
1.05
1.02
1.08
1.08
1.08
1.10
1.09
1.09
1.04
0.91
0.89
0.94
0.94
0.82
0.86
0.89
0.83
0.80
0.84
0.95
0.91
0.79
0.76
0.79
0.93
0.95
0.89
0.81
0.69
0.63
0.71
0.61
0.88
0.84
0.90
0.90
0.91
0.88
0.90
0.92
0.92
0.93
0.92
0.91
0.91
0.89
0.85
0.80
0.76
0.73
0.66
0.66
0.71
0.86
0.74
0.99
0.88
0.82
0.92
0.83
0.91
0.84
0.88
0.90
0.96
0.97
0.98
0.95
0.91
0.93
0.95
0.88
0.96
0.93
0.86
0.85
0.80
0.76
0.61
0.61
0.67
0.68
0.74
0.74
0.73
0.76
0.80
0.81
0.77
0.70
0.77
0.87
0.78
0.80
0.82
0.94
1.00
0.86
0.98
1.02
0.91
0.80
0.88
0.87
0.90
0.93
0.96
0.93
0.84
0.83
0.84
0.79
0.84
0.87
0.87
0.82
0.88
0.82
0.79
0.98
1.01
1.05
1.05
1.07
1.03
0.98
0.96
0.88
0.88
0.97
0.93
0.79
0.75
0.77
0.73
0.51
0.47
0.46
0.47
0.67
0.64
0.63
0.66
0.65
0.64
0.63
0.63
0.60
0.61
0.72
0.72
0.83
0.96
0.98
0.99
0.97
0.77
0.80
0.87
0.88
0.79
0.81
0.91
0.95
0.97
0.93
0.86
0.91
0.88
0.92
0.91
0.95
0.97
0.96
0.94
0.90
0.93
0.86
0.86
0.85
0.89
0.96
1.01
1.01
0.88
0.91
0.87
0.82
0.85
0.88
0.87
0.91
0.98
0.92
0.81
0.81
0.86
0.86
0.99
1.05
0.95
0.96
1.00
1.06
1.05
1.04
0.75
0.56
0.69
0.88
0.89
0.92
1.01
0.97
1.00
1.00
1.01
1.03
1.03
1.03
1.04
1.07
1.12
1.12
1.11
1.13
1.09
1.07
1.07
1.06
1.03
0.92
0.87
0.98
0.99
1.05
0.71
0.75
0.76
0.70
0.79
0.92
0.96
1.04
1.03
0.98
1.01
0.99
0.99
0.97
0.95
0.97
0.98
0.99
0.96
0.98
0.99
1.03
1.01
0.99
1.01
0.97
0.93
0.89
0.86
0.68
0.65
0.41
0.27
0.42
0.39
0.36
0.35
0.41
0.38
0.32
0.29
0.36
0.25
0.34
0.76
0.92
0.93
0.87
0.88
0.92
0.93
0.90
0.90
0.91
0.88
0.83
0.90
0.90
0.95
1.00
1.01
0.88
0.66
0.49
0.56
0.58
0.55
0.67
0.60
0.62
0.58
0.50
0.50
0.47
0.50
0.45
0.53
0.54
0.49
0.47
0.34
0.36
0.33
0.57
0.73
0.80
0.82
1.07
1.07
1.08
1.15
1.20
1.12
1.02
1.04
1.01
1.02
1.07
1.07
1.08
1.07
0.99
0.89
0.89
0.98
1.04
0.89
1.13
1.06
1.04
0.80
0.88
0.95
1.01
0.96
0.94
0.91
0.86
0.81
0.92
1.11
1.09
1.04
0.89
0.70
0.72
0.55
0.43
0.56
0.57
0.61
0.65
0.60
0.62
0.50
0.52
0.63
0.62
0.60
0.61
0.60
0.69
0.62
0.72
0.57
0.57
0.80
0.59
0.64
0.67
0.68
0.67
0.83
0.62
0.65
0.71
0.64
0.86
0.71
0.62
0.72
0.67
0.81
0.68
0.46
0.78
0.68
0.72
0.70
0.66
0.74
0.75
0.80
0.89
0.87
0.97
1.06
0.97
0.41
0.50
0.93
0.81
0.76
0.87
0.78
0.93
0.90
0.80
0.74
0.87
0.95
0.43
0.63
1.00
0.85
0.56
0.64
0.85
0.87
0.82
0.72
0.56
0.70
0.84
0.96
0.68
0.64
1.09
0.96
0.64
0.57
0.71
0.70
0.78
0.50
0.92
0.96
1.04
1.02
0.84
0.42
0.35
0.88
0.89
0.21
0.73
0.77
0.77
0.88
0.65
0.86
1.01
0.91
0.54
0.63
0.67
0.54
0.82
0.93
0.91
0.61
0.58
0.58
0.68
0.95
1.11
0.97
0.90
0.86
0.89
0.87
0.63
0.69
0.84
0.97
0.86
0.91
0.86
0.72
0.87
0.94
0.87
0.92
0.68
0.87
0.85
0.78
0.72
0.86
0.89
1.01
0.85
1.03
0.96
1.10
1.05
0.82
1.11
1.11
1.03
1.13
0.84
0.24
0.27
0.87
0.67
0.78
0.80
0.90
1.05
0.98
0.90
0.89
0.65
0.84
0.99
0.88
0.94
0.86
0.85
0.78
0.75
0.92
1.04
0.86
0.51
0.29
0.19
0.36
0.62
0.73
0.83
0.97
0.89
0.74
0.79
0.67
0.82
0.93
0.83
0.76
0.46
0.33
0.40
0.53
0.53
0.65
0.93
0.92
0.85
1.09
0.83
0.66
0.81
1.06
1.00
1.01
0.98
0.53
0.47
0.60
0.59
0.50
0.62
0.71
0.75
0.64
0.91
1.10
0.90
0.93
1.05
1.09
0.81
0.52
0.64
0.88
0.67
0.72
0.54
0.61
0.60
0.96
1.03
0.91
1.00
0.90
0.96
1.06
0.99
0.97
0.87
0.64
0.82
0.78
0.64
0.71
0.79
0.80
0.77
0.66
0.67
0.98
0.86
0.91
1.06
0.78
0.78
0.67
0.67
0.71
0.78
0.74
0.62
0.83
0.80
0.98
1.09
0.96
1.00
1.15
0.90
1.01
0.79
0.62
0.73
0.85
0.75
0.90
1.14
1.19
1.21
1.01
1.05
1.16
1.11
1.03
1.04
1.03
0.84
0.81
0.70
0.91
0.85
0.86
0.75
1.02
0.85
0.94
1.00
1.04
1.09
0.96
0.95
0.52
0.52
0.59
0.50
0.43
0.53
0.44
0.58
1.02
1.02
0.89
0.67
0.71
0.68
0.55
0.50
0.54
0.49
0.30
0.18
0.17
0.15
0.21
0.26
0.27
0.35
0.26
0.25
0.43
0.66
0.66
0.62
0.66
0.67
0.68
0.70
0.70
0.71
0.69
0.70
0.68
0.67
0.69
0.68
0.67
0.65
0.70
0.78
0.83
0.92
