0.394105
0.038499
0.038580
0.038526
0.038300
0.038489
0.038432
0.038399
0.038557
0.038394
0.038518
0.038390
0.038361
0.038316
0.039895
0.040868
0.044856
0.044613
0.040002
0.040401
0.066846
0.039118
0.038996
0.039343
0.042707
0.045710
0.045094
0.039023
0.038993
0.039909
0.061483
0.039066
0.039225
0.039058
0.039048
0.040516
0.040800
0.040845
0.040473
0.040560
0.074346
0.040877
0.045407
0.045068
0.040707
0.040764
0.040669
0.043996
0.040478
0.040501
0.040649
0.040500
0.045480
0.040606
0.063679
0.058609
0.040687
0.041015
0.040770
0.040112
0.074039
0.040225
0.040410
0.040195
0.040128
0.045771
0.039992
0.039958
0.045236
0.040295
0.042615
0.045968
0.040335
0.040020
0.043996
0.045353
0.040510
0.040994
0.059039
0.058629
0.040039
0.058856
0.058868
0.039993
0.039737
0.058561
0.058797
0.061669
0.062434
0.057988
0.059402
0.057983
0.040185
0.040141
0.057924
0.046083
0.045376
0.040222
0.040431
0.040213
0.073918
0.038580
0.039007
0.039289
0.039068
0.039057
0.038991
0.038894
0.038890
0.039131
0.039141
0.039100
0.038991
0.038920
0.038771
0.039035
0.039084
0.039066
0.038901
0.039024
0.072262
0.038593
0.038658
0.038859
0.038631
0.038578
0.038541
0.038683
0.038507
0.038600
0.038594
0.039640
0.038769
0.038632
0.038591
0.038570
0.038485
0.038545
0.039541
0.046013
0.072593
0.039289
0.039262
0.039249
0.038770
0.038723
0.038794
0.038734
0.038670
0.038579
0.038553
0.038661
0.038659
0.038572
0.038487
0.038368
0.038381
0.038429
0.056502
0.039053
0.072512
0.039182
0.056787
0.056772
0.039198
0.038903
0.038981
0.038978
0.039124
0.039805
0.039175
0.039262
0.039287
0.039425
0.039155
0.039150
0.039865
0.038795
0.056679
0.056754
0.056746
0.056488
0.038925
0.038775
0.038721
0.038927
0.038942
0.038914
0.038910
0.040686
0.038876
0.040245
0.055166
0.056552
0.038815
0.038819
0.057427
0.039534
0.044186
0.038871
0.072211
0.038936
0.038714
0.038630
0.038748
0.040456
0.038842
0.038557
0.038631
0.039092
0.039356
0.039224
0.039317
0.039296
0.038748
0.038867
0.038733
0.038720
0.038968
0.038745
0.072286
0.038692
0.038792
0.038885
0.038766
0.038860
0.038779
0.040133
0.040111
0.038927
0.038781
0.038994
0.039186
0.039113
0.039019
0.039203
0.039112
0.039104
0.039176
0.039082
0.072562
0.038880
0.039000
0.038916
0.039021
0.038952
0.039034
0.038883
0.038989
0.038990
0.038955
0.038866
0.038884
0.039004
0.038941
0.038834
0.038836
0.039029
0.039907
0.041413
0.082136
0.039066
0.039347
0.038782
0.038916
0.038784
0.038634
0.038940
0.038697
0.038627
0.056158
0.038535
0.038503
0.038473
0.056090
0.038823
0.038548
0.038516
0.056230
0.039254
0.072069
0.040118
0.039479
0.038823
0.038979
0.038967
0.038778
0.038878
0.038874
0.038930
0.038649
0.038823
0.038945
0.038851
0.038828
0.038815
0.038741
0.038870
0.038801
0.038904
0.072333
0.038700
0.038530
0.038444
0.038665
0.038739
0.038730
0.038581
0.038441
0.038694
0.038476
0.038690
0.038693
0.038452
0.038523
0.038528
0.038373
0.038522
0.038898
0.038523
0.071861
0.038487
0.038581
0.038558
0.038301
0.038664
0.038734
0.038714
0.038787
0.038874
0.038635
0.038770
0.038598
0.038887
0.038689
0.038693
0.038766
0.038705
0.038704
0.038779
0.072416
0.038712
0.038844
0.038796
0.038919
0.038837
0.038871
0.038670
0.038786
0.038744
0.038852
0.038815
0.038730
0.038744
0.038579
0.038869
0.038888
0.038915
0.038767
0.039005
0.072277
0.038798
0.038924
0.038593
0.038761
0.038770
0.038808
0.038849
0.039085
0.038990
0.039254
0.039124
0.039260
0.039257
0.039403
0.039419
0.039490
0.039477
0.039425
0.039408
0.056881
0.056633
0.038795
0.038945
0.038822
0.038826
0.038922
0.040719
0.039163
0.039408
0.039469
0.039235
0.056937
0.056710
0.056591
0.038851
0.038781
0.038837
0.038882
0.038895
0.072708
0.038435
0.038107
0.056724
0.056636
0.057060
0.038711
0.038635
0.038765
0.038718
0.038830
0.038798
0.039018
0.039701
0.040150
0.039753
0.039372
0.057149
0.039475
0.056832
0.056910
0.038765
0.038819
0.038666
0.038846
0.038614
0.038915
0.039028
0.039097
0.038301
0.038837
0.039001
0.038898
0.056965
0.038192
0.056543
0.038548
0.038691
0.038694
0.038547
0.072290
0.038949
0.039244
0.039409
0.039178
0.039088
0.039034
0.039360
0.056818
0.056580
0.056599
0.056301
0.037964
0.038736
0.038778
0.038863
0.039271
0.039415
0.039057
0.038616
0.072198
0.039386
0.038845
0.038814
0.038634
0.038979
0.038894
0.038795
0.037566
0.039008
0.039320
0.057003
0.038937
0.038725
0.038691
0.040129
0.038692
0.039048
0.039580
0.057154
0.072914
0.040794
0.040061
0.040080
0.039955
0.039857
0.039680
0.039540
0.039195
0.039510
0.039510
0.039382
0.039307
0.039407
0.039317
0.039547
0.038828
0.038816
0.038851
0.038849
0.072417
0.038657
0.039011
0.039066
0.039449
0.039348
0.039128
0.039117
0.039295
0.039427
0.039389
0.056940
0.039321
0.057148
0.039629
0.039504
0.039579
0.039555
0.039423
0.039419
0.072667
0.038923
0.038834
0.038932
0.039131
0.038745
0.038670
0.038743
0.038660
0.040025
0.038847
0.038810
0.038765
0.038939
0.039170
0.039306
0.039367
0.039302
0.039042
0.039111
0.072690
0.039105
0.039256
0.039363
0.039485
0.039487
0.039489
0.057266
0.038934
0.057887
0.039634
0.039604
0.039269
0.038938
0.038768
0.038845
0.038930
0.038993
0.038877
0.039275
0.073563
0.039464
0.039828
0.039955
0.058130
0.057768
0.057946
0.057997
0.039894
0.039968
0.039704
0.039195
0.039392
0.039555
0.040043
0.039813
0.039943
0.039949
0.039868
0.039909
0.057770
0.040142
0.057964
0.057999
0.057833
0.057718
0.040130
0.040097
0.039529
0.039702
0.040238
0.040075
0.057663
0.045373
0.039569
0.039429
0.039612
0.040170
0.057134
0.038636
0.057572
0.039412
0.039567
0.039266
0.039265
0.039404
0.039117
0.040329
0.043935
0.039300
0.039382
0.039224
0.039378
0.039135
0.039310
0.057084
0.039376
0.039078
0.038951
0.038918
0.072344
0.039582
0.039674
0.039599
0.040048
0.045353
0.040803
0.040528
0.040551
0.040447
0.046117
0.040562
0.039078
0.046606
0.046554
0.040717
0.044069
0.048836
0.047876
0.040843
0.074592
0.047885
0.040977
0.041247
0.042293
0.040138
0.040455
0.047664
0.040838
0.040785
0.041027
0.041053
0.040879
0.044263
0.040774
0.044391
0.040870
0.041222
0.041368
0.041138
0.074689
0.044344
0.039264
0.039395
0.039069
0.039291
0.038774
0.038934
0.039097
0.039582
0.039695
0.039523
0.038791
0.039680
0.039079
0.039047
0.038943
0.039103
0.038741
0.038691
0.072415
0.038819
0.038885
0.039068
0.039111
0.039335
0.039440
0.039984
0.040187
0.058832
0.056124
0.056492
0.038357
0.039006
0.039107
0.039085
0.039050
0.039035
0.038142
0.056619
0.072144
0.038822
0.038882
0.038791
0.038886
0.039028
0.039033
0.038967
0.039103
0.039191
0.038043
0.039063
0.038350
0.039017
0.039034
0.039031
0.039026
0.038133
0.038672
0.038460
0.071908
0.038384
