338	164	98	54
333	165	106	52
334	165	106	53
332	167	109	50
334	165	108	53
334	166	106	52
333	163	109	54
333	164	108	54
334	165	107	53
335	167	104	50
334	166	103	51
334	165	103	52
333	164	107	53
334	164	107	54
334	164	105	53
334	164	106	54
335	165	103	52
333	165	106	52
331	166	110	51
333	166	106	51
333	166	108	50
332	167	109	49
333	167	107	49
333	166	106	50
333	166	106	51
332	165	108	51
332	165	109	53
333	166	104	50
333	166	106	51
332	165	108	53
333	164	108	54
333	164	105	52
334	167	104	51
334	166	104	51
334	165	105	52
333	165	107	53
333	165	107	52
333	166	106	51
332	166	108	51
333	164	106	53
333	167	105	50
332	168	106	48
334	165	106	52
333	166	106	51
333	166	108	51
333	166	106	51
334	166	105	50
332	168	106	47
334	165	105	51
333	164	105	53
334	167	102	50
333	164	108	54
334	166	103	51
333	165	107	51
334	167	106	49
331	164	110	53
332	165	107	52
330	166	110	50
332	165	107	51
332	166	108	51
333	166	106	51
332	164	105	53
334	166	104	51
333	165	107	52
333	165	106	52
332	165	107	52
334	165	105	52
334	166	105	51
334	165	103	51
334	167	106	49
333	165	109	52
334	165	108	53
333	165	107	51
332	166	109	50
332	167	109	48
332	165	111	50
334	164	109	52
336	165	106	51
335	163	110	53
334	163	108	52
335	164	110	51
335	164	111	51
336	164	110	51
335	165	108	50
336	165	108	50
337	163	109	53
335	167	111	48
337	166	110	48
337	165	109	50
339	166	107	51
339	167	106	49
338	168	107	48
339	164	109	52
339	167	108	49
340	167	107	49
338	164	109	52
336	166	109	50
339	162	108	54
336	162	110	55
338	162	110	54
338	162	108	55
337	163	111	52
336	164	111	50
335	163	111	52
335	163	108	53
336	163	110	53
336	162	109	53
336	162	108	53
336	165	109	49
336	160	108	55
335	161	109	54
334	160	108	54
334	158	110	58
335	158	107	57
333	159	110	55
335	157	107	58
334	157	107	56
335	156	106	57
336	155	103	58
333	154	107	58
335	152	107	61
334	154	106	57
334	152	107	60
336	153	104	58
332	153	109	57
334	152	110	58
332	154	108	55
331	151	113	60
333	148	111	62
334	150	106	60
333	150	109	58
334	149	108	60
334	150	108	58
333	146	109	63
334	148	106	60
335	147	104	60
332	148	111	60
333	148	110	59
332	147	108	60
332	147	110	59
332	145	112	60
333	144	107	61
334	142	106	68
333	144	108	62
333	141	106	63
334	142	111	60
332	140	108	63
334	142	107	58
332	140	109	61
333	142	109	59
331	138	111	62
334	140	108	58
332	136	110	63
334	139	106	58
332	137	110	60
331	137	108	61
332	136	111	62
331	136	111	61
332	136	107	59
331	133	111	63
331	134	109	61
332	135	108	60
330	134	109	61
331	134	109	60
330	133	111	62
330	134	108	59
329	133	112	59
330	132	109	61
329	131	111	61
331	131	107	59
329	131	111	60
328	131	113	60
329	130	109	63
330	129	109	65
329	131	107	60
330	132	107	60
329	135	107	55
328	134	106	57
330	135	106	56
328	133	109	60
328	135	109	58
328	137	107	56
328	136	104	59
328	137	104	58
327	139	106	57
326	139	106	58
325	139	110	60
326	140	108	61
326	139	108	65
326	142	105	59
325	141	106	61
325	142	109	61
324	145	110	57
324	145	108	57
325	146	108	56
324	146	110	59
325	145	109	59
324	149	109	54
325	149	108	54
324	149	111	56
324	149	110	54
325	152	109	52
325	151	110	55
324	151	112	56
324	152	111	57
325	150	111	58
325	152	110	57
323	153	115	56
325	153	111	57
326	153	110	58
326	154	111	56
325	154	111	56
323	154	118	58
327	154	111	58
326	154	115	59
325	154	116	59
326	156	112	57
326	156	112	57
326	156	114	60
326	157	116	57
326	158	116	57
327	162	114	54
324	161	117	56
327	163	113	53
329	165	110	51
329	166	112	50
329	168	111	48
331	168	113	49
330	166	114	51
332	167	111	52
332	169	113	49
333	170	110	48
335	169	109	51
336	170	108	49
336	170	109	50
337	171	108	49
337	170	110	50
338	171	107	50
338	170	107	52
339	171	106	50
340	170	106	51
340	172	106	48
339	171	110	50
341	169	108	52
340	170	110	51
342	169	111	51
342	170	110	50
342	166	113	54
343	167	111	53
344	168	110	52
344	170	110	48
344	168	112	50
344	167	112	51
346	168	110	49
347	166	108	50
347	164	108	53
346	164	112	54
345	164	114	54
347	165	112	52
346	164	113	53
345	161	116	55
349	162	114	55
346	161	116	55
347	161	117	55
346	161	114	55
347	161	118	54
346	161	118	55
346	160	119	56
349	161	118	56
347	159	117	57
347	159	121	59
346	159	118	56
348	160	121	54
346	160	120	56
349	159	120	57
347	161	120	54
348	160	118	54
349	160	119	54
349	160	119	55
349	159	118	54
346	160	121	53
347	160	122	54
347	159	121	56
345	157	125	58
345	157	128	57
345	157	128	58
346	157	125	57
345	157	130	58
347	156	124	59
346	156	128	59
346	155	124	59
344	154	130	61
344	157	128	57
346	158	127	55
344	156	129	59
344	155	128	59
344	155	126	59
346	158	126	56
347	159	122	54
345	157	127	57
345	157	127	57
346	158	125	55
345	159	127	53
346	158	125	56
348	157	122	57
346	157	126	58
346	157	127	57
345	157	129	57
346	156	126	58
344	156	129	57
346	156	126	58
345	156	128	57
345	156	128	57
346	157	125	57
346	156	127	58
346	157	126	55
345	157	126	56
348	157	122	57
347	159	123	54
348	159	124	54
346	158	127	57
348	156	121	58
347	156	124	58
345	156	126	58
347	157	124	57
346	158	126	55
347	158	124	57
345	156	126	60
346	155	124	61
348	156	119	58
347	158	122	56
349	158	119	55
347	157	121	57
346	157	125	57
346	155	122	61
351	155	114	58
348	156	121	57
349	156	116	57
348	157	120	56
345	155	124	59
346	156	121	57
347	156	120	58
349	156	115	58
347	157	119	56
344	157	124	56
344	154	123	61
348	155	117	58
346	155	117	57
350	154	111	58
349	155	112	57
345	155	118	58
345	154	118	59
343	155	119	58
347	155	114	57
348	155	113	57
349	157	109	54
353	157	102	54
353	156	102	56
351	157	105	55
351	157	104	54
347	157	111	54
347	155	111	57
350	154	106	59
349	157	105	56
348	155	108	58
345	157	110	55
346	157	108	54
345	156	110	55
347	157	105	55
344	156	110	56
343	156	109	56
342	157	110	56
343	159	108	51
342	158	109	53
343	158	104	53
341	159	110	52
341	157	108	54
341	156	110	54
339	158	110	52
339	158	110	52
338	157	112	54
336	157	115	53
338	157	109	53
336	157	110	54
335	155	112	56
335	156	111	54
334	157	110	52
335	156	106	52
334	156	107	53
331	157	116	52
331	156	121	54
330	156	120	54
331	156	115	54
330	154	119	57
330	154	118	56
330	154	115	55
329	157	115	51
329	154	112	53
328	153	117	55
328	154	115	53
328	154	112	53
326	154	117	55
327	154	117	53
327	153	116	53
327	154	114	53
326	155	119	51
323	156	123	51
325	156	120	50
324	157	122	51
324	156	123	52
323	155	123	54
325	155	123	54
324	157	122	52
322	156	126	53
322	156	124	54
323	156	122	53
322	153	123	58
322	154	123	56
322	154	123	56
323	153	121	55
323	155	122	52
324	153	113	55
322	155	120	52
321	153	122	55
323	152	118	56
323	153	117	54
323	154	115	52
322	151	116	56
322	152	117	55
322	153	116	53
319	153	121	54
321	154	119	53
322	155	119	51
317	153	128	54
321	152	123	57
323	153	120	56
322	154	124	55
324	154	121	55
321	153	127	58
322	155	128	56
321	153	130	59
323	152	126	61
323	152	127	63
323	154	127	57
322	153	127	59
324	154	126	57
323	154	127	58
324	154	125	57
323	154	127	57
323	154	124	56
325	154	120	57
323	153	124	59
324	151	118	59
325	152	113	57
325	154	112	54
325	154	112	54
324	155	120	56
325	153	117	57
326	153	114	58
325	156	119	54
327	156	114	54
327	156	111	54
327	156	112	55
328	155	109	55
328	158	105	51
327	155	110	55
328	156	105	54
328	154	107	56
328	154	108	55
327	154	110	55
329	153	101	56
327	154	108	53
329	155	101	52
328	153	104	55
327	154	108	53
328	156	104	50
327	154	108	51
326	154	112	52
328	154	108	51
328	153	108	52
329	154	105	51
328	154	107	49
327	153	110	52
330	154	101	50
330	153	102	51
329	152	106	53
327	153	105	50
327	152	110	52
327	152	109	52
326	153	109	49
327	151	110	54
325	151	109	52
326	150	108	54
324	152	111	47
326	151	109	51
325	152	110	48
325	153	110	45
326	153	110	46
326	152	110	48
329	153	106	48
328	151	108	51
328	153	108	47
328	152	110	49
326	150	111	53
330	151	105	50
328	153	107	48
328	151	109	49
326	150	109	50
332	148	107	53
330	148	105	52
329	150	106	48
328	150	107	48
328	149	107	48
327	149	108	49
327	149	110	49
327	147	108	51
327	147	109	51
326	147	108	51
328	147	107	52
329	148	105	50
328	147	105	52
328	147	106	51
328	148	105	50
326	149	107	48
329	146	103	51
328	146	104	52
328	146	102	51
326	146	107	50
326	145	106	51
325	144	109	52
325	143	108	53
328	143	104	52
326	143	105	54
329	143	102	52
326	144	106	52
324	142	110	53
327	142	104	53
326	144	105	54
327	143	102	52
327	145	104	50
326	145	104	52
328	145	101	52
327	145	104	52
327	143	105	54
327	145	103	53
326	145	104	53
325	145	105	54
324	145	107	54
324	146	108	54
324	148	106	51
323	146	109	54
322	148	112	54
325	147	110	54
322	148	110	54
324	147	109	55
324	148	110	54
325	148	107	54
327	149	106	54
326	149	106	55
326	149	107	54
328	148	106	54
329	148	103	55
332	149	101	54
333	148	96	54
330	148	102	57
334	146	91	58
338	147	85	52
338	148	86	55
338	146	83	55
339	145	81	57
339	144	80	57
342	146	76	55
341	145	77	55
342	143	74	58
342	143	75	58
348	144	68	56
345	145	69	55
347	145	67	55
347	143	66	57
346	143	68	56
351	145	61	55
354	146	57	54
353	144	57	56
350	146	62	53
348	145	63	53
350	144	62	56
348	145	65	54
349	144	63	55
352	144	59	56
359	145	51	54
350	141	59	59
349	142	61	57
350	142	60	57
352	144	58	56
352	143	58	56
348	142	61	56
349	142	60	57
349	142	59	57
350	142	59	57
350	141	59	60
350	142	57	58
350	142	56	59
350	141	56	60
353	143	51	58
352	144	51	57
354	140	47	62
355	139	45	65
356	138	44	65
358	141	40	62
359	140	37	62
360	137	36	66
362	136	32	69
365	137	28	67
366	138	26	67
370	139	22	65
372	136	23	71
372	139	25	66
373	139	25	66
375	141	24	63
377	136	25	68
379	135	25	68
379	134	25	69
383	138	23	65
385	139	21	65
388	140	21	63
390	141	20	61
392	143	20	59
395	142	20	61
362	141	27	64
368	140	32	65
362	143	41	59
359	143	49	60
358	143	52	61
355	145	61	58
353	146	68	56
351	144	72	59
350	145	72	57
349	144	74	59
350	145	74	56
348	143	78	61
348	144	79	57
346	145	84	56
343	144	88	59
344	146	88	54
343	145	89	57
344	145	88	55
343	147	89	53
342	145	92	56
342	147	92	53
340	146	96	55
339	145	98	57
340	145	96	57
340	145	98	57
337	142	103	60
338	144	99	59
338	146	98	55
339	144	100	58
338	144	99	58
338	141	101	61
337	145	101	55
336	143	104	56
336	143	103	57
338	142	103	59
335	143	105	58
336	143	104	58
338	145	99	55
337	144	103	57
338	144	102	56
337	144	103	58
337	145	102	54
338	145	101	55
338	145	100	55
338	146	101	55
337	146	99	54
337	146	101	53
335	145	105	55
335	145	105	56
337	146	105	54
336	145	104	56
337	145	103	56
334	144	106	57
336	148	101	53
335	147	105	54
336	145	105	56
335	145	105	56
334	146	104	55
335	146	105	55
335	146	105	53
335	144	108	56
334	144	108	56
334	143	107	57
335	143	107	57
333	141	109	59
333	143	109	57
335	143	107	57
332	142	112	58
335	143	105	57
337	142	108	58
334	143	106	56
334	142	109	58
334	142	110	60
333	143	107	58
333	142	111	60
334	143	109	59
335	144	110	59
335	144	106	62
333	143	110	64
335	142	108	67
336	142	106	70
335	142	106	72
335	141	107	73
334	138	110	78
332	141	111	74
332	139	113	77
330	142	115	76
331	142	114	71
329	140	116	76
331	139	113	78
328	141	118	76
331	142	112	75
331	143	111	75
330	141	115	76
330	142	114	77
331	141	111	76
327	142	116	76
327	144	116	74
327	140	119	78
329	144	114	75
330	136	113	83
327	139	119	81
325	143	119	75
329	144	114	73
325	141	120	78
330	139	115	81
327	137	118	83
329	139	116	82
331	135	112	86
331	131	113	90
331	122	113	102
328	125	115	97
328	123	115	101
328	123	114	101
329	131	112	91
332	128	113	94
331	135	110	86
330	126	113	93
331	121	111	102
331	119	109	103
328	123	113	99
332	125	109	97
331	124	110	99
331	119	108	105
334	122	103	101
336	121	101	101
331	118	105	103
329	120	106	102
332	121	102	100
333	119	101	102
337	120	95	101
329	117	104	104
331	116	101	106
333	116	100	103
332	119	99	101
335	120	95	100
335	119	96	103
338	117	93	103
339	116	92	105
342	118	89	103
338	120	95	102
338	119	93	102
345	118	85	105
348	119	82	104
333	120	97	102
336	118	95	102
342	119	86	102
350	118	76	105
360	120	62	104
363	120	58	101
364	120	55	102
363	121	56	102
365	121	52	100
364	121	54	100
363	121	56	101
362	122	56	100
362	121	58	100
363	123	55	98
365	122	52	99
364	121	53	103
364	121	54	100
363	122	55	99
362	121	56	102
363	121	53	101
362	124	56	97
365	120	51	101
362	123	56	101
363	122	56	99
362	121	58	103
364	123	54	99
363	122	57	102
364	122	54	100
363	123	57	103
364	123	54	100
364	121	54	104
362	122	56	101
363	123	56	100
364	123	54	100
362	123	57	102
364	122	53	101
362	121	57	104
364	120	53	102
364	123	53	102
364	122	53	101
364	124	54	99
364	124	55	97
364	122	55	100
365	122	52	99
364	122	53	101
364	121	51	102
364	123	53	100
363	123	54	98
363	120	55	103
363	121	53	101
362	121	56	101
364	122	54	98
363	124	54	98
363	121	54	100
363	121	52	99
364	122	52	98
362	120	54	100
362	121	55	99
363	122	53	97
364	121	51	97
363	121	53	97
365	121	50	95
364	121	51	95
362	122	55	94
363	126	52	86
363	125	54	86
363	127	52	83
362	131	54	77
361	128	56	82
361	133	56	76
360	133	59	74
360	134	60	75
361	134	57	72
360	134	56	68
362	135	51	66
361	134	53	67
361	133	54	70
360	134	60	71
361	135	55	63
360	136	56	63
360	134	55	62
361	136	54	61
358	136	59	57
358	136	60	64
357	137	64	60
356	141	67	60
357	144	69	63
358	147	69	67
354	144	79	59
357	149	77	70
359	151	73	73
359	149	71	71
361	152	70	72
362	149	66	66
360	153	69	67
359	151	72	59
358	153	71	58
356	154	73	50
354	156	81	38
353	156	78	39
350	156	85	38
351	154	82	44
350	153	85	43
346	154	91	42
349	151	87	45
352	151	80	46
346	149	88	51
336	151	99	46
329	149	112	52
329	155	117	46
327	161	130	41
322	152	135	46
326	159	131	42
326	156	128	39
327	154	122	40
325	152	129	43
325	151	129	45
328	147	127	51
326	147	129	51
326	146	131	52
325	146	131	53
325	153	136	47
322	147	133	54
325	147	131	55
323	148	135	55
323	149	132	54
323	150	133	55
324	150	128	56
324	150	130	56
325	149	128	58
326	150	127	58
326	150	127	58
325	150	129	60
327	151	125	58
329	148	123	64
327	151	128	58
327	151	126	62
325	150	128	60
323	150	131	62
325	153	121	58
324	150	127	64
324	153	127	60
321	154	132	59
323	151	128	62
321	149	131	64
327	158	128	56
327	146	126	66
324	155	129	59
326	161	127	51
325	151	126	61
327	160	126	51
328	156	125	57
327	155	128	58
329	151	124	63
328	158	126	55
331	162	123	52
331	149	121	65
329	160	123	54
330	158	123	55
329	156	124	58
329	154	125	60
329	154	122	60
329	150	123	64
330	151	122	64
329	148	123	67
331	153	118	62
330	148	121	66
329	155	123	61
329	150	124	64
330	155	123	62
331	151	121	65
330	150	123	67
329	152	125	64
328	149	125	68
328	150	125	66
327	153	127	64
332	153	123	63
334	153	120	66
332	155	121	64
332	157	122	62
332	156	119	63
334	156	116	64
335	156	114	64
339	154	108	67
338	156	109	64
337	156	111	65
333	157	117	64
337	157	110	65
338	158	110	63
334	158	115	64
338	160	110	61
337	159	113	64
336	160	115	61
337	159	111	63
337	160	112	62
334	159	117	62
338	159	111	61
335	160	114	63
338	158	111	61
336	158	111	64
341	157	105	65
335	158	113	62
340	157	106	65
336	157	110	65
338	157	108	64
336	156	112	65
337	157	110	63
337	157	110	65
338	157	109	64
337	158	110	63
337	158	110	63
337	159	111	63
340	154	107	68
336	155	111	66
336	155	112	66
336	155	113	67
340	156	107	64
340	154	105	68
340	157	106	64
342	156	103	65
343	155	103	67
352	154	95	69
353	153	93	70
351	144	97	79
365	148	89	76
337	147	102	88
328	150	105	100
271	83	106	108
260	101	121	114
279	95	147	114
268	104	169	97
271	106	193	105
271	111	223	121
283	110	227	150
292	126	221	194
291	116	240	203
303	111	236	236
320	111	215	254
330	95	205	278
340	95	205	274
353	105	192	254
357	106	193	246
364	103	189	248
367	105	193	240
370	112	190	230
374	113	190	225
387	115	178	218
398	114	175	217
360	110	226	213
389	114	196	207
410	107	166	216
421	121	157	205
421	121	160	198
430	127	150	198
429	123	155	199
431	128	160	191
434	132	159	186
441	134	152	185
448	133	146	187
452	131	147	189
457	140	149	178
455	138	156	175
462	141	147	169
465	140	144	168
467	140	145	166
468	138	146	164
467	137	152	164
462	133	157	166
469	137	150	158
475	139	139	155
475	136	141	156
472	136	142	153
475	141	138	147
477	139	136	147
476	141	140	142
478	142	133	141
478	146	135	138
479	142	129	141
484	148	120	141
480	151	129	133
482	150	121	136
477	155	124	129
478	150	118	134
477	155	116	133
475	151	114	134
475	153	111	130
475	153	105	127
470	156	108	124
470	157	106	121
470	156	103	124
465	157	107	119
464	155	105	122
461	159	107	115
463	157	99	114
460	151	101	121
459	155	99	117
454	155	101	113
452	155	101	116
453	154	98	117
448	157	101	115
453	157	92	113
446	155	96	117
452	155	86	118
452	160	83	110
449	160	82	111
445	158	84	115
447	161	79	112
439	159	83	112
442	159	78	113
441	160	76	110
440	159	72	111
439	160	69	109
437	163	65	102
436	164	61	101
430	159	67	104
430	158	62	105
427	160	62	102
426	160	58	100
408	162	63	102
405	160	75	101
368	157	101	110
360	151	107	119
355	148	113	125
355	149	110	120
357	152	105	121
359	149	99	124
357	152	103	119
359	151	99	121
357	153	98	119
360	157	91	114
360	156	89	115
360	153	87	119
360	147	85	125
357	146	84	125
358	148	84	122
355	127	87	131
360	132	78	141
360	139	77	131
362	124	71	148
358	133	78	139
359	135	80	137
359	135	78	132
360	139	77	133
359	121	77	152
360	136	77	137
357	143	82	131
361	146	75	129
352	130	84	143
340	146	99	122
348	145	93	128
337	143	101	130
344	144	95	129
343	145	95	125
333	141	108	128
334	144	108	125
332	144	110	125
331	144	111	124
329	143	111	126
324	141	119	129
317	142	124	125
320	141	120	129
317	141	125	129
317	140	126	130
320	139	122	133
339	142	96	129
342	142	94	128
341	143	94	128
342	142	93	129
341	145	95	128
340	141	95	131
339	141	98	127
341	144	96	129
340	143	99	126
341	145	95	127
345	144	91	125
342	144	96	126
342	147	95	128
344	145	92	125
341	146	97	127
342	143	96	127
340	146	98	125
340	142	98	129
342	144	97	124
341	146	98	124
344	146	94	125
349	143	87	129
352	148	84	124
347	145	91	125
347	147	91	126
350	148	86	122
340	147	98	123
350	150	87	122
345	147	90	122
352	152	84	120
351	150	85	121
347	147	88	126
350	147	87	123
348	151	90	122
353	147	83	123
345	151	93	119
351	151	85	120
354	152	82	120
351	148	85	121
345	150	93	121
347	150	91	122
343	147	95	125
349	153	89	118
345	150	92	120
352	152	86	121
344	151	93	119
352	153	86	119
349	149	87	123
346	154	92	120
336	150	104	123
342	151	97	123
341	156	97	117
332	156	107	115
329	156	113	115
326	155	117	117
323	155	121	107
317	156	114	88
311	160	114	69
313	163	125	65
318	162	124	66
308	167	120	59
316	159	125	69
307	164	119	61
317	155	122	78
307	163	136	86
299	161	132	68
308	163	135	65
298	160	136	68
307	167	150	73
294	161	150	70
315	160	140	68
318	173	127	75
306	163	145	81
299	158	146	72
313	167	157	84
308	157	144	78
307	165	139	98
296	160	154	103
302	156	146	110
300	157	152	105
298	156	153	84
298	168	150	97
291	159	158	110
283	159	167	89
318	152	140	105
317	155	140	80
299	170	157	89
302	162	149	83
314	156	137	82
295	174	152	86
290	165	157	88
275	170	172	67
313	161	149	71
311	158	152	78
310	162	141	74
307	158	146	78
297	172	146	88
304	174	134	66
318	166	147	72
328	159	132	83
336	159	123	80
349	157	99	86
364	154	82	89
370	157	73	80
371	160	71	78
372	163	71	73
371	165	72	72
372	165	73	71
373	162	71	77
373	161	72	75
374	162	70	74
373	163	71	73
375	163	71	73
376	161	68	78
376	160	70	78
377	160	69	75
376	158	70	81
379	159	66	80
377	160	69	78
380	162	67	73
376	160	70	80
378	156	69	87
377	159	70	85
377	161	69	85
379	162	65	93
377	159	64	114
377	157	65	119
374	153	70	123
374	151	72	126
374	149	70	127
374	152	71	127
371	154	74	124
371	150	74	129
369	152	76	128
369	152	76	127
369	155	77	125
365	154	81	125
367	154	78	122
367	156	78	117
365	156	83	118
367	157	80	117
369	157	78	115
368	160	77	112
365	157	84	115
366	158	81	117
366	159	80	114
364	155	86	116
364	157	87	116
362	157	89	116
364	158	87	112
364	157	85	116
364	158	86	117
367	157	79	114
365	158	81	112
365	158	83	113
364	156	84	116
367	158	80	112
368	157	80	115
365	160	83	112
365	159	85	111
366	157	83	110
367	161	81	111
367	159	82	110
367	159	82	109
368	161	81	106
366	160	83	109
365	160	86	108
367	159	83	107
367	160	86	106
368	160	80	110
369	159	81	107
369	159	81	109
369	158	82	110
370	157	82	114
367	156	85	112
370	156	82	114
369	157	82	114
375	154	74	119
373	153	77	117
376	157	74	115
373	155	77	114
377	156	73	115
377	155	74	115
377	154	76	118
379	154	74	115
382	158	73	111
383	157	74	113
385	156	73	114
387	156	73	115
388	156	72	114
387	155	76	116
391	157	73	113
391	158	76	112
389	154	79	113
396	161	72	107
395	152	78	118
401	161	73	107
404	157	72	114
405	156	72	116
406	155	74	116
408	156	72	116
410	159	73	112
409	155	72	115
414	157	70	117
413	156	70	118
415	156	71	119
416	159	70	114
416	155	69	118
418	158	68	116
419	161	67	112
418	159	68	113
419	160	68	112
418	159	70	113
418	157	73	115
419	155	72	119
419	161	70	110
417	158	69	114
418	158	70	113
416	157	74	113
418	161	73	110
419	160	69	112
417	157	72	113
417	163	70	107
415	161	72	109
414	159	74	111
414	160	74	111
413	157	74	112
414	161	74	109
415	156	72	117
414	155	73	114
415	159	71	112
414	156	71	115
414	158	71	111
411	156	71	113
413	156	70	116
413	158	69	112
415	154	68	119
413	153	69	118
410	154	72	118
412	155	71	118
411	156	71	113
412	157	71	114
411	158	69	112
411	157	68	114
411	158	69	113
411	155	71	116
412	154	69	117
411	154	71	117
412	155	68	116
411	154	69	116
410	155	71	115
409	157	72	112
409	156	69	113
409	156	71	114
409	157	72	114
409	158	71	111
408	155	76	115
407	159	74	110
407	158	76	112
409	160	75	108
406	158	78	110
408	157	74	111
410	157	72	113
409	158	73	110
408	156	74	113
410	160	74	109
408	156	76	113
409	160	76	110
410	162	74	107
410	161	73	108
411	158	73	112
410	161	72	108
410	158	73	112
411	155	74	116
410	156	74	115
412	159	74	113
412	155	74	118
410	156	76	115
410	154	74	116
412	154	73	119
414	156	72	118
412	155	73	116
414	156	73	119
413	155	73	118
414	156	74	119
415	157	73	115
415	153	72	119
416	153	75	122
418	158	72	115
418	157	72	118
414	155	78	118
417	156	77	118
416	158	79	117
417	161	75	114
416	157	77	118
419	157	73	118
419	154	75	122
420	156	74	119
419	153	75	124
421	155	71	121
419	161	75	114
421	155	70	121
418	154	75	121
418	158	75	119
418	156	75	117
417	158	77	118
416	153	75	121
415	154	78	121
410	152	83	120
414	160	79	116
413	154	77	121
411	157	80	119
410	155	81	121
409	153	79	124
411	152	79	123
414	156	74	121
410	154	79	121
410	154	79	121
410	154	77	121
411	154	77	121
410	156	79	119
409	156	78	119
407	156	83	119
410	154	78	122
409	155	78	122
408	154	77	119
405	156	83	119
408	154	79	122
409	156	78	121
409	158	76	118
410	159	75	117
404	159	80	115
408	158	79	117
409	156	75	122
409	158	75	117
405	152	81	125
404	151	82	125
407	158	79	118
406	153	80	124
406	153	80	120
408	155	77	123
406	149	80	124
409	156	76	121
406	152	78	121
403	153	83	125
400	151	88	122
404	157	84	125
406	155	78	120
403	156	83	118
406	151	80	124
408	156	78	120
409	153	77	124
408	153	78	122
406	155	78	120
405	157	82	120
406	156	78	119
405	154	83	119
403	149	84	126
406	155	81	118
407	154	79	121
408	153	77	122
407	152	79	121
406	152	81	118
410	149	75	123
409	153	78	117
410	150	77	123
411	155	74	116
410	151	76	119
410	152	76	116
407	152	79	117
412	154	74	115
408	156	79	114
414	154	70	116
414	152	70	120
413	152	71	120
413	155	71	116
413	151	70	120
413	153	69	119
411	153	72	116
410	152	71	119
412	157	67	113
409	154	70	117
408	155	70	117
408	152	70	118
407	154	68	118
406	154	68	120
405	154	68	120
404	150	67	123
406	153	63	123
404	151	65	124
400	150	67	125
400	149	64	125
398	149	64	128
399	155	62	118
396	155	63	121
390	156	68	118
389	156	69	117
384	154	72	119
388	155	66	117
382	154	72	118
384	155	69	116
384	153	67	119
382	146	70	125
383	153	68	118
381	148	69	124
382	150	66	122
381	148	66	124
383	150	61	121
382	147	62	124
381	148	63	124
380	145	64	128
380	151	65	122
376	147	70	124
376	151	69	120
378	149	67	123
374	154	72	116
375	151	71	120
369	153	78	116
374	153	74	119
374	154	72	118
372	153	76	118
373	153	74	119
373	154	73	117
369	152	79	119
372	153	75	119
371	155	77	115
372	155	76	116
374	153	75	119
374	156	77	116
373	158	78	113
372	154	83	117
373	155	83	119
375	159	80	113
375	159	80	114
372	157	85	114
374	159	87	114
373	158	85	114
373	160	91	113
376	158	86	113
377	160	86	112
375	159	90	114
377	159	88	112
378	161	87	114
380	157	87	116
379	159	90	115
379	160	96	115
382	160	91	115
383	162	91	113
385	162	90	113
387	162	89	114
389	165	88	112
389	165	90	111
391	163	86	113
392	168	91	107
392	163	90	111
393	160	89	115
395	158	83	115
395	161	98	109
396	167	105	87
395	180	110	73
400	195	106	55
390	175	107	75
398	191	115	67
395	188	119	70
404	198	112	55
392	181	118	76
402	197	119	62
389	171	125	89
388	179	141	84
398	188	130	76
405	201	131	60
389	186	140	75
402	201	134	62
391	180	132	83
399	197	141	67
382	166	136	86
395	182	141	84
405	199	135	63
388	180	138	78
399	186	143	78
387	195	156	67
387	202	159	59
368	177	169	80
394	175	149	90
397	179	147	86
403	199	141	65
400	208	148	53
387	183	148	71
400	200	147	64
400	208	148	56
384	187	160	80
398	204	151	62
401	212	145	52
385	191	153	73
402	204	142	61
380	177	141	84
384	166	139	103
388	153	138	120
399	151	128	122
400	157	128	117
403	143	95	131
415	164	113	121
402	158	141	116
406	179	136	101
405	174	122	103
403	159	123	117
401	148	107	128
419	168	119	124
406	156	125	122
402	144	104	130
408	159	97	117
409	150	90	126
409	148	89	128
426	168	99	125
415	158	90	120
409	151	85	126
409	153	90	122
410	147	86	117
425	167	105	115
406	161	124	115
404	153	115	124
407	144	96	134
424	162	106	134
410	151	106	130
409	145	89	135
408	138	88	143
409	148	88	128
409	147	92	130
407	144	92	135
409	149	90	131
408	147	92	134
409	145	88	136
409	138	90	142
409	151	88	126
409	150	87	128
408	149	93	129
406	147	95	131
408	145	95	133
408	147	96	131
406	142	94	134
407	144	95	134
409	146	93	133
411	149	87	130
408	141	91	135
408	146	93	132
407	143	94	135
409	146	90	132
408	148	93	128
408	145	94	131
406	151	105	125
404	148	99	129
407	158	107	120
408	161	112	116
406	155	109	122
402	161	121	116
403	153	109	123
401	155	124	120
401	162	120	114
404	159	113	115
400	157	116	123
404	157	106	118
400	158	110	123
401	157	110	121
393	153	120	125
396	155	111	124
399	158	103	125
394	152	107	131
391	157	109	124
390	162	108	117
384	154	116	127
384	146	113	134
385	155	111	124
386	162	108	118
384	159	106	118
379	154	112	128
378	149	111	128
374	158	114	122
372	156	117	122
372	159	115	118
369	160	114	118
365	155	119	125
368	152	113	124
363	152	117	124
357	154	124	122
357	155	121	121
353	151	118	123
353	157	119	117
350	156	118	120
347	156	119	118
344	153	122	120
340	154	122	120
338	155	123	119
339	158	117	118
333	152	125	121
329	153	126	119
324	157	133	117
323	157	133	112
319	159	131	113
320	159	128	110
314	153	134	119
313	155	130	114
312	157	133	116
308	158	135	115
309	154	131	119
306	157	132	113
301	152	136	117
296	151	143	123
299	147	134	120
298	158	136	113
311	156	134	114
299	146	135	123
291	158	142	114
308	155	132	115
296	153	140	117
288	153	143	118
284	152	146	120
281	150	151	122
282	150	151	123
275	150	155	124
272	158	158	117
294	157	143	111
284	157	147	112
274	157	158	117
275	152	159	123
268	156	165	117
272	151	159	124
267	159	166	118
266	150	170	126
263	158	174	118
266	157	170	120
264	153	169	125
267	152	169	124
262	152	172	128
264	155	170	124
264	150	174	128
266	153	169	126
265	149	169	131
263	152	173	127
266	154	171	127
266	149	171	132
266	153	170	124
263	152	175	127
267	154	169	124
270	155	167	124
268	154	170	125
264	152	175	128
263	156	173	125
260	150	180	133
269	158	172	123
270	157	169	123
270	157	171	125
270	150	171	131
269	156	175	125
269	150	173	131
271	152	174	130
263	154	179	128
270	161	168	120
268	155	173	127
266	159	175	124
266	155	174	128
262	158	179	124
268	161	170	121
258	161	182	122
256	157	184	126
263	156	177	126
258	153	181	127
264	151	174	131
261	152	175	131
263	151	174	130
266	154	167	128
262	157	170	126
255	155	177	128
268	148	167	134
260	149	167	133
258	150	173	133
263	153	170	130
266	149	162	134
265	150	160	133
259	153	168	130
264	146	163	136
259	143	166	140
267	140	156	143
266	144	156	138
263	144	162	139
264	143	156	139
264	146	160	136
266	149	155	133
265	142	159	139
265	141	154	141
270	141	149	142
272	140	145	141
273	141	144	141
273	143	144	138
275	145	138	136
275	149	139	132
276	140	138	141
279	141	132	141
280	144	133	139
279	152	131	126
279	143	133	140
279	148	130	132
283	145	126	141
281	145	125	136
283	145	127	136
285	140	124	141
281	142	130	141
292	139	122	141
283	134	130	146
289	136	123	142
288	138	125	141
289	138	122	142
286	142	125	137
289	145	121	137
287	136	123	145
286	136	126	146
292	138	119	142
288	139	120	142
295	138	113	141
287	141	119	141
290	138	119	144
288	133	118	150
294	138	113	143
291	135	115	147
292	133	116	145
290	138	118	148
293	136	112	145
285	140	123	146
294	132	114	153
297	129	108	154
292	144	112	142
289	135	115	148
297	142	109	145
300	138	103	143
301	139	99	147
294	140	109	147
297	136	104	153
310	142	93	150
313	146	88	142
314	144	85	144
315	140	83	148
314	148	87	139
317	150	81	137
317	151	80	137
316	152	83	135
315	150	85	138
317	151	81	139
319	150	82	143
317	156	82	133
318	151	84	139
316	152	83	138
319	153	82	135
315	156	88	131
316	151	88	137
316	153	88	135
316	151	88	133
314	153	93	133
314	154	93	132
317	160	87	122
314	158	94	126
322	157	80	129
322	160	80	123
321	160	83	120
320	158	85	122
323	158	81	122
323	165	81	117
321	160	83	119
323	157	80	122
324	157	81	125
322	159	85	120
324	163	84	118
325	157	81	121
321	159	91	121
320	161	97	124
322	155	91	124
324	159	88	121
