265	229	56	175
267	228	53	177
267	226	51	181
267	226	52	180
266	225	52	189
263	226	56	189
265	224	49	191
264	224	52	194
262	224	54	192
263	223	48	192
260	222	52	187
262	218	46	200
261	219	45	196
262	219	42	195
257	220	47	196
256	217	48	201
254	215	48	201
252	217	50	203
250	215	49	202
243	217	56	201
240	220	56	191
238	219	58	193
235	219	58	194
232	222	59	189
227	222	57	188
224	224	60	186
221	225	59	188
217	227	63	185
215	229	59	179
213	227	59	184
211	223	58	193
210	220	58	200
208	216	56	209
207	216	55	208
205	221	56	200
204	223	59	197
205	227	52	189
202	227	55	191
201	225	47	197
203	226	42	194
198	227	46	195
198	224	45	199
191	227	50	201
192	225	50	189
190	226	49	187
188	227	50	183
186	230	51	179
183	229	55	183
182	228	54	189
180	230	56	184
179	228	55	192
177	227	55	193
171	231	58	186
167	227	60	193
160	226	64	202
156	228	71	192
156	226	69	202
156	226	65	203
157	223	52	207
155	227	54	198
155	227	50	191
156	225	47	201
152	225	50	198
154	226	47	193
153	225	44	193
152	229	44	183
151	226	44	195
152	226	43	194
152	228	41	186
151	231	42	181
151	229	40	190
147	227	46	197
147	230	45	191
145	228	48	186
145	231	46	183
146	234	43	177
145	233	43	178
144	235	42	176
143	240	41	171
140	239	42	174
135	242	44	165
134	240	44	163
0	0	0	0
0	0	0	0
0	0	0	0
113	237	33	169
113	237	49	172
111	247	50	162
0	0	0	0
0	0	0	0
0	0	0	0
111	239	38	174
109	237	39	168
109	239	38	176
109	240	35	176
108	242	36	171
106	243	40	173
106	246	37	165
106	243	39	171
103	245	43	167
102	248	47	165
101	246	51	164
102	246	48	170
102	247	49	166
103	250	52	159
104	257	56	149
104	253	56	144
107	256	53	132
106	261	58	109
114	265	52	106
114	268	56	98
124	269	54	98
127	272	57	94
136	269	58	102
145	263	51	102
149	264	57	104
151	262	58	101
154	258	57	109
160	253	52	120
161	255	55	120
163	249	55	123
166	261	58	112
170	255	53	121
173	260	53	104
175	259	51	110
182	262	47	112
182	258	51	112
185	262	53	107
187	261	52	110
192	259	50	111
190	260	55	120
190	256	58	128
191	252	56	140
189	253	60	149
188	252	59	150
189	257	60	144
179	255	77	151
179	257	71	141
180	258	49	131
181	260	50	114
177	260	56	111
176	264	59	109
175	266	62	105
177	262	54	114
177	263	53	108
179	265	52	104
179	263	52	107
178	262	52	110
182	260	46	106
183	265	46	104
186	264	46	106
188	266	46	104
192	268	50	104
191	272	56	107
199	269	53	107
205	264	50	112
218	259	42	116
219	259	44	109
222	251	48	115
231	247	40	121
238	249	38	127
243	246	33	137
247	251	38	129
251	251	37	133
254	260	42	143
255	261	46	143
264	255	40	150
269	252	37	156
276	242	35	167
0	0	0	0
285	233	38	175
290	237	41	167
288	232	56	172
294	239	78	165
300	246	64	166
302	244	65	168
307	236	71	181
310	234	69	181
320	220	57	203
320	218	55	209
321	215	56	210
318	211	64	200
317	200	68	215
319	191	63	218
319	178	63	236
318	183	67	237
321	169	62	253
318	169	66	257
316	168	72	263
312	161	78	279
303	149	83	258
299	138	83	273
288	127	86	269
270	115	102	284
260	112	110	287
239	121	125	298
232	121	126	297
211	108	141	320
192	115	152	299
173	105	147	304
177	99	123	321
145	67	124	347
117	35	140	358
63	8	176	400
50	22	173	434
5	0	187	441
-6	-8	183	429
-18	-15	146	432
0	0	0	0
0	0	0	0
0	0	0	0
0	0	0	0
0	0	0	0
