1.942373
0.086409
0.096897
0.092749
0.084365
0.106541
0.101723
0.095890
0.123728
0.146863
0.124969
0.103105
0.092184
0.098138
0.107822
0.098367
0.096757
0.092330
0.095511
0.107024
0.190525
0.098125
0.090857
0.087925
0.091857
0.088498
0.088483
0.088678
0.088211
0.087920
0.088535
0.088787
0.088224
0.087588
0.087843
0.087512
0.088971
0.087602
0.087163
0.087052
0.198762
0.087431
0.089957
0.087488
0.088506
0.087602
0.090397
0.088712
0.089569
0.087983
0.088047
0.088708
0.088339
0.088516
0.088365
0.088403
0.087804
0.088291
0.087915
0.088604
0.202897
0.087660
0.087655
0.087792
0.087955
0.086946
0.088299
0.087680
0.093460
0.108197
0.088222
0.087254
0.087984
0.087978
0.087568
0.087837
0.087588
0.087122
0.088629
0.092546
0.201140
0.086462
0.087847
0.087481
0.088110
0.088340
0.087214
0.087162
0.087011
0.087443
0.086576
0.086708
0.086599
0.086191
0.087314
0.087097
0.086869
0.087441
0.086582
0.090111
0.201259
0.088453
0.089079
0.088086
0.087232
0.086150
0.087267
0.086600
0.087053
0.086748
0.087160
0.086067
0.086314
0.086405
0.085559
0.086452
0.085892
0.085859
0.086884
0.085532
0.058244
0.057905
0.058052
0.085452
0.057909
0.086028
0.085886
0.086206
0.086997
0.087336
0.085827
0.085555
0.086509
0.057771
0.057999
0.057722
0.058084
0.058261
0.058169
0.058315
0.057971
0.058345
0.057585
0.061155
0.057591
0.057992
0.057746
0.058085
0.057905
0.057929
0.057761
0.057915
0.085774
0.058571
0.058486
0.058601
0.058454
0.058380
0.058170
0.058327
0.058169
0.058346
0.058212
0.058413
0.058718
0.058110
0.058321
0.058671
0.058491
0.058546
0.058651
0.058882
0.058217
0.058347
0.058156
0.058341
0.086383
0.058008
0.057921
0.057906
0.058125
0.058017
0.058033
0.058167
0.058342
0.058192
0.058545
0.058965
0.058642
0.057941
0.057804
0.057908
0.058071
0.058686
0.058374
0.058723
0.058949
0.058357
0.058492
0.058174
0.199017
0.085831
0.086303
0.085332
0.085735
0.085727
0.059181
0.058202
0.058499
0.085362
0.057717
0.058146
0.058266
0.058026
0.057785
0.057914
0.057851
0.058114
0.058302
0.088132
0.058482
0.058232
0.058187
0.057588
0.057878
0.057665
0.057837
0.057732
0.057734
0.086321
0.057921
0.058188
0.058267
0.058115
0.058005
0.057955
0.058163
0.087015
0.058433
0.058507
0.058146
0.058323
0.058040
0.058247
0.058119
0.058015
0.057892
0.057995
0.058041
