0.522457
0.045257
0.044903
0.045850
0.045634
0.045588
0.045504
0.045175
0.045389
0.046193
0.045137
0.045476
0.046118
0.045195
0.045345
0.044835
0.044154
0.045525
0.044752
0.045747
0.073887
0.045953
0.046413
0.047419
0.045926
0.045132
0.044647
0.044831
0.045622
0.047836
0.047328
0.046979
0.046749
0.045654
0.049499
0.048741
0.045751
0.045888
0.047516
0.046387
0.083508
0.046390
0.045075
0.045050
0.045104
0.045952
0.045920
0.045920
0.045585
0.044432
0.044771
0.044074
0.043780
0.044190
0.043824
0.044168
0.044283
0.043945
0.044199
0.045097
0.082990
0.045849
0.047171
0.045112
0.045948
0.046046
0.047330
0.045170
0.046432
0.048755
0.049036
0.048952
0.047784
0.049625
0.049015
0.049308
0.050093
0.049323
0.048556
0.051094
0.085495
0.048467
0.050134
0.048221
0.048658
0.048870
0.047618
0.049454
0.048338
0.047915
0.048623
0.047819
0.047369
0.048180
0.047298
0.047110
0.047455
0.048896
0.047521
0.048814
0.089025
0.047625
0.048080
0.048320
0.049583
0.049675
0.053860
0.048526
0.049225
0.048793
0.049020
0.048520
0.049026
0.049217
0.048358
0.048185
0.057219
0.050657
0.048843
0.050180
0.098571
0.064039
0.063374
0.062329
0.050131
0.051394
0.060508
0.062736
0.054669
0.050398
0.052017
0.051587
0.079433
0.053663
0.069611
0.059536
0.058985
0.052419
0.052951
0.052196
0.097269
0.053875
0.056961
0.049545
0.047826
0.051013
0.039521
0.039051
0.050194
0.049342
0.049215
0.048692
0.048390
0.047419
0.046444
0.047834
0.046885
0.046956
0.046926
0.046418
0.080779
0.046728
0.047037
0.045416
0.049610
0.043062
0.042185
0.049155
0.051359
0.049033
0.048780
0.040784
0.051512
0.047481
0.048278
0.051672
0.050745
0.051120
0.052701
0.050929
0.076348
0.042356
0.050760
0.046948
0.045017
0.020488
