0.540452
0.043202
0.040856
0.046195
0.057025
0.045036
0.045813
0.047384
0.055280
0.046502
0.044458
0.055857
0.055177
0.051417
0.050299
0.051525
0.049008
0.048687
0.049728
0.104365
0.081829
0.050548
0.050099
0.056729
0.057157
0.047962
0.048548
0.058382
0.043935
0.058439
0.042723
0.043168
0.045759
0.049687
0.042271
0.043627
0.048603
0.056219
0.043964
0.044889
0.085849
0.044602
0.047946
0.043280
0.058124
0.044139
0.044766
0.047468
0.050971
0.052982
0.051649
0.052712
0.044211
0.043815
0.043933
0.043702
0.044714
0.044168
0.043621
0.043487
0.090791
0.042627
0.043779
0.042572
0.043969
0.043582
0.043068
0.042585
0.042534
0.042859
0.043254
0.043834
0.043004
0.043746
0.043155
0.043151
0.044357
0.043982
0.045038
0.050394
0.076907
0.042834
0.044799
0.043944
0.042381
0.044802
0.043568
0.042802
0.042789
0.043660
0.042869
0.042919
0.042532
0.043442
0.043764
0.043522
0.044080
0.042464
0.042958
0.041972
0.077066
0.044997
0.043052
0.043076
0.042581
0.044032
0.042418
0.042207
0.042395
0.043579
0.042067
0.050943
0.050790
0.044124
0.050983
0.052635
0.051258
0.049390
0.048040
0.049676
0.082549
0.050480
0.048852
0.049605
0.050225
0.048458
0.048626
0.048956
0.048103
0.047979
0.048599
0.048551
0.049313
0.048939
0.048806
0.048562
0.050113
0.050160
0.048189
0.049186
0.082214
0.047193
0.047514
0.049086
0.048331
0.050218
0.050123
0.048693
0.047760
0.048022
0.048128
0.047441
0.046687
0.045993
0.047256
0.047184
0.047321
0.047776
0.047431
0.047677
0.081305
0.048007
0.049991
0.048619
0.047822
0.046633
0.046307
0.047350
0.046627
0.047730
0.046515
0.047142
0.046246
0.046362
0.047360
0.046828
0.046756
0.045951
0.047608
0.049011
0.081535
0.048105
0.046338
0.046676
0.047997
0.047936
0.046853
0.046902
0.047315
0.048904
0.048970
0.049900
0.047902
0.048642
0.048576
0.047673
0.049410
0.048740
0.048249
0.047745
0.082304
0.048193
0.052181
0.049124
0.052772
0.049726
0.048603
0.047926
0.048339
0.048037
0.049231
0.049536
0.048356
0.047731
0.048623
0.048816
0.050104
0.048989
0.049915
0.041875
0.076869
0.042264
0.042495
0.042568
0.042810
0.043370
0.042479
0.042017
0.041777
0.042638
0.044624
0.043644
0.044102
0.044813
0.043836
0.043958
0.044131
0.045366
0.046507
0.049839
0.081845
0.047431
0.048113
0.044103
0.043688
0.048216
0.047766
0.047731
0.047307
0.048560
0.048534
0.042071
0.045661
0.046609
0.052948
0.049010
0.049356
0.049950
0.048768
0.048794
0.082823
0.050277
0.049047
0.048275
0.048774
0.053008
0.051927
0.048422
0.048207
0.047854
0.047039
0.048643
0.046465
0.046227
0.046240
0.046369
0.046222
0.047106
0.048795
0.046805
0.087216
0.070026
0.060000
0.064727
0.047988
0.046270
0.048738
0.048173
0.048842
0.058147
0.049255
0.047407
0.048490
0.053004
0.066303
0.067981
0.073236
0.070169
0.060279
0.059793
0.104638
0.054128
0.064645
0.053984
0.065163
0.050792
0.051430
0.048162
0.048760
0.049392
0.047725
0.052280
0.042923
0.045199
0.044860
0.044834
0.038973
0.050746
0.046038
0.042323
0.077000
0.041256
0.044891
0.045439
0.042995
0.042727
0.042545
0.043327
0.042328
0.052217
0.051148
0.049463
0.050378
0.049690
0.049484
0.042692
0.042917
0.042398
0.042250
0.042547
0.076230
0.050306
0.044012
0.042605
0.042536
0.049210
0.048881
0.050552
0.048467
0.047989
0.048996
0.047497
0.048546
0.048020
0.048077
0.047713
0.046932
0.045654
0.045733
0.046875
0.080599
0.047071
0.046977
0.047752
0.047355
0.048237
0.049434
0.046975
0.046446
0.050191
0.047339
0.047285
0.048115
0.047388
0.047260
0.047192
0.048854
0.047447
0.052800
0.049721
0.081879
0.048184
0.046843
0.048014
0.046435
0.046043
0.069290
0.083463
0.047292
0.047273
0.060836
0.047006
0.053585
0.046648
0.052618
0.061648
0.048182
0.049804
0.049263
0.049881
0.084939
0.053479
0.060512
0.056176
0.044707
0.042793
0.045038
0.048161
0.056314
0.051292
0.042776
0.050606
0.042619
0.051190
0.052569
0.050098
0.048764
0.048328
0.049049
0.048740
0.080437
0.055567
0.047551
0.052124
0.050935
0.047599
0.053217
0.046517
0.050857
0.082904
0.048250
0.046392
0.047204
0.049481
0.047473
0.048980
0.047287
0.047808
0.048705
0.048586
0.093020
0.050257
0.050302
0.051619
0.061137
0.054677
0.071383
0.043019
0.059024
0.046509
0.042418
0.044976
0.055038
0.050489
0.055418
0.076682
0.095272
0.047894
0.042623
0.043818
0.077515
0.042655
0.061026
0.064550
0.048620
0.047078
0.063253
0.053713
0.046646
0.061117
0.075884
0.084369
0.052098
0.044415
0.045114
0.056287
0.049378
0.049838
0.042842
0.042339
0.077326
0.051782
0.043729
0.050479
0.049454
0.050618
0.048953
0.050604
0.050453
0.050015
0.050125
0.049136
0.048083
0.048562
0.049835
0.048258
0.048985
0.048111
0.053192
0.049938
0.082326
0.048398
0.049087
0.048981
0.050053
0.052612
0.049439
0.051600
0.044356
0.043947
0.051500
0.054955
0.045078
0.044104
0.044308
0.044605
0.043866
0.044641
0.045335
0.044441
0.081587
0.044239
0.043664
0.042742
0.046937
0.045687
0.047163
0.042756
0.045691
0.043552
0.045011
0.047692
0.045682
0.041987
0.052743
0.043635
0.044378
0.042731
0.042623
0.042629
0.079548
0.043763
0.042680
0.042780
0.042012
0.042382
0.043015
0.042706
0.046879
0.072528
0.044636
0.045069
0.044306
0.044214
0.043643
0.043371
0.043385
0.044578
0.045812
0.043112
0.077694
0.044668
0.073834
0.053208
0.045635
0.046952
0.075316
0.065094
0.045514
0.043956
0.042830
0.042898
0.045238
0.051887
0.057287
0.049840
0.058889
0.056319
0.054284
0.070218
0.079773
0.057214
0.053473
0.047701
0.044343
0.051952
0.045794
0.044895
0.043211
0.043732
0.044389
