0.501772
0.042832
0.051456
0.051653
0.051209
0.043653
0.044816
0.043404
0.044646
0.045153
0.043779
0.043524
0.043189
0.041802
0.042341
0.041042
0.042393
0.043236
0.051596
0.043476
0.072874
0.042987
0.043201
0.042294
0.042252
0.042788
0.042497
0.043073
0.044522
0.043096
0.051240
0.049493
0.049200
0.046049
0.045027
0.044975
0.047901
0.046524
0.046045
0.045956
0.084244
0.050992
0.048639
0.026652
0.026903
0.026512
0.027226
0.027062
0.026916
0.026733
0.047353
0.046197
0.044844
0.045294
0.045368
0.045551
0.045635
0.046592
0.047082
0.052581
0.084012
0.051336
0.051022
0.049064
0.048988
0.048903
0.048681
0.048052
0.048570
0.050893
0.050414
0.051034
0.048684
0.049978
0.050308
0.048796
0.049245
0.050205
0.047000
0.048193
0.082408
0.092266
0.047008
0.047776
0.046577
0.024607
0.024560
0.025154
0.024678
0.044932
0.046026
0.046219
0.044290
0.044630
0.046228
0.047001
0.048629
0.049451
0.049495
0.042069
0.078706
0.041928
0.042060
0.049896
0.042167
0.042452
0.044067
0.042398
0.041562
0.042193
0.046385
0.042557
0.042380
0.042085
0.043170
0.042787
0.043180
0.043318
0.043975
0.042981
0.077828
0.044730
0.049573
0.041677
0.051067
0.049663
0.052759
0.050348
0.050403
0.048391
0.046809
0.045991
0.045624
0.046491
0.049181
0.050700
0.050901
0.048935
0.047000
0.047887
0.027237
0.026786
0.027418
0.027714
0.027284
0.026666
0.047817
0.047479
0.045749
0.046197
0.046544
0.048561
0.050283
0.048130
0.048201
0.047230
0.047142
0.047014
0.048569
0.049599
0.083516
0.049432
0.049001
0.048259
0.048817
0.047746
0.049172
0.048087
0.047549
0.047389
0.047443
0.046648
0.049944
0.046788
0.026043
0.024516
0.026116
0.024685
0.023140
0.021714
0.072298
0.038676
0.044324
0.043683
0.044877
0.045377
0.046587
0.046506
0.045792
0.045762
0.048885
0.047883
0.048128
0.047600
0.048420
0.063348
0.052552
0.048943
0.084522
0.070258
0.102018
0.050556
0.058485
0.054888
0.071319
0.068574
0.056679
0.063304
0.049910
0.053230
0.061970
0.047194
0.064538
0.053543
0.060104
0.048567
0.045452
0.024808
0.023439
0.025152
0.023340
0.028432
0.024585
0.034864
0.032092
0.026453
0.022558
0.022835
0.019376
0.021135
0.019509
0.021283
0.021655
0.021810
0.022182
