346	265	52	84
347	264	49	80
348	262	46	83
348	263	48	79
348	265	48	78
344	266	53	86
343	268	54	92
345	268	50	95
347	266	48	88
343	267	54	94
344	266	52	96
345	266	50	91
343	268	53	93
346	267	49	86
344	268	52	86
343	269	52	90
345	267	50	89
345	267	52	88
345	267	52	90
344	264	53	91
347	264	53	75
346	264	54	73
346	264	54	76
348	261	54	77
348	259	57	79
348	257	58	81
347	255	59	83
349	257	58	82
350	256	56	81
351	254	54	87
352	247	55	95
353	248	52	94
352	247	55	94
353	247	51	96
352	250	52	91
353	251	50	92
355	252	47	90
353	251	49	92
353	253	49	88
353	253	48	89
352	256	52	86
353	254	53	89
355	251	52	90
364	250	44	92
363	254	46	87
372	253	39	82
360	265	46	84
361	258	54	82
367	251	52	86
353	264	58	94
357	254	55	100
365	253	48	84
359	252	52	86
357	243	66	93
355	246	73	88
352	241	78	95
352	243	77	92
352	241	79	97
353	243	70	94
352	244	74	94
348	243	66	96
356	243	55	94
357	244	54	93
358	247	52	90
357	247	51	91
357	249	49	88
356	248	52	90
357	246	49	91
356	248	49	90
358	246	47	92
356	246	50	91
357	245	49	94
357	249	47	88
356	249	49	90
357	246	48	92
356	244	49	96
357	243	48	96
356	244	49	95
355	243	49	96
356	248	49	91
357	241	49	97
357	243	47	95
356	244	45	94
354	251	45	90
341	256	54	88
338	258	57	88
331	260	66	93
325	261	68	83
326	264	63	75
323	265	62	74
315	268	73	70
308	275	81	60
294	280	83	46
287	285	82	40
267	293	82	38
275	294	70	40
273	295	62	37
272	296	68	35
275	295	65	38
273	295	67	36
265	285	68	46
272	287	64	46
272	293	67	38
271	295	70	35
274	294	67	38
270	290	62	42
270	285	55	52
267	285	53	45
268	280	49	52
269	277	44	57
266	290	51	70
267	268	44	75
271	265	41	69
271	279	42	81
267	255	44	80
270	273	44	88
271	248	44	88
272	261	46	99
273	262	44	98
0	0	0	0
0	0	0	0
268	236	55	98
0	0	0	0
0	0	0	0
0	0	0	0
0	0	0	0
0	0	0	0
0	0	0	0
0	0	0	0
0	0	0	0
0	0	0	0
0	0	0	0
0	0	0	0
0	0	0	0
0	0	0	0
0	0	0	0
