0.511808
0.046041
0.042894
0.042238
0.045093
0.044917
0.043917
0.042345
0.044123
0.045577
0.043743
0.044110
0.045035
0.045635
0.042809
0.043352
0.043999
0.042335
0.043418
0.042655
0.071366
0.042850
0.043221
0.042328
0.042809
0.043051
0.043110
0.043068
0.044454
0.043522
0.042870
0.043113
0.043877
0.043426
0.044199
0.042173
0.040898
0.042879
0.042674
0.042186
0.078557
0.045058
0.042246
0.039877
0.042641
0.042380
0.042365
0.042685
0.044432
0.043556
0.043369
0.042777
0.043501
0.044685
0.047814
0.044706
0.043281
0.045466
0.042152
0.076158
0.096427
0.087162
0.063667
0.043133
0.042962
0.043558
0.042442
0.040479
0.045705
0.044961
0.038267
0.040115
0.037535
0.037436
0.038809
0.037725
0.037884
0.037705
0.037559
0.037797
0.071219
0.037626
0.037659
0.037776
0.042011
0.045407
0.043268
0.046373
0.064660
0.045161
0.064378
0.049448
0.065636
0.045999
0.044216
0.046906
0.056053
0.043760
0.044713
0.044913
0.077434
0.065465
0.045898
0.065417
0.045159
0.059775
0.045635
0.046635
0.043856
0.053540
0.046715
0.045667
0.046832
0.042759
0.042866
0.037689
0.038024
0.037776
0.038568
