0.525817
0.049399
0.048131
0.049340
0.049132
0.048141
0.048343
0.047634
0.049048
0.050067
0.047645
0.047284
0.046399
0.046518
0.046443
0.047300
0.047684
0.047043
0.046944
0.046952
0.075981
0.050153
0.046352
0.046053
0.046833
0.049553
0.045868
0.046918
0.045843
0.046025
0.045466
0.049529
0.046065
0.046556
0.046085
0.048290
0.047632
0.046634
0.045150
0.045132
0.079196
0.044641
0.044650
0.044595
0.044735
0.044492
0.043881
0.044394
0.048305
0.044787
0.044638
0.044259
0.045244
0.045072
0.044308
0.044931
0.047818
0.045623
0.045676
0.048394
0.079242
0.045880
0.046575
0.046688
0.047023
0.048071
0.048864
0.048708
0.047949
0.051262
0.050156
0.047826
0.048714
0.050014
0.049154
0.048661
0.048252
0.050508
0.049205
0.048914
0.083039
0.051053
0.049095
0.048787
0.048187
0.048134
0.049138
0.049128
0.049841
0.048351
0.049815
0.049160
0.048106
0.048449
0.049225
0.050493
0.049242
0.049325
0.048864
0.048811
0.082101
0.049134
0.047713
0.047233
0.048062
0.047657
0.047405
0.047883
0.048449
0.048155
0.047048
0.047410
0.048227
0.047320
0.047801
0.048318
0.046975
0.048692
0.047606
0.048390
0.081990
0.047076
0.048362
0.047035
0.047749
0.046576
0.046172
0.046150
0.047004
0.046978
0.047194
0.047975
0.045481
0.046503
0.046684
0.045932
0.045561
0.047962
0.046324
0.045570
0.079850
0.045335
0.044589
0.044345
0.044377
0.045338
0.049200
0.044402
0.045607
0.046196
0.045176
0.044989
0.046243
0.045828
0.045699
0.048874
0.046628
0.046076
0.046812
0.046417
0.081386
0.047672
0.047585
0.048661
0.048783
0.050623
0.049675
0.051286
0.042558
0.043517
0.046643
0.045010
0.044616
0.042776
0.042812
0.041744
0.045628
0.045174
0.045990
0.046663
0.075485
0.041694
0.041646
0.044675
0.045924
0.045405
0.044418
0.043863
0.044329
0.043345
0.043440
0.044454
0.042900
0.043279
0.043220
0.044950
0.043810
0.043938
0.043921
0.045076
0.080549
0.044206
0.044307
0.043601
0.044927
0.044724
0.045001
0.044588
0.046366
0.044783
0.051584
0.050245
0.046820
0.047757
0.047388
0.048345
0.048069
0.047750
0.048800
0.052790
0.080210
0.047918
0.047271
0.046745
0.046330
0.047028
0.047684
0.054029
0.046520
0.047603
0.047040
0.048375
0.047507
0.047095
0.041734
0.074535
0.048313
0.047633
0.047707
0.049770
0.083732
0.044074
0.042889
0.045531
0.043580
0.046968
0.053651
0.047755
0.045149
0.043710
0.043852
0.044458
0.043961
0.045166
0.046651
0.042020
0.041883
0.044314
0.049774
0.042586
0.076556
0.042695
0.045344
0.043746
0.041679
0.044168
0.044188
0.061713
0.040282
0.055406
0.041681
0.052452
0.066370
0.044849
0.044459
0.042659
0.049586
0.039317
0.049505
0.052459
0.087641
0.051520
0.052082
0.049534
0.042979
0.045909
0.054315
0.054839
0.042281
0.059531
0.044558
0.045559
0.044139
0.043327
