0.551631
0.043172
0.046384
0.042479
0.049249
0.041860
0.047910
0.054086
0.042351
0.052680
0.040110
0.048561
0.048732
0.044867
0.041834
0.040107
0.052221
0.047440
0.044524
0.049876
0.070528
0.043902
0.065630
0.046890
0.046394
0.049138
0.043470
0.041252
0.043527
0.057663
0.049474
0.043950
0.067769
0.049274
0.059657
0.053583
0.045511
0.053743
0.046645
0.047137
0.085531
0.046144
0.051967
0.054237
0.051633
0.053085
0.051040
0.051514
0.050492
0.051104
0.052032
0.056565
0.047827
0.054723
0.046186
0.049248
0.050483
0.050854
0.049941
0.051913
0.092373
0.049239
0.049077
0.051719
0.048177
0.026561
0.026596
0.048387
0.047156
0.025606
0.046206
0.045860
0.045993
0.047112
0.046961
0.048516
0.046919
0.047128
0.048020
0.049114
0.086044
0.047034
0.048488
0.047485
0.047350
0.047929
0.048040
0.048334
0.050521
0.051330
0.049465
0.051066
0.052019
0.050258
0.042482
0.042696
0.044097
0.042425
0.045165
0.043401
0.079916
0.042903
0.042653
0.042774
0.049362
0.048459
0.042985
0.048023
0.052859
0.049886
0.053047
0.049954
0.045617
0.042986
0.042390
0.043062
0.042872
0.042407
0.043553
0.042846
0.080139
0.049496
0.044645
0.044048
0.043266
0.050577
0.047008
0.048921
0.045699
0.044064
0.072825
0.050281
0.045604
0.046526
0.056329
0.050618
0.046234
0.044252
0.044723
0.044907
0.083497
0.045236
0.044858
0.068986
0.047181
0.044473
0.041491
0.041643
0.045326
0.044947
0.043679
0.043912
0.042884
0.042312
0.042834
0.042937
0.044169
0.042805
0.043770
0.045498
0.082707
0.042795
0.045023
0.045767
0.042406
0.048033
0.050515
0.051431
0.042015
0.042121
0.042665
0.041993
0.049081
0.050889
0.042036
0.041909
0.043414
0.047979
0.048675
0.051128
0.084932
0.047977
0.048755
0.048937
0.048017
0.048504
0.050297
0.049603
0.049287
0.050642
0.051022
0.042804
0.042802
0.042971
0.042151
0.042610
0.052314
0.044074
0.049926
0.045283
0.078347
0.044349
0.043280
0.043877
0.046082
0.044751
0.061140
0.046774
0.072486
0.055214
0.043485
0.064596
0.071535
0.043888
0.063051
0.048913
0.043736
0.051246
0.045420
0.049127
0.076150
0.041554
0.041980
0.044305
0.043914
0.041743
0.042595
0.048540
0.042198
0.042039
0.041371
0.041864
0.042150
0.042988
0.042478
0.045229
0.045409
0.043667
0.043747
0.045141
0.079133
0.045255
0.045165
0.044724
0.043322
0.044098
0.044768
0.043753
0.043641
0.044861
0.044556
0.044287
0.044986
0.045113
0.044539
0.047877
0.043772
0.044718
0.043830
0.045953
0.078794
0.043978
0.043257
0.042686
0.043963
0.043308
0.042728
0.043083
0.043368
0.045072
0.043475
0.043111
0.049868
0.043261
0.044828
0.038983
0.039593
0.037493
0.037411
0.040107
0.074241
0.040152
0.040029
0.040194
0.040085
0.040212
0.040456
0.040360
0.040586
0.040571
0.052922
0.051026
0.053986
0.077696
0.055797
0.072960
0.056189
0.052837
0.061118
0.044669
0.090587
0.061777
0.061600
0.051844
0.049695
0.072149
0.053691
0.071542
0.052135
0.051019
0.051918
0.060513
0.070409
0.061788
0.051744
0.049510
0.046847
0.047027
0.040043
0.041065
0.072828
0.040870
0.041692
0.044980
0.045957
0.041130
0.046154
0.045320
0.042238
0.054000
0.038781
0.042399
0.050836
0.038596
0.040594
0.051194
0.042357
0.040687
0.038965
0.045203
0.079356
0.044576
0.045198
0.041409
0.049314
0.039034
0.040073
0.046282
0.050519
0.039498
0.045725
0.046124
0.045474
0.045013
0.045576
0.045822
0.048882
0.045485
0.046703
0.047307
0.079535
0.046366
0.046454
0.047681
0.047616
0.047715
0.047063
0.047273
0.047082
0.047869
0.048519
0.049819
0.048542
0.047766
0.048320
0.049702
0.048326
0.049961
0.047939
0.048215
0.083667
0.049833
0.049720
0.049774
0.048944
0.049842
0.048836
0.050656
0.050715
0.042959
0.043064
0.043330
0.046188
0.043396
0.043587
0.043563
0.044451
0.043804
0.043174
0.042902
0.076797
0.042579
0.042863
0.044421
0.042774
0.042933
0.043155
0.043460
0.044112
0.042990
0.043466
0.043786
0.042625
0.043009
0.042396
0.043506
0.044339
0.044726
0.053245
0.052538
0.092143
0.043708
0.049975
0.050221
0.050990
0.051555
0.045041
0.043868
0.043710
0.044015
0.044894
0.043608
0.043849
0.044112
0.043647
0.043665
0.045216
0.043613
0.043725
0.043953
0.082201
0.044289
0.044063
0.047923
0.056143
0.063790
0.046984
0.048965
0.057869
0.050835
0.048476
0.053826
0.051361
0.056859
0.089270
0.060088
0.048592
0.059068
0.059419
