216	262	140	106
216	261	148	112
220	261	152	112
229	262	156	104
229	263	151	110
237	264	151	107
238	264	149	106
241	265	155	108
243	265	149	106
245	267	156	104
248	267	161	106
249	272	179	97
246	271	181	103
247	273	189	100
242	272	195	103
251	272	179	106
250	272	184	106
247	270	184	113
258	270	166	109
252	271	172	109
253	271	176	108
247	273	179	102
245	271	188	105
250	272	178	101
243	271	182	103
258	270	153	103
257	267	155	102
262	266	143	104
263	265	139	101
270	261	133	106
264	261	138	105
272	259	131	107
266	258	135	107
268	258	137	105
269	258	132	106
274	257	125	102
270	257	128	105
270	256	131	107
265	257	136	102
272	259	131	102
267	258	136	104
263	259	139	101
261	258	139	103
264	259	137	98
258	257	142	98
260	258	139	95
254	259	145	92
268	259	129	89
266	257	132	90
264	256	133	94
270	254	133	96
276	252	127	97
279	249	131	98
278	250	133	94
280	249	129	95
277	251	136	93
275	253	138	88
278	254	132	89
276	254	132	87
277	258	137	84
278	258	133	85
278	260	136	82
276	265	136	73
277	267	140	69
273	273	138	66
0	0	0	0
0	0	0	0
262	284	142	61
262	297	145	52
0	0	0	0
268	290	150	49
260	286	146	48
265	287	144	52
262	288	145	55
267	283	139	62
267	281	136	66
269	278	132	70
263	276	137	67
274	276	124	70
272	272	126	76
275	272	124	74
274	271	128	78
278	270	117	77
276	269	126	78
275	269	129	80
273	273	134	73
274	267	140	83
275	270	138	82
275	266	140	88
275	273	147	81
276	268	143	88
271	265	150	96
264	273	149	88
250	271	156	94
236	268	160	91
254	280	192	82
257	278	191	86
237	278	214	83
239	279	205	83
236	277	197	84
231	272	177	92
248	281	202	82
234	277	209	89
228	279	177	73
242	281	194	77
227	276	193	81
243	283	205	76
229	276	211	81
233	280	179	74
262	281	183	78
258	281	186	77
241	273	199	92
236	280	198	79
219	279	203	71
237	280	207	81
228	275	203	88
213	280	210	73
237	279	197	87
235	277	200	93
223	276	212	93
233	277	198	93
228	277	201	91
228	277	201	93
240	277	193	112
246	278	186	120
256	278	168	134
250	280	177	128
248	278	178	133
246	279	180	127
246	282	182	127
243	277	184	124
258	280	167	119
260	281	167	122
255	280	172	126
247	278	186	127
240	279	196	126
239	280	197	120
236	276	196	136
229	280	206	133
231	272	200	138
217	274	215	134
210	276	223	127
196	274	241	115
176	269	258	123
246	272	236	124
195	271	241	140
176	269	264	122
234	276	245	102
237	277	252	112
169	275	256	84
183	280	252	82
210	285	242	70
192	280	232	71
242	282	216	78
234	276	209	88
233	273	195	100
221	275	188	87
234	279	202	94
237	278	174	91
239	276	163	94
237	276	170	92
237	275	171	96
235	270	144	106
233	265	127	116
255	270	107	106
228	267	124	113
222	268	127	113
214	258	127	122
227	259	133	115
218	255	128	132
207	260	122	121
203	263	110	116
187	256	121	125
212	263	122	123
198	264	131	118
191	262	122	120
194	271	93	105
184	263	100	119
197	261	108	116
183	257	108	117
180	256	107	110
175	253	114	110
179	258	105	105
192	258	100	104
189	259	100	105
194	256	111	110
210	260	121	114
197	261	115	110
214	261	123	117
206	261	121	118
222	264	141	116
210	264	139	122
226	269	151	110
218	271	142	106
232	267	155	124
236	280	142	100
249	283	157	106
244	280	165	117
247	282	172	128
246	283	188	125
250	282	191	119
252	283	201	114
261	281	207	117
246	285	233	108
242	282	243	116
244	285	242	121
233	284	255	119
230	283	260	124
221	275	278	133
233	277	264	131
225	272	271	134
228	272	275	133
237	276	271	126
221	277	285	122
209	261	293	143
194	232	316	176
205	227	300	188
196	225	308	200
176	217	329	239
174	214	330	247
165	210	337	255
239	197	285	226
194	201	304	240
180	208	314	264
160	214	343	252
158	229	338	237
169	222	324	248
203	219	328	225
168	200	329	266
159	186	333	280
144	191	348	205
160	279	321	197
253	194	250	172
270	246	213	153
225	246	215	136
232	282	207	126
230	273	195	119
228	273	190	107
267	270	189	122
261	271	198	129
261	269	194	133
262	273	192	123
257	276	194	123
249	278	197	119
251	278	200	125
244	279	202	120
250	284	195	113
248	283	197	115
251	283	196	115
244	279	201	121
246	275	201	122
249	283	197	111
244	274	203	122
247	283	202	121
247	274	200	128
240	280	209	119
244	283	206	113
251	286	205	109
245	284	209	114
252	290	195	109
256	296	183	105
259	302	190	102
265	312	174	92
254	292	193	112
256	306	204	100
263	312	190	89
263	311	193	92
266	298	184	109
265	300	202	103
260	303	203	100
267	306	193	95
270	300	187	105
271	297	188	108
273	292	185	111
272	290	186	112
271	282	177	117
264	280	194	111
258	282	172	92
240	284	179	70
273	281	164	74
273	278	153	81
280	277	145	85
281	276	144	81
286	275	140	84
286	274	143	90
285	274	144	97
287	275	148	85
283	273	156	88
289	273	148	85
289	274	152	82
286	271	160	84
294	270	154	83
287	267	165	85
282	268	172	80
280	265	173	81
293	262	160	87
294	259	164	85
293	259	169	79
290	252	172	86
291	252	176	81
298	244	164	89
316	241	156	85
333	235	130	82
342	230	115	91
343	227	110	91
343	225	108	86
343	219	109	86
339	216	111	90
339	210	111	88
340	207	106	89
336	199	110	90
337	197	112	83
334	193	109	79
331	188	117	81
329	186	113	81
326	186	115	85
323	185	108	85
322	186	107	81
317	187	110	83
312	188	113	75
308	186	114	76
311	186	109	79
306	185	108	79
301	184	112	82
295	184	118	80
297	182	112	80
297	181	105	87
292	182	108	83
293	182	103	85
290	182	104	84
285	183	106	79
282	184	100	80
275	186	98	82
276	187	89	86
268	190	93	81
265	191	93	78
258	194	92	80
253	199	95	75
247	204	93	73
243	207	91	73
237	210	86	75
230	214	87	87
224	217	85	105
220	217	87	110
215	223	84	104
213	226	82	102
211	229	75	101
208	230	77	96
204	237	77	95
203	242	76	91
201	250	73	86
201	250	73	88
202	254	74	92
198	255	80	95
196	264	80	91
195	267	83	91
195	273	84	88
195	276	87	87
197	282	87	81
196	281	93	82
197	284	98	83
199	286	96	87
195	290	109	92
198	289	113	94
216	292	97	99
219	294	95	94
224	292	93	103
229	290	92	104
233	287	98	112
234	288	100	110
240	296	110	97
245	297	110	96
244	297	117	93
253	296	117	93
257	296	121	93
271	296	114	93
277	296	117	92
283	296	115	91
283	298	122	90
280	296	131	92
293	297	128	96
302	296	126	102
308	298	131	100
311	303	134	90
321	300	136	95
329	299	125	90
327	299	137	103
326	304	145	100
326	304	162	95
320	303	164	105
313	303	177	104
309	302	185	107
314	306	207	104
315	307	220	104
318	308	220	101
331	313	213	99
349	308	201	103
373	305	185	109
391	303	165	111
402	299	158	113
400	299	164	107
411	297	163	108
410	294	166	107
412	290	166	106
413	284	162	110
413	281	164	106
413	276	161	109
412	269	160	117
409	268	164	115
407	266	168	104
408	261	170	109
380	263	182	101
404	255	155	111
402	252	149	104
398	247	144	110
392	246	145	112
377	246	165	115
393	245	142	102
390	243	139	104
391	244	135	104
383	244	142	105
393	245	137	94
391	242	135	96
387	241	137	95
385	236	138	105
376	233	150	101
365	229	161	105
369	225	160	102
366	219	164	111
366	213	163	112
362	212	165	109
350	205	175	113
348	205	170	109
352	201	159	106
349	202	145	116
353	202	152	110
346	200	161	114
337	198	163	112
328	197	172	114
330	193	169	117
315	184	182	122
322	185	173	122
298	183	192	118
300	185	187	115
299	183	182	115
294	185	183	112
294	179	178	114
292	176	178	120
281	177	179	116
280	173	179	123
269	169	184	123
269	166	183	120
256	156	185	134
253	151	193	131
238	139	196	132
230	134	202	133
218	118	202	143
213	111	201	138
206	93	187	160
