307	131	98	129
304	130	95	128
296	131	90	127
292	131	84	124
277	133	87	123
274	133	81	126
264	136	79	127
257	137	86	133
249	138	83	136
246	142	78	135
237	148	77	128
234	150	72	126
231	156	68	129
228	162	71	132
228	167	69	127
226	177	72	123
226	181	70	123
225	189	70	126
225	192	69	120
226	199	64	127
224	199	62	125
223	203	64	120
225	206	59	122
224	208	62	123
227	211	61	118
226	215	67	117
227	218	70	114
226	222	80	109
227	225	79	109
230	228	76	108
231	229	77	107
231	232	74	109
231	230	75	113
230	234	73	110
228	233	75	113
228	233	72	110
228	236	73	106
228	239	69	102
228	240	67	104
229	242	65	105
227	243	66	106
226	244	65	101
227	247	64	100
226	247	62	99
228	249	60	101
228	248	60	98
229	249	59	97
230	247	60	100
233	246	57	99
235	242	56	101
235	239	60	101
238	236	57	102
239	235	56	101
242	229	56	114
241	228	61	115
242	226	68	114
243	229	68	108
250	227	70	109
256	224	66	112
264	223	65	108
263	219	74	114
269	217	76	120
274	217	74	120
279	214	77	121
282	214	79	121
285	213	84	123
285	210	92	128
295	207	87	132
298	205	89	131
306	204	90	126
312	204	88	125
319	197	94	133
322	195	93	130
335	193	94	132
339	190	94	134
348	191	97	131
351	188	97	130
363	189	95	132
368	189	91	135
375	190	96	129
375	190	95	123
382	190	97	125
391	193	95	125
401	193	92	126
401	192	95	129
407	191	93	131
409	192	92	129
409	192	98	128
409	192	95	125
406	193	102	130
403	189	106	126
407	192	95	126
404	191	103	121
402	189	104	127
398	186	113	128
404	182	103	129
405	175	104	129
407	172	101	127
407	171	103	124
414	163	99	126
413	159	98	122
417	152	92	121
417	148	93	120
416	144	91	120
416	141	92	118
414	141	90	118
411	138	94	119
410	134	89	118
405	134	94	116
403	136	92	115
391	135	91	113
384	132	98	121
377	133	94	118
371	134	95	119
357	135	101	117
356	139	92	111
343	137	94	112
338	139	95	112
331	141	89	112
325	143	93	112
319	144	91	112
319	147	86	110
310	150	89	109
308	152	89	109
301	155	89	110
299	157	86	109
294	159	78	112
290	161	78	113
285	167	74	110
280	171	78	107
273	178	75	111
271	181	74	106
267	191	67	103
264	190	68	105
259	194	68	112
256	198	66	109
251	208	68	110
248	212	69	118
244	220	66	112
240	225	69	108
241	230	64	115
240	237	63	116
239	248	58	109
239	250	61	111
239	256	58	116
239	262	58	109
242	268	55	116
242	271	58	116
243	281	62	117
244	281	61	121
247	285	62	122
248	287	66	119
253	287	68	121
257	287	66	119
266	285	69	117
271	284	72	119
287	284	69	119
291	281	77	118
305	279	77	121
314	276	79	122
329	276	84	122
335	272	87	129
353	266	88	136
358	261	91	139
367	256	98	143
375	262	102	134
389	258	101	141
392	247	108	150
389	219	120	176
387	213	138	190
393	210	147	199
381	210	162	196
385	211	165	194
386	208	162	200
388	208	164	197
387	216	162	187
388	210	160	196
388	212	159	192
387	210	158	194
385	210	164	194
383	210	165	197
379	205	165	201
391	206	154	195
381	204	152	204
388	201	137	213
387	201	134	214
390	204	128	204
377	201	129	197
379	204	118	196
372	197	108	201
370	194	101	207
364	193	99	206
362	193	99	206
358	193	95	208
353	191	97	211
349	191	97	209
342	193	100	201
335	192	102	206
331	193	103	213
313	194	116	210
309	189	115	212
295	194	119	207
287	200	123	195
274	196	131	202
255	200	149	192
231	207	165	187
237	206	154	177
212	223	150	160
214	217	144	162
185	254	104	135
198	252	81	133
188	254	79	126
182	254	80	128
176	253	77	131
169	250	82	140
164	252	77	135
161	254	76	129
157	255	73	133
157	254	72	131
154	259	69	119
149	257	73	133
152	259	69	125
151	255	68	130
153	255	69	135
153	255	69	137
158	253	70	136
160	252	69	136
162	254	76	121
160	255	82	116
168	252	79	128
171	252	80	128
180	254	74	125
186	254	74	118
191	253	76	111
195	253	76	116
205	252	79	116
213	251	84	118
220	250	86	121
232	247	100	133
240	246	101	132
249	242	107	140
257	235	102	144
272	210	95	168
276	204	101	183
284	199	103	187
285	200	106	184
292	198	107	182
290	201	116	178
282	200	130	178
289	199	126	180
282	197	141	185
295	194	130	191
284	200	145	182
274	197	158	183
284	197	180	187
272	191	166	191
257	197	181	186
277	184	186	210
270	192	169	193
286	190	170	198
275	188	175	201
280	187	177	213
287	186	169	192
288	189	172	208
299	186	167	218
301	189	175	211
295	185	178	224
303	186	182	220
295	183	188	225
307	184	183	221
310	186	165	218
315	181	166	227
319	177	158	225
320	177	160	224
316	175	158	215
317	172	155	219
322	165	143	219
318	169	146	206
321	169	133	195
316	168	135	187
311	172	142	167
312	170	135	166
306	165	122	163
300	162	127	159
292	156	129	159
279	148	132	160
276	143	127	157
262	143	135	158
257	141	133	155
245	136	142	165
241	134	140	159
229	138	122	150
227	138	110	153
220	141	102	149
