0.579687
0.042993
0.040195
0.037971
0.042364
0.041576
0.039250
0.040155
0.037762
0.044215
0.045187
0.040883
0.040126
0.040772
0.042398
0.045868
0.039901
0.038562
0.038851
0.038661
0.067844
0.041392
0.041786
0.045150
0.042639
0.042575
0.041985
0.048585
0.049376
0.048478
0.050592
0.045012
0.048145
0.046812
0.057022
0.045808
0.045511
0.043992
0.045355
0.044238
0.083236
0.042974
0.044524
0.042783
0.051022
0.046649
0.045296
0.045692
0.042204
0.042215
0.041976
0.050504
0.042575
0.050151
0.051062
0.050470
0.050451
0.050001
0.049769
0.048525
0.084189
0.049109
0.051181
0.050901
0.048697
0.049404
0.050498
0.048667
0.048413
0.048227
0.050071
0.049447
0.049683
0.048596
0.050945
0.049220
0.047907
0.045646
0.042467
0.046078
0.080693
0.051128
0.038967
0.039337
0.046269
0.040987
0.048288
0.048248
0.048020
0.047128
0.047144
0.048038
0.051680
0.050834
0.047333
0.048314
0.047564
0.047671
0.047800
0.047577
0.081325
0.048004
0.048161
0.048734
0.049156
0.048106
0.048354
0.047558
0.047776
0.048365
0.048533
0.048218
0.048087
0.048320
0.048491
0.048338
0.051198
0.049213
0.049545
0.051047
0.083847
0.048046
0.048468
0.048697
0.047671
0.047765
0.048680
0.048440
0.047873
0.050315
0.043305
0.050715
0.047614
0.050557
0.048633
0.048700
0.048366
0.049866
0.047448
0.047410
0.082232
0.047401
0.048360
0.047620
0.048852
0.047258
0.047738
0.047290
0.047891
0.049559
0.047167
0.047255
0.047000
0.046863
0.047545
0.047407
0.047303
0.047089
0.047304
0.046703
0.080788
0.046543
0.046146
0.046576
0.046855
0.046429
0.047128
0.047797
0.046643
0.046576
0.047798
0.046719
0.047010
0.046345
0.047014
0.046633
0.046462
0.046220
0.050973
0.047061
0.080115
0.046761
0.045829
0.046304
0.046286
0.046239
0.046336
0.047020
0.046447
0.046733
0.048862
0.046472
0.046344
0.052321
0.050395
0.047143
0.049488
0.048202
0.046246
0.046859
0.081326
0.046512
0.047421
0.050260
0.046529
0.047377
0.047602
0.046993
0.047258
0.047037
0.047055
0.046666
0.046792
0.046638
0.047143
0.047964
0.051068
0.047976
0.047088
0.047698
0.081827
0.042189
0.046992
0.047130
0.048220
0.054686
0.047541
0.048239
0.047934
0.048439
0.048067
0.048404
0.048496
0.049325
0.051949
0.050022
0.051750
0.049289
0.048804
0.048913
0.084119
0.049508
0.049286
0.050433
0.048462
0.048995
0.048939
0.048591
0.048649
0.048759
0.049627
0.048166
0.048682
0.048410
0.047933
0.049374
0.048758
0.048254
0.049156
0.048761
0.082285
0.048833
0.049628
0.050010
0.048014
0.049692
0.047586
0.048389
0.048021
0.047820
0.047675
0.046938
0.046354
0.046616
0.046969
0.047496
0.045882
0.046894
0.045827
0.046349
0.080515
0.046366
0.049323
0.046473
0.046571
0.047788
0.051285
0.047078
0.046960
0.047527
0.047600
0.047393
0.047529
0.046928
0.048266
0.048816
0.048783
0.049022
0.049376
0.050078
0.084444
0.050135
0.050947
0.050357
0.043525
0.041822
0.042236
0.042060
0.042304
0.043113
0.042435
0.043922
0.042713
0.042546
0.042371
0.042417
0.042652
0.044309
