0.531269
0.047968
0.049245
0.048883
0.050437
0.049045
0.049052
0.049008
0.049940
0.049807
0.048954
0.050043
0.047926
0.047473
0.047020
0.046023
0.046984
0.045871
0.046807
0.050979
0.082955
0.046874
0.046162
0.046098
0.046105
0.046617
0.046848
0.044960
0.044514
0.045838
0.045260
0.044409
0.044342
0.044272
0.022942
0.024391
0.024071
0.044071
0.023056
0.022745
0.022939
0.022678
0.023075
0.022881
0.024017
0.023229
0.022894
0.022827
0.022872
0.023015
0.022879
0.023253
0.022577
0.022716
0.022914
0.022685
0.043607
0.045808
0.044321
0.044860
0.084893
0.045019
0.045179
0.045876
0.045320
0.045079
0.045742
0.045692
0.044834
0.045566
0.045749
0.045422
0.045973
0.045552
0.045822
0.045739
0.045606
0.044860
0.044657
0.045677
0.085167
0.046225
0.045352
0.045775
0.045267
0.045237
0.045512
0.047923
0.045506
0.046273
0.047293
0.046877
0.046842
0.047825
0.046488
0.046994
0.046537
0.047281
0.047277
0.049233
0.090136
0.046687
0.046011
0.046709
0.047192
0.046368
0.046905
0.049758
0.048153
0.049498
0.048368
0.048604
0.048908
0.046901
0.047745
0.049085
0.047640
0.048001
0.049229
0.051986
0.081367
0.047804
0.051111
0.048471
0.048121
0.048641
0.048778
0.049105
0.051488
0.051406
0.050606
0.051619
0.049324
0.068118
0.044041
0.050005
0.073770
0.063468
0.084759
0.066896
0.089698
0.060983
0.060441
0.073540
0.061630
0.048410
0.045294
0.045189
0.061056
0.048188
0.057116
0.044781
0.044252
0.051269
0.046654
0.059597
0.053899
0.052252
0.059591
0.049620
0.079437
0.039913
0.038703
0.039249
0.043357
0.042944
0.042718
0.042903
0.058564
0.042624
0.042884
0.042778
0.042839
0.042275
0.043175
0.043263
