325	209	121	90
319	211	129	88
320	204	130	95
324	198	123	106
318	200	130	97
319	200	130	102
320	205	131	94
316	205	142	98
318	202	132	96
317	204	133	94
319	208	132	89
319	209	131	85
321	212	121	87
323	208	113	88
329	207	92	87
330	196	83	102
336	197	79	104
335	204	82	94
337	200	82	94
336	203	83	96
336	204	84	92
340	203	79	93
346	201	72	97
344	198	70	97
343	203	70	101
348	196	58	98
347	200	54	97
350	203	48	93
352	201	43	94
355	206	39	93
358	205	35	89
360	208	32	91
358	205	35	92
361	205	30	94
0	0	0	0
0	0	0	0
0	0	0	0
294	204	39	95
0	0	0	0
0	0	0	0
0	0	0	0
0	0	0	0
0	0	0	0
0	0	0	0
0	0	0	0
0	0	0	0
0	0	0	0
0	0	0	0
0	0	0	0
0	0	0	0
0	0	0	0
0	0	0	0
0	0	0	0
0	0	0	0
0	0	0	0
0	0	0	0
289	202	55	101
346	208	40	92
345	211	42	91
340	209	46	92
330	205	55	95
327	207	57	93
326	203	59	94
327	202	54	98
325	201	53	96
332	201	52	99
330	203	54	100
333	202	54	97
332	204	54	101
331	202	63	96
333	210	57	94
332	203	61	99
332	203	59	96
331	208	60	92
327	208	66	92
325	209	65	93
332	207	54	92
329	211	58	93
327	214	60	88
328	207	58	91
326	208	60	94
324	212	63	88
324	212	65	87
323	211	62	91
320	211	62	94
324	207	63	95
321	206	68	95
324	204	63	94
320	203	72	97
325	203	66	97
318	193	72	105
320	200	73	107
318	204	77	100
322	210	76	92
321	212	78	90
316	213	82	88
310	216	89	86
303	223	95	82
302	216	95	90
300	212	99	97
308	212	87	92
308	219	87	81
308	216	87	85
308	216	86	83
306	218	88	83
297	215	99	86
284	209	113	87
292	210	105	89
294	207	99	89
287	201	104	95
279	208	115	86
281	200	92	100
295	201	77	98
292	195	85	107
286	201	95	100
289	206	91	92
289	202	90	98
289	198	89	101
281	202	99	97
267	207	113	93
267	207	114	94
269	201	108	101
267	204	110	98
269	202	106	99
268	203	107	99
275	199	99	102
275	196	96	108
265	191	107	112
260	189	110	114
259	188	109	116
248	185	121	119
252	202	114	99
246	201	125	100
245	189	124	120
260	187	108	117
249	185	119	119
264	183	106	121
263	190	105	112
263	196	103	107
255	198	110	104
263	194	101	110
259	187	105	116
249	189	115	118
237	188	127	115
221	192	145	114
220	188	141	117
208	187	154	122
203	184	154	124
188	174	176	136
187	175	157	129
188	165	141	138
184	172	134	132
190	171	120	136
192	171	116	135
200	182	110	129
206	181	102	126
218	185	90	122
216	189	94	117
204	185	104	123
192	175	116	133
185	175	127	134
188	183	122	126
185	177	124	133
178	179	132	132
174	178	139	135
177	178	135	137
173	179	138	133
172	175	139	135
161	187	148	129
158	187	154	121
159	184	155	130
164	187	150	128
164	185	145	122
149	182	166	129
153	195	165	122
151	188	162	119
