0.647696
0.047675
0.045919
0.042387
0.043238
0.041733
0.046171
0.039548
0.039951
0.039362
0.042172
0.063496
0.056939
0.048369
0.043911
0.064847
0.049556
0.041817
0.041800
0.041956
0.068351
0.042122
0.044339
0.054602
0.055299
0.046079
0.046931
0.049092
0.043178
0.043500
0.042937
0.044841
0.045773
0.043355
0.048645
0.065911
0.051276
0.045125
0.047037
0.043448
0.089002
0.046022
0.049158
0.063071
0.050319
0.062710
0.055226
0.048975
0.055799
0.045128
0.042525
0.041116
0.040649
0.039894
0.076830
0.093879
0.072252
0.050599
0.049744
0.045501
0.078484
0.039220
0.050215
0.049676
0.049339
0.050574
0.050759
0.042494
0.054250
0.074068
0.046306
0.065309
0.104585
0.098111
0.062680
0.050941
0.056960
0.060592
0.048732
0.048969
0.093394
0.063990
0.046396
0.057556
0.061969
0.057080
0.065374
0.080980
0.131035
0.054415
0.075523
0.072245
0.061977
0.075719
0.098800
0.056235
0.054563
0.042140
0.049715
0.043187
0.078451
0.040968
0.057201
0.051784
0.054933
0.056317
0.049986
0.050697
0.048567
0.062307
0.101986
0.050563
0.053699
0.085917
0.046979
0.058501
0.057146
0.052151
0.052971
0.043878
0.075983
0.052411
0.049832
0.043096
0.043956
0.042364
0.042754
0.044107
0.045810
0.045932
0.048242
0.045537
0.044927
0.042402
0.042547
0.042928
0.042554
0.042772
0.042777
0.043943
0.076511
0.042888
0.042658
0.042290
0.042105
0.046350
0.053166
0.042084
0.049327
0.049610
0.058726
0.043835
0.052846
0.048320
0.049033
0.055595
0.087083
0.081138
0.049995
0.079766
0.057694
0.044460
0.067065
0.072391
0.064102
0.056098
0.053459
0.051107
0.049388
0.042226
0.048030
0.048747
0.051890
0.047696
0.058127
0.069532
0.060312
0.048603
0.051820
0.068489
0.070261
0.074241
0.060191
0.061277
0.103087
0.044164
0.044860
0.055327
0.060838
0.054983
0.057276
0.048626
0.043334
0.049774
0.046375
0.071789
0.043172
0.046477
0.044360
0.043058
0.078957
0.044956
0.043602
0.044813
0.043432
0.041569
0.042466
0.041816
0.053866
0.051405
0.042631
0.043571
0.042509
0.073602
