0.544533
0.044153
0.045790
0.045166
0.043609
0.046199
0.046576
0.047176
0.046880
0.046495
0.047267
0.047444
0.046650
0.047321
0.046645
0.046654
0.045666
0.046223
0.051197
0.046364
0.072418
0.045139
0.044949
0.044839
0.045057
0.044661
0.044294
0.044688
0.043509
0.044612
0.043683
0.043941
0.043761
0.045890
0.046116
0.045929
0.043239
0.045202
0.042959
0.042451
0.026038
0.022087
0.021880
0.022547
0.022101
0.022236
0.022264
0.022294
0.022271
0.022158
0.021854
0.022234
0.022646
0.021999
0.021920
0.021855
0.022380
0.021949
0.022226
0.022104
0.022738
0.022381
0.022156
0.022588
0.022155
0.022002
0.021871
0.022008
0.021758
0.022100
0.022107
0.042322
0.042394
0.022632
0.022128
0.022828
0.043087
0.043118
0.043342
0.043921
0.077408
0.043458
0.044297
0.044527
0.045290
0.044285
0.045861
0.045050
0.045831
0.045950
0.046671
0.046879
0.046257
0.046950
0.046163
0.045929
0.045907
0.045818
0.046160
0.045731
0.080678
0.049069
0.046664
0.046271
0.046860
0.047883
0.048401
0.047690
0.047563
0.048208
0.048538
0.048765
0.048504
0.048456
0.049100
0.049768
0.049643
0.050071
0.049936
0.050112
0.083173
0.046296
0.051120
0.042688
0.042101
0.044411
0.050275
0.044717
0.046104
0.043333
0.042866
0.043663
0.049879
0.043928
0.042321
0.042085
0.042239
0.042693
0.043772
0.043852
0.076216
0.043445
0.049055
0.049370
0.050030
0.043434
0.049749
0.049934
0.049802
0.050100
0.051317
0.049902
0.050038
0.049509
0.050467
0.051245
0.049744
0.049475
0.050400
0.042810
0.076695
0.042472
0.054196
0.043163
0.041812
0.049250
0.042086
0.042852
0.042516
0.043769
0.043186
0.042973
0.042546
0.042677
0.047732
0.042931
0.055927
0.043649
0.043752
0.043586
0.078561
0.043176
0.043259
0.043238
0.050314
0.045409
0.048496
0.038752
0.040504
0.041468
0.048336
0.041979
0.044274
0.043039
0.044007
0.044682
0.044878
0.043200
0.047478
0.062705
0.081012
0.047236
0.043175
0.043926
0.050405
0.044372
0.109667
0.048656
0.052883
0.048051
0.048235
0.044450
0.043682
0.044967
0.045110
0.044136
0.044676
0.051283
0.046398
0.045502
