85	226	70	214
92	228	65	212
106	231	58	211
112	236	54	206
0	0	0	0
0	0	0	0
0	0	0	0
0	0	0	0
0	0	0	0
0	0	0	0
0	0	0	0
0	0	0	0
0	0	0	0
0	0	0	0
0	0	0	0
243	243	46	199
260	246	45	196
0	0	0	0
283	246	44	195
0	0	0	0
0	0	0	0
0	0	0	0
0	0	0	0
0	0	0	0
339	248	54	196
0	0	0	0
0	0	0	0
0	0	0	0
0	0	0	0
0	0	0	0
0	0	0	0
0	0	0	0
423	248	55	196
429	249	53	195
445	255	66	188
448	254	68	190
466	253	57	191
481	255	53	188
493	253	54	187
505	252	46	194
510	251	48	195
0	0	0	0
528	257	53	189
0	0	0	0
0	0	0	0
0	0	0	0
0	0	0	0
0	0	0	0
0	0	0	0
0	0	0	0
0	0	0	0
0	0	0	0
0	0	0	0
0	0	0	0
0	0	0	0
0	0	0	0
