1.923641
0.084835
0.084777
0.091154
0.089275
0.106289
0.100153
0.092954
0.096561
0.097926
0.062012
0.070144
0.062138
0.059981
0.061177
0.073817
0.063180
0.060628
0.060241
0.067692
0.060882
0.088897
0.094468
0.088291
0.088507
0.087660
0.088079
0.088349
0.087664
0.087652
0.088154
0.087504
0.088082
0.087681
0.088073
0.088626
0.089479
0.088505
0.088314
0.087962
0.190122
0.085152
0.086071
0.086787
0.085013
0.090507
0.087679
0.089314
0.086301
0.089807
0.088170
0.085448
0.088335
0.089083
0.086681
0.086478
0.089183
0.086749
0.086386
0.088095
0.202762
0.088870
0.088962
0.086811
0.082850
0.085394
0.087774
0.086879
0.087750
0.087880
0.086564
0.083967
0.088140
0.086428
0.087993
0.090913
0.085907
0.087236
0.089178
0.089661
0.199033
0.087910
0.089204
0.087494
0.091678
0.084272
0.085696
0.087518
0.086870
0.089774
0.088234
0.087385
0.087563
0.088048
0.082793
0.088646
0.083859
0.088440
0.087192
0.087602
0.205054
0.090463
0.087268
0.086541
0.086711
0.088450
0.088125
0.087862
0.088984
0.088240
0.087995
0.087347
0.086490
0.086370
0.086643
0.086379
0.089622
0.088670
0.149040
0.146880
0.196938
0.059305
0.059255
0.059442
0.059179
0.059077
0.059280
0.058833
0.058912
0.059132
0.058784
0.087407
0.059242
0.059269
0.059287
0.059516
0.059321
0.059294
0.059671
0.059567
0.059689
0.086838
0.059567
0.059619
0.059481
0.059715
0.059407
0.059272
0.059365
0.059622
0.087101
0.059282
0.059425
0.059329
0.059381
0.059430
0.062662
0.070062
0.063527
0.063839
0.059552
0.060184
0.059635
0.060463
0.059991
0.059632
0.059552
0.059680
0.059649
0.059699
0.059733
0.059618
0.059798
