501	272	52	190
496	273	52	192
494	273	52	191
491	273	52	184
489	274	52	186
485	274	52	189
482	274	54	182
480	273	47	187
476	272	47	189
472	271	35	185
0	0	0	0
0	0	0	0
0	0	0	0
0	0	0	0
0	0	0	0
0	0	0	0
0	0	0	0
0	0	0	0
0	0	0	0
0	0	0	0
0	0	0	0
429	268	46	192
425	270	48	190
417	269	50	190
413	267	52	194
406	270	52	190
401	270	53	185
394	270	52	187
388	268	51	182
385	267	51	189
383	267	51	184
381	267	47	180
377	265	44	185
373	263	47	193
367	263	50	194
365	265	48	189
360	266	51	190
358	267	49	190
353	265	50	193
351	264	48	193
346	263	48	183
343	264	47	174
339	261	45	177
335	260	47	176
325	262	55	180
324	261	52	189
319	259	53	191
318	258	51	198
313	257	54	192
314	258	49	188
306	257	54	192
305	259	52	195
298	259	56	195
296	260	55	193
292	260	53	188
290	255	52	192
286	251	49	188
275	250	59	177
270	247	59	194
268	249	58	194
263	245	59	195
263	247	55	191
256	244	57	196
252	244	58	189
249	244	56	194
247	244	54	191
244	243	52	194
239	243	55	188
234	245	53	193
229	247	55	183
223	249	54	176
223	248	51	184
213	251	58	178
210	253	56	175
203	259	59	179
202	260	56	171
195	265	53	186
190	256	58	191
182	252	58	191
180	244	57	194
175	235	59	192
174	229	59	192
178	212	55	198
177	212	56	201
165	231	58	203
161	238	57	197
161	247	58	204
160	252	57	201
144	270	58	206
136	278	56	198
133	278	54	189
136	262	53	201
149	240	54	194
158	230	52	195
166	220	54	203
161	221	59	206
157	223	57	196
155	230	56	181
154	237	55	177
159	234	60	186
168	229	59	196
186	228	58	197
194	230	57	192
210	231	57	190
215	233	57	186
216	239	56	196
217	243	51	180
214	247	54	176
213	242	54	188
211	237	51	180
207	236	51	184
199	235	49	178
198	236	45	166
187	235	47	164
182	235	50	174
176	233	50	175
174	233	49	173
170	231	50	176
166	231	51	183
174	230	38	163
176	232	36	157
0	0	0	0
0	0	0	0
0	0	0	0
0	0	0	0
0	0	0	0
0	0	0	0
0	0	0	0
0	0	0	0
0	0	0	0
0	0	0	0
129	204	42	154
0	0	0	0
0	0	0	0
0	0	0	0
0	0	0	0
0	0	0	0
0	0	0	0
0	0	0	0
0	0	0	0
0	0	0	0
318	279	44	142
0	0	0	0
0	0	0	0
0	0	0	0
0	0	0	0
0	0	0	0
0	0	0	0
0	0	0	0
0	0	0	0
450	162	52	132
0	0	0	0
0	0	0	0
0	0	0	0
0	0	0	0
0	0	0	0
0	0	0	0
0	0	0	0
0	0	0	0
0	0	0	0
0	0	0	0
0	0	0	0
0	0	0	0
0	0	0	0
0	0	0	0
0	0	0	0
0	0	0	0
0	0	0	0
0	0	0	0
0	0	0	0
0	0	0	0
0	0	0	0
0	0	0	0
