1.899515
0.091675
0.093442
0.092599
0.091899
0.091548
0.086882
0.090508
0.090970
0.091535
0.091926
0.091348
0.091039
0.091296
0.090486
0.091126
0.091172
0.089545
0.092448
0.091374
0.172777
0.092271
0.091829
0.091241
0.089737
0.089579
0.089601
0.090172
0.093756
0.094697
0.089822
0.092535
0.094180
0.092332
0.091736
0.090881
0.091048
0.090092
0.091126
0.093307
0.208318
0.099423
0.171659
0.167380
0.156787
0.155054
0.100903
0.168644
0.113271
0.103145
0.126338
0.183810
0.155767
0.110687
0.120871
0.094718
0.092485
0.144061
0.089107
0.150810
0.089431
0.148659
0.088986
0.092036
0.092358
0.151921
0.087787
0.148092
0.090940
0.087581
0.063437
0.063396
0.063473
0.063044
0.063321
0.090653
0.091422
0.089798
0.092505
0.090057
0.202726
0.094994
0.092337
0.090359
0.089885
0.094246
0.090459
0.089469
0.089638
0.089459
0.092950
0.089351
0.088960
0.089834
0.089101
0.089692
0.087412
0.090870
0.089278
0.089424
0.204599
0.089353
0.090681
0.089762
0.090274
0.087406
0.092291
0.086611
0.086321
0.089208
0.086514
0.085833
0.087759
0.088939
0.088646
0.089306
0.090201
0.087554
0.086071
0.088342
0.200408
0.088241
0.087562
0.088500
0.087587
0.086193
0.090397
0.089130
0.087248
0.089015
0.087072
0.088983
0.085758
0.088583
0.088702
0.089110
0.086584
0.091422
0.089203
0.084313
0.201297
0.087923
0.139360
0.110817
0.111876
0.134386
0.086601
0.090405
0.087566
0.087363
0.089226
0.086444
0.087297
0.087984
0.089085
0.087419
0.088086
0.086749
0.087504
0.087024
0.202045
0.087761
0.087094
0.087565
0.086627
0.086925
0.087908
0.087834
0.086796
0.087154
0.087198
0.087458
0.087120
0.088867
0.087270
0.087214
0.087483
0.087154
0.086565
0.087019
0.200952
0.088293
0.085794
0.086164
0.088113
0.084555
0.089574
0.081610
0.085311
0.085613
0.087477
0.085052
0.084473
0.084785
0.086300
0.085088
0.083475
0.087749
0.086728
0.087032
0.203143
0.088680
0.091429
0.086001
0.088280
0.088239
0.085770
0.092006
0.083660
0.085145
0.082650
0.088277
0.085803
0.086139
0.086050
0.088427
0.085445
0.086021
0.087464
0.088852
0.059108
0.057156
0.060270
0.060163
0.059877
0.061339
0.086681
0.058871
0.061964
0.057971
0.088993
0.058665
0.061594
0.086263
0.063226
0.063566
0.057577
0.057773
0.060157
0.058015
0.057613
0.057627
