1.118301
0.068468
0.067661
0.068159
0.074011
0.069442
0.068777
0.070035
0.069731
0.075689
0.075313
0.074813
0.082292
0.073577
0.071613
0.074547
0.073552
0.072677
0.075607
0.072382
0.175006
0.078264
0.073245
0.071404
0.078141
0.069019
0.069030
0.067784
0.070634
0.067628
0.068042
0.067278
0.082782
0.067888
0.066806
0.066889
0.067073
0.068229
0.067222
0.065833
0.176596
0.066635
0.072778
0.072437
0.066401
0.067206
0.066203
0.066953
0.067044
0.066685
0.067241
0.071812
0.073522
0.073201
0.076215
0.075398
0.066910
0.066874
0.067784
0.067688
0.180997
0.068447
0.069534
0.067266
0.066972
0.067064
0.067136
0.066409
0.065975
0.067036
0.067544
0.068334
0.066586
0.066603
0.067170
0.067769
0.070644
0.066075
0.066556
0.067909
0.180867
0.066944
0.066589
0.067802
0.066235
0.066185
0.066251
0.065989
0.066620
0.068020
0.069247
0.066662
0.069848
0.068953
0.069229
0.067621
0.067622
0.067472
0.065755
0.068466
0.179176
0.065769
0.067330
0.066761
0.066164
0.065587
0.066096
0.066800
0.072549
0.065670
0.066460
0.066407
0.065765
0.065803
0.066854
0.066044
0.065417
0.065019
0.064613
0.064749
0.176125
0.065833
0.065639
0.066133
0.074949
0.076643
0.066919
0.069587
0.071986
0.067355
0.065529
0.068914
0.072501
0.071400
0.071728
0.072091
0.070757
0.071765
0.069818
0.070468
0.181786
0.070338
0.070779
0.070551
0.070868
0.070407
0.070539
0.073631
0.071152
0.070486
0.076313
0.071510
0.077016
0.049134
0.047445
