277	226	68	200
277	231	62	213
276	222	63	220
271	227	64	223
268	226	65	206
263	226	63	222
257	226	66	212
252	219	67	205
251	227	66	214
249	227	70	209
250	217	70	225
252	212	70	230
255	210	67	214
256	217	69	232
257	218	69	224
256	217	76	225
262	215	71	218
264	215	72	209
270	217	69	218
275	215	71	218
275	219	79	227
283	213	75	234
287	221	75	231
297	215	69	230
307	214	58	237
315	202	55	246
320	209	53	245
326	208	60	233
329	210	64	253
338	212	60	245
343	215	56	247
356	213	52	242
360	216	52	247
372	217	63	250
381	216	59	257
393	212	56	263
400	205	55	256
410	213	58	260
415	214	56	257
424	203	64	274
427	202	71	275
431	215	79	262
438	227	74	241
442	228	75	235
446	225	74	228
450	223	74	212
451	224	77	215
457	224	72	219
463	224	67	211
467	229	66	187
469	235	63	177
470	231	61	170
467	236	66	166
466	246	64	156
465	244	64	153
463	237	65	164
461	238	68	160
461	240	68	158
461	238	66	156
464	240	58	164
455	260	73	140
457	266	64	125
458	266	60	124
454	266	61	127
454	268	53	127
453	264	54	123
454	260	47	132
453	254	46	138
451	257	47	139
448	251	41	153
446	248	37	160
445	247	37	160
445	241	36	165
441	238	39	164
438	248	43	154
437	248	44	157
438	250	44	154
440	250	37	152
440	252	38	149
437	250	45	156
439	252	44	152
441	252	39	147
440	251	43	152
440	252	47	157
443	252	44	154
445	252	43	156
449	254	38	152
444	257	48	149
451	258	42	148
452	257	42	148
454	254	40	148
453	255	46	149
456	256	46	147
458	256	44	149
458	261	48	143
460	261	47	144
469	263	40	137
472	263	38	132
473	263	44	130
473	263	47	135
