0.400102
0.038334
0.038115
0.038668
0.038231
0.038170
0.038160
0.038164
0.038186
0.038078
0.038149
0.038170
0.037883
0.037750
0.019943
0.020038
0.020021
0.019996
0.019987
0.020049
0.019964
0.020044
0.020015
0.038153
0.038426
0.038026
0.037875
0.038036
0.037935
0.037990
0.037872
0.037932
0.038007
0.037991
0.038054
0.038033
0.037975
0.038038
0.038182
0.038024
0.070189
0.038087
0.038257
0.038023
0.038328
0.038128
0.038353
0.039327
0.039107
0.039056
0.038884
0.039042
0.037506
0.039266
0.037467
0.039057
0.038993
0.039046
0.037553
0.039000
0.072990
0.039035
0.039134
0.038836
0.039049
0.039128
0.039086
0.038800
0.038707
0.038790
0.039014
0.038911
0.038979
0.039046
0.039038
0.040393
0.037317
0.037422
0.037563
0.037258
0.078722
0.037459
0.044994
0.039504
0.038244
0.038646
0.043190
0.038141
0.039625
0.043078
0.043517
0.046762
0.047848
0.044175
0.039968
0.038584
0.037534
0.037306
0.037671
0.041423
0.019645
0.019712
0.020887
0.021998
0.022598
0.022053
0.039385
0.038050
0.043597
0.040775
0.043820
0.050458
0.052018
0.039658
0.046187
0.038384
0.038167
0.038496
0.038429
0.038488
0.072363
0.038440
0.038033
0.038058
0.037819
0.038229
0.037826
0.037892
0.038528
0.037853
0.037823
0.037545
0.037529
0.037677
0.037847
0.037589
0.037566
0.037545
0.037677
0.037678
0.070855
0.037424
0.037205
0.037484
0.019448
0.019410
0.019430
0.037250
0.037570
0.037508
0.037502
0.037815
0.037723
0.037918
0.037907
0.037899
0.038695
0.038060
0.038094
0.038049
0.072000
0.037998
0.037996
0.037877
0.037983
0.038028
0.037862
0.037903
0.038089
0.038452
0.043164
0.037433
0.037389
0.037381
0.037354
0.037435
0.037312
0.037473
0.037576
0.037501
0.074939
0.037465
0.037958
0.020019
0.020580
0.020559
0.019923
0.019822
0.019884
0.020205
0.019900
0.019895
0.019953
0.020216
0.038702
0.038013
0.044178
0.040508
0.044193
0.038594
0.073630
0.038868
0.039245
0.039218
0.038390
0.038342
0.040519
0.045265
0.048199
0.039073
0.037793
0.037709
0.037564
0.037826
0.038256
0.040622
0.038156
0.039113
0.043827
0.045544
0.073671
0.038648
0.039370
0.046578
0.039214
0.046929
0.039127
0.044067
0.043583
0.043333
0.019533
0.019547
0.019548
0.019509
0.019568
0.019535
0.037198
0.037128
0.037059
0.037114
0.071149
0.037610
0.037448
0.037459
0.037522
0.037811
0.037673
0.037560
0.038277
0.037773
0.037802
0.037764
0.037759
0.037941
0.037893
0.037899
0.037974
0.037949
0.037948
0.037769
0.071640
