0.403630
0.038379
0.039994
0.039271
0.042530
0.042959
0.045865
0.038217
0.038194
0.038850
0.038303
0.038347
0.038274
0.038237
0.038182
0.038470
0.038255
0.038114
0.038067
0.038615
0.066332
0.046651
0.037990
0.037843
0.038061
0.037869
0.037737
0.038604
0.037065
0.037018
0.037108
0.037306
0.037446
0.037308
0.037377
0.037311
0.037334
0.037118
0.019709
0.037798
0.019644
0.019684
0.019652
0.019676
0.019674
0.020209
0.019677
0.019621
0.019648
0.019665
0.019701
0.019660
0.019618
0.019685
0.019682
0.037175
0.037843
0.037343
0.037200
0.037269
0.071281
0.037639
0.037553
0.037565
0.037636
0.037528
0.037603
0.037569
0.037655
0.037786
0.037634
0.037679
0.037673
0.037901
0.037945
0.037888
0.037929
0.037871
0.038021
0.037854
0.071527
0.037889
0.037809
0.037802
0.037789
0.037810
0.037748
0.037650
0.037700
0.037873
0.037882
0.037895
0.038101
0.038221
0.038298
0.038713
0.038488
0.038585
0.039193
0.039367
0.073163
0.039664
0.039800
0.039452
0.039398
0.039575
0.039570
0.039321
0.038730
0.038825
0.038751
0.038380
0.038137
0.038061
0.037685
0.037658
0.037620
0.037636
0.037699
0.037753
0.071707
0.037889
0.037930
0.037710
0.040041
0.041682
0.040632
0.045054
0.040528
0.046085
0.040935
0.040384
0.039763
0.039804
0.043068
0.043083
0.038328
0.038361
0.038394
0.038399
0.072262
0.038429
0.038292
0.038186
0.038308
0.038197
0.038126
0.038484
0.038197
0.038328
0.047696
0.042907
0.041190
0.038803
0.037943
0.037863
0.038201
0.037988
0.038370
0.038249
0.073414
0.040521
0.046057
0.040708
0.040622
0.039047
0.037997
0.037952
0.038168
0.038130
0.038156
0.038455
0.038327
0.038450
0.038056
0.038327
0.040056
0.039039
0.038910
0.040048
0.072866
0.039201
0.044616
0.045216
0.048985
0.046814
0.038370
0.039556
0.038788
0.039075
0.038048
0.038540
0.038402
0.038424
0.038717
0.038578
0.038879
0.040304
0.039473
0.039574
0.073393
0.039762
0.040096
0.039128
0.039084
0.039952
0.039472
0.039205
0.039338
0.040602
0.039411
0.040329
0.050168
0.040533
0.039550
0.040573
0.039782
0.039346
0.039274
0.039562
0.072863
0.039011
0.039241
0.039077
0.038947
0.039741
0.039192
0.039114
0.039028
0.039331
0.038989
0.039413
0.038981
0.038472
0.038486
0.038300
0.038456
0.038426
0.038661
0.038610
0.072472
0.038571
0.038928
0.038948
0.038604
0.039227
0.049797
0.039907
0.039865
0.039560
0.039513
