464	228	66	68
455	231	66	65
451	231	67	64
444	230	73	62
439	231	77	64
433	233	71	60
427	228	74	65
420	218	76	76
415	225	77	72
409	223	78	69
405	225	79	69
399	226	75	69
393	228	76	67
384	228	75	66
380	228	75	62
369	224	71	66
364	223	72	70
357	224	69	66
354	227	67	67
347	225	60	62
342	226	59	61
333	226	56	63
332	223	55	63
327	223	49	61
327	225	44	59
325	225	41	58
325	223	36	57
322	221	33	58
321	220	32	58
316	221	38	59
309	218	45	62
306	221	49	61
304	223	51	56
303	223	52	59
304	225	51	56
303	225	50	56
303	225	44	56
304	222	42	60
0	0	0	0
300	221	36	60
0	0	0	0
0	0	0	0
0	0	0	0
0	0	0	0
0	0	0	0
0	0	0	0
0	0	0	0
0	0	0	0
0	0	0	0
0	0	0	0
0	0	0	0
0	0	0	0
0	0	0	0
0	0	0	0
0	0	0	0
301	223	33	62
302	222	35	65
302	222	38	66
303	222	42	65
304	221	45	67
301	219	57	71
301	222	63	68
304	221	66	67
306	221	70	69
317	224	67	67
324	226	61	63
331	223	62	67
336	223	63	71
343	225	67	74
351	227	68	68
353	230	76	67
357	225	73	67
366	226	81	73
368	226	83	72
374	228	80	70
378	227	75	70
387	226	74	79
390	229	81	78
394	240	95	67
399	239	88	68
408	234	81	71
411	237	80	71
417	238	76	73
420	236	73	71
426	241	70	74
437	244	60	73
441	243	59	74
437	240	63	78
432	239	68	82
431	236	69	89
428	235	70	86
424	241	76	83
420	235	84	88
415	235	91	87
407	234	99	93
403	237	101	89
397	239	102	90
389	236	105	91
379	237	108	95
373	240	114	90
363	232	113	97
361	233	112	98
353	229	106	97
350	230	106	98
343	228	110	96
345	225	111	102
349	224	101	101
350	230	92	96
351	233	85	92
354	228	79	95
366	232	60	94
373	230	53	91
377	227	54	95
377	227	55	94
378	229	55	92
381	229	57	92
384	231	54	88
386	227	58	89
387	227	62	91
387	225	70	86
391	225	68	92
389	225	70	87
392	224	65	88
396	225	58	93
399	223	56	93
400	223	58	95
402	223	55	95
403	224	54	93
405	226	53	91
408	226	49	91
412	231	46	82
411	233	50	81
416	227	45	84
417	225	50	92
417	226	48	91
413	229	60	85
413	226	67	89
412	235	71	84
414	241	71	77
411	244	76	74
412	245	77	72
408	244	78	71
415	250	73	68
421	245	71	71
416	253	70	65
422	246	66	70
423	238	69	80
424	232	63	86
422	242	66	78
424	241	69	76
422	234	69	83
421	244	68	73
422	239	69	76
414	235	76	79
419	235	73	80
412	228	78	89
421	232	73	82
416	229	78	88
418	231	76	88
414	235	82	80
409	233	84	83
407	232	82	82
399	236	86	76
395	238	91	76
387	242	90	69
384	245	86	71
378	242	87	69
372	239	90	69
362	239	96	75
357	238	99	73
347	236	107	76
341	239	112	73
330	241	118	69
322	244	109	65
308	245	118	66
302	242	121	65
287	242	124	68
285	243	113	68
278	241	108	67
258	242	109	68
244	238	108	73
236	241	112	77
230	236	109	76
226	239	110	74
224	240	112	77
221	239	100	74
223	238	98	76
209	236	94	81
220	236	80	80
223	230	68	84
222	234	66	84
217	232	79	84
214	234	90	83
208	233	110	82
211	237	103	78
212	227	109	89
212	230	116	87
213	231	120	84
220	234	116	84
227	240	109	77
226	239	116	73
240	242	106	71
245	234	107	83
253	235	107	81
254	232	111	89
258	234	116	87
267	234	110	82
281	228	104	89
286	233	102	86
288	229	110	88
295	229	114	87
305	230	110	96
317	230	106	86
319	230	110	92
321	229	115	91
323	234	122	92
340	230	114	87
346	233	113	86
356	231	108	89
358	237	108	81
367	233	100	88
373	231	103	88
384	232	101	88
387	228	102	88
393	229	98	92
395	226	96	98
401	228	92	94
404	232	94	88
413	232	98	86
409	241	110	78
411	233	114	85
422	240	102	77
421	242	111	75
430	243	107	76
434	247	115	69
440	242	113	74
453	246	104	70
454	244	107	71
454	246	118	71
458	244	117	72
467	241	111	74
466	244	121	71
468	246	123	74
470	244	122	76
481	243	117	80
484	243	116	81
489	246	117	84
494	241	114	84
498	244	116	90
503	243	117	86
513	249	112	86
