1.637661
0.093437
0.084999
0.092375
0.094471
0.086683
0.092598
0.097827
0.084617
0.083400
0.083652
0.084289
0.083592
0.084079
0.085994
0.083124
0.082789
0.086981
0.084739
0.083367
0.168102
0.085930
0.083275
0.085892
0.083498
0.083348
0.084018
0.083496
0.082989
0.082888
0.081949
0.082568
0.082081
0.082052
0.082197
0.082262
0.081882
0.082351
0.081723
0.083420
0.195816
0.083771
0.083049
0.082517
0.082838
0.082727
0.083077
0.084180
0.083731
0.084974
0.083652
0.083447
0.084028
0.084765
0.084411
0.083947
0.083896
0.084340
0.084325
0.084218
0.197207
0.084535
0.084241
0.084353
0.083836
0.084092
0.083817
0.084033
0.084452
0.084352
0.083843
0.083972
0.083660
0.084107
0.084410
0.084503
0.084086
0.084189
0.084897
0.084188
0.199458
0.084236
0.084578
0.084144
0.084341
0.083852
0.083601
0.083607
0.083740
0.083763
0.083856
0.056711
0.056710
0.056648
0.056931
0.083457
0.083539
0.084811
0.083761
0.083802
0.198371
0.083613
0.083633
0.083587
0.057010
0.056977
0.056855
0.056596
0.083028
0.083599
0.084771
0.083310
0.082224
0.082296
0.082502
0.082503
0.083220
0.082283
0.082275
0.082664
0.196487
0.085106
0.085551
0.083961
0.082278
0.082837
0.082924
0.082525
0.083308
0.082830
0.089269
0.083116
0.083358
0.083413
0.083445
0.083598
0.084622
0.089325
0.082963
0.082589
0.195751
0.082753
0.082943
0.082477
0.082590
0.083055
0.082706
0.082432
0.082924
0.082892
0.077127
0.083014
0.082744
0.084150
0.092451
0.095549
0.093638
0.087844
0.084042
0.082269
0.197797
0.082494
0.082628
0.082865
0.082374
0.082131
0.082796
0.084008
0.083461
0.083306
0.083660
0.082765
0.083183
0.083435
0.083737
0.083348
0.083445
0.084209
0.084110
0.082763
0.196393
0.082495
0.082278
0.082969
0.057260
0.056965
0.057746
0.059330
0.057410
0.057163
0.056858
0.057241
0.057172
0.056879
0.082541
0.082109
0.081896
0.082153
0.081758
0.081476
0.196108
0.081581
0.082203
0.081929
0.082476
0.082044
0.087832
0.082847
0.084327
0.083234
0.083260
0.082835
0.084481
0.082579
0.082755
0.084465
0.083378
0.083775
0.082165
0.082890
0.196976
0.083214
0.082468
0.056391
0.056452
0.057298
0.056601
0.056556
0.081990
0.083714
0.087122
0.093682
0.087040
0.083461
0.086867
0.083632
0.083177
0.085649
0.084558
0.083096
0.197511
0.083460
0.083832
0.082617
0.083312
0.082979
0.082851
0.083102
0.083552
0.083253
0.082896
0.082801
0.082979
0.083045
0.083152
0.082948
0.082850
0.083335
0.082868
0.082534
0.198509
0.083816
0.082969
0.083117
0.082816
0.082998
0.083342
0.082731
0.083166
0.082755
0.085352
0.084140
0.082514
0.082711
0.082872
0.083972
0.082942
0.083297
0.082678
0.083083
0.196197
0.082999
0.082488
0.083202
0.082995
0.083130
0.083423
0.082596
0.082673
0.082910
0.082556
0.082638
0.083369
0.082549
0.082893
0.083100
0.082896
0.082666
0.083264
0.082879
0.197502
0.082446
0.083174
0.082874
0.082334
0.083222
0.086725
0.088234
0.093091
0.084133
0.082754
0.082694
0.082571
0.083055
0.084262
0.083300
0.083333
0.082843
0.081879
0.081792
0.196407
0.081958
0.081511
0.081322
0.082016
0.081752
0.082576
0.083080
0.087551
0.090307
0.085722
0.081800
0.081364
0.081475
0.083843
0.088571
0.085328
0.083426
0.081604
0.081773
0.209388
0.081568
0.082230
0.083318
0.082242
0.081203
0.082302
0.084186
0.088095
0.082071
0.093584
0.093962
0.093197
0.089135
