48	215	95	257
79	205	66	268
90	218	70	254
112	207	71	267
117	204	71	271
123	206	81	269
132	216	77	255
134	214	86	253
152	212	80	261
152	217	89	257
161	213	88	262
170	205	81	272
171	224	101	249
0	0	0	0
0	0	0	0
0	0	0	0
0	0	0	0
0	0	0	0
0	0	0	0
0	0	0	0
229	220	111	254
250	224	90	245
246	234	90	239
259	235	82	235
290	224	77	241
299	199	69	264
305	209	90	267
290	233	101	242
299	225	103	253
292	234	90	235
286	228	107	236
298	236	94	235
309	227	80	247
310	226	86	250
316	225	79	245
319	241	78	228
321	238	80	235
350	223	81	237
328	226	88	250
342	227	66	249
349	219	63	258
354	227	65	246
355	238	64	229
356	230	67	243
361	237	66	235
368	241	68	227
377	253	73	219
375	253	77	211
384	254	70	212
390	258	66	207
395	256	64	210
399	255	63	209
407	255	58	202
415	256	52	201
418	257	54	204
421	260	54	201
422	262	55	196
425	264	61	196
431	263	52	200
430	269	63	192
439	266	56	194
439	268	69	188
436	264	61	183
437	266	66	174
439	265	68	178
444	268	65	178
449	271	67	176
451	269	73	182
452	270	70	178
453	273	75	172
461	274	70	169
467	275	67	170
477	272	58	173
481	269	52	175
492	271	47	174
486	273	53	166
486	276	62	160
491	279	55	161
493	279	58	156
496	281	55	157
505	280	49	160
501	281	55	155
503	279	55	160
510	279	53	151
511	280	53	150
512	283	54	147
515	283	56	152
515	282	60	153
518	284	58	151
522	285	56	149
527	286	52	148
527	285	54	147
531	285	53	146
535	284	50	149
535	285	52	142
538	285	50	143
541	285	49	144
542	286	48	143
545	283	46	146
544	287	47	138
548	289	45	136
548	291	45	128
549	293	46	125
548	292	48	125
551	294	45	121
552	291	42	127
554	291	43	131
554	291	44	135
554	292	45	132
553	292	48	133
554	295	48	128
557	293	44	130
558	290	45	134
561	295	41	126
560	296	43	124
560	296	44	123
561	294	43	126
563	297	41	123
563	298	41	122
565	300	40	117
564	302	41	115
564	304	40	110
