174	269	78	202
172	271	81	201
174	273	78	197
175	273	79	192
177	271	76	197
179	274	72	191
181	274	72	194
183	270	71	205
184	271	71	203
187	263	70	213
191	256	67	220
191	262	67	214
195	264	63	212
200	262	60	213
204	265	56	206
209	265	53	211
210	267	54	209
214	259	55	217
215	258	57	219
218	257	59	219
220	258	58	216
230	262	53	212
233	264	52	204
239	269	52	195
242	271	49	188
246	270	52	192
252	270	49	203
253	268	50	202
257	273	49	199
259	273	49	187
261	278	50	176
262	273	52	182
266	275	51	191
266	272	54	183
268	280	54	168
269	280	54	172
274	281	54	165
274	282	59	156
275	280	64	157
280	285	62	158
283	282	61	154
283	284	66	151
284	281	65	164
288	280	65	156
290	282	62	156
291	278	64	169
291	274	66	164
292	279	65	159
294	282	60	168
295	273	63	169
295	274	63	172
294	276	63	171
294	272	62	178
294	277	62	186
292	278	66	166
292	273	66	167
292	279	63	163
290	279	68	156
292	278	62	167
290	274	68	174
290	276	67	165
291	277	66	158
290	279	67	159
291	274	67	163
292	273	66	168
291	277	66	168
291	271	66	173
291	282	63	171
291	277	66	169
290	275	69	162
290	281	66	159
287	278	74	159
289	276	70	158
289	280	69	160
289	276	72	161
290	281	70	155
288	280	75	157
291	279	71	154
291	278	73	161
291	272	74	166
291	277	73	164
293	272	70	174
295	275	66	175
294	274	71	165
295	276	69	161
299	281	61	152
299	283	61	151
299	278	64	159
298	281	64	155
304	274	48	164
303	273	43	164
0	0	0	0
0	0	0	0
0	0	0	0
0	0	0	0
307	279	55	162
302	279	62	158
299	273	68	163
301	278	63	159
301	271	65	169
301	275	62	168
302	274	56	167
301	271	51	170
291	263	44	175
0	0	0	0
0	0	0	0
0	0	0	0
0	0	0	0
310	272	56	162
298	272	67	168
299	270	67	175
297	271	69	167
298	277	67	164
298	272	67	167
297	274	68	165
297	275	69	165
296	270	71	169
295	274	70	162
298	272	67	173
298	271	69	165
296	276	71	162
298	272	68	168
299	278	67	165
298	278	68	156
300	280	63	158
300	277	65	161
301	274	64	167
300	270	67	168
302	272	63	181
301	267	64	192
303	265	64	196
302	266	65	193
301	267	67	190
302	264	67	195
304	264	62	203
305	266	61	211
306	266	60	213
306	267	60	204
306	266	59	206
306	265	60	210
305	264	60	210
305	266	60	201
305	266	61	194
304	264	61	205
305	265	59	207
305	264	58	212
304	258	63	220
303	264	61	210
302	262	63	208
303	262	62	212
301	263	65	211
300	265	66	203
300	264	65	206
299	265	66	202
298	265	68	201
300	264	63	198
298	265	67	195
299	264	65	198
297	266	67	186
297	265	66	183
294	268	70	169
296	273	67	162
296	277	65	160
296	272	65	167
296	276	62	164
295	271	64	171
295	272	60	185
294	271	62	176
296	270	56	181
295	273	57	173
296	275	54	177
294	267	60	195
294	264	60	210
294	264	61	206
293	266	69	209
294	268	66	205
296	266	70	207
297	264	71	209
300	268	65	207
299	257	68	213
302	267	57	196
304	265	47	202
306	266	44	212
308	262	43	196
0	0	0	0
0	0	0	0
0	0	0	0
0	0	0	0
0	0	0	0
0	0	0	0
0	0	0	0
0	0	0	0
0	0	0	0
0	0	0	0
347	270	43	194
346	271	42	194
351	272	38	193
353	278	39	187
352	278	39	184
354	278	39	184
355	280	39	182
353	276	43	184
353	282	49	177
352	277	52	182
355	274	48	184
354	282	55	175
353	283	61	171
353	280	63	175
357	281	58	174
358	284	58	167
363	286	57	167
364	284	59	171
367	283	58	172
371	284	56	168
376	287	52	160
377	284	52	168
383	285	48	165
385	286	45	162
388	285	41	163
390	284	42	168
392	286	37	168
393	288	34	164
385	288	38	161
0	0	0	0
0	0	0	0
0	0	0	0
0	0	0	0
0	0	0	0
413	292	35	149
413	297	35	150
412	294	37	153
411	293	46	153
412	292	44	153
413	294	48	148
415	296	49	146
417	297	49	142
420	296	49	143
424	297	47	142
425	297	48	144
428	297	49	145
431	299	47	142
436	295	43	149
438	296	41	147
440	299	41	144
442	300	38	145
443	299	39	144
444	301	38	139
445	301	38	140
444	303	40	136
444	301	41	139
445	301	41	136
447	301	39	138
447	302	40	136
447	304	40	133
448	305	41	132
447	302	42	136
449	302	41	136
447	306	44	132
452	304	38	135
452	305	37	133
453	306	38	131
453	304	38	134
455	306	39	129
455	307	42	126
456	308	41	124
456	307	40	126
457	308	39	123
457	310	38	124
457	309	36	126
456	311	38	123
457	313	36	120
457	311	36	124
456	312	36	122
454	311	37	122
455	312	35	121
452	312	37	120
453	310	36	120
453	312	36	117
451	315	37	113
449	313	39	116
451	308	37	122
449	309	39	120
452	312	36	117
452	312	35	116
452	312	35	116
453	316	34	109
453	315	35	112
453	315	35	112
455	314	33	115
456	315	33	114
455	315	33	114
455	309	34	120
456	311	33	118
458	311	32	118
459	312	31	118
458	314	33	114
459	316	32	112
459	314	32	114
461	315	30	114
460	318	31	110
460	320	32	108
460	319	33	103
461	321	31	106
461	316	32	113
460	316	32	114
460	317	32	112
460	320	33	107
460	318	33	110
460	317	32	111
460	316	31	113
461	318	32	110
459	318	35	108
459	316	36	111
458	315	41	112
461	316	38	110
462	322	37	106
463	316	38	113
466	318	36	109
466	321	37	108
468	318	36	111
469	322	35	106
472	323	33	104
475	322	30	103
476	322	29	107
477	316	29	112
476	318	30	111
476	322	30	105
477	321	28	106
478	322	27	106
476	322	31	105
478	322	28	105
478	321	27	107
478	318	27	111
478	319	28	109
477	319	30	109
479	320	27	107
479	325	26	102
478	319	29	106
478	318	28	111
478	318	29	109
478	323	29	104
477	324	31	102
477	321	32	106
478	318	30	110
478	321	31	104
478	323	31	103
477	320	33	107
477	324	32	103
477	323	31	104
476	323	33	103
477	321	31	107
476	323	31	103
476	320	32	108
476	316	32	113
