0.598124
0.055125
0.051977
0.071438
0.056967
0.049337
0.075472
0.081155
0.063387
0.074910
0.079540
0.065059
0.056000
0.063380
0.063693
0.052612
0.048614
0.050279
0.050655
0.048203
0.085354
0.048422
0.051574
0.043346
0.052859
0.047786
0.050943
0.047666
0.047850
0.046780
0.050512
0.049707
0.048180
0.053943
0.047855
0.049459
0.045936
0.051068
0.046463
0.049146
0.092177
0.046622
0.050326
0.060410
0.053416
0.052014
0.047325
0.048253
0.096853
0.048445
0.043486
0.048969
0.047137
0.049967
0.043107
0.047856
0.049255
0.063743
0.046029
0.048039
0.087032
0.050082
0.050295
0.047479
0.043484
0.046624
0.047939
0.050391
0.041499
0.055985
0.047923
0.043284
0.041940
0.042556
0.042791
0.052110
0.053016
0.046284
0.049441
0.047514
0.084455
0.042108
0.046171
0.046311
0.048565
0.049434
0.048197
0.049438
0.049832
0.049822
0.071288
0.048882
0.047240
0.048446
0.047755
0.047950
0.047452
0.048503
0.048315
0.052243
0.083981
0.043944
0.041704
0.043937
0.050637
0.048366
0.047756
0.048958
0.048346
0.047664
0.040928
0.040026
0.043445
0.048213
0.050448
0.049188
0.047998
0.043027
0.050430
0.056540
0.086185
0.042261
0.046833
0.047963
0.047038
0.043777
0.043009
0.042158
0.046279
0.055629
0.049323
0.049602
0.047203
0.046907
0.047517
0.041087
0.047633
0.041265
0.044231
0.041824
0.076634
0.042554
0.046296
0.042833
0.042490
0.042748
0.049253
0.051771
0.046270
0.045572
0.049205
0.046601
0.045983
0.049044
0.046741
0.061282
0.054596
0.048723
0.049293
0.053817
0.109839
0.043451
0.045738
0.047582
0.049917
0.050447
0.044448
0.044428
0.047642
0.051513
0.049789
0.044384
0.052208
0.053089
0.049364
0.060072
0.049284
0.044297
0.051298
0.048601
0.081148
0.050173
0.050162
0.048479
0.047747
0.045029
0.049231
0.048814
0.048573
0.040892
0.042665
0.048954
0.042548
0.042123
0.040665
0.067237
0.063685
0.050493
0.048170
0.053695
0.086412
0.047579
0.044223
0.049787
0.046253
0.041114
0.042266
0.043571
0.046459
0.045574
0.045158
0.045396
0.045870
0.058521
0.046620
0.045583
0.041708
0.043418
0.048314
0.045892
0.075207
0.040905
0.046989
0.055153
0.045716
0.046950
0.047917
0.055676
0.046762
0.046156
0.049078
0.049035
0.049226
0.049038
0.051256
0.047792
0.047447
0.047796
0.047201
0.047540
0.113756
0.049496
0.046488
0.046261
0.048414
0.045123
0.046636
0.046407
0.049398
0.046174
0.044197
0.043840
0.045298
0.046184
0.045153
0.045197
0.046921
0.042105
0.044777
0.048966
0.077275
0.045390
0.060540
0.051021
0.050790
0.044497
0.050548
0.052170
0.053694
0.050927
0.049990
0.046721
0.051975
0.051334
0.049953
0.053153
0.048409
0.050652
0.051091
0.044493
0.112901
0.043567
0.051308
0.051718
0.048786
0.070764
0.051216
0.051384
0.048089
0.047721
0.040191
0.040857
0.043139
0.046979
0.049939
0.050625
0.052104
0.042717
0.043130
0.053036
0.086709
0.052257
0.046720
0.045372
0.042952
0.041566
0.041463
0.045614
0.049795
0.049458
0.047578
0.043078
0.042917
0.050469
0.046374
0.043988
0.041549
0.049437
0.046914
0.046887
0.080812
0.051538
0.062273
0.048385
0.047790
0.049329
0.047943
0.047829
0.048528
0.050071
0.046695
0.049725
0.049629
0.047733
0.047916
0.046611
0.047367
0.048885
0.047735
0.052047
0.087357
0.047091
0.046502
0.048566
0.048488
0.047180
0.046263
0.048644
0.052507
0.047878
0.048274
0.046215
0.048118
0.046919
0.046384
0.045945
0.046904
0.046935
0.051597
0.048773
0.083245
0.046130
0.046614
0.052580
0.044345
0.047686
0.045249
0.043304
0.047922
0.049026
0.044313
0.041986
0.045366
0.045704
0.043498
0.047412
0.051001
0.048623
0.048358
0.055454
0.088155
0.049287
0.048026
0.040895
0.048947
0.050746
0.049294
