0.420269
0.040618
0.039780
0.040962
0.040318
0.042850
0.040412
0.041452
0.041602
0.042628
0.046907
0.043885
0.045640
0.047133
0.045546
0.047827
0.043445
0.042293
0.045986
0.045100
0.072284
0.042574
0.045816
0.046132
0.046560
0.047049
0.049210
0.047573
0.044028
0.045498
0.045653
0.043468
0.044174
0.060423
0.045368
0.043737
0.044353
0.046728
0.045060
0.045815
0.082412
0.046054
0.045000
0.047480
0.046060
0.044042
0.046812
0.046297
0.041374
0.041821
0.041497
0.042259
0.044609
0.043998
0.040004
0.039892
0.040142
0.040292
0.039959
0.040801
0.077172
0.041541
0.046245
0.047740
0.047608
0.040032
0.045918
0.047186
0.039928
0.046356
0.045569
0.046560
0.043999
0.043556
0.042662
0.047004
0.048265
0.040715
0.041139
0.047510
0.082529
0.046793
0.043745
0.042163
0.041987
0.041422
0.042371
0.042454
0.042299
0.041841
0.041661
0.047176
0.042027
0.042312
0.042354
0.042650
0.048723
0.049146
0.041612
0.050622
0.077545
0.048277
0.047558
0.041425
0.042618
0.042489
0.043081
0.042968
0.042800
0.043288
0.044240
0.042736
0.043937
0.051291
0.042968
0.041499
0.042076
0.043502
0.043846
0.042125
0.085822
0.043095
0.043614
0.051161
0.050989
0.051260
0.042895
0.052053
0.051322
0.044018
0.048377
0.050143
0.052068
0.052332
0.053118
0.049507
0.042597
0.043201
0.042641
0.042937
0.078702
0.050640
0.051321
0.048932
0.040643
0.041316
0.040723
0.040756
0.040882
0.050157
0.040780
0.041552
0.040931
0.041928
0.046445
0.041904
0.049300
0.049601
0.042516
0.047694
0.078249
0.042541
0.043325
0.044056
0.043971
0.042032
0.041737
0.040829
0.041391
0.045450
0.044757
0.042891
0.041228
0.041324
0.041251
0.041613
0.040672
0.041110
0.047347
0.047884
0.084393
0.041777
0.045524
0.040280
0.040443
0.040299
0.049722
0.040111
0.041901
0.041710
0.046833
0.049230
0.047000
0.051306
0.049359
0.041760
0.041224
0.041877
0.040924
0.041150
0.076340
0.039808
0.046901
0.039741
0.039894
0.040159
0.039401
0.039779
0.040281
0.039519
0.039863
0.039275
0.039245
0.040039
0.040156
0.040671
0.039843
0.040603
0.039556
0.039629
0.074754
0.039884
0.039762
0.045040
0.039836
0.040578
0.040188
0.041240
0.041024
0.040616
0.040992
0.046002
0.044466
0.048613
0.040335
0.039944
0.040300
0.040990
0.049187
0.047240
0.077661
0.040672
0.043765
0.047668
0.044391
0.047711
0.039622
0.040056
0.041519
0.044951
0.040677
0.040650
0.041878
0.040817
0.041118
0.045762
0.047018
0.048223
0.041139
0.042221
0.077077
0.041554
0.048210
0.045141
0.042844
0.040847
0.041902
0.041838
0.041633
0.040414
0.041899
0.040807
0.046399
0.042381
0.040763
0.047251
0.047293
0.046750
0.046635
0.039841
0.075415
0.046781
0.044980
0.040082
0.040249
0.048792
0.041549
0.040460
0.040342
0.046495
0.040990
0.046230
0.048072
0.044965
0.047191
0.041149
0.048090
0.047208
0.048926
0.048729
0.076855
0.041469
0.041803
0.041649
0.042467
0.041561
0.043649
0.040203
0.042708
0.048068
0.043771
0.042179
0.040388
0.042621
0.048120
0.048581
0.049264
0.047554
0.043063
0.042665
0.077882
0.049978
0.043413
0.045126
0.043476
0.048330
0.041416
0.041487
0.042334
0.046396
0.043011
0.043065
0.041276
0.040465
0.041816
0.041756
0.041720
0.041333
0.041460
0.040363
0.076263
0.039431
0.040871
0.040762
0.042324
0.049762
0.048200
0.040362
0.040360
0.040465
0.040401
0.041049
0.041762
0.050196
0.042963
0.053290
0.043089
0.043228
0.043704
0.043408
0.080307
0.046175
0.044572
0.042417
0.041199
0.050130
0.041374
0.042740
0.048932
0.041605
0.042399
0.042530
0.051328
0.050744
0.042418
0.042357
0.048796
0.050374
0.049026
0.041722
0.083333
0.041648
0.042567
0.041488
0.041668
0.042553
0.041245
0.041338
0.042372
0.041316
0.040916
0.041070
0.042244
0.040305
0.041093
0.042142
0.041270
0.042982
0.041340
0.042220
0.083463
0.041155
0.041918
0.041202
0.041405
0.042349
0.048196
0.043662
0.041470
0.041428
0.043840
0.040976
0.041066
0.040951
0.041278
0.043154
0.042071
0.041585
0.043783
0.049945
0.086335
0.051527
0.044869
0.043658
0.050642
0.053607
0.054681
0.052996
0.057685
0.054196
0.055827
0.055142
0.055503
0.054583
0.042503
0.052455
0.055258
0.049916
0.054181
0.052737
0.083445
0.056566
0.055293
0.053488
0.046027
0.043274
0.047382
0.045208
0.044350
0.043909
0.045189
0.047240
0.048696
0.045899
0.046386
0.046548
0.046366
0.039821
0.039893
0.043077
0.079540
0.039783
0.039608
0.039700
0.039833
0.040760
0.041493
0.039831
0.040218
