0.490093
0.044695
0.040311
0.050791
0.045724
0.043269
0.047678
0.046189
0.041089
0.048745
0.051071
0.044808
0.043528
0.046974
0.048206
0.046774
0.047658
0.042526
0.048763
0.051961
0.077077
0.045218
0.049540
0.046758
0.045103
0.047296
0.048303
0.045743
0.045930
0.047553
0.062960
0.055049
0.041528
0.045446
0.045557
0.045463
0.057870
0.060679
0.051524
0.043587
0.082314
0.046438
0.043835
0.040334
0.045261
0.048639
0.065018
0.054736
0.047440
0.042583
0.043569
0.047549
0.050071
0.046541
0.043226
0.045962
0.044791
0.046726
0.047542
0.048469
0.083463
0.049146
0.048206
0.047422
0.048048
0.047792
0.046549
0.048141
0.050493
0.048008
0.046623
0.048546
0.043532
0.048670
0.049944
0.040944
0.046180
0.042219
0.048619
0.051217
0.083803
0.040591
0.047067
0.041492
0.046909
0.047519
0.048534
0.040544
0.045531
0.046916
0.040841
0.042543
0.042227
0.051629
0.079749
0.041426
0.042549
0.051384
0.049645
0.047820
0.082859
0.042203
0.044953
0.045925
0.044288
0.047090
0.041836
0.045850
0.046089
0.044976
0.045479
0.045481
0.045126
0.042972
0.042332
0.046051
0.045710
0.047936
0.045674
0.046458
0.082683
0.046998
0.044972
0.041580
0.045103
0.047611
0.040386
0.047027
0.045819
0.047261
0.041546
0.047257
0.046422
0.046249
0.046697
0.049917
0.047988
0.048679
0.047008
0.046498
0.081214
0.048163
0.046732
0.045859
0.045437
0.048488
0.049731
0.047796
0.046930
0.046831
0.048378
0.049517
0.061667
0.050100
0.043636
0.045926
0.045968
0.050416
0.049662
0.048607
0.084323
0.049636
0.054249
0.049859
0.045787
0.047017
0.043056
0.051223
0.050608
0.049894
0.048338
0.048943
0.047724
0.049150
0.044590
0.041936
0.045753
0.046364
0.048610
0.046787
0.082621
0.042355
0.042592
0.047616
0.049688
0.046342
0.047398
0.047513
0.043501
0.046857
0.041116
0.039615
0.023874
0.024447
0.024422
0.023714
0.044929
0.042984
0.039677
0.043672
0.083314
0.047131
0.047539
0.048791
0.049070
0.049201
0.042583
0.047761
0.049253
0.049362
0.047783
0.047400
0.043321
0.041987
0.051314
0.047464
0.048033
0.043901
0.048487
0.048124
0.078406
0.050821
0.050901
0.049159
0.048411
0.049403
0.044655
0.057064
0.057571
0.048556
0.048985
0.040684
0.043639
0.041312
0.043512
0.042658
0.040935
0.045625
0.048077
0.050376
0.086600
0.048314
0.048473
0.057167
0.054883
0.048090
0.048755
0.049281
0.048981
0.045758
0.048512
0.050110
0.054879
0.048218
0.048790
0.049469
0.051431
0.053742
0.052938
0.050985
0.086502
0.049173
