314	113	144	186
324	105	150	202
334	114	147	198
347	113	142	202
348	115	148	200
358	117	141	193
358	110	143	205
357	116	149	193
356	112	148	195
353	110	150	195
349	108	148	192
341	105	152	192
328	98	162	195
303	94	178	188
288	88	187	196
269	88	177	198
257	92	161	186
234	96	147	189
221	92	149	198
206	92	151	191
180	90	151	197
164	87	143	204
159	93	138	197
138	95	139	193
132	102	138	183
116	107	140	182
110	106	145	183
104	113	149	181
101	123	135	172
97	127	139	176
100	147	134	164
98	142	141	175
104	146	135	181
110	162	131	167
117	158	126	179
122	161	124	182
129	177	132	172
136	174	125	175
141	175	127	176
156	182	129	176
158	184	133	175
165	179	139	185
180	205	133	161
188	201	141	170
202	200	152	174
219	192	146	188
244	195	136	180
252	190	141	203
287	194	129	202
297	194	133	199
300	191	148	211
317	195	153	209
342	197	135	201
370	197	131	205
379	196	128	201
396	190	130	200
408	188	127	195
430	189	118	198
446	185	107	195
452	185	109	196
465	196	108	185
472	196	104	185
479	198	105	189
481	206	103	176
478	201	104	188
474	206	104	176
468	212	102	171
459	212	107	171
445	212	109	184
434	214	118	190
423	220	119	181
404	229	122	179
390	228	131	180
367	242	133	174
357	237	130	184
327	242	137	182
312	254	144	170
288	243	138	180
271	216	147	195
244	231	148	184
235	231	143	186
227	218	143	197
209	217	145	186
200	212	141	191
185	198	129	192
178	196	127	187
165	198	124	178
159	197	119	173
150	171	116	193
141	166	119	188
137	166	117	184
127	162	117	182
121	156	116	187
115	155	119	184
109	147	118	188
106	145	118	186
101	132	123	188
97	129	127	186
92	116	137	190
88	115	143	186
94	106	140	192
94	102	146	193
104	96	144	199
105	95	147	197
118	93	159	201
117	90	166	207
130	93	168	199
142	101	163	193
160	111	166	180
163	113	178	178
190	95	168	192
203	91	161	192
218	81	162	197
240	65	161	216
250	59	164	222
276	64	170	212
285	61	169	224
302	62	174	217
312	73	169	210
339	69	154	208
349	57	151	220
359	57	155	220
368	59	156	219
380	59	152	218
374	54	156	224
379	68	159	211
372	80	159	195
374	71	156	204
368	71	158	209
361	80	163	199
360	75	162	200
347	82	161	200
342	82	167	197
330	91	169	189
332	95	165	186
322	83	164	199
314	83	168	200
303	72	168	208
288	77	186	202
283	69	186	210
284	75	184	207
269	74	195	202
263	78	201	197
262	76	195	203
263	75	191	197
270	80	175	190
263	77	190	192
258	71	183	197
259	77	173	191
254	70	159	193
255	77	174	187
247	80	182	192
250	81	173	188
243	74	169	200
242	79	178	198
242	69	169	212
238	68	157	215
236	62	153	229
230	61	162	226
225	67	155	217
226	69	146	206
224	75	141	198
227	77	141	189
217	81	143	195
218	91	134	188
208	94	140	188
209	95	138	195
195	109	145	183
192	110	143	183
186	135	145	160
185	130	145	165
180	124	143	172
175	119	145	180
176	122	139	175
172	134	137	165
169	144	132	149
167	153	132	139
164	150	131	144
162	151	133	146
163	143	132	151
162	135	132	159
162	137	129	157
160	138	135	155
161	141	132	153
160	137	132	156
161	124	133	172
160	120	135	174
162	124	129	171
164	125	133	170
165	121	134	172
166	118	128	176
166	114	145	181
167	125	143	171
168	121	132	176
171	120	138	181
175	120	137	182
171	121	140	176
176	114	129	185
179	124	107	173
182	120	81	174
182	116	84	178
180	144	113	164
194	114	133	190
194	83	158	211
182	67	193	229
178	67	235	207
169	71	226	204
165	52	257	226
157	49	215	248
171	10	178	291
173	40	166	289
170	46	182	254
172	29	184	272
179	28	168	279
181	56	152	256
178	83	148	226
173	98	146	208
179	119	136	184
187	132	126	166
179	124	135	175
184	127	133	175
181	117	139	184
180	128	136	169
178	120	137	178
183	121	135	179
180	119	140	174
179	119	144	177
179	120	144	180
182	128	138	168
184	121	137	176
184	117	140	182
187	112	144	188
189	113	144	186
182	120	147	183
192	118	138	178
187	113	139	188
196	117	136	185
192	118	137	181
189	118	143	181
190	118	141	183
187	119	142	184
195	119	135	179
191	116	138	185
194	117	141	180
189	122	139	174
193	128	135	168
190	118	139	178
185	121	143	179
192	126	127	170
183	124	139	169
183	111	175	184
188	89	197	197
192	52	237	220
185	68	269	210
173	76	272	218
161	82	263	228
166	94	255	244
162	100	264	246
152	102	229	269
158	103	267	249
152	88	293	227
148	102	300	207
170	106	280	190
115	152	267	203
123	123	248	225
130	109	234	223
138	108	240	191
147	99	226	230
155	91	200	260
165	83	189	268
171	64	200	247
173	53	211	245
184	40	214	246
185	24	221	272
193	13	237	262
226	16	216	223
180	56	270	234
145	57	311	252
176	32	311	253
177	4	325	275
157	93	300	247
173	105	279	187
149	111	240	190
179	107	217	194
177	106	252	191
183	103	254	195
160	88	228	218
185	102	254	193
167	103	262	187
181	104	251	188
186	101	253	197
163	102	212	189
190	110	157	184
202	114	139	175
204	113	134	177
199	104	140	184
200	125	139	161
196	112	137	178
194	109	142	183
201	115	136	178
192	107	135	186
197	103	139	188
193	115	142	175
196	116	140	173
192	113	139	177
200	118	135	173
191	106	143	187
201	120	136	169
201	114	134	177
205	112	131	179
205	111	135	181
206	106	138	186
207	115	130	182
205	116	135	177
211	124	128	166
210	118	127	174
206	112	132	174
206	111	130	175
205	114	135	145
203	113	132	141
202	159	119	156
192	118	129	196
180	112	152	189
179	105	161	184
179	89	179	215
182	78	193	226
184	64	206	224
189	45	203	239
199	42	206	254
192	13	245	280
197	14	249	260
178	72	249	227
157	81	234	230
159	89	256	201
146	99	186	183
155	105	139	172
147	104	130	175
135	86	138	193
121	86	135	192
112	98	134	178
106	87	125	190
103	90	120	186
103	90	120	190
104	93	123	187
105	97	125	185
108	98	127	184
108	99	132	185
111	97	131	186
116	104	133	180
117	101	134	183
121	99	139	183
126	96	137	187
133	91	141	192
139	96	144	186
151	92	145	191
158	94	144	189
171	93	145	192
172	86	153	198
188	76	140	200
195	75	128	192
208	89	91	185
217	98	64	171
311	71	79	171
278	74	102	174
261	110	122	184
235	75	151	181
227	121	181	195
227	56	201	236
217	71	245	237
221	57	233	238
225	70	231	231
216	58	236	245
198	68	253	263
271	36	188	230
319	52	138	230
323	79	140	203
337	31	134	235
340	29	133	244
349	32	122	232
348	38	123	217
351	35	126	213
346	35	127	210
344	34	130	212
349	46	128	198
352	40	121	198
350	32	121	207
333	35	133	212
331	39	128	214
321	45	128	209
315	59	130	189
301	84	140	159
302	91	138	151
301	90	134	150
294	62	139	166
292	63	135	189
286	62	132	200
296	57	116	203
297	52	113	200
308	68	92	180
218	100	113	196
248	105	135	195
234	114	167	185
242	60	177	226
242	55	211	242
241	57	217	233
264	62	197	224
233	61	231	222
208	57	273	219
197	57	291	215
179	58	312	215
165	54	340	213
177	57	333	208
163	64	370	198
174	47	358	216
169	54	361	208
167	59	364	207
157	62	376	200
154	75	382	191
160	86	344	174
164	93	319	173
163	90	315	178
163	85	295	185
157	88	307	191
151	87	320	189
160	93	306	182
160	114	294	157
156	104	315	171
155	102	310	176
147	94	313	195
126	95	344	189
145	109	320	170
135	101	324	190
134	108	323	186
95	97	368	222
133	101	371	196
145	90	415	212
139	96	424	209
138	104	426	204
166	101	384	210
174	97	365	208
155	95	369	219
136	96	362	218
139	89	346	228
133	88	340	225
130	87	326	241
131	81	326	249
118	88	340	233
127	104	333	191
123	95	315	222
126	94	318	202
131	87	307	207
138	87	296	203
144	88	280	197
150	82	265	216
160	81	250	219
165	82	236	206
166	86	225	190
171	88	215	195
169	86	226	187
169	88	221	196
175	89	188	203
189	93	161	201
193	93	154	201
186	94	157	201
180	91	164	202
179	98	148	198
174	87	148	202
171	105	142	195
166	86	168	221
