0.463722
0.049825
0.050564
0.048432
0.047329
0.048307
0.048105
0.047018
0.045210
0.048674
0.047795
0.045390
0.046981
0.046791
0.050289
0.050102
0.047886
0.046819
0.048330
0.045743
0.077501
0.042279
0.041017
0.048760
0.044542
0.046705
0.044523
0.062206
0.043748
0.062391
0.065431
0.063427
0.058784
0.070210
0.069985
0.044461
0.041079
0.040961
0.041604
0.022357
0.081171
0.045269
0.040543
0.039115
0.043277
0.041332
0.044853
0.045081
0.047834
0.048156
0.048086
0.048311
0.048953
0.046849
0.046757
0.047220
0.048753
0.045114
0.045820
