0.490055
0.046973
0.049154
0.040539
0.040438
0.042786
0.045533
0.045282
0.045405
0.048110
0.042272
0.041671
0.043147
0.040202
0.040074
0.040368
0.044468
0.046557
0.046954
0.047658
0.072775
0.046877
0.044356
0.047014
0.049422
0.046679
0.046414
0.046699
0.046698
0.048067
0.048476
0.049661
0.041109
0.044126
0.050235
0.028012
0.028024
0.027874
0.028526
0.051616
0.084165
0.047367
0.044490
0.040768
0.048536
0.045649
0.046495
0.048913
0.040376
0.043002
0.045283
0.048412
0.054041
0.049020
0.049857
0.049628
0.052117
0.023510
0.025736
0.022618
0.079196
0.028093
0.023130
0.022973
0.023121
0.022270
0.028280
0.028054
0.027982
0.028247
0.028221
