0.495492
0.050071
0.050287
0.040861
0.042671
0.046361
0.060879
0.051479
0.049062
0.051473
0.049741
0.050400
0.052733
0.043152
0.044171
0.057677
0.043917
0.049803
0.049260
0.043234
0.078229
0.043317
0.050343
0.050247
0.046977
0.050498
0.050245
0.042047
0.047133
0.049681
0.043435
0.055719
0.049125
0.042442
0.041707
0.041076
0.047339
0.049280
0.049155
0.070549
0.078516
0.047667
0.049460
0.049089
0.048744
0.049188
0.046137
0.049662
0.048390
0.046775
0.040839
0.040675
0.042655
0.041649
0.041706
0.042237
0.039896
0.039437
0.039985
0.040650
0.077153
0.039753
0.040584
0.040055
0.040590
0.040496
0.041288
0.041989
0.046280
0.050900
0.041873
0.042496
0.041317
0.042388
0.042577
0.052243
0.042529
0.043121
0.049007
0.051848
0.076502
0.040998
0.040893
0.041571
0.041342
0.040356
0.042904
0.040817
0.039984
0.040878
0.040432
0.040831
0.040638
0.040915
0.040512
0.041736
0.040577
0.039914
0.040368
0.040251
0.075032
0.040691
0.040648
0.040730
0.041418
0.041854
0.041681
0.041873
0.047599
0.047504
0.040740
0.041618
0.040366
0.040692
0.040687
0.041321
0.040117
0.040509
0.040806
0.040555
0.075508
0.040174
0.040373
0.039489
0.040383
0.041524
0.039703
0.039217
0.039201
0.040075
0.039510
0.039408
0.039283
0.039435
0.038776
0.039890
0.040554
0.041925
0.047075
0.040769
0.075328
0.041522
0.040028
0.040942
0.040296
0.040118
0.045146
0.040178
0.039774
0.041707
0.040692
0.039592
0.039549
0.040074
0.040124
0.040214
0.040216
0.040822
0.040145
0.039976
0.075716
0.041878
0.046513
0.048847
0.039687
0.040310
0.046875
0.047797
0.049186
0.049620
0.042313
0.043178
0.042126
0.042622
0.046257
0.042847
0.041782
0.042663
0.042481
0.044314
0.079069
0.044341
0.040662
0.044436
0.047084
0.046726
0.047740
0.039452
0.045367
0.042325
0.044667
0.041627
0.040853
0.039648
0.040850
0.040271
0.044863
0.047950
0.046786
0.046495
0.080018
0.041684
0.043115
0.039900
0.042731
0.047139
0.042467
0.045521
0.041474
0.044297
0.041311
0.050117
0.052345
0.044142
0.050934
0.048516
0.041834
0.041823
0.042415
0.041706
0.077629
0.041425
0.041859
0.041932
0.040206
0.039699
0.039787
0.039774
0.039767
0.039859
0.041222
0.041405
0.040809
0.040716
0.041224
