30	159	107	304
22	161	123	317
51	163	108	310
68	160	97	311
90	168	87	306
106	171	74	300
124	173	68	300
124	172	74	297
137	178	69	293
136	174	74	300
162	178	57	277
163	182	61	271
165	185	64	270
181	189	61	253
192	190	50	252
195	196	55	246
197	195	55	250
0	0	0	0
0	0	0	0
0	0	0	0
0	0	0	0
0	0	0	0
0	0	0	0
0	0	0	0
0	0	0	0
0	0	0	0
0	0	0	0
0	0	0	0
0	0	0	0
0	0	0	0
0	0	0	0
0	0	0	0
0	0	0	0
0	0	0	0
0	0	0	0
0	0	0	0
345	216	60	254
340	217	72	252
357	222	63	247
356	221	68	252
367	218	68	257
369	221	69	254
369	222	79	250
376	222	75	244
386	225	73	249
390	221	72	251
398	223	73	243
403	234	73	230
409	232	76	221
417	232	74	230
426	233	73	231
432	230	70	235
439	231	65	231
434	234	75	234
438	231	75	233
440	234	74	230
0	0	0	0
449	236	68	223
456	240	63	225
453	243	69	219
466	240	57	223
461	245	67	216
459	243	72	212
463	245	69	208
466	248	69	205
470	249	68	210
469	246	73	217
466	252	80	207
474	248	71	213
471	251	79	207
472	255	82	196
476	255	78	201
479	255	69	198
488	254	59	196
492	255	52	198
491	255	54	196
493	258	52	187
497	260	46	188
501	262	40	192
503	264	38	188
503	263	39	186
503	265	41	181
501	266	46	175
491	265	58	174
493	265	57	173
492	268	58	170
494	268	56	170
499	268	52	172
499	272	54	165
499	272	55	163
498	273	56	161
504	272	50	164
507	276	50	155
511	273	45	157
511	278	45	153
515	273	41	158
517	273	40	158
516	277	44	151
518	277	41	151
517	280	43	146
520	285	39	142
524	281	35	149
