1.894465
0.092256
0.091208
0.095673
0.090716
0.094334
0.093133
0.089168
0.093168
0.107521
0.092578
0.094630
0.091419
0.089829
0.094046
0.094018
0.092173
0.093143
0.095118
0.063807
0.177789
0.093558
0.094116
0.093598
0.091715
0.090494
0.093634
0.093150
0.065353
0.092384
0.063750
0.063324
0.063363
0.065168
0.064948
0.064833
0.063523
0.065653
0.094632
0.095136
0.207406
0.090561
0.092446
0.061321
0.060320
0.063609
0.063152
0.063147
0.060248
0.061447
0.090650
0.092350
0.089253
0.064093
0.091671
0.093536
0.093098
0.092874
0.092420
0.091150
0.218441
0.094693
0.095403
0.095283
0.093602
0.094790
0.095076
0.094562
0.093132
0.095688
0.093491
0.155361
0.094373
0.096696
0.093288
0.094102
0.091589
0.090567
0.095677
0.095129
0.216645
0.093138
0.108546
0.092075
0.094284
0.093389
0.092338
0.093427
0.102969
0.097114
0.096010
0.091818
0.091552
0.093002
0.095920
0.093144
0.092711
0.091915
0.094177
0.091947
0.217178
