52	255	53	178
59	257	42	182
66	253	39	187
70	249	37	188
75	257	42	182
78	249	41	193
83	251	54	191
87	257	52	181
92	258	58	181
97	260	51	177
102	259	57	182
107	257	54	181
119	257	52	179
122	261	51	173
132	256	41	180
133	256	45	177
141	256	37	173
145	257	35	171
319	273	37	168
315	268	41	171
317	270	40	178
318	266	39	183
318	266	40	187
319	268	39	187
318	269	38	182
190	248	37	187
194	253	37	180
197	251	38	185
200	249	38	185
204	255	41	178
205	257	43	178
213	257	39	178
214	255	42	180
220	257	41	178
224	258	40	168
231	259	39	177
235	261	34	168
0	0	0	0
0	0	0	0
318	268	33	174
318	260	35	181
319	269	33	173
0	0	0	0
263	256	39	178
264	254	42	178
270	258	41	176
274	258	36	175
0	0	0	0
0	0	0	0
0	0	0	0
0	0	0	0
367	259	33	173
366	266	33	161
367	253	30	157
366	259	33	161
369	266	26	147
371	269	25	141
369	271	28	131
367	272	31	127
368	282	29	115
370	282	27	113
0	0	0	0
0	0	0	0
0	0	0	0
320	305	25	120
320	295	29	126
319	294	33	118
323	293	31	121
321	290	34	116
322	289	31	113
322	289	32	109
320	301	32	107
320	291	32	106
319	295	33	100
320	310	30	86
321	315	29	82
319	315	30	80
319	318	31	76
319	320	33	75
320	321	30	75
320	322	31	74
321	322	30	75
321	322	30	74
320	322	31	73
319	322	31	73
318	323	34	72
319	320	32	75
319	317	31	78
318	316	32	79
319	316	31	79
318	313	32	82
322	310	28	86
318	314	32	81
318	311	33	84
317	313	33	82
317	309	34	86
318	303	32	92
317	302	33	93
316	301	34	94
316	300	34	96
316	306	34	90
316	304	35	91
317	304	33	90
318	298	31	98
317	298	31	96
317	305	32	90
317	309	32	86
316	306	33	88
317	308	32	88
316	309	32	85
316	309	33	85
316	307	34	87
318	313	31	82
318	310	30	85
316	314	33	80
317	310	32	85
317	307	33	87
316	303	33	91
317	308	31	88
317	305	33	91
318	315	31	81
318	318	31	77
317	316	32	79
317	313	31	81
316	313	32	82
