1.802322
0.094327
0.087135
0.088351
0.095749
0.090662
0.086738
0.092812
0.097338
0.089317
0.093751
0.091147
0.093566
0.092469
0.093912
0.091210
0.090817
0.098530
0.092053
0.091149
0.182377
0.092753
0.091987
0.088576
0.089447
0.093598
0.092636
0.094119
0.093156
0.089570
0.094115
0.091887
0.088421
0.092139
0.090878
0.091027
0.089269
0.094099
0.093586
0.096223
0.212622
0.095846
0.096005
0.092174
0.089578
0.094074
0.089015
0.092571
0.090531
0.094933
0.092645
0.092919
0.089180
0.091993
0.091400
0.091510
0.091450
0.092878
0.094587
0.093478
0.218496
0.096203
0.100432
0.094203
0.091165
0.091008
0.091658
0.118875
0.095192
0.088007
0.092599
0.094303
0.093709
0.086372
0.090688
