1.979215
0.101693
0.098283
0.100641
0.098827
0.099354
0.092887
0.101327
0.100505
0.100792
0.099163
0.104572
0.099796
0.102679
0.102450
0.102293
0.103096
0.103045
0.103528
0.106453
0.194478
0.107147
0.156640
0.156012
0.098363
0.100450
0.146015
0.153096
0.165496
0.156124
0.101808
0.161416
0.098396
0.096178
0.094931
0.101534
0.106058
0.098944
0.095361
0.109904
0.224007
0.076236
0.073797
0.073148
0.074238
0.074586
0.076917
0.067220
0.074108
0.079423
0.074337
0.073946
0.074605
0.079607
0.067137
0.066178
0.067734
0.068286
0.073646
0.073787
0.067876
0.068361
0.073951
0.074577
0.073538
0.082604
0.074886
0.067338
0.068098
0.069523
0.073407
0.074718
0.068764
0.067774
0.078992
0.083275
0.073171
0.068552
0.067044
0.073565
0.067011
0.068625
0.068472
0.073780
0.074652
0.066203
0.074460
0.076402
0.074045
0.073038
0.067726
0.067716
0.076581
0.066916
0.067407
0.067653
0.068609
0.073725
0.073252
0.067763
0.068730
0.074150
0.079474
0.075785
0.096781
0.067834
0.067289
0.099148
0.106083
0.065517
0.071370
0.099568
0.098356
0.099337
0.095996
0.093347
0.094415
0.093216
0.094166
0.064069
0.093407
0.094549
0.093688
0.094955
0.093241
0.095990
0.095528
0.095814
0.067085
0.095104
0.100263
0.089640
0.068042
0.066307
0.097287
0.065933
0.062717
0.104584
0.093288
0.089595
0.218543
0.097517
0.097222
0.099981
0.098903
0.099280
0.099113
0.096267
0.096924
0.095223
0.098399
0.096923
0.157534
0.156536
0.159715
0.098137
0.156618
0.098940
0.095004
0.100554
0.218458
0.092996
0.097881
0.097914
0.097804
0.092236
0.098746
0.091413
0.093730
0.095357
0.095343
0.093150
0.100123
0.106352
0.094816
0.099870
0.080375
0.072217
0.068171
0.068959
0.072234
0.071559
0.065773
0.067191
0.067204
0.076177
0.072830
0.066999
0.075415
0.075030
0.073536
0.072268
