1.908484
0.093125
0.093262
0.089737
0.109751
0.086454
0.090338
0.104053
0.087399
0.094540
0.095683
0.092576
0.091540
0.093172
0.090620
0.093578
0.089021
0.087061
0.091065
0.091014
0.175289
0.090351
0.106650
0.062906
0.063968
0.064313
0.062690
0.063612
0.060524
0.061387
0.061903
0.093739
0.090717
0.092953
0.091160
0.090103
0.091670
0.092343
0.091722
0.091428
0.203774
0.154426
0.151194
0.091096
0.092938
0.089962
0.094868
0.095445
0.111682
0.089074
0.090261
0.089227
0.090155
0.087173
0.090380
0.093352
0.152714
0.095186
0.091462
0.091169
0.211819
0.096212
0.090806
0.092087
0.096075
0.100804
0.090570
0.061745
0.066612
0.064619
0.065454
0.063930
0.092723
0.063932
0.063937
0.063556
0.090750
0.099188
0.065698
0.062816
0.093102
0.089833
0.092566
0.087287
0.088554
0.093734
0.095415
0.093104
0.067473
0.064697
0.065529
0.064899
0.065757
0.065714
0.061684
0.064640
0.064557
0.064710
0.068603
0.062320
0.062372
0.064289
0.092199
0.157367
0.092454
0.065264
0.060091
0.063937
0.066895
0.066335
0.064327
0.064955
0.061750
0.060507
0.063273
0.092895
0.094092
0.093312
0.093259
0.093208
0.212034
0.089986
0.094632
0.090423
0.061992
0.063282
0.064004
0.063778
0.062156
0.062857
0.061233
0.062655
0.063358
0.059854
0.061782
0.062004
0.060812
0.062274
0.076547
0.062638
0.211287
0.093308
0.091241
0.092895
0.095161
0.096228
0.095615
0.161796
0.095950
0.096381
0.089893
0.096226
0.095078
0.091920
0.094882
0.093596
0.098807
0.093961
0.095677
0.090727
0.221430
0.096483
0.092779
0.089964
0.089841
0.153650
0.089662
0.062634
0.093031
0.095594
0.095870
0.093130
0.088956
0.098393
0.111222
0.091890
0.061337
0.063405
0.063650
0.067053
0.061861
