1.963351
0.098956
0.099176
0.098827
0.097950
0.098074
0.097240
0.093862
0.092736
0.095937
0.098718
0.103515
0.096311
0.099412
0.103589
0.098242
0.094733
0.093673
0.096888
0.089869
0.189903
0.096163
0.096184
0.097878
0.068093
0.068626
0.067497
0.066493
0.063743
0.067015
0.068985
0.089494
0.099267
0.095116
0.066619
0.068315
0.067577
0.066015
0.095253
0.098006
0.201328
0.087923
0.092133
0.116769
0.094760
0.098292
0.097103
0.095608
0.093112
0.094782
0.094744
0.094816
0.097481
0.094042
0.100649
0.094334
0.096570
0.087279
