503	163	103	297
496	168	100	282
496	162	92	294
489	155	88	306
486	154	87	312
477	161	91	307
473	158	92	306
456	152	103	318
457	146	92	326
440	149	106	321
414	158	124	312
410	160	114	307
401	139	113	314
395	141	110	319
386	150	114	321
377	165	118	308
368	125	125	344
355	141	135	331
343	157	161	316
342	126	134	349
326	150	138	322
317	153	142	318
304	150	136	322
295	140	127	332
293	123	109	346
282	118	114	357
268	129	117	327
262	132	118	332
251	138	118	333
254	126	101	334
239	136	112	328
228	151	119	325
216	126	123	346
206	131	140	346
189	130	158	348
185	121	148	357
176	152	115	332
164	144	120	321
148	142	126	334
135	141	133	315
124	142	136	323
0	0	0	0
0	0	0	0
0	0	0	0
0	0	0	0
0	0	0	0
0	0	0	0
0	0	0	0
0	0	0	0
0	0	0	0
0	0	0	0
0	0	0	0
0	0	0	0
0	0	0	0
0	0	0	0
0	0	0	0
0	0	0	0
0	0	0	0
0	0	0	0
0	0	0	0
0	0	0	0
0	0	0	0
0	0	0	0
0	0	0	0
0	0	0	0
0	0	0	0
0	0	0	0
0	0	0	0
0	0	0	0
0	0	0	0
0	0	0	0
0	0	0	0
0	0	0	0
0	0	0	0
0	0	0	0
0	0	0	0
0	0	0	0
0	0	0	0
0	0	0	0
0	0	0	0
0	0	0	0
0	0	0	0
0	0	0	0
0	0	0	0
0	0	0	0
0	0	0	0
0	0	0	0
0	0	0	0
0	0	0	0
0	0	0	0
0	0	0	0
0	0	0	0
0	0	0	0
0	0	0	0
0	0	0	0
0	0	0	0
0	0	0	0
0	0	0	0
0	0	0	0
0	0	0	0
0	0	0	0
0	0	0	0
0	0	0	0
0	0	0	0
540	166	103	318
0	0	0	0
0	0	0	0
553	195	78	339
551	171	77	316
0	0	0	0
0	0	0	0
554	177	63	294
542	200	75	270
542	232	63	237
532	247	73	217
533	246	65	216
537	248	54	210
536	245	47	212
524	245	66	197
0	0	0	0
525	253	59	197
517	244	63	212
507	247	72	204
509	260	66	194
496	252	76	205
476	242	95	219
478	245	88	208
465	243	92	207
0	0	0	0
461	242	81	201
459	241	79	204
452	237	85	198
0	0	0	0
0	0	0	0
432	239	85	218
0	0	0	0
0	0	0	0
412	229	74	226
410	225	72	242
399	220	77	234
390	221	89	232
379	221	100	235
375	220	103	227
363	217	116	239
362	234	119	220
352	225	90	245
354	220	76	239
339	222	85	248
331	231	92	237
314	219	88	215
309	220	89	207
293	227	93	238
294	213	75	252
276	219	87	245
272	206	83	257
259	201	83	270
252	202	86	272
235	198	96	274
226	203	95	257
206	204	105	265
196	202	95	255
181	188	92	279
176	178	94	293
157	178	89	291
160	174	72	291
132	177	88	295
126	174	104	300
111	167	111	303
103	182	103	286
78	190	113	274
61	193	124	268
28	177	147	283
13	176	154	289
2	159	145	314
-1	167	146	298
-3	161	134	290
0	0	0	0
0	0	0	0
0	0	0	0
0	0	0	0
0	0	0	0
0	0	0	0
0	0	0	0
0	0	0	0
0	0	0	0
0	0	0	0
0	0	0	0
0	0	0	0
0	0	0	0
0	0	0	0
0	0	0	0
0	0	0	0
