0.427799
0.041537
0.040999
0.040478
0.040881
0.040718
0.040906
0.041071
0.041083
0.041157
0.041394
0.041782
0.051623
0.042108
0.042248
0.042094
0.041933
0.041193
0.040325
0.040500
0.070389
0.042079
0.040916
0.041129
0.041155
0.040524
0.040356
0.040789
0.040308
0.040447
0.040543
0.040033
0.040188
0.040021
0.040404
0.041436
0.048467
0.041655
0.042423
0.041847
0.078021
0.040618
0.041798
0.041649
0.040301
0.041488
0.046824
0.041466
0.021209
0.045710
0.046085
0.044902
0.041023
0.041043
0.041631
0.040317
0.040393
0.040486
0.040268
0.040890
0.077116
0.044864
0.050486
0.040156
0.040360
0.040680
0.040581
0.040815
0.042236
0.041239
0.041867
0.041011
0.040362
0.041536
0.040798
0.042022
0.041099
0.041314
0.041688
0.042547
0.082193
0.042511
0.050029
0.042218
0.041096
0.042622
0.042571
0.041670
0.041721
0.042275
0.051333
0.042659
0.043710
0.050010
0.048046
0.047922
0.041970
0.042142
0.048504
0.048434
0.084214
0.042062
0.047361
0.048039
0.050967
0.046175
0.041832
0.048330
0.048385
0.042961
0.042857
0.042664
0.042413
0.041506
0.041261
0.042061
0.040516
0.041626
0.041514
0.040139
0.022621
0.020460
0.020484
0.022803
0.022571
0.023083
0.023089
0.022654
0.022652
0.023468
0.022523
0.024231
0.021247
0.020961
0.021186
0.039691
0.039716
0.039915
0.043127
0.041907
0.082671
0.041332
0.040895
0.041023
0.042640
0.046640
0.047839
0.045270
0.040998
0.041065
0.044545
0.041769
0.040187
0.039970
0.039598
0.040464
0.039927
0.041565
0.040113
0.042676
0.077739
0.041461
0.041279
0.040334
0.040573
0.039882
0.040272
0.041493
0.050828
0.048467
0.047577
0.047642
0.048109
0.050581
0.042808
0.043310
0.041572
0.048408
0.041589
0.041301
0.079511
0.042335
0.049467
0.051113
0.041708
0.042261
0.048331
0.043928
0.051116
0.050349
0.042515
0.050456
0.049165
0.042094
0.048943
0.050461
0.042578
0.049827
0.049194
0.043721
0.084554
0.049295
0.042495
0.046039
0.046143
0.045718
0.048652
0.044053
0.045325
0.044587
0.047363
0.042256
0.041864
0.042799
0.043846
0.045841
0.042143
0.041570
0.041551
0.041826
0.075864
0.041014
0.040870
0.041632
0.040375
0.041842
0.045913
0.041067
0.040803
0.040592
0.041162
0.040791
0.041221
0.041361
0.042020
0.041116
0.042498
0.040718
0.042015
0.048671
0.083420
0.041681
0.041677
0.040901
0.041504
