2.301865
0.100674
0.099485
0.100071
0.098899
0.097060
0.096720
0.095763
0.112608
0.099446
0.096741
0.098768
0.097986
0.094941
0.095804
0.093896
0.096880
0.063231
0.061452
0.070215
0.066426
0.063809
0.062173
0.064891
0.061687
0.060919
0.066735
0.068831
0.061821
0.063931
0.067000
0.068081
0.065683
0.061523
0.061753
0.066225
0.095424
0.093677
0.100065
0.094575
0.187498
0.096332
0.096857
0.094970
0.096969
0.096256
0.097055
0.097365
0.105562
0.094520
0.097718
0.095490
0.094093
0.095187
0.095908
0.095920
0.062567
0.094211
0.093350
0.097464
0.219939
0.099833
0.097538
0.094473
0.101782
0.096888
0.090008
0.095496
0.095870
0.095628
0.096627
0.095787
0.097377
0.093193
0.095839
0.095410
0.091748
0.092438
0.099471
0.095689
0.218432
0.091741
0.093279
0.095270
0.089166
0.091375
0.093167
0.093289
0.094424
0.095005
0.096100
0.094854
0.095788
0.093226
0.093770
0.092258
0.093383
0.097605
0.096671
0.092220
0.219054
0.092390
