1.819378
0.095319
0.092865
0.093390
0.090635
0.091300
0.103933
0.093490
0.089993
0.100101
0.086962
0.090337
0.094438
0.085835
0.091569
0.132617
0.090729
0.132194
0.133040
0.091268
0.178796
0.091888
0.093947
0.092018
0.107226
0.092578
0.093329
0.145792
0.148666
0.144018
0.093407
0.091429
0.153966
0.152832
0.154799
0.107085
0.116090
0.065714
0.063404
0.094785
0.213003
0.092431
0.062672
0.092317
0.101443
0.093389
0.091397
0.062776
0.060467
0.063506
0.062748
0.092115
0.093627
0.091129
0.088344
0.094452
0.091909
0.089045
0.088875
0.092588
0.212854
0.060964
0.059532
0.061983
0.089622
0.092660
0.088677
0.088388
0.093064
0.093004
0.098713
0.088489
0.093227
0.152811
0.088283
0.089531
0.090999
0.085563
0.085426
0.087900
0.212532
0.090422
0.086416
0.099595
0.149520
0.085067
0.156023
0.154439
0.154585
0.154674
0.147782
0.153448
0.153327
0.158494
0.151963
0.153514
0.158530
0.152721
0.150156
0.156258
0.210741
0.090086
0.089020
0.089489
0.087653
0.087960
0.091883
0.089112
0.089314
0.088408
0.090562
0.086087
0.092490
0.103486
0.089135
0.087298
0.087234
0.089755
0.093060
0.089417
0.214633
0.091408
0.089767
0.092495
0.091110
