0.416965
0.039775
0.039455
0.039892
0.039464
0.038923
0.039170
0.040137
0.020455
0.020483
0.024995
0.020260
0.020346
0.020745
0.039257
0.038497
0.039132
0.038716
0.041106
0.039483
0.067990
0.040428
0.040384
0.046726
0.039742
0.042098
0.041294
0.042676
0.048406
0.042452
0.044039
0.042430
0.042491
0.042883
0.043063
0.042315
0.043260
0.021699
0.021781
0.022337
0.021970
0.022934
0.023150
0.023072
0.023273
0.047782
0.046748
0.046083
0.043882
0.044724
0.043284
0.042558
0.042920
0.044365
0.042766
0.042391
0.042730
0.041922
0.042523
0.040459
0.076417
0.041756
0.021705
0.021137
0.021192
0.021167
0.021766
0.046242
0.040922
0.039929
0.043857
0.044455
0.039744
0.045652
0.043060
0.043937
0.041253
0.041347
0.041486
0.046818
0.077145
0.042228
0.043347
0.046726
0.043163
0.041321
0.043152
0.048117
0.041271
0.041408
0.041978
0.043226
0.044340
0.041622
0.042892
0.041769
0.042122
0.042208
0.041654
0.041178
0.076833
0.040954
0.040243
0.041296
0.040414
0.039909
0.040133
0.040447
0.042320
0.045886
0.039402
0.042510
0.042066
0.044310
0.041302
0.042784
0.042827
0.040745
0.041174
0.040428
0.077316
0.040308
0.041269
0.040073
0.039764
0.040936
0.041290
0.042156
0.042787
0.040891
0.041188
0.042335
0.043814
0.045550
0.045951
0.045310
0.043120
0.044007
0.042538
0.040882
0.078164
0.041558
0.047932
0.041278
0.041375
0.046339
0.042198
0.042236
0.040705
0.041523
0.040160
0.045192
0.042073
0.045031
0.041489
0.044966
0.047124
0.044941
0.044103
0.039134
0.076539
0.040427
0.042483
0.046692
0.041632
0.044334
0.020476
0.020922
0.025135
0.021412
0.020770
0.020911
0.021152
0.040939
0.040754
0.039902
0.040128
0.038879
0.039076
0.039038
0.079280
0.039120
0.040505
0.041449
0.021161
0.021970
0.020173
0.020157
0.021100
0.022182
0.020921
0.020739
0.020424
0.021041
0.020185
0.020128
0.020784
0.020523
0.039378
0.040066
0.081902
0.039210
0.039795
0.040494
0.039714
0.041958
0.038676
0.039379
0.020854
0.020729
0.020974
0.020783
0.020734
0.020536
0.020606
0.020656
0.020819
0.020617
0.021141
0.020604
0.075091
0.039119
0.038882
0.041504
0.039639
0.040862
0.039444
0.040525
0.021186
0.021469
0.021364
0.020497
0.020870
0.020328
0.020486
0.020202
0.020458
0.020440
0.020335
0.020367
0.020555
0.020649
0.040822
0.039869
0.043575
0.039458
0.039216
0.038713
0.040188
0.039291
0.039042
0.039590
0.039475
0.039477
0.038666
0.020879
0.020796
0.020838
0.020909
0.020494
0.074847
0.040028
0.039508
0.040000
0.039782
0.040308
0.042507
0.040061
0.039203
0.039508
0.039802
0.040203
0.039923
0.044254
0.039940
0.020417
0.021276
0.020467
0.020475
0.020348
0.020290
0.020418
0.020553
0.020739
0.020670
0.020805
0.040365
0.039827
0.040196
0.039360
0.040155
0.041060
0.039722
0.039331
0.039962
0.040768
0.040702
0.039742
0.039677
0.020725
0.020464
0.024229
0.020859
0.020553
0.020408
0.020401
0.021012
0.020828
0.020743
0.020911
0.039212
0.039695
0.039255
0.038415
0.042682
0.041062
0.041843
0.045824
0.045781
0.023184
0.021702
0.020797
0.020613
0.020249
0.020561
0.020451
0.020236
0.020738
0.020693
0.020670
0.020357
0.020759
0.020366
0.020432
0.020186
0.039068
0.038827
0.041731
0.041575
0.039623
0.076358
0.044076
0.044615
0.020667
0.020427
0.020967
0.020165
0.021371
0.020838
0.020743
0.020286
0.021218
0.020727
0.020950
0.020634
0.020338
0.020503
0.020707
0.020327
0.020530
0.021124
0.021219
0.020478
0.021034
0.020910
0.020940
0.020541
0.020240
0.020342
0.020455
0.020593
0.020555
0.020401
0.020855
0.020836
0.020641
0.020315
0.020411
0.020351
0.020696
0.020386
0.020422
0.020244
0.020305
0.020155
0.020279
0.020343
0.020370
0.020899
0.020229
0.020377
0.020540
0.020059
0.020435
0.020046
0.020491
0.020120
0.021578
0.020326
0.020413
0.021234
0.020358
0.020702
0.020809
