35	265	57	172
43	261	51	182
45	259	54	184
49	257	55	186
53	253	53	192
60	257	52	182
64	263	50	179
70	265	54	176
75	264	50	176
80	264	50	176
83	263	50	182
88	262	49	178
93	263	47	174
100	261	46	171
102	263	47	171
106	264	48	177
107	263	50	179
114	265	48	176
118	267	48	177
123	266	50	175
127	266	48	171
133	268	47	172
137	264	46	176
141	264	48	175
145	266	46	168
151	262	44	173
154	262	42	177
160	263	42	174
160	263	46	174
166	265	46	171
169	264	45	169
174	264	44	160
176	263	45	158
180	272	46	158
189	266	42	164
192	265	42	167
195	265	44	168
198	261	45	170
201	256	44	177
205	256	44	180
210	258	41	175
216	256	38	178
217	257	39	175
217	258	43	170
220	257	42	173
224	263	45	168
226	269	45	156
233	267	44	156
237	268	42	157
240	266	44	166
244	267	42	168
249	265	44	161
250	266	39	164
0	0	0	0
0	0	0	0
0	0	0	0
0	0	0	0
270	264	40	170
269	264	43	169
276	267	40	166
277	266	43	167
282	268	43	160
284	269	42	156
291	268	39	157
293	266	38	163
296	267	39	160
297	266	41	158
304	265	36	158
306	264	37	163
308	263	39	166
309	261	39	167
311	267	41	156
313	268	40	149
318	268	40	155
319	268	41	153
324	269	42	151
328	268	41	147
332	267	42	154
333	267	43	153
339	267	40	156
340	266	41	158
346	264	38	160
348	265	39	158
355	264	35	162
355	261	39	162
358	266	40	159
359	266	42	158
362	265	46	159
365	265	43	162
371	266	40	158
374	268	38	153
378	264	40	159
380	268	39	155
385	267	38	154
387	267	37	154
390	268	43	152
392	268	42	154
397	267	41	158
396	265	43	160
399	269	43	153
402	268	40	157
406	270	34	158
0	0	0	0
0	0	0	0
0	0	0	0
0	0	0	0
0	0	0	0
0	0	0	0
441	263	33	161
435	270	42	150
438	269	42	153
441	269	42	155
442	269	43	152
448	268	43	156
450	268	40	156
454	267	40	159
454	270	45	151
459	271	40	150
460	267	41	156
466	262	39	162
467	261	41	164
471	262	40	156
472	264	42	153
475	263	42	154
476	263	44	156
479	262	45	161
480	263	45	160
483	266	44	154
484	268	46	153
487	269	50	153
490	275	52	143
496	275	51	141
496	273	53	144
503	272	49	144
506	270	49	148
512	272	47	145
513	270	49	145
515	271	51	143
515	269	53	148
518	269	51	150
520	269	50	149
523	269	51	152
524	273	50	147
527	276	50	142
529	278	49	140
533	276	45	140
535	275	43	138
537	271	44	141
538	271	45	138
539	272	45	138
541	273	46	137
542	273	45	132
542	272	48	140
545	273	47	132
545	275	47	129
547	280	51	118
549	277	52	128
552	279	54	128
556	277	53	133
561	281	57	129
564	282	54	127
570	275	40	131
570	271	36	133
0	0	0	0
0	0	0	0
0	0	0	0
0	0	0	0
0	0	0	0
0	0	0	0
0	0	0	0
