1.680340
0.089031
0.087411
0.089698
0.088436
0.086933
0.061229
0.061310
0.066522
0.065852
0.060836
0.065272
0.060750
0.060700
0.086971
0.087546
0.088361
0.086146
0.089292
0.087727
0.152615
0.088570
0.094154
0.086796
0.087297
0.087047
0.085452
0.060312
0.059755
0.059386
0.087640
0.089613
0.085339
0.085251
0.086532
0.087118
0.085172
0.085020
0.059162
0.058859
0.058860
0.059090
0.058856
0.059150
0.059261
0.058791
0.059288
0.058110
0.084816
0.084465
0.058195
0.059229
0.058726
0.058768
0.058729
0.059067
0.059386
0.058317
0.058578
0.059242
0.059156
0.059212
0.059783
0.058511
0.059228
0.059526
0.058814
0.086710
0.086167
0.086166
0.086024
0.086326
0.087204
0.085880
0.086479
0.084344
0.085888
0.085815
0.087057
0.085234
0.206655
0.087321
0.085593
0.086068
0.087040
0.087218
0.086450
0.087820
0.085928
0.086185
0.087380
0.087417
0.085726
0.087173
0.085452
0.087462
0.088622
0.092135
0.087105
0.086879
0.209193
0.086482
0.088651
0.085505
0.090783
0.087215
0.087143
0.088024
0.088634
0.085269
0.086173
0.083908
0.084727
0.085886
0.086076
0.088132
0.086112
0.086666
0.086481
0.086290
0.209956
0.087627
0.085957
0.086370
0.086257
0.085949
0.086308
0.085153
0.086812
0.086446
0.086436
0.086550
0.088842
0.085991
0.085711
0.086041
0.086003
0.084879
0.084393
0.084995
0.205006
0.087473
0.089577
0.086699
0.089882
0.086887
0.092886
0.089545
0.095239
0.090741
0.089671
0.090671
0.087995
0.088580
0.091196
0.088687
0.086638
0.088502
0.087527
0.085373
0.210259
0.089046
0.088070
0.088708
0.088794
0.087584
0.087936
0.092793
0.090487
0.087665
0.089500
0.093618
0.096307
0.089573
0.090255
0.088859
0.091886
0.088327
0.090582
0.062920
0.064034
0.063583
0.066090
0.062547
0.063353
0.064229
0.062759
0.062888
0.062208
