284	292	76	73
285	288	71	70
282	290	75	75
285	290	71	68
282	296	75	68
282	287	73	70
282	285	71	76
280	289	72	77
279	282	72	78
279	290	69	74
274	285	73	75
271	281	75	78
275	281	69	79
269	283	71	77
268	277	72	84
260	276	76	81
256	274	78	89
257	275	72	86
254	270	70	88
248	275	71	83
247	280	67	79
240	277	63	79
236	281	61	78
230	279	61	77
226	275	63	81
220	271	59	86
215	270	58	87
0	0	0	0
0	0	0	0
0	0	0	0
0	0	0	0
0	0	0	0
0	0	0	0
0	0	0	0
0	0	0	0
0	0	0	0
0	0	0	0
0	0	0	0
0	0	0	0
0	0	0	0
0	0	0	0
0	0	0	0
0	0	0	0
0	0	0	0
0	0	0	0
0	0	0	0
0	0	0	0
0	0	0	0
0	0	0	0
0	0	0	0
0	0	0	0
0	0	0	0
0	0	0	0
0	0	0	0
0	0	0	0
220	267	67	89
224	267	68	90
233	269	66	89
236	272	75	88
250	266	73	96
257	270	73	89
270	267	73	94
276	267	73	94
285	267	77	93
291	270	77	89
291	271	90	89
294	269	95	86
313	271	90	92
321	269	83	94
339	270	76	94
346	267	81	97
357	268	74	99
363	265	71	101
370	257	62	111
0	0	0	0
380	252	54	126
0	0	0	0
0	0	0	0
0	0	0	0
0	0	0	0
0	0	0	0
0	0	0	0
0	0	0	0
0	0	0	0
0	0	0	0
0	0	0	0
0	0	0	0
0	0	0	0
0	0	0	0
0	0	0	0
0	0	0	0
0	0	0	0
0	0	0	0
0	0	0	0
0	0	0	0
0	0	0	0
0	0	0	0
356	251	75	117
346	256	88	104
325	260	107	105
322	260	99	104
296	263	105	95
291	258	103	101
276	255	108	102
263	258	113	98
247	255	110	99
238	254	110	103
224	248	104	110
216	247	106	105
207	244	92	106
203	243	87	101
200	243	69	96
0	0	0	0
0	0	0	0
0	0	0	0
0	0	0	0
0	0	0	0
101	231	85	91
81	241	83	70
78	241	90	66
78	240	86	67
71	237	94	71
67	238	99	71
64	237	101	72
65	236	100	74
63	237	101	74
64	235	98	77
65	240	99	71
71	245	90	67
73	248	84	65
83	247	82	70
86	250	75	68
0	0	0	0
0	0	0	0
0	0	0	0
0	0	0	0
0	0	0	0
0	0	0	0
0	0	0	0
199	264	67	81
203	259	75	94
205	260	83	93
208	259	89	99
208	260	110	97
214	259	108	100
230	262	102	96
233	259	111	102
246	263	112	95
253	264	112	93
268	265	110	94
276	266	109	90
289	270	107	90
292	269	112	92
313	272	114	89
317	267	116	98
337	266	100	99
344	263	93	103
358	261	78	108
367	256	68	114
0	0	0	0
0	0	0	0
0	0	0	0
0	0	0	0
0	0	0	0
0	0	0	0
0	0	0	0
0	0	0	0
0	0	0	0
0	0	0	0
0	0	0	0
0	0	0	0
0	0	0	0
0	0	0	0
0	0	0	0
0	0	0	0
0	0	0	0
0	0	0	0
0	0	0	0
0	0	0	0
0	0	0	0
0	0	0	0
373	274	56	108
366	267	65	106
355	266	75	102
343	267	89	100
321	273	96	92
318	274	93	90
294	269	104	93
288	272	100	88
283	271	92	89
279	275	91	90
