514	272	92	140
509	268	93	143
503	272	94	135
500	260	95	137
498	263	89	140
495	268	91	144
493	263	86	142
489	269	87	139
483	267	88	139
481	265	89	139
478	265	85	138
477	268	84	140
473	274	82	133
470	265	84	134
466	262	81	147
463	268	82	136
448	271	93	134
451	266	88	133
448	267	86	136
446	265	84	138
436	262	92	138
435	266	89	134
433	268	86	134
433	268	84	130
425	263	88	136
420	260	91	135
415	266	89	134
408	266	97	128
407	271	93	125
404	265	92	132
405	267	84	130
411	267	72	129
401	263	80	133
399	265	81	131
400	266	73	129
392	268	80	125
386	271	81	124
384	271	82	124
374	269	86	125
366	263	96	130
351	259	110	135
350	259	111	133
345	260	111	132
344	262	112	131
342	259	114	132
342	261	111	132
338	258	116	135
340	257	112	134
333	257	117	130
337	264	108	129
338	260	107	127
334	262	116	131
334	252	116	136
332	247	117	139
331	249	119	137
331	255	120	132
324	258	128	126
327	249	125	135
315	251	139	132
322	255	129	129
312	257	137	125
318	255	138	125
309	256	148	126
300	256	158	124
283	257	179	124
303	252	163	126
303	255	156	125
292	260	167	117
281	259	178	118
268	264	193	113
240	266	217	111
260	265	201	111
236	266	222	110
218	266	240	109
193	258	268	125
210	265	255	106
188	265	274	110
189	262	273	114
167	263	296	111
173	265	291	109
157	263	307	101
178	260	281	112
193	262	267	114
186	265	277	108
190	268	269	104
207	267	254	104
178	272	279	97
190	274	272	97
158	271	300	95
166	266	297	106
170	264	291	108
172	263	290	108
228	257	283	118
211	272	253	98
141	266	241	85
154	269	254	83
118	265	239	80
158	299	252	95
110	262	238	76
152	284	252	80
102	262	280	105
194	264	272	106
187	269	279	100
167	266	296	105
154	262	310	110
180	267	283	98
161	266	302	103
149	263	319	104
156	259	314	109
131	257	340	112
153	250	314	123
162	263	305	108
168	264	296	102
169	262	307	108
90	253	306	110
125	254	349	113
133	255	342	111
149	252	320	116
165	248	335	124
145	263	322	101
167	262	301	107
152	259	312	108
146	251	325	121
132	251	343	119
140	245	330	118
127	246	340	123
135	248	334	122
124	247	347	123
132	243	337	123
128	242	344	128
136	240	331	134
129	234	342	137
129	234	343	138
118	232	354	141
115	236	360	134
108	237	368	134
108	236	365	136
102	238	372	131
115	241	389	125
103	240	394	132
94	245	391	118
97	239	376	127
93	234	381	135
136	245	353	123
116	245	366	123
101	239	374	129
91	240	391	131
85	232	389	130
111	238	398	129
94	242	383	123
88	239	396	129
123	232	394	130
99	234	394	139
76	240	435	126
129	228	452	160
139	214	424	186
144	202	420	211
138	207	415	202
