0.452455
0.041183
0.042844
0.049443
0.039971
0.040866
0.040722
0.040665
0.039314
0.040521
0.040271
0.042879
0.021119
0.020686
0.021648
0.021400
0.021405
0.020611
0.039023
0.040156
0.068286
0.040244
0.040402
0.039982
0.040101
0.041043
0.039900
0.046687
0.040266
0.041022
0.041011
0.039705
0.039882
0.042438
0.041824
0.040832
0.040135
0.040818
0.042007
0.041196
0.079284
0.040212
0.040080
0.040443
0.041605
0.040371
0.022962
0.021118
0.021082
0.021185
0.021008
0.021590
0.041288
0.040656
0.044126
0.044009
0.044182
0.044681
0.046812
0.044774
0.076511
0.040637
0.041424
0.040704
0.042010
0.040379
0.040059
0.041392
0.041526
0.044133
0.040900
0.041368
0.041798
0.041404
0.045099
0.021843
0.022035
0.021890
0.022390
0.021835
0.082025
0.053563
0.044050
0.045736
0.042145
0.040224
0.039639
0.039512
0.039846
0.040776
0.040124
0.039691
0.039651
0.039237
0.039715
0.039804
0.040599
0.039969
0.040570
