0.425365
0.041520
0.040976
0.041341
0.041173
0.046119
0.041531
0.040954
0.040422
0.040230
0.040376
0.041114
0.038435
0.040518
0.040704
0.040400
0.041269
0.041368
0.041194
0.043076
0.079978
0.040679
0.041075
0.040151
0.040462
0.040966
0.038331
0.038535
0.038561
0.039218
0.045622
0.045311
0.043991
0.040945
0.037781
0.042587
0.044911
0.041004
0.045585
0.046724
0.081081
0.043923
0.045763
0.046347
0.044929
0.039483
0.040703
0.044497
0.045653
0.054179
0.052579
0.043589
0.049886
0.043888
0.051704
0.050047
0.042348
0.049019
0.040956
0.041653
0.077322
0.041075
0.042795
0.047839
0.047022
0.044230
0.042917
0.046496
0.047215
0.050516
0.040512
0.041431
0.041340
0.041729
0.040481
0.041600
0.042003
0.041850
0.040935
0.040918
0.078462
0.049256
0.052657
0.046239
0.040073
0.039003
0.039497
0.041277
0.041222
0.039357
0.039704
0.046154
0.039661
0.039438
0.046442
0.046124
0.046269
0.044318
0.044739
0.041041
0.082107
0.042114
0.042495
0.041420
0.049808
0.041159
0.042176
0.041960
0.043175
0.050912
0.042357
0.040829
0.040677
0.040300
0.039849
0.040334
0.040529
0.040772
0.040824
0.043223
0.076918
0.041690
0.048072
0.045049
0.042044
0.046543
0.043674
0.042308
0.042869
0.040779
0.040389
0.050577
0.041056
0.040958
0.041641
0.042414
0.042029
0.041479
0.040061
0.044052
0.078061
0.042521
0.042990
0.040617
0.041939
0.040685
0.040390
0.041832
0.040687
0.040745
0.039498
0.040524
0.040051
0.040306
0.039872
0.040143
0.041883
0.048071
