0.544974
0.048357
0.048371
0.049033
0.049403
0.048571
0.048481
0.045182
0.049129
0.048208
0.047112
0.044412
0.050615
0.049009
0.047134
0.049442
0.046725
0.050396
0.047426
0.050712
0.082460
0.046283
0.051210
0.053540
0.052061
0.046574
0.046272
0.044829
0.045190
0.045565
0.048416
0.049292
0.050649
0.044467
0.044708
0.045863
0.046606
0.045953
0.046241
0.049250
0.085340
0.044955
0.045020
0.045356
0.044195
0.044896
0.045094
0.045302
0.044918
0.045580
0.045716
0.047171
0.048559
0.049478
0.049047
0.048802
0.048288
0.045794
0.044864
0.043827
0.082647
0.044282
0.045290
0.047695
0.046410
0.046455
0.066292
0.045347
0.045282
0.045354
0.045418
0.047511
0.069867
0.047127
0.044729
0.044966
0.049870
0.047390
0.066209
0.045890
0.089010
0.048891
0.049667
0.049913
0.048162
0.047723
0.046081
0.045883
0.046008
0.046124
0.045555
0.045151
0.046268
0.044966
0.047806
0.047728
0.045349
0.050330
0.048486
0.050128
0.090070
0.045677
0.049613
0.045597
0.048594
0.046552
0.049207
0.047611
0.050959
0.052219
0.026696
0.026379
0.047993
0.047563
0.046155
0.046414
0.047004
0.047957
0.047173
0.046868
0.084078
0.045465
0.047266
0.047814
0.048290
0.049212
0.045362
0.046144
0.050013
0.045986
0.051496
0.047117
0.045663
0.045636
0.045807
0.046389
0.047581
0.046469
0.049293
0.048291
0.085078
0.045752
0.046315
0.044990
0.045163
0.044486
0.044492
0.051047
0.045085
0.045752
0.044948
0.045285
0.044543
0.045755
