1.580774
0.091111
0.088997
0.088652
0.089031
0.088848
0.087753
0.087454
0.087408
0.087782
0.085949
0.086287
0.086922
0.095879
0.088331
0.086424
0.089595
0.088721
0.089686
0.087644
0.171774
0.087975
0.091207
0.089579
0.094180
0.087486
0.087553
0.090075
0.087404
0.087696
0.087005
0.086663
0.088068
0.088095
0.089043
0.086483
0.087586
0.087991
0.088027
0.086303
0.207211
0.089955
0.093236
0.090258
0.091671
0.090156
0.088299
0.086861
0.089630
0.087747
0.090239
0.087456
0.091543
0.088520
0.088237
0.094545
0.093666
0.088579
0.090725
0.097189
0.218749
0.088113
0.087773
0.089002
0.090034
0.087622
0.088434
0.088357
0.087216
0.090027
0.061073
0.060807
0.061487
0.060735
0.060020
0.060546
0.060385
0.060210
0.060514
0.061141
0.060443
0.060644
0.060098
0.060123
0.060186
0.060127
0.060002
0.059707
0.059614
0.059710
0.060432
0.060257
0.059927
0.059217
0.059645
0.061672
0.059154
0.060022
0.060802
0.059913
0.060132
0.060022
0.060343
0.060379
0.060568
0.060776
0.061559
0.060684
0.060052
0.059877
0.061166
0.060228
0.060444
0.060177
0.060570
0.060910
0.060085
0.060962
0.059953
0.060952
0.060887
0.060452
0.060092
0.059905
0.060003
0.059729
0.059934
0.060939
0.059455
0.059743
0.059604
0.060118
0.059487
0.060818
0.060436
0.059563
0.060124
0.060208
0.060004
0.060932
0.059992
0.059950
0.060299
0.060547
0.063291
0.059834
0.059876
0.060005
0.059760
0.059958
0.060709
0.060012
0.060020
0.060297
0.060051
0.061604
0.060186
0.059820
0.086621
0.060044
0.204834
0.087472
0.087967
0.092754
0.090129
0.088146
0.087904
0.087097
0.086096
0.086419
0.086117
0.086796
0.091787
0.094206
0.089368
0.087433
0.089096
0.089077
0.093570
0.094689
0.211218
0.087898
0.088930
0.089079
0.088427
0.093042
0.091043
0.087943
0.095149
0.087395
0.087835
0.087779
0.087910
0.086529
0.088300
0.088406
0.087557
0.086317
0.087504
0.088271
0.212644
0.089643
0.087182
0.093837
0.086836
0.085670
0.087979
0.087484
0.086568
0.087464
0.086451
0.085636
0.087298
0.088195
0.087925
0.087093
0.086542
0.087553
0.089489
0.091941
0.205294
0.091147
0.087448
0.091094
0.089188
0.088109
0.096599
0.091842
0.096837
0.098994
0.094519
0.088009
0.088331
0.088323
