232	198	79	280
236	196	78	283
236	198	82	281
243	196	76	285
243	194	81	286
247	194	80	285
253	194	77	284
255	194	79	286
263	194	72	285
266	192	72	287
269	194	80	279
273	197	83	270
277	197	81	276
282	191	79	283
284	188	81	288
287	191	85	283
290	188	85	289
294	190	86	287
293	188	92	290
301	185	82	296
303	186	84	292
304	187	88	291
308	188	88	286
316	189	79	282
318	187	86	291
320	187	89	289
328	185	86	290
329	188	92	291
338	191	89	285
343	191	95	287
346	191	98	288
354	190	94	289
360	187	100	292
362	191	105	286
367	194	104	285
374	187	100	296
377	186	99	299
383	188	96	292
388	187	94	292
393	186	89	292
398	187	85	291
398	188	87	278
397	187	92	283
403	186	89	294
407	185	89	293
408	184	93	299
413	190	89	289
417	192	87	285
419	188	89	292
420	196	90	279
420	187	94	292
423	186	92	292
425	189	92	275
431	191	87	279
432	193	91	283
433	187	96	291
431	188	104	289
433	192	106	283
434	187	108	291
436	188	107	289
438	184	105	292
442	186	99	290
442	194	106	281
446	192	99	284
445	186	103	291
443	187	112	287
447	184	102	292
448	182	103	295
451	185	101	294
455	183	97	295
456	185	100	295
456	187	109	293
466	194	96	282
470	192	93	286
470	187	96	294
474	186	90	297
477	187	85	291
474	187	94	299
478	190	84	288
476	194	89	284
475	190	92	287
472	193	95	284
471	190	94	289
473	196	91	281
467	189	100	296
465	188	97	294
463	190	100	289
461	189	96	291
459	192	89	288
456	195	85	282
453	195	80	283
449	199	79	279
445	193	78	284
441	196	77	279
435	197	78	279
431	208	78	267
429	195	66	279
424	196	69	280
421	195	67	277
418	195	64	275
416	192	59	284
411	198	62	273
405	195	67	282
403	195	65	282
397	206	72	271
394	209	70	271
392	201	64	276
386	199	70	280
379	199	81	281
375	198	78	287
376	199	64	281
371	199	64	282
362	203	75	278
359	205	70	273
354	204	68	276
349	203	66	277
342	202	67	273
337	201	66	275
333	198	63	283
324	199	69	279
319	199	68	279
313	200	71	274
307	199	74	275
307	196	68	283
302	200	68	276
299	196	67	282
293	200	70	280
292	200	65	280
287	197	66	281
286	202	62	274
278	195	69	287
277	200	62	278
267	202	71	277
265	199	63	278
258	209	65	268
252	206	66	273
240	204	76	274
235	200	73	277
229	202	74	276
224	200	67	280
220	202	65	277
217	198	63	280
207	198	69	281
203	198	69	281
201	198	67	279
194	200	72	272
189	198	76	276
186	198	76	277
185	204	73	274
181	201	74	277
176	198	76	282
170	204	79	273
155	205	94	272
149	203	96	277
139	205	108	266
134	207	112	270
129	204	110	276
127	195	90	278
125	189	84	288
114	214	90	264
108	203	94	275
103	201	92	277
96	198	93	281
96	197	85	281
93	199	85	275
93	202	81	268
92	201	79	263
87	202	81	272
84	207	79	264
77	209	85	266
72	213	85	261
69	212	84	264
67	218	83	258
69	221	77	254
63	225	79	253
55	218	87	260
51	206	89	273
52	205	86	275
48	195	89	285
46	207	88	272
44	200	88	281
44	198	85	282
39	191	90	294
39	194	91	284
37	192	94	288
36	195	94	281
37	186	94	292
33	184	99	294
35	190	97	290
38	194	93	277
37	194	97	271
38	196	97	269
41	197	96	256
47	200	90	260
47	203	93	266
55	196	85	277
59	194	82	285
61	204	87	275
66	207	85	263
73	208	78	264
81	207	70	269
87	208	66	258
91	211	65	258
94	210	65	262
100	209	59	266
101	208	63	267
105	204	61	273
107	204	61	276
109	204	61	276
107	207	70	268
111	208	67	263
113	207	68	266
116	205	64	271
117	205	70	271
120	208	70	263
123	209	68	252
127	208	73	269
130	210	74	267
129	208	81	269
135	209	77	259
140	208	73	261
145	206	71	264
151	206	71	271
158	203	68	275
164	202	63	278
168	195	62	285
170	197	71	284
174	205	73	270
174	201	76	275
180	204	69	270
184	207	69	267
187	199	68	279
190	202	68	275
194	201	66	277
196	207	68	262
200	210	63	248
203	208	62	257
207	205	59	272
209	207	62	271
216	211	60	267
217	215	64	261
225	209	59	271
231	212	56	263
235	213	60	266
243	209	67	275
247	210	68	273
250	203	69	280
254	211	67	270
257	207	68	273
262	205	68	273
268	206	66	271
270	207	71	268
276	204	68	274
279	206	70	273
282	207	72	272
286	207	67	271
290	208	65	269
293	208	61	269
296	207	62	272
300	211	63	264
304	211	62	266
307	207	64	273
310	209	66	271
314	210	68	269
321	209	66	269
326	218	69	260
329	213	72	265
341	218	65	261
340	205	66	271
347	203	67	275
349	210	78	266
351	205	76	272
355	200	73	277
359	196	84	286
363	198	72	279
365	196	85	284
368	194	85	288
373	197	74	279
378	196	63	282
384	200	74	279
386	202	68	277
388	198	72	280
391	197	73	284
396	202	72	274
399	200	77	277
402	202	78	275
405	208	79	268
411	199	75	279
416	198	71	278
419	196	73	280
426	194	63	275
431	194	66	281
434	193	75	284
438	195	71	279
442	193	77	282
446	190	75	286
448	188	83	291
452	190	81	288
455	189	78	289
457	190	79	287
