227	160	72	239
227	160	66	241
225	161	68	248
225	163	66	238
224	162	68	241
222	162	68	241
223	163	64	224
221	163	63	237
219	166	62	234
217	165	64	235
214	167	65	235
209	169	71	236
211	167	63	239
208	166	67	244
206	167	67	244
205	167	67	247
203	166	69	243
202	168	73	240
207	166	63	240
203	167	70	242
204	167	69	243
203	171	72	232
205	169	71	237
207	168	69	239
212	168	64	238
218	165	59	243
222	167	56	238
225	166	53	234
227	166	54	239
231	165	52	242
235	165	50	242
234	163	56	246
238	162	52	243
237	163	57	244
240	160	56	246
240	161	59	245
241	161	61	247
241	161	66	250
245	158	61	256
245	160	66	248
248	157	63	252
247	157	67	258
250	155	63	260
250	156	66	260
251	155	65	254
254	155	61	256
253	158	65	238
255	159	64	246
255	156	69	257
258	159	70	257
262	156	67	241
263	159	72	227
267	158	71	231
275	156	64	228
279	157	67	232
279	158	72	236
281	161	78	236
288	161	76	251
294	159	74	240
300	158	70	238
306	157	62	248
307	156	68	233
308	155	72	237
313	155	68	253
315	152	69	235
319	154	67	220
323	157	62	201
326	155	59	204
325	156	65	203
331	158	55	201
0	0	0	0
0	0	0	0
0	0	0	0
0	0	0	0
0	0	0	0
0	0	0	0
0	0	0	0
0	0	0	0
0	0	0	0
0	0	0	0
0	0	0	0
0	0	0	0
0	0	0	0
0	0	0	0
0	0	0	0
0	0	0	0
0	0	0	0
0	0	0	0
0	0	0	0
0	0	0	0
0	0	0	0
0	0	0	0
0	0	0	0
0	0	0	0
0	0	0	0
0	0	0	0
0	0	0	0
0	0	0	0
0	0	0	0
0	0	0	0
0	0	0	0
0	0	0	0
0	0	0	0
0	0	0	0
0	0	0	0
0	0	0	0
0	0	0	0
0	0	0	0
0	0	0	0
0	0	0	0
0	0	0	0
0	0	0	0
0	0	0	0
0	0	0	0
0	0	0	0
0	0	0	0
0	0	0	0
0	0	0	0
0	0	0	0
0	0	0	0
0	0	0	0
0	0	0	0
0	0	0	0
0	0	0	0
0	0	0	0
0	0	0	0
0	0	0	0
0	0	0	0
0	0	0	0
0	0	0	0
0	0	0	0
0	0	0	0
0	0	0	0
0	0	0	0
0	0	0	0
0	0	0	0
0	0	0	0
0	0	0	0
0	0	0	0
0	0	0	0
0	0	0	0
0	0	0	0
0	0	0	0
0	0	0	0
0	0	0	0
0	0	0	0
0	0	0	0
0	0	0	0
0	0	0	0
0	0	0	0
0	0	0	0
0	0	0	0
0	0	0	0
0	0	0	0
0	0	0	0
0	0	0	0
0	0	0	0
0	0	0	0
333	156	57	206
0	0	0	0
330	157	59	203
328	156	60	200
330	155	50	213
327	156	53	202
323	157	57	206
319	156	62	207
317	158	62	196
314	160	62	197
307	160	70	211
305	160	67	214
302	163	66	212
299	164	67	212
292	166	73	232
287	165	74	249
286	164	71	254
284	161	69	260
280	161	70	252
276	160	71	251
270	159	75	246
271	158	66	231
272	158	58	225
269	158	63	243
266	159	66	238
270	160	56	244
269	159	54	247
265	159	57	257
260	159	64	250
258	159	65	253
254	160	68	252
251	159	71	256
249	161	71	251
246	163	74	246
243	163	73	248
243	162	71	248
241	165	72	243
238	165	74	247
238	163	72	248
235	165	72	245
232	166	76	247
234	167	69	244
230	168	72	241
229	166	70	240
230	166	64	242
230	162	61	250
226	163	66	244
228	162	58	245
227	163	58	241
223	163	62	234
221	165	64	231
219	166	65	230
218	167	65	229
216	163	67	235
211	164	76	230
211	161	76	234
212	161	72	240
210	161	71	235
208	161	72	235
204	160	76	232
202	162	79	228
201	161	75	233
197	163	77	232
192	163	81	234
190	162	78	245
189	159	75	255
184	164	76	243
179	161	78	252
175	162	80	255
170	165	81	247
167	164	81	250
164	165	83	250
164	165	81	251
160	161	85	260
159	159	82	262
159	161	78	252
