1.894847
0.097878
0.099603
0.089402
0.096342
0.091682
0.097810
0.095041
0.096216
0.094611
0.087571
0.096494
0.095757
0.088653
0.098518
0.088514
0.091177
0.111925
0.087018
0.094265
0.193943
0.095167
0.095444
0.094880
0.087418
0.098063
0.094481
0.094701
0.093228
0.095809
0.090896
0.092042
0.115658
0.091317
0.091245
0.071167
0.066951
0.065038
0.065674
0.093237
0.221417
0.094411
0.093904
0.093451
0.095067
0.090184
0.089963
0.093134
0.095166
0.095248
0.089976
0.095308
0.097360
0.093390
0.093454
0.094494
0.093248
0.096465
0.096665
0.067248
0.069561
0.067482
0.070189
0.096453
0.100545
0.099773
0.095387
0.099651
0.099645
0.099053
0.098532
0.099458
0.095457
0.096313
0.092344
0.097372
0.089802
0.094219
0.097901
0.089155
0.219977
0.088350
0.091409
0.107272
0.088223
0.093597
0.097360
0.091931
0.092196
0.113256
0.094699
0.092444
0.094178
0.092302
0.098275
0.092197
0.099936
0.092669
0.094519
0.091118
0.214425
0.089357
0.094073
0.093907
0.088979
0.086333
0.091773
0.097151
0.092927
0.093962
0.092239
0.094611
0.095472
0.089816
0.093958
0.092557
0.087139
0.086673
0.096560
0.094277
0.215641
0.093043
0.099092
0.092383
0.091748
0.093769
0.093293
0.092364
0.092639
0.093232
0.093538
0.092192
0.088263
0.092977
0.095502
0.088820
0.059561
0.061677
0.060998
0.063851
0.060037
0.059887
0.089311
0.091551
0.095988
0.095158
0.093145
0.091679
0.113958
0.097818
0.097044
0.101485
0.088407
0.088532
0.095215
0.100192
0.097564
0.099869
0.099331
0.099344
0.222122
0.093987
0.104645
0.100315
0.095263
0.100750
0.102246
0.097516
0.105834
0.105366
0.105518
0.095360
0.099649
0.065740
0.063600
0.061235
0.060990
0.063258
0.066301
0.064903
0.063218
0.061382
0.066231
0.065203
0.060384
0.060545
0.062001
0.061220
0.093557
0.094118
0.093393
0.095520
0.094515
0.095967
0.096647
0.097810
0.090745
0.086720
0.091004
0.097360
0.212997
0.097654
0.096394
0.095090
0.090722
0.096355
0.095650
0.096610
0.096680
0.096026
0.098072
0.100835
0.099529
0.090641
0.095167
0.092569
0.098865
0.092288
0.093390
0.095797
0.212681
0.095988
0.095745
0.093766
0.092864
0.093704
0.093852
0.094653
0.096757
0.096937
0.096951
0.096933
0.095368
0.095666
0.096212
0.096137
0.113187
0.092653
0.095926
0.094878
0.210302
0.091870
0.096303
0.098014
0.092609
0.087821
0.092907
0.092201
0.094373
0.098539
0.093247
0.093699
0.088197
0.102662
0.093212
0.090400
0.091285
0.101389
0.096408
0.094979
0.221172
0.087762
0.086142
0.089908
0.091983
0.099115
0.094629
0.090510
0.098480
0.098786
0.094471
0.095765
0.093676
0.091095
0.088235
0.092465
0.096358
0.091052
0.092740
0.091159
0.215265
0.092622
0.095236
0.092376
0.089540
0.093346
0.093249
0.091501
0.092875
0.095667
0.095178
0.091673
0.098333
0.095669
0.094888
0.089008
0.093453
0.094662
0.089077
0.091354
0.222461
0.096562
0.101491
0.114217
0.098151
0.098614
0.104272
0.092914
0.101213
0.098688
0.097940
0.097916
0.098654
0.097462
0.098447
0.096106
0.095393
0.095001
0.094961
0.092104
0.214485
0.091284
0.093621
0.095025
0.092371
0.098970
0.094007
0.098999
0.097564
0.088019
0.093813
0.099501
0.095905
0.097292
0.096954
0.094586
0.094285
0.090759
0.098598
0.097176
0.222191
0.095137
0.089321
0.089171
0.097650
0.095072
0.095452
0.094597
0.089897
0.095267
0.088703
0.088362
0.093195
0.093264
0.090127
0.091555
0.094749
0.097593
0.093331
0.100716
0.219685
0.089777
0.095728
0.090384
0.094084
0.096891
0.094069
0.096362
0.090706
0.092902
0.100290
0.098990
0.096046
0.088531
0.093063
0.096873
0.090945
0.093676
0.095962
0.097935
0.213696
0.092366
0.096942
0.095260
0.086024
0.092779
0.098322
0.089865
0.087925
0.092080
0.097013
0.092628
0.092422
0.090332
0.118974
0.095451
0.087855
0.091896
0.095266
0.087655
0.217563
0.105788
0.094751
0.098739
0.096061
0.101171
0.097069
0.098007
0.098870
0.096842
0.097201
0.099812
0.098513
0.099914
0.098035
0.103226
0.099644
0.097132
0.099172
0.098411
0.212211
0.112638
0.095827
0.093422
0.094605
0.116747
0.094135
0.096166
0.095480
0.097198
0.092408
0.098940
0.098272
0.096993
0.097784
0.095355
0.095622
0.099691
0.090816
0.093735
0.217649
0.087747
0.100518
0.097123
0.094846
0.091400
0.088922
0.097158
0.089840
0.093030
0.092548
0.098726
0.088975
0.097181
0.094988
0.096124
0.098399
0.089118
0.095185
0.095519
0.220926
0.096725
0.090765
0.087537
0.092358
0.094284
0.095018
0.094566
0.091465
0.098720
0.093642
0.093497
0.095489
0.094467
0.087893
0.092522
0.101564
0.096058
0.099191
0.109373
0.216463
0.100666
0.095568
0.095368
0.096665
0.094121
0.099909
0.097122
0.089112
0.095461
0.099687
0.094932
0.086507
0.095146
0.095354
0.096464
0.093260
0.097146
0.102254
0.093689
0.221580
0.093606
0.092280
0.093482
0.093593
0.095825
0.095034
0.092611
0.094192
0.094505
0.098449
0.096825
0.099262
0.099255
0.094589
0.099442
0.098103
0.100057
0.100560
0.099556
0.220235
0.098029
0.099596
0.100987
0.099143
0.099170
0.103898
0.097995
0.090872
0.094046
0.094083
0.095406
0.095237
0.100237
0.098454
0.068491
0.067338
0.069331
0.098179
0.098999
0.218499
0.100715
0.099111
0.098281
0.095399
0.097020
0.098218
0.095474
0.093825
0.099208
0.094767
0.096013
0.092255
0.096818
0.095227
0.087807
0.088195
0.094088
0.096277
0.095899
0.227751
0.093797
0.096612
0.094275
0.089259
0.091030
0.097513
0.093842
0.095346
0.095818
0.102280
0.091319
0.088179
0.099686
0.099808
0.092360
0.089898
0.086492
0.086650
0.085834
0.206114
0.086501
0.086851
0.087332
0.088252
0.086945
0.101768
0.089726
0.088665
0.088912
0.088758
0.087857
0.089027
0.088096
0.088793
0.092166
0.095600
0.096777
0.092112
0.096572
0.219847
0.097766
0.095841
0.093296
0.092354
0.089433
0.087123
0.089879
0.088409
0.089802
0.090153
0.090450
0.096829
0.096575
0.088605
0.091094
0.093019
0.092835
0.090183
0.093795
0.211782
0.094821
0.092503
0.097550
0.095320
0.088810
0.089949
0.096892
0.096195
0.092568
0.087890
0.097011
0.096747
0.093628
0.097445
0.095738
0.094253
0.095886
0.092929
0.093371
0.210570
0.098480
0.099450
0.096134
0.089264
0.090901
0.097253
0.100075
0.099765
0.093717
0.097452
0.093212
0.092403
0.089582
0.091513
0.104968
0.102025
0.096798
0.097561
0.100186
0.213593
0.092943
0.087106
0.090207
0.090871
0.093413
0.092053
0.093028
0.089669
0.088503
0.088997
0.086580
0.086053
0.087207
0.087514
0.087802
0.085124
0.087092
0.088722
0.089437
0.212062
0.090515
0.088455
0.089406
0.091189
0.091383
0.088955
0.088270
0.089985
0.087632
0.089301
0.088642
0.089596
0.088309
0.086878
0.086959
0.087543
0.089413
0.087647
0.087403
0.209351
0.088202
0.087584
0.088239
0.088154
0.088953
0.088486
0.088973
0.089890
0.087259
0.090026
0.088942
0.095354
0.092458
0.093380
0.096976
0.099044
0.095984
0.088856
0.095954
0.216128
0.094885
0.101316
0.100606
0.097870
0.094490
0.102381
0.102898
0.095973
0.091033
0.095869
0.095825
0.112065
0.104552
0.102273
0.101362
0.095244
0.095921
0.097729
0.098036
0.219476
0.097211
0.099689
0.087754
0.094606
0.089123
0.091817
0.088001
0.088848
0.092366
0.088979
0.096137
0.089223
0.089885
0.098975
0.094776
0.094093
0.096358
0.095835
0.098543
0.219902
0.090818
0.089573
0.097132
0.097332
0.101560
0.116113
0.118372
0.095300
0.127660
0.103973
0.100796
0.111347
0.098227
0.110022
0.103954
0.102978
0.106608
0.109429
0.113325
0.225477
0.110751
0.116882
0.104020
0.102852
0.101157
0.093100
0.091873
0.094236
0.092277
0.093245
0.089944
0.094607
0.095243
0.092577
0.103072
0.108056
0.098801
0.092522
0.090068
0.225174
0.094623
0.094285
0.101953
0.098316
0.095732
0.102078
0.112848
0.088600
0.094466
0.092089
0.089868
0.091165
0.094986
0.093035
0.095062
0.088786
0.091789
0.095154
0.091703
0.210683
0.091642
0.089229
0.090229
0.090979
0.096401
0.094066
0.088023
0.093266
0.094552
0.114796
0.095885
0.096847
0.096407
0.099922
0.096290
0.095443
0.095878
0.095442
0.093638
0.220463
0.094405
0.094251
0.093958
0.088030
0.094918
0.095038
0.093553
0.095011
0.097407
0.106270
0.095593
0.093458
0.095780
0.094347
0.093570
0.096069
0.098929
0.101225
0.088578
0.214967
0.095086
0.094812
0.088443
0.092047
0.091772
0.115193
0.089263
0.091331
0.101907
0.096801
0.099736
0.100973
0.102656
0.096854
0.103275
0.100362
0.099602
0.098279
0.096787
0.217774
0.092403
0.094832
0.106766
0.098154
0.099943
0.097422
0.107392
0.098732
0.097308
0.095204
0.099570
0.097008
0.095842
0.099005
0.068728
0.062728
0.068162
0.064368
0.062551
