372	217	67	250
371	217	66	247
367	218	68	247
368	215	64	257
364	217	64	251
361	217	67	251
359	216	69	258
356	221	69	249
357	217	67	259
356	216	66	263
351	216	71	262
350	220	67	255
354	219	56	256
350	215	58	256
349	214	60	263
342	216	63	259
341	216	56	242
0	0	0	0
0	0	0	0
0	0	0	0
0	0	0	0
0	0	0	0
0	0	0	0
0	0	0	0
0	0	0	0
0	0	0	0
0	0	0	0
0	0	0	0
0	0	0	0
0	0	0	0
0	0	0	0
0	0	0	0
0	0	0	0
307	217	52	241
299	217	59	251
296	217	58	258
289	217	63	262
285	217	64	262
284	218	65	257
283	218	60	261
280	217	59	256
275	216	63	260
267	218	70	257
258	219	79	258
259	218	73	259
255	220	73	257
256	220	62	255
255	218	54	251
254	218	52	248
251	219	56	259
248	216	58	255
245	217	59	259
242	218	57	253
238	219	61	260
234	220	63	259
234	218	60	258
226	216	70	262
216	217	83	261
214	219	80	257
210	218	82	256
206	224	81	251
204	219	83	257
200	221	83	257
198	220	80	257
200	220	70	255
201	220	64	249
203	217	53	258
198	220	57	246
194	219	59	258
182	219	73	257
185	219	63	259
175	220	69	257
170	217	76	264
166	217	78	261
167	219	74	261
165	219	74	259
162	223	74	258
160	222	69	257
159	221	66	257
157	219	66	261
155	219	66	260
152	219	70	260
146	222	72	256
149	220	69	258
151	215	59	266
152	216	54	265
149	214	57	266
144	220	59	258
147	217	55	261
149	215	52	264
151	216	50	266
150	217	54	262
152	214	51	264
153	212	51	268
152	216	56	262
151	216	62	263
154	219	60	258
155	217	64	262
159	219	57	261
160	219	61	260
157	218	68	262
157	221	68	258
161	220	62	262
161	220	64	259
167	215	58	265
168	218	62	259
171	217	59	258
173	217	61	260
169	217	67	258
174	215	61	261
176	212	62	266
177	217	64	259
182	217	62	260
188	214	54	268
184	213	64	266
185	215	62	265
187	220	59	258
185	215	65	264
191	219	54	259
194	219	56	259
193	214	58	265
192	218	62	263
193	218	61	263
193	217	62	263
196	217	59	263
195	215	63	264
199	217	56	260
199	215	60	262
200	216	63	260
207	213	54	265
206	214	60	263
209	215	58	263
209	215	61	263
212	212	55	269
213	212	52	268
213	211	52	269
212	213	54	266
212	216	56	263
214	215	56	264
211	228	66	251
207	220	77	258
214	217	67	261
218	215	66	262
218	217	68	262
223	215	63	266
229	217	60	263
232	218	63	263
230	219	67	262
230	220	71	261
234	217	66	263
235	221	68	257
238	216	64	263
241	219	61	260
239	215	66	263
244	223	61	255
246	218	60	258
246	218	60	252
244	219	65	241
250	215	59	255
248	217	63	255
251	217	59	254
250	216	64	257
253	215	62	260
252	217	65	249
251	217	71	249
250	217	77	259
258	216	67	259
258	215	69	261
256	215	78	263
257	223	80	255
258	219	79	258
262	216	77	261
264	216	75	263
271	215	68	264
273	215	69	263
278	214	63	266
275	218	69	259
279	214	67	266
284	214	63	266
287	215	58	263
285	215	62	265
292	216	54	261
289	214	61	266
291	214	57	264
295	216	52	264
299	215	49	264
302	215	47	264
304	214	48	265
309	216	45	260
0	0	0	0
0	0	0	0
0	0	0	0
0	0	0	0
0	0	0	0
0	0	0	0
0	0	0	0
0	0	0	0
0	0	0	0
0	0	0	0
0	0	0	0
0	0	0	0
0	0	0	0
0	0	0	0
0	0	0	0
0	0	0	0
0	0	0	0
0	0	0	0
0	0	0	0
0	0	0	0
0	0	0	0
0	0	0	0
0	0	0	0
340	222	53	251
345	212	56	260
0	0	0	0
341	212	58	262
341	209	59	265
340	211	63	262
337	211	73	267
340	211	67	264
338	211	74	265
339	210	69	266
339	209	69	265
337	208	73	269
335	209	73	267
333	210	74	265
333	209	72	267
325	213	80	260
328	211	74	262
325	209	77	267
326	209	70	270
322	208	72	268
320	213	71	256
317	214	72	259
312	213	74	259
312	213	68	261
307	210	72	266
306	211	67	264
303	217	63	258
302	212	61	262
298	212	64	262
296	214	64	261
293	214	65	261
292	213	62	261
287	218	66	257
286	213	63	263
285	211	62	264
279	215	66	261
279	213	65	265
279	212	56	264
275	213	60	261
269	212	65	265
262	213	73	263
258	215	76	261
260	214	64	264
261	215	54	260
258	214	51	253
254	214	58	238
248	234	62	220
247	221	60	229
245	214	58	236
242	219	57	256
240	215	56	264
238	215	56	264
235	211	58	268
231	211	58	268
226	212	61	265
222	212	62	264
217	213	64	264
213	214	66	265
208	216	71	262
204	212	75	266
203	214	70	264
199	213	74	263
195	217	74	249
197	215	65	250
193	215	64	261
194	215	57	263
192	213	57	266
190	215	54	263
185	213	62	267
185	215	59	265
179	213	64	268
168	209	76	271
170	215	69	262
167	215	68	262
164	217	64	262
161	216	64	265
157	216	69	264
152	220	74	258
148	222	75	258
148	222	74	258
144	222	75	257
145	220	68	259
139	219	78	259
132	221	86	259
131	217	78	263
128	220	75	260
123	219	79	264
117	224	81	255
118	218	78	264
114	218	78	263
110	219	75	261
108	218	74	262
103	216	82	264
107	220	66	259
106	217	70	261
106	219	67	260
107	210	68	270
104	215	70	263
102	213	73	266
102	213	70	268
100	206	72	274
96	216	77	264
94	203	81	278
95	202	79	279
97	205	76	276
96	203	76	277
97	206	74	273
98	199	74	278
94	194	82	284
97	205	78	274
99	206	76	272
102	198	71	279
101	206	74	274
103	211	70	267
103	211	71	268
104	209	68	270
100	215	73	264
102	216	71	260
104	217	68	262
107	214	66	264
109	212	64	269
107	214	68	264
109	211	68	268
110	218	70	259
114	221	69	255
110	214	73	267
126	219	60	262
117	221	73	258
122	222	71	258
133	224	60	253
141	219	57	260
148	218	50	262
148	221	55	254
149	222	60	255
150	219	65	258
152	221	65	256
155	220	65	256
155	225	72	250
155	222	78	256
162	218	66	259
164	219	71	257
170	219	67	256
163	217	78	261
166	215	75	266
180	216	61	264
183	218	62	258
187	216	59	250
188	217	61	259
192	221	60	250
193	218	61	262
199	218	56	260
201	218	55	259
204	220	57	254
208	219	58	258
211	221	60	242
214	221	62	245
219	221	63	253
224	221	61	246
231	221	54	244
234	223	57	231
238	222	58	239
247	221	49	248
249	220	51	250
250	218	54	259
255	219	49	252
256	218	49	250
258	217	49	252
260	212	58	265
0	0	0	0
0	0	0	0
0	0	0	0
0	0	0	0
255	202	80	273
247	188	90	286
248	203	102	271
235	167	87	295
297	215	55	264
297	217	56	258
299	216	57	259
302	217	59	260
307	220	55	245
309	216	58	256
315	214	52	264
319	215	51	261
321	215	56	260
324	211	55	267
328	213	52	265
329	212	54	269
329	212	59	264
332	211	57	267
336	211	55	264
341	212	54	264
343	212	58	260
348	212	58	261
350	216	64	257
357	216	59	255
361	213	63	263
363	220	68	256
367	215	67	259
365	214	73	262
368	220	75	255
376	214	66	261
378	213	70	264
381	210	70	268
385	209	69	267
389	209	66	265
394	210	63	256
397	210	65	263
396	211	73	263
396	216	77	260
401	207	75	271
406	209	68	268
406	209	72	267
409	208	68	267
412	210	66	263
413	209	68	264
417	207	65	266
420	207	65	267
424	208	70	269
423	206	75	273
427	197	74	280
432	203	70	276
436	204	67	273
435	202	77	279
441	205	69	273
445	203	70	276
446	206	72	272
447	204	79	276
442	199	89	272
445	198	86	275
447	198	86	277
448	198	87	277
448	201	94	274
453	198	87	277
451	198	95	277
453	198	97	276
451	197	107	278
455	200	103	274
468	199	94	278
467	197	99	281
469	195	102	283
473	200	99	275
475	198	98	278
477	202	105	274
482	197	97	279
482	196	106	282
489	194	101	281
483	194	110	283
483	197	115	283
478	197	122	279
491	192	106	280
493	195	103	283
497	191	99	285
495	193	102	284
490	194	110	280
485	195	114	281
482	196	118	282
483	193	116	283
481	197	117	280
486	194	105	281
479	198	113	277
473	198	119	276
472	200	113	276
472	200	109	275
472	200	100	266
469	201	100	271
459	203	109	266
454	201	107	274
452	203	103	270
450	200	102	276
441	209	115	263
443	206	104	269
442	202	97	270
441	200	95	275
437	201	95	274
436	198	92	276
431	202	97	268
425	207	101	262
429	203	92	269
425	205	94	268
425	199	89	275
422	201	91	277
422	202	87	275
420	202	85	276
418	202	85	276
418	195	79	284
413	208	85	268
415	207	78	268
414	205	78	271
412	191	80	286
412	204	77	272
407	209	83	266
406	207	81	270
404	209	81	267
398	214	86	259
396	210	86	263
392	212	89	258
395	211	84	259
389	212	91	255
390	208	88	263
388	211	85	260
385	209	89	266
378	212	98	262
380	208	95	267
378	207	94	262
378	210	93	264
374	209	96	263
368	212	101	265
371	211	93	262
367	212	96	262
364	215	98	254
366	217	93	250
363	213	93	258
362	213	91	261
359	217	91	252
358	214	88	263
352	216	94	258
352	214	87	262
347	216	88	256
341	217	92	260
335	215	96	264
333	215	89	261
333	215	82	261
331	216	80	256
328	215	81	259
323	218	85	254
320	215	88	261
320	217	84	255
317	217	84	254
315	216	83	256
316	213	79	263
313	220	80	245
314	214	75	256
311	215	79	255
309	213	82	260
316	215	67	262
319	213	60	266
319	212	59	268
308	213	76	266
304	215	82	264
287	212	99	264
267	197	117	280
273	177	103	302
0	0	0	0
0	0	0	0
0	0	0	0
0	0	0	0
0	0	0	0
0	0	0	0
0	0	0	0
288	189	102	289
261	181	142	287
267	172	141	294
261	190	129	283
276	180	136	299
265	188	130	291
266	198	96	281
277	212	72	260
279	205	67	270
277	206	69	266
274	208	72	258
274	208	73	265
273	207	75	265
269	208	78	267
263	209	85	265
260	210	87	264
259	211	87	263
255	210	89	259
249	209	93	267
252	210	84	258
248	209	88	268
247	211	84	263
241	210	93	264
240	208	93	267
243	211	80	259
237	209	88	266
236	209	83	261
234	210	79	259
228	208	92	266
230	207	80	266
228	210	79	259
224	210	83	262
222	213	85	257
215	215	93	255
218	210	88	263
213	216	93	257
212	211	94	264
215	209	91	266
210	212	96	261
213	211	92	263
214	211	90	266
216	212	88	261
217	211	86	263
215	212	89	261
214	214	91	259
218	210	87	266
220	211	84	264
220	212	82	260
222	209	81	257
222	211	80	254
225	211	79	253
220	212	84	246
223	213	84	237
224	213	84	237
230	211	76	246
230	208	79	254
235	211	60	263
237	210	74	260
237	212	77	258
238	215	82	248
241	216	80	250
243	218	82	247
244	218	87	252
245	223	92	240
246	220	96	249
253	227	99	237
260	223	92	230
267	222	90	225
270	220	91	238
277	222	90	250
278	219	90	255
282	220	88	250
281	219	90	256
288	219	85	252
283	217	95	255
287	219	93	254
291	219	87	255
295	219	84	254
297	217	81	257
299	215	80	262
301	218	79	253
301	217	80	253
304	219	77	251
305	216	75	255
304	217	76	253
305	217	77	253
307	217	73	254
305	220	76	247
306	217	74	252
305	219	77	254
309	218	70	254
309	220	71	252
306	222	76	245
307	220	75	251
310	219	72	253
315	220	65	251
309	220	75	254
310	221	75	253
312	219	74	256
311	219	76	253
311	217	78	258
311	220	77	244
310	221	80	242
312	222	76	238
313	222	76	234
313	218	78	245
313	219	80	246
316	220	77	247
324	218	57	258
335	215	59	257
327	219	66	252
325	220	80	252
326	223	87	247
331	220	85	254
335	222	83	250
338	222	86	249
340	223	90	247
345	219	86	252
349	220	87	251
351	220	88	253
357	219	85	253
359	219	85	251
361	221	84	245
362	217	83	254
362	220	83	250
364	218	81	249
364	215	80	257
366	216	76	258
369	215	69	259
367	216	69	250
372	215	58	254
373	214	52	258
372	216	52	255
371	216	53	254
374	217	46	250
372	216	50	252
371	216	52	251
373	214	50	258
372	214	52	256
373	216	48	250
370	215	52	251
371	222	48	239
372	217	51	241
0	0	0	0
0	0	0	0
0	0	0	0
0	0	0	0
0	0	0	0
0	0	0	0
0	0	0	0
0	0	0	0
0	0	0	0
0	0	0	0
0	0	0	0
0	0	0	0
413	219	60	257
416	220	56	258
415	224	56	255
409	217	62	261
402	222	71	256
396	217	75	261
398	223	71	256
388	217	84	262
391	216	79	260
391	213	75	264
393	221	76	249
388	213	76	263
393	213	74	258
389	213	83	253
389	211	87	260
387	212	91	257
384	210	96	262
391	208	90	267
395	210	87	262
391	211	92	260
393	212	92	261
397	211	87	262
402	208	84	266
391	212	98	260
396	211	94	263
399	214	91	257
404	212	87	255
394	219	96	253
394	212	101	257
391	217	101	252
392	208	106	262
398	210	96	256
395	208	102	259
388	211	110	257
390	211	107	255
388	211	109	257
396	209	99	258
396	208	97	258
388	208	105	260
386	209	105	260
386	216	101	251
374	212	113	256
382	210	103	260
390	208	91	259
385	206	97	266
384	205	96	267
384	206	93	266
382	207	90	266
375	209	96	264
370	209	100	264
368	213	98	258
365	212	100	258
365	212	93	258
362	209	94	264
361	210	92	261
361	208	87	265
362	208	78	263
359	209	76	261
357	211	76	258
355	211	80	260
354	209	79	265
356	206	74	269
351	205	77	269
352	206	70	268
352	207	67	265
349	207	71	269
347	207	73	273
344	207	76	271
335	210	89	266
337	211	83	269
336	209	83	268
335	214	82	261
334	209	81	269
333	207	80	271
330	208	81	268
327	207	84	270
321	211	88	262
315	206	93	272
320	206	83	272
321	204	78	274
320	204	75	274
317	206	75	267
316	207	71	263
314	204	73	272
312	201	72	280
309	204	77	273
310	205	74	274
305	203	81	273
306	204	75	275
305	202	76	275
303	205	77	271
301	203	80	275
295	205	84	273
294	205	83	271
291	207	87	269
288	210	86	266
288	208	82	268
284	212	85	263
283	211	84	265
282	210	82	266
280	210	81	262
280	210	75	256
276	211	75	265
272	211	80	263
264	212	88	262
263	215	84	258
262	214	80	259
259	211	83	264
258	210	80	263
257	212	83	263
254	212	83	261
253	212	87	262
252	212	87	265
255	215	79	261
254	215	82	260
250	214	87	261
251	214	88	264
251	217	87	258
251	214	87	262
249	217	89	259
252	216	82	260
254	214	80	260
253	213	80	263
256	213	73	264
254	213	75	262
257	216	67	257
255	215	72	261
261	209	63	268
257	205	69	270
258	214	70	264
261	212	66	264
263	213	64	263
262	215	67	259
265	215	64	261
263	217	67	259
262	215	71	260
263	219	71	255
266	219	67	257
271	217	60	258
271	217	62	261
272	219	62	253
275	217	59	256
272	217	65	253
274	216	63	256
272	217	71	253
274	218	68	253
277	217	65	257
278	217	66	252
279	218	69	256
278	217	72	256
280	218	69	255
280	217	70	260
283	219	64	255
280	220	74	247
282	218	72	255
283	216	68	252
281	218	75	255
283	217	73	253
283	218	74	253
285	214	70	257
284	217	73	254
284	218	72	249
285	217	70	252
285	220	69	244
284	222	72	242
287	219	64	254
284	220	70	251
282	224	75	248
282	223	74	246
280	222	75	248
283	220	68	252
282	219	71	258
283	222	66	252
282	220	67	257
274	226	79	242
278	228	71	241
278	221	73	244
276	220	75	254
272	220	75	254
272	220	74	249
274	218	71	258
281	221	54	244
278	222	63	242
