1.650805
0.090078
0.087530
0.089585
0.089028
0.091746
0.089486
0.087528
0.087830
0.086686
0.086449
0.087039
0.088252
0.088366
0.089332
0.088551
0.089302
0.060352
0.060444
0.060307
0.060728
0.060724
0.059941
0.060288
0.060385
0.060063
0.059778
0.059670
0.060356
0.061544
0.060571
0.059776
0.059813
0.085812
0.087522
0.086136
0.086903
0.089379
0.087739
0.089960
0.181371
0.088086
0.089228
0.088327
0.088228
0.086868
0.088337
0.087803
0.086225
0.087262
0.086880
0.086540
0.086897
0.086937
0.087147
0.086342
0.087386
0.089267
0.148937
0.089466
0.208297
0.087410
0.088084
0.087640
0.090394
0.089491
0.090539
0.089668
0.088322
0.087954
0.089490
0.088828
0.091440
0.087620
0.089029
0.090763
0.090446
0.089739
0.089608
0.088804
0.203486
0.087990
0.087619
0.089240
0.089315
0.088439
0.088482
0.087138
0.088712
0.087986
0.087890
0.086373
0.087408
0.086684
0.088236
0.087016
0.088094
0.086542
0.089754
0.087335
0.208005
0.088947
0.087206
0.088413
0.087980
0.089064
0.089797
0.089115
0.088125
0.089763
0.089369
0.088259
0.087980
0.087520
0.087092
0.089911
0.087574
0.087597
0.088738
0.088937
0.208255
0.089178
0.088469
0.088738
0.088679
0.088694
0.089050
0.088657
0.088502
0.088997
0.087814
0.088182
0.088041
0.088686
0.090003
0.086939
0.086696
0.087402
0.088355
0.087098
0.206599
0.090252
0.088103
0.087428
0.089259
0.088266
0.087395
0.087726
0.087232
0.089817
0.093579
0.088871
0.094157
0.096033
0.093773
0.089654
0.091546
0.088100
0.086709
0.089310
0.208040
0.089068
0.088608
0.095694
0.091256
0.089668
0.092134
0.088264
0.090063
0.089461
0.090072
0.089712
0.089094
0.091646
0.090058
0.090409
0.089346
0.087751
0.089628
0.087642
0.207236
0.088461
0.087966
0.088326
0.090098
0.085413
0.087849
0.088684
0.087257
0.059423
0.060539
0.060002
0.060575
0.060593
0.060387
0.059805
0.060406
0.060524
0.059987
0.060290
0.060975
0.060142
0.060727
0.060753
0.059597
0.060473
0.060170
0.060854
0.060862
0.060329
0.059812
0.060159
0.089288
0.087827
0.059872
0.087338
0.087145
0.088058
0.088769
0.089525
0.207814
0.090981
0.088779
0.089060
0.088149
0.088987
0.089370
0.089431
0.089150
0.089983
0.090132
0.089110
0.089920
0.089548
0.089391
0.089448
0.095927
0.090186
0.089982
0.090655
0.209165
0.088336
0.086743
0.087880
0.088069
0.089011
0.087349
0.088078
0.089911
0.088752
0.087762
0.088326
0.089985
0.088639
0.088389
0.087964
0.088253
0.088044
0.087733
0.093205
0.207446
0.087664
0.086984
0.094383
0.087006
0.094532
0.093078
0.089644
0.090340
0.089732
0.090058
0.089927
0.095673
0.094774
0.094391
0.092569
0.088748
0.089177
0.089166
0.089153
0.213142
0.090707
0.088477
0.091242
0.090994
0.089500
0.090242
0.089968
0.089873
0.089689
0.093925
0.089724
0.090978
0.090723
0.097744
0.097996
0.098040
0.093499
0.092834
0.094482
0.211190
0.089570
0.089498
0.088754
0.087977
0.087836
0.088040
0.088473
0.090459
0.088920
0.089783
0.087322
0.086593
0.087932
0.088228
0.089060
0.090164
0.088869
0.090935
0.091305
0.210964
0.090572
0.090153
0.089325
0.088158
0.088238
0.089783
0.089378
0.089960
0.089873
0.089695
0.092833
0.087842
0.090506
0.089134
0.094631
0.089234
0.089362
0.089587
0.088709
0.211311
0.092885
0.088637
0.089185
0.089987
0.088111
0.088261
0.091027
0.088775
0.089281
0.088798
0.088195
0.089654
0.090026
0.094404
0.095154
0.096632
0.089070
0.093264
0.092785
0.206280
0.088086
0.090022
0.088111
0.089210
0.087688
0.088642
0.089759
0.086758
0.086951
0.086476
0.080237
0.086407
0.086195
0.089783
0.087966
0.087651
0.087310
0.087683
0.088046
0.061709
0.061322
0.062485
0.061540
0.088183
0.092408
0.091860
0.094201
0.088404
0.087656
0.087924
0.086774
0.088205
0.088924
0.087662
0.089964
0.089956
0.088227
0.088410
0.087718
0.209607
0.090229
0.089267
0.088828
0.088569
0.088606
0.089171
0.089171
0.088100
0.090739
0.089824
0.091153
0.089534
0.087999
0.096251
0.091140
0.089160
0.088832
0.089206
0.088649
0.206819
0.089438
0.089123
0.089085
0.088914
0.089817
0.089209
0.088344
0.089838
0.088079
0.089620
0.088905
0.088543
0.088994
0.090204
0.088052
0.090007
0.090594
0.092035
0.088874
0.211203
0.090751
0.089505
0.088568
0.087774
0.090880
0.097024
0.089060
0.089731
0.089592
0.090264
0.089967
0.090391
0.090058
0.088692
0.090492
0.095132
0.089267
0.094887
0.099387
0.215447
0.093221
0.091633
0.090769
0.090536
0.091504
0.090518
0.091520
0.090411
0.091631
0.092726
0.091464
0.090063
0.089554
0.089952
0.091075
0.089835
0.088293
0.089555
0.091336
0.207839
0.090403
0.092228
0.091265
0.090345
0.088749
0.089576
0.089380
0.091744
0.088306
0.089397
0.088571
0.090758
0.088231
0.087977
0.087803
0.089196
0.088312
0.088720
0.089469
0.211229
0.089201
0.089346
0.089621
0.088942
0.088317
0.087443
0.089087
0.088880
0.089352
0.089834
0.091206
0.089282
0.089383
0.090575
0.091611
0.091434
0.095622
0.092716
0.100304
0.212213
0.091510
0.093290
0.090439
0.091269
0.102063
0.090792
0.090379
0.088739
0.091482
0.092415
0.090540
0.091774
0.091111
0.091873
0.090610
0.092019
0.095118
0.091157
0.099897
0.218084
0.091932
0.091528
0.092495
0.090336
0.090992
0.091603
0.090821
0.090040
0.093447
0.090076
0.100835
0.098007
0.097294
0.092834
0.069451
0.064757
0.064102
0.064164
0.063695
0.064326
0.064174
0.099955
0.096636
0.105026
0.101797
0.093928
0.101106
0.095082
0.096749
0.095481
0.096043
0.090979
0.094230
0.089592
0.088664
0.089372
0.091143
0.091043
0.090325
0.210304
0.089950
0.089359
0.089811
0.089858
0.090331
0.089664
0.089077
0.089109
0.089107
0.088306
0.088536
0.090879
0.088982
0.090037
0.088878
0.089522
0.090332
0.090379
0.090702
0.212673
0.093392
0.091108
0.091049
0.091879
0.091470
0.095499
0.090504
0.090874
0.092168
0.098246
0.091638
0.094397
0.097029
0.091228
0.089192
0.092114
0.090613
0.090096
0.089377
0.217148
0.090717
0.091331
0.089114
0.090699
0.091011
0.090344
0.089966
0.089959
0.092092
0.087362
0.089783
0.096162
0.092881
0.095946
0.096370
0.093177
0.091982
0.091329
0.096986
0.215848
0.098077
0.095586
0.102104
0.097624
0.094692
0.100111
0.091111
0.090981
0.091566
0.097454
0.093923
0.091273
0.094110
0.097436
0.095623
0.094878
0.090878
0.096323
0.094255
0.212270
0.090897
0.089792
0.090762
0.089717
0.089565
0.089408
0.089026
0.094454
0.099362
0.095037
0.091142
0.089527
0.089987
0.091683
0.091615
0.096351
0.091707
0.099080
0.099323
0.214226
0.098989
0.098053
0.098453
0.101889
0.104247
0.103891
0.098428
0.097440
0.099767
0.103882
0.100501
0.094517
0.097704
0.088952
0.091569
0.097586
0.093546
0.098758
0.094843
0.215072
0.096658
0.088167
0.091251
0.090763
0.063864
0.062731
0.065723
0.062765
0.063758
0.065192
0.064459
0.063009
0.061431
0.065548
0.060374
0.060918
0.087430
0.086579
0.087372
0.210350
0.102029
0.089790
0.089890
0.093990
0.091356
0.097028
0.090842
0.089838
0.091068
0.096468
0.096877
0.096825
0.096232
0.099552
0.098624
0.096428
0.095320
0.091371
0.091297
0.212340
0.090313
0.091449
0.099668
0.099332
0.100662
0.101492
0.106532
0.103229
0.100598
0.101854
0.101308
0.101190
0.103025
0.089689
0.091045
0.092377
0.091667
0.098251
0.103979
0.218416
0.097821
0.097384
0.098804
0.098741
0.097974
0.097915
0.098570
0.099012
0.097155
0.097774
0.098112
0.105809
0.113496
0.119161
0.108000
0.109890
0.120310
0.100786
0.099965
0.225528
0.098177
0.119762
0.125454
0.112355
0.107685
0.120328
0.099399
0.111688
0.099507
0.098204
0.098673
0.095879
0.096965
0.089286
0.092756
0.091771
0.097630
0.097134
0.096580
0.220335
0.091282
0.101668
0.093603
0.097490
0.099121
0.097586
0.097007
0.092299
0.098605
0.102862
0.090882
0.094670
0.096813
0.094903
0.092270
0.098871
0.146799
0.093075
0.092434
0.219789
0.094374
0.093879
0.098549
0.091125
0.090604
0.092928
0.098225
0.094827
0.094945
0.101528
0.103069
0.097078
0.093914
0.093592
0.096838
0.090105
0.096032
0.099525
0.097501
0.217096
0.096353
0.099228
0.092000
0.094016
0.093882
0.097333
0.087698
0.101852
0.116962
0.093856
0.094732
0.092347
0.096941
0.095914
0.091153
0.092657
0.097676
0.093746
0.089743
0.215739
0.096610
0.092777
0.092686
0.098017
0.096392
0.094232
0.098260
0.092158
0.095268
0.101187
0.100372
0.093315
0.088294
0.094137
0.104608
0.094992
0.088998
0.093371
0.093054
0.215576
0.094755
0.098130
0.094644
0.099379
0.103171
0.098282
0.097847
0.089522
0.098096
0.091945
0.089401
0.093695
0.097767
0.098975
0.095219
0.105002
0.096898
0.098987
0.096213
