1.951472
0.090997
0.094284
0.093123
0.108032
0.096758
0.092850
0.091508
0.091332
0.087040
0.092802
0.096328
0.090960
0.093139
0.090946
0.095305
0.090367
0.093737
0.093807
0.092847
0.178397
0.090164
0.092467
0.093020
0.094320
0.090486
0.092098
0.094492
0.090057
0.094547
0.093557
0.090691
0.090322
0.094424
0.092071
0.093177
0.093722
0.094934
0.094421
0.092305
0.216195
0.092288
0.063826
0.064725
0.063998
0.063576
0.063173
0.063627
0.063470
0.061289
0.064631
0.063721
0.060027
0.064932
0.093128
0.091450
0.094658
0.099335
0.091961
0.089646
0.215280
0.092759
0.094360
0.090328
0.090804
0.093721
0.087797
0.093220
0.090582
0.091034
0.096396
0.092799
0.087265
0.097353
0.095546
0.094809
0.062226
0.064843
0.065163
0.064033
0.066377
0.061377
0.061396
0.065446
0.066437
0.064088
0.065606
0.065212
0.064952
0.064641
0.062210
0.065375
0.064625
0.061015
0.062145
0.068193
0.064753
0.064795
0.061608
0.067372
0.060937
0.064780
0.064619
0.065662
0.066304
0.095102
0.094038
0.086526
0.089684
0.092480
0.096648
0.093513
0.091516
0.094567
0.096650
0.090230
0.089318
0.090708
0.087235
0.087930
0.216017
0.091459
0.091358
0.094799
0.093715
0.096181
0.095360
0.091722
0.090793
0.092525
0.094404
0.092573
0.101915
0.093685
0.090989
0.090836
0.095913
0.103207
0.091359
0.094225
0.209235
0.089415
0.093454
0.097191
0.095521
0.094644
0.092553
0.094885
0.089007
0.090415
0.093167
0.093538
0.092016
0.091986
0.062899
0.093160
0.094034
0.060806
0.062571
0.063558
0.062146
0.061402
0.062085
0.061953
0.062426
0.061793
0.060847
0.091992
0.097260
0.094742
0.125535
0.099280
0.086082
0.098384
0.093551
0.090494
0.095851
0.095386
0.091482
0.090466
0.211820
0.091300
0.093497
0.089872
0.086310
0.091270
0.091586
0.094029
0.090986
0.090008
0.086102
0.088907
0.091155
0.095950
0.092946
0.091484
0.090307
0.085598
0.086099
0.085651
0.211704
0.094373
0.094189
0.092416
0.114605
0.093061
0.095559
0.090895
0.094397
0.088020
0.091137
0.095522
0.094666
0.096255
0.096182
0.100409
0.094028
0.092283
0.092221
0.089852
0.216961
0.094683
0.090495
0.089863
0.090922
0.093693
0.092816
0.087614
0.091994
0.094487
0.091291
0.087969
0.094633
0.092632
0.091583
0.099227
0.094481
0.113140
0.089260
0.095416
0.216157
0.087683
0.091645
0.095286
0.094887
0.089875
0.089340
0.092118
0.092829
0.092402
0.089503
0.088704
0.086357
0.086782
0.091253
0.094591
0.094908
0.091970
0.093829
0.093635
0.212056
0.091167
0.089893
0.088405
0.089445
0.097618
0.093573
0.087155
0.082622
0.100314
0.094361
0.093801
0.093099
0.091604
0.090399
0.094621
0.095343
0.092274
0.090067
0.091776
0.226199
0.089260
0.090919
0.089496
0.086764
0.087491
0.093756
0.100251
0.087251
0.063348
0.060450
0.062901
0.064194
0.060372
0.060310
0.060257
0.063081
0.062908
0.060364
0.060657
0.060506
0.062247
0.060393
0.063022
0.063617
0.067570
0.061196
0.063720
0.063607
0.061578
0.061876
0.065267
0.063871
0.064569
0.074859
0.063074
0.062152
0.063457
0.065072
0.059498
0.063604
0.064075
0.064264
0.067821
0.069705
0.064440
0.064745
0.064066
0.063146
0.063735
0.064154
0.063128
0.065087
0.063456
0.063107
0.062817
0.064687
0.064759
0.062569
0.060350
0.060133
0.064843
0.062736
0.064571
0.062184
0.062643
0.062380
0.063206
0.089993
0.092937
0.094783
0.096213
0.093727
0.093547
0.094045
0.093308
0.093955
0.090520
0.094321
0.091747
0.209953
0.101183
0.092234
0.099164
0.088346
0.092946
0.094286
0.089880
0.095763
0.089341
0.089286
0.086551
0.091489
0.095143
0.095723
0.094822
0.092578
0.109875
0.093288
0.090672
0.213095
0.088884
0.096371
0.093236
0.094312
0.088969
0.092284
0.091794
0.097142
0.095458
0.092124
0.093960
0.093406
0.088406
0.092394
0.092447
0.092123
0.088126
0.094621
0.110241
0.213005
0.066538
0.066971
0.064006
0.061482
0.059142
0.062818
0.065384
0.063109
0.062782
0.062933
0.063944
0.065222
0.062485
0.063444
0.064516
0.064750
0.063973
0.095542
0.091488
0.211873
0.094892
0.093835
0.092913
0.094599
0.092499
0.092934
0.093032
0.093214
0.093997
0.094249
0.093670
0.094928
0.095676
0.093123
0.094298
0.093981
0.093903
0.091024
0.094044
0.211937
0.095870
0.094231
0.091696
0.090877
0.093740
0.095834
0.092700
0.091807
0.090462
0.099214
0.093047
0.092355
0.094509
0.093142
0.097675
0.098094
0.099771
0.093938
0.089632
0.220450
0.089255
0.091464
0.096090
0.112414
0.093994
0.096800
0.094431
0.097540
0.094517
0.090947
0.099254
0.095487
0.091347
0.101915
0.092987
0.096151
0.094463
0.089969
0.094104
0.215738
0.091748
0.094199
0.091972
0.096785
0.092778
0.092444
0.097116
0.092677
0.095045
0.092149
0.092908
0.096781
0.093152
0.091479
0.093797
0.097813
0.094160
0.091281
0.093208
0.218192
0.091982
0.096036
0.093606
0.091770
0.092135
0.095330
0.092740
0.092666
0.092054
0.094364
0.091865
0.063783
0.064322
0.064056
0.064036
0.062807
0.065072
0.064764
0.063333
0.068533
0.062694
0.064594
0.095447
0.116583
0.092641
0.094188
0.091840
0.090938
0.089467
0.095928
0.093663
0.094317
0.091606
0.091549
0.088733
0.093988
0.094263
0.093876
0.093295
0.220832
0.093734
0.093132
0.092804
0.104213
0.095769
0.095779
0.098377
0.094454
0.092162
0.096325
0.094498
0.093410
0.093541
0.095651
0.092860
0.095390
0.095583
0.093710
0.094501
0.214280
0.095345
0.094267
0.094027
0.095108
0.094398
0.105603
0.095057
0.092709
0.094722
0.094568
0.093658
0.092619
0.095500
0.094773
0.097451
0.096306
0.090732
0.092364
0.093078
0.215226
0.087791
0.091633
0.094491
0.092159
0.088610
0.093876
0.091864
0.091413
0.094029
0.098285
0.093498
0.092989
0.095242
0.094639
0.094402
0.091579
0.096936
0.092466
0.094873
0.213743
0.097365
0.096250
0.105410
0.093673
0.088917
0.094264
0.093473
0.090224
0.096981
0.096396
0.094033
0.089351
0.090432
0.091902
0.094448
0.094925
0.094781
0.094489
0.094394
0.234741
0.093828
0.093092
0.095271
0.093822
0.091985
0.095941
0.104678
0.095861
0.091830
0.099941
0.096006
0.092833
0.094866
0.091249
0.093605
0.092250
0.093654
0.095749
0.091771
0.220047
0.094284
0.091911
0.089696
0.093320
0.096753
0.090581
0.091807
0.099683
0.093575
0.093092
0.089969
0.093270
0.089066
0.095087
0.091793
0.092679
0.089761
0.095018
0.095447
0.217348
0.092876
0.093874
0.092833
0.089297
0.093677
0.093757
0.091555
0.088075
0.091974
0.114978
0.089088
0.090184
0.093565
0.094736
0.095024
0.092337
0.094409
0.092816
0.092836
0.220038
0.097083
0.094929
0.089925
0.091472
0.097030
0.094609
0.093008
0.094687
0.093255
0.092331
0.095084
0.095364
0.092469
0.092654
0.101085
0.097289
0.091000
0.095063
0.089807
0.223558
0.093200
0.095491
0.096001
0.094884
0.111690
0.089669
0.091162
0.091297
0.093833
0.093978
0.095566
0.093408
0.094036
0.095603
0.094185
0.095588
0.091566
0.090474
0.093202
0.217721
0.095862
0.095053
0.094431
0.096908
0.093188
0.111592
0.093151
0.095919
0.088156
0.089104
0.087227
0.093065
0.093408
0.094254
0.090626
0.097484
0.093196
0.094247
0.087761
0.213373
0.091010
0.089520
0.093703
0.103903
0.092327
0.091919
0.089010
0.098017
0.097480
0.088059
0.089065
0.096556
0.094547
0.093581
0.089629
0.094824
0.092665
0.092928
0.096211
0.218284
0.089948
0.094645
0.097267
0.093489
0.087832
0.094751
0.092908
0.092968
0.093513
0.094868
0.065665
0.061476
0.061002
0.066662
0.065164
0.064523
0.061630
0.061870
0.066126
0.064218
0.064925
0.061222
0.061696
0.061376
0.066908
0.067020
0.061176
0.061819
0.061380
0.063005
0.066428
0.061943
0.061728
0.061037
0.062023
0.065310
0.092797
0.089538
0.092029
0.213810
0.089935
0.090572
0.094730
0.097378
0.091461
0.092941
0.098659
0.095567
0.091405
0.092416
0.097117
0.095610
0.099333
0.093899
0.096956
0.094522
0.094712
0.091331
0.092532
0.213741
0.094759
0.093063
0.090874
0.089145
0.090976
0.110180
0.094269
0.094640
0.094555
0.092969
0.093839
0.096780
0.093793
0.093495
0.087310
0.092001
0.095319
0.094847
0.094348
0.219309
0.090463
0.089832
0.091074
0.090750
0.088867
0.088152
0.092121
0.121134
0.087389
0.090966
0.091152
0.107725
0.087948
0.087421
0.094651
0.090801
0.094027
0.091985
0.090054
0.062892
0.061612
0.059808
0.063840
0.091613
0.090203
0.063044
0.062295
0.062974
0.062307
0.062648
0.062798
0.064688
0.062932
0.063210
0.059635
0.061375
0.062747
0.063751
0.062084
0.062036
0.061589
0.062278
0.063839
0.058957
0.059606
0.060413
0.061103
0.063151
0.063318
0.062777
0.093292
0.089720
0.094524
0.093668
0.090864
0.094282
0.092174
0.087340
0.090000
