1.832031
0.092091
0.093647
0.094013
0.091054
0.093527
0.091295
0.091302
0.091335
0.063049
0.061790
0.063538
0.062166
0.064256
0.062401
0.063329
0.064083
0.098967
0.091003
0.093641
0.158474
0.092372
0.094830
0.091473
0.093244
0.090756
0.093214
0.091700
0.090005
0.089625
0.088523
0.090457
0.097175
0.150253
0.145753
0.093074
0.093180
0.095314
0.094277
0.094700
0.203737
0.091954
0.090872
0.088086
0.162869
0.096236
0.157009
0.089767
0.065657
0.096994
0.093097
0.093275
0.091828
0.092618
0.090184
0.092265
0.095516
0.093848
0.094975
0.093656
0.211936
0.093010
0.092189
0.091302
0.095564
0.095280
0.092920
0.096107
0.094698
0.097600
0.094037
0.096617
0.097137
0.096698
0.093052
0.095093
0.093813
0.086451
0.086260
0.092925
0.215136
0.092680
0.096788
0.087602
0.093305
0.094961
0.092557
0.090243
0.094476
0.094195
0.092117
0.097113
0.094899
0.095290
0.093746
0.095767
0.092068
0.097727
0.093960
0.090175
0.216272
0.088197
0.090675
0.092783
0.096437
0.089309
0.090703
0.089460
0.092014
0.088562
0.086577
0.092120
0.093598
0.095514
0.087161
0.092294
0.092739
0.092007
0.151881
0.093510
0.218221
0.092077
0.097390
0.090958
0.096300
0.094289
0.089797
0.092723
0.097505
0.092974
0.088840
0.092624
0.095577
0.094597
0.090992
0.091438
0.091948
0.112050
0.093064
0.091578
0.217519
0.093307
0.087203
0.094842
0.099566
0.097940
0.092128
0.095619
0.094175
0.092681
0.093522
0.089435
0.095931
0.088792
0.092133
0.091897
0.092596
0.092687
0.095734
0.087363
0.214106
0.093827
0.090486
0.092773
0.091594
0.091403
0.091467
0.090583
0.094086
0.091103
0.090884
0.092630
0.093745
0.101262
0.092567
0.091434
0.093207
0.090793
0.091505
0.089626
0.210444
0.088941
0.088205
0.085500
0.087012
0.092288
0.091684
0.088971
0.091521
0.088183
0.113179
0.090163
0.085223
0.090439
0.086920
0.092562
0.090186
0.094140
0.091931
