1.956667
0.094222
0.089329
0.095546
0.097762
0.090444
0.092881
0.097420
0.093822
0.090820
0.094725
0.093859
0.092319
0.094839
0.091864
0.092987
0.091458
0.092902
0.088234
0.088243
0.212889
0.098005
0.064568
0.063447
0.062988
0.063793
0.064704
0.094312
0.091025
0.094604
0.090719
0.093913
0.094417
0.094238
0.095957
0.093559
0.095078
0.093294
0.094970
0.092159
0.215972
0.094125
0.124010
0.093084
0.063813
0.066218
0.065239
0.065041
0.061137
0.086517
0.094635
0.093324
0.091285
0.083267
0.091696
0.092674
0.095113
0.090556
0.094153
0.095570
0.216621
0.158056
0.095952
0.095911
0.096721
0.096688
0.094554
0.093926
