485	148	83	232
479	151	88	222
475	156	77	211
473	157	74	215
473	151	63	226
470	144	64	232
460	138	66	229
456	137	68	232
443	136	75	223
434	139	82	216
424	139	77	211
420	141	75	212
416	144	75	214
418	144	64	216
418	146	68	226
420	151	59	224
412	151	65	223
409	149	68	226
405	151	73	216
404	151	74	213
404	155	75	207
406	155	75	206
413	153	62	199
409	156	68	197
416	155	59	203
417	154	56	199
413	152	57	202
406	151	68	204
399	152	66	199
397	152	63	198
386	156	70	193
381	157	73	193
377	156	65	190
379	153	55	194
375	154	57	193
371	153	58	196
364	156	58	194
364	156	56	196
358	164	59	187
356	164	59	187
350	167	60	185
348	169	61	180
343	169	59	176
335	169	65	179
326	166	65	180
330	163	55	178
326	162	56	181
327	160	54	185
321	163	58	175
316	165	63	170
312	167	62	166
310	166	59	164
310	168	54	161
310	169	52	162
309	171	53	162
304	172	52	167
304	173	48	165
298	176	53	161
295	176	56	163
294	176	56	163
291	176	59	159
286	178	59	156
284	176	58	155
276	175	58	150
277	173	52	151
277	172	50	149
278	171	46	148
278	171	47	146
277	170	49	148
277	170	50	142
277	171	49	138
276	168	49	140
277	168	45	138
274	165	44	142
270	165	45	140
265	169	45	138
265	172	42	140
262	177	45	137
261	178	47	140
263	181	41	143
262	183	43	143
257	185	45	142
258	186	43	141
257	182	40	139
253	178	43	136
251	176	41	136
249	175	42	134
248	178	41	127
245	183	42	124
233	192	51	121
228	193	52	120
212	196	59	120
201	194	64	122
188	190	61	123
188	190	52	119
180	186	48	126
184	188	42	124
180	189	44	129
176	192	49	125
180	194	41	125
176	195	44	126
169	195	45	122
168	195	45	121
166	194	41	122
167	191	35	125
163	187	33	127
161	182	33	135
154	191	39	135
152	194	38	132
138	207	47	122
132	210	51	117
124	214	49	115
120	217	47	112
115	221	42	106
115	220	34	112
106	223	37	115
99	224	41	112
101	225	31	113
