1.947875
0.088548
0.094070
0.094661
0.095236
0.098618
0.093639
0.087909
0.094229
0.094609
0.103590
0.093392
0.088562
0.095426
0.093515
0.090915
0.092114
0.095505
0.086972
0.092852
0.181973
0.095464
0.143952
0.090645
0.144254
0.091932
0.092654
0.094732
0.151447
0.145971
0.153073
0.092360
0.093779
0.158055
0.156551
0.097070
0.158296
0.092648
0.095574
0.094029
0.220351
0.094352
0.092056
0.088163
0.092825
0.091567
0.096243
0.087390
0.088165
0.090992
0.090073
0.093731
0.086666
0.095743
0.092509
0.092537
0.087662
0.089276
0.089238
0.092281
0.214207
0.094539
0.093304
0.090539
0.091321
0.094709
0.093548
0.094162
0.091414
0.093268
0.091815
0.095082
0.093657
0.092871
0.091571
0.087724
0.087697
0.092292
0.098453
0.095216
0.215858
0.089604
0.091672
0.088911
0.090886
0.097003
0.092582
0.093640
0.088316
0.094542
0.091643
0.092768
0.095385
0.093733
0.091590
0.091215
0.090090
0.093298
0.091730
0.091990
0.217051
0.087231
0.087126
0.091745
0.094219
0.092204
0.091429
0.089009
0.093058
0.086545
0.093373
0.089692
0.091156
0.092583
0.092877
0.091788
0.090676
0.094193
