0.468982
0.051371
0.046350
0.040220
0.043368
0.048072
0.051902
0.042533
0.048265
0.047291
0.048225
0.046716
0.048446
0.041436
0.040208
0.041064
0.041656
0.044648
0.050556
0.050058
0.072010
0.043925
0.041921
0.057232
0.060269
0.042131
0.047994
0.048545
0.050902
0.046308
0.038916
0.039189
0.039392
0.041392
0.040450
0.044625
0.052853
0.052539
0.048519
0.042768
0.089677
0.050227
0.052745
0.048799
0.049919
0.048744
0.050198
0.046820
0.047333
0.039762
0.041135
0.043988
0.042664
0.045482
0.046059
0.048410
0.044497
0.046083
0.044002
0.043571
0.079891
0.042316
0.039563
0.041847
0.043863
0.044953
0.048841
0.042223
0.045442
0.046083
0.044476
0.047019
0.044436
0.043768
0.040849
0.041966
0.045105
0.053751
0.060246
0.046718
0.083127
0.049930
0.050543
0.043672
0.043517
0.043126
