0.515963
0.044650
0.045601
0.044378
0.045930
0.044191
0.049942
0.041005
0.041821
0.040164
0.041821
0.045957
0.047220
0.044633
0.044551
0.044073
0.042451
0.049967
0.044458
0.043438
0.075296
0.057576
0.058193
0.054576
0.046169
0.060536
0.042254
0.042226
0.041337
0.067593
0.050676
0.062806
0.042397
0.041945
0.050532
0.045607
0.050304
0.042807
0.043487
0.043212
0.083578
0.044505
0.046466
0.041786
0.043648
0.040885
0.040292
0.040507
0.047057
0.043194
0.062530
0.043735
0.042012
0.042983
0.044893
0.056574
0.052297
0.053302
0.043913
0.044479
0.080258
0.042764
0.043821
0.043921
0.043817
0.044018
0.042112
0.049239
0.045773
0.046732
0.046181
0.045893
0.048799
0.068749
0.046260
0.048954
0.040843
0.039674
0.039216
0.042536
0.081598
0.044575
0.043759
0.043018
0.049603
0.043079
0.044976
0.061459
0.045076
0.042671
0.039998
0.044691
0.043730
0.049579
0.040251
0.041868
0.045033
0.046955
0.065888
0.046405
0.078480
0.048268
0.051109
0.046117
0.046243
0.046665
0.047448
0.044662
0.043397
0.040495
0.047246
0.050180
0.053758
0.042110
0.044753
0.046484
0.048952
0.049286
0.066736
0.061257
0.082297
0.047414
0.051775
0.044433
