0.414998
0.039590
0.038870
0.040369
0.039234
0.038315
0.039221
0.039041
0.038687
0.039111
0.040034
0.039465
0.039910
0.039390
0.039987
0.041439
0.044291
0.040071
0.039740
0.041236
0.069644
0.040023
0.040625
0.043278
0.040103
0.038267
0.038091
0.039073
0.037930
0.037969
0.038082
0.038379
0.038924
0.043423
0.039840
0.038645
0.038879
0.039088
0.038848
0.038879
0.074119
0.039326
0.040225
0.045294
0.038740
0.038988
0.038977
0.040430
0.039201
0.039161
0.038984
0.042755
0.039001
0.040561
0.040177
0.042827
0.043720
0.045476
0.041751
0.039833
0.076868
0.043142
0.043998
0.042216
0.038746
0.039362
0.039152
0.038898
0.039161
0.038834
0.039317
0.039192
0.039434
0.041914
0.038611
0.038374
0.040649
0.039787
0.041561
0.041550
0.078042
0.043380
0.046617
0.039422
0.038627
0.038094
