0.456373
0.040030
0.039393
0.039771
0.039639
0.039966
0.039778
0.039698
0.040140
0.039684
0.039752
0.041693
0.046094
0.041114
0.042451
0.042988
0.041463
0.041347
0.039300
0.041976
0.070002
0.040556
0.039570
0.039845
0.039438
0.041384
0.045943
0.046499
0.047122
0.045947
0.046704
0.040146
0.040303
0.044938
0.044888
0.038946
0.039230
0.038918
0.038783
0.038862
0.074620
0.040208
0.043722
0.044278
0.042884
0.040455
0.039527
0.040102
0.043031
0.043846
0.045225
0.045490
0.039678
0.040621
0.041684
0.043248
0.040608
0.042852
0.040496
0.040652
0.076452
0.042540
0.040548
0.044423
0.042517
0.039670
0.040043
0.040153
0.040422
0.040934
0.041144
0.040349
0.039553
0.039963
0.040889
0.043495
0.045663
0.046050
0.041224
0.041225
0.076109
0.041215
0.044802
0.042629
0.039602
0.039778
0.039515
0.038821
0.040083
0.044569
0.044307
0.043767
0.045488
0.039242
0.038975
0.039451
0.040763
0.042779
0.038878
0.038321
0.074980
0.038909
0.039284
0.039572
0.040312
0.039277
0.039572
0.043175
0.040368
0.045076
0.045485
0.040988
0.045226
0.045743
0.040452
0.044412
0.043361
0.039697
0.039664
0.040071
0.075253
0.043642
