0.426003
0.039392
0.038870
0.038833
0.038443
0.039411
0.038803
0.040152
0.042930
0.038245
0.039007
0.038569
0.038302
0.039855
0.040484
0.042856
0.040557
0.039670
0.039499
0.039474
0.071761
0.039191
0.039400
0.040443
0.039312
0.040337
0.041473
0.045985
0.043651
0.043913
0.039763
0.041399
0.045042
0.046641
0.042162
0.045681
0.040069
0.040202
0.040841
0.041217
0.079943
0.040882
0.043347
0.044044
0.043901
0.048115
0.045474
0.040380
0.045243
0.045374
0.042253
0.045921
0.044648
0.045080
0.042089
0.045871
0.040991
0.041771
0.042539
0.043094
0.081954
0.042904
0.041332
0.040530
0.040587
0.041657
0.044885
0.040104
0.042012
0.041140
0.040277
0.041223
0.040424
0.041217
0.042664
0.040834
0.042629
0.041428
0.040856
0.040421
0.077289
0.041587
0.041648
0.040209
0.040596
0.041628
0.039228
0.040899
0.043181
0.044221
0.040612
0.041530
0.042818
0.042918
0.040629
0.039734
0.041396
0.045352
0.044180
0.038607
0.077928
0.041559
0.046251
0.045798
0.039194
0.045680
0.045250
0.044481
0.043112
0.042261
0.041703
0.041975
0.045178
0.042464
0.042375
0.044563
0.045958
