53	304	52	49
53	304	47	47
34	303	51	52
29	311	52	56
32	326	54	56
37	334	54	57
47	346	53	52
54	348	53	53
68	352	54	54
76	356	56	54
94	361	56	55
102	366	58	55
116	375	58	58
122	379	58	60
136	390	56	65
145	393	60	66
163	398	63	68
171	401	64	70
191	411	62	64
201	415	61	63
219	426	64	56
226	429	63	49
239	425	65	55
248	419	62	59
262	400	65	68
269	389	67	74
291	371	66	71
304	362	65	70
328	346	63	66
339	340	64	62
360	324	62	68
371	320	61	63
382	313	62	63
387	311	62	65
390	306	66	67
394	304	63	63
390	300	62	62
388	300	62	62
383	299	61	60
380	299	62	61
376	301	62	59
373	301	62	61
371	299	58	58
371	296	57	60
369	292	56	59
367	290	54	57
367	285	54	56
362	280	57	58
360	278	57	57
354	275	55	53
355	272	55	52
351	271	54	52
349	270	50	51
338	268	51	50
327	269	50	50
321	269	50	48
306	270	49	50
298	272	48	52
293	273	50	52
289	275	47	50
284	274	45	48
278	274	45	46
268	271	45	47
262	269	46	45
250	267	45	46
240	268	47	46
225	271	46	45
218	272	46	48
205	277	45	45
200	279	46	44
190	281	46	45
183	283	47	44
169	284	47	46
165	282	48	47
160	280	46	45
156	279	46	43
152	275	47	44
150	272	44	46
151	268	45	44
154	267	45	43
158	263	45	44
160	263	43	42
163	260	43	42
166	259	44	43
172	257	41	40
172	256	42	39
175	257	40	36
176	256	40	38
178	257	40	40
178	256	40	41
179	259	40	40
181	261	40	38
184	262	41	39
186	263	38	40
189	263	38	39
191	264	40	37
199	262	38	38
202	260	37	39
204	259	38	38
205	260	36	37
205	261	35	38
203	262	36	37
199	264	37	38
196	266	37	36
186	270	36	35
180	272	37	35
165	278	38	36
151	283	40	38
144	284	39	40
131	287	40	38
123	290	42	39
110	296	41	42
102	301	41	41
81	309	42	38
72	311	42	38
54	310	45	40
49	305	47	41
