187	245	50	52
193	244	48	45
192	241	47	44
192	229	48	45
192	224	47	48
198	219	48	47
203	217	48	45
207	215	47	45
203	214	47	46
202	211	47	47
211	210	47	46
216	210	47	45
225	207	47	44
229	205	47	46
238	204	46	45
242	202	47	46
253	197	46	46
261	197	46	44
282	195	46	46
293	194	45	46
314	191	45	44
321	190	45	43
336	187	47	47
340	186	46	45
342	182	47	45
344	183	45	44
344	181	47	48
343	182	47	46
344	181	44	46
337	182	45	45
313	184	45	48
303	186	47	45
289	186	44	45
284	187	43	43
275	185	45	45
272	183	44	45
263	181	47	43
260	181	46	41
254	179	46	44
252	178	45	45
249	177	45	45
250	178	46	44
248	177	47	45
251	176	45	46
251	175	46	44
252	173	45	44
255	169	45	45
257	166	43	46
256	165	44	44
256	163	44	47
255	163	46	45
257	163	44	43
260	159	43	44
261	159	45	43
266	157	44	43
270	155	46	43
277	153	43	42
281	153	44	41
287	149	43	44
289	149	43	42
294	144	43	44
296	143	43	43
299	142	43	40
301	139	42	41
303	136	40	42
303	137	41	42
304	135	39	43
302	136	42	43
303	136	41	41
302	134	39	42
303	133	39	42
301	132	39	42
301	131	39	42
301	130	39	41
301	129	42	42
302	128	39	42
302	128	40	40
301	126	40	41
299	126	41	40
301	127	40	37
303	127	40	39
305	129	41	40
308	130	40	41
312	132	39	41
315	133	38	41
321	133	37	40
