214	168	72	196
215	176	66	180
216	172	63	180
216	171	61	187
217	169	61	183
212	174	64	181
213	170	64	189
213	168	62	188
214	171	60	191
236	185	77	203
236	208	75	188
235	211	80	181
226	202	85	195
227	205	85	198
217	218	95	180
217	226	88	184
195	207	98	197
192	198	99	199
190	178	89	214
193	179	93	228
200	168	95	217
210	161	79	215
212	165	75	217
215	163	70	211
216	167	66	202
226	170	59	192
227	174	63	183
230	167	71	176
234	178	68	177
237	177	66	171
245	178	67	170
243	180	69	173
246	179	71	173
249	179	68	169
252	188	65	166
249	189	68	160
248	185	77	156
261	197	91	142
271	201	87	144
273	193	95	146
294	180	85	156
310	174	71	155
320	176	59	164
324	196	53	140
321	193	53	138
317	188	52	140
314	190	55	141
310	185	52	143
290	189	57	144
283	185	59	147
276	185	64	151
272	185	71	153
271	175	70	163
270	182	68	160
264	181	74	169
260	181	74	163
254	178	84	169
254	178	90	172
263	176	82	179
268	170	75	176
267	174	76	175
260	179	85	182
256	172	92	177
258	175	93	175
261	173	90	175
265	183	92	169
282	176	73	173
293	178	65	169
259	198	84	155
250	207	95	147
240	212	90	140
235	215	95	136
234	214	101	135
234	208	103	138
238	205	98	143
245	201	84	144
256	191	84	151
266	187	86	157
277	180	78	160
281	178	77	158
295	185	65	152
306	184	55	147
306	183	54	152
306	183	54	155
306	183	52	152
305	184	55	154
303	186	56	150
304	184	55	148
303	186	57	150
320	201	63	136
321	204	91	139
330	192	99	141
372	187	74	137
391	195	89	131
424	209	71	119
432	207	71	126
480	185	81	150
454	180	97	180
401	174	102	214
398	170	90	218
400	170	78	220
426	167	80	229
398	163	85	235
396	163	88	223
493	150	72	197
392	165	83	221
384	164	84	231
365	161	84	224
362	164	80	212
362	169	82	211
364	162	76	212
359	167	80	203
353	171	81	200
345	162	81	206
351	168	79	204
356	168	79	202
364	167	81	199
344	176	94	186
318	177	107	177
303	179	92	182
322	191	70	160
334	189	59	145
345	191	47	139
347	192	48	139
349	192	46	138
353	188	56	140
349	185	49	138
347	182	52	148
346	182	53	148
347	182	49	151
350	182	51	150
357	185	48	152
358	189	52	141
349	189	63	148
340	196	70	143
334	209	75	132
334	213	74	124
340	208	65	131
332	204	77	133
340	200	71	140
337	198	71	146
333	197	79	147
331	199	88	147
345	191	83	157
344	197	83	156
344	191	82	156
344	198	83	156
345	195	82	156
342	203	87	151
332	197	87	155
315	182	94	166
296	179	84	180
287	183	80	179
273	179	78	193
249	168	93	212
245	160	101	228
260	149	84	248
262	148	90	261
276	155	83	261
286	139	86	274
288	119	102	283
306	158	102	263
307	157	114	255
322	134	109	277
351	151	134	278
361	146	141	266
378	146	124	266
355	153	152	259
348	161	152	243
352	153	144	243
351	165	145	214
346	172	141	211
362	171	124	207
361	163	111	224
368	159	98	235
367	160	102	240
371	123	100	274
378	140	112	289
388	128	110	320
401	130	106	327
407	131	112	330
409	128	125	329
411	126	130	329
416	134	129	317
428	132	112	313
