1.00
0.90
0.84
0.80
0.79
0.80
0.81
0.81
0.85
0.55
0.52
0.39
0.45
0.60
0.49
0.44
0.41
0.43
0.50
0.67
0.58
0.64
0.77
0.77
0.82
0.79
0.73
0.66
0.68
0.67
0.66
0.81
0.89
0.86
0.84
0.81
0.78
0.63
0.64
0.65
0.39
0.67
0.72
0.60
0.45
0.44
0.51
0.46
0.54
0.61
0.65
0.70
0.77
0.82
0.75
0.84
0.81
0.79
0.80
0.71
0.89
0.78
0.89
0.95
0.90
0.66
0.81
0.83
0.70
0.66
0.56
0.54
0.53
0.55
0.63
0.69
0.71
0.75
0.84
0.73
0.81
0.79
0.59
0.64
0.66
0.65
0.67
0.67
0.70
0.48
0.55
0.51
0.36
0.38
0.29
0.45
0.33
0.34
0.49
0.52
0.44
0.45
0.41
0.38
0.45
0.44
0.50
0.44
0.55
0.47
0.50
0.62
0.61
0.69
0.64
0.71
0.70
0.65
0.42
0.57
0.51
0.50
0.59
0.55
0.51
0.49
0.59
0.52
0.57
0.58
0.52
0.53
0.56
0.56
0.59
0.60
0.77
0.77
0.69
0.71
0.69
0.75
0.76
0.62
0.87
0.83
0.92
0.88
0.88
0.67
0.65
0.92
0.73
0.92
0.87
1.02
1.05
1.00
1.02
0.94
0.81
0.86
0.88
0.95
0.85
0.88
0.75
0.79
0.71
0.66
0.67
0.65
0.60
0.71
0.74
0.69
0.63
0.65
0.74
0.91
0.90
0.89
0.82
0.91
0.96
