2.371925
0.052557
0.052840
0.052304
0.052236
0.053679
0.056484
0.058069
0.057129
0.056773
0.052427
0.056556
0.057735
0.054851
0.051705
0.053077
0.052761
0.055800
0.053376
0.054433
0.099269
0.052332
0.053179
0.053980
0.054815
0.056236
0.053180
0.053361
0.052681
0.052545
0.052246
0.052488
0.052468
0.052715
0.052110
0.052191
0.052213
0.052575
0.052682
0.052609
0.098701
0.052653
0.052174
0.051896
0.051711
0.051796
0.051906
0.051548
0.052030
0.051858
0.052015
0.051966
0.052229
0.052470
0.052171
0.052453
0.052690
0.053208
0.050406
0.050323
0.097931
0.052667
0.050399
0.050341
0.050461
0.050508
0.050351
0.052387
0.052520
0.052498
0.052975
0.052468
0.052442
0.052392
0.052497
0.052617
0.052375
0.052415
0.052830
0.052444
0.098519
0.052137
0.051676
0.051819
0.051847
0.051529
0.051958
0.051996
0.052125
0.051979
0.051925
0.052587
0.053003
0.076020
0.076700
0.053358
0.053618
0.052208
0.050486
0.050364
0.096114
0.050252
0.050470
0.050430
0.050396
0.076079
0.050360
0.074464
0.050107
0.050126
0.073482
0.074057
0.049932
0.050122
0.050255
0.050497
0.050084
0.050029
0.050103
0.050825
0.095681
0.051996
0.051512
0.074754
0.074960
0.074619
0.051339
0.050959
0.051536
0.051501
0.051111
0.051520
0.051084
0.051612
0.051752
0.053254
0.053605
0.051864
0.051746
0.052036
0.097894
0.051892
0.052638
0.052731
0.052778
0.052504
0.052401
0.052599
0.052350
0.052714
0.052662
0.050318
0.050267
0.052914
0.050377
0.050728
0.051133
0.053781
0.053816
0.054458
0.103047
0.052901
0.055124
0.054657
0.057127
0.055089
0.052433
0.055467
0.053597
0.054034
0.053790
0.056420
0.055080
0.055396
0.054340
0.055797
0.055032
0.056295
0.054266
0.053433
0.099813
0.052596
0.054854
0.055191
0.054389
