2.227839
0.053265
0.050256
0.050310
0.050132
0.049964
0.050351
0.050434
0.050509
0.050267
0.050049
0.049833
0.050062
0.050080
0.049979
0.050014
0.050257
0.050450
0.050192
0.051535
0.095947
0.050660
0.050454
0.050849
0.050338
0.050702
0.050395
0.050384
0.050571
0.050585
0.050704
0.050610
0.050832
0.050910
0.050960
0.050532
0.050970
0.051008
0.050811
0.050739
0.096705
0.050777
0.051295
0.050963
0.050656
0.050885
0.051200
0.050991
0.050690
0.050855
0.050877
0.050952
0.050693
0.050519
0.051258
0.051225
0.050961
0.050906
0.050938
0.050718
0.096531
0.050994
0.050810
0.050856
0.050586
0.050750
0.050355
0.050871
0.050431
0.050129
0.050578
0.051074
0.050303
0.050458
0.050781
0.050405
0.050290
0.050438
0.050577
0.050391
0.097921
0.054086
0.050561
0.050269
0.050361
0.050949
0.052874
0.052008
0.051774
0.052075
0.055610
0.052189
0.051017
0.050810
0.050445
0.050407
0.050978
0.049755
0.050460
0.050519
0.096495
0.050218
0.050437
0.050446
0.050657
0.050539
0.050981
0.051142
0.051119
0.051683
0.052420
0.052347
0.052771
0.052649
0.052552
0.052750
0.052519
0.052580
0.052476
0.052784
0.098115
0.052496
0.052695
0.052632
0.052369
0.052638
0.052385
0.052434
0.052342
0.053143
0.052314
0.052425
0.052457
0.052923
0.052799
0.052768
0.052635
0.052392
0.052395
0.052535
0.097962
0.052385
0.052712
0.052445
0.052546
0.052719
0.052584
0.052282
0.052438
0.052910
0.052493
0.052313
0.052789
0.052306
0.052439
0.052450
0.052635
0.052916
0.052696
0.052308
0.098493
0.052428
0.050575
0.052573
0.052427
0.052478
0.052802
0.052794
0.052508
0.052541
0.052487
0.052751
0.052514
0.052438
0.052448
0.052315
0.052949
0.052860
0.053700
0.052727
0.098597
0.053281
0.052863
0.053167
0.053162
0.052968
0.052644
0.052912
0.052930
0.052901
0.052896
0.052900
0.052779
0.053149
0.053561
0.053456
0.051176
0.051632
0.051494
0.051994
0.097825
0.051920
0.052001
0.051899
0.051733
0.051611
0.051634
0.051574
0.052153
0.051442
0.051663
0.051646
0.051743
0.051804
0.051521
0.051546
0.051633
0.051603
0.051866
0.052086
0.097348
0.051620
0.051706
0.051805
0.051584
0.051507
0.051355
0.051093
0.051264
0.050610
0.051207
0.050663
0.050578
0.051008
0.050928
0.050998
0.050980
0.051195
0.051310
0.051134
0.097666
0.051664
0.051723
0.051025
0.050961
0.050842
0.050776
0.050587
0.050733
0.050780
0.050814
0.050692
0.050853
0.050865
0.050414
0.050742
0.050370
0.050212
0.050524
0.050429
0.095887
0.050330
0.050501
0.050950
0.050510
0.050708
0.050424
0.050697
0.050698
0.050560
0.050424
0.050585
0.050598
0.050333
0.050427
0.050622
0.050760
0.050536
0.050571
0.050582
0.096447
0.050525
0.050556
0.050279
0.050695
0.050260
0.050603
0.050541
0.050532
0.050760
0.051274
0.050272
0.050527
