1.00
0.99
1.03
1.09
1.08
1.06
1.02
1.02
1.06
1.03
1.07
1.10
1.06
1.06
1.09
1.05
1.11
1.04
1.03
1.05
1.01
1.04
1.04
1.01
0.98
0.94
0.88
0.77
0.76
0.73
0.76
0.82
0.76
0.85
0.88
0.88
0.92
0.93
0.93
0.90
0.84
0.96
0.94
0.99
1.00
0.98
1.01
0.98
1.00
0.98
1.03
1.02
0.91
0.88
0.90
0.93
0.92
0.92
0.92
0.87
0.89
0.91
0.94
0.89
0.90
0.92
0.90
0.88
0.96
0.94
0.87
0.98
0.96
0.98
0.95
0.88
0.91
0.93
0.87
0.79
0.75
0.72
0.74
0.75
0.73
0.76
0.72
0.74
0.72
0.69
0.63
0.63
0.55
0.53
0.54
0.55
0.51
0.54
0.54
0.58
0.53
0.72
0.72
0.79
0.76
0.76
0.75
0.60
0.60
0.56
0.49
0.58
0.50
0.46
0.48
0.55
0.53
0.48
0.43
0.49
0.44
0.61
0.65
0.69
0.72
0.73
0.75
0.70
0.72
0.55
0.53
0.46
0.61
0.60
0.62
0.63
0.62
0.70
0.82
0.77
0.77
0.91
0.92
0.90
0.80
0.79
0.81
0.81
0.82
0.76
0.68
0.64
0.58
0.63
0.67
0.75
0.72
0.78
0.86
0.91
0.83
0.82
0.96
0.99
0.95
0.98
1.00
0.92
0.74
0.85
0.64
0.76
0.80
0.73
0.63
0.69
0.61
0.82
0.78
0.67
0.77
0.98
0.83
0.73
0.74
0.80
0.82
0.83
0.90
0.86
0.91
0.87
0.92
0.88
0.90
0.94
0.99
0.97
0.91
0.90
0.93
1.00
1.00
1.04
1.00
1.00
1.02
1.00
0.98
1.01
0.98
0.97
1.01
1.05
1.00
1.02
0.98
1.05
1.04
0.99
1.02
1.03
0.98
1.04
0.98
0.99
0.96
1.02
1.10
1.05
1.06
1.07
0.97
0.97
0.96
0.97
0.89
0.91
