2.270327
0.051179
0.050565
0.050515
0.050525
0.051151
0.050811
0.050397
0.050476
0.050612
0.050996
0.050732
0.050941
0.050220
0.050874
0.050871
0.050736
0.051562
0.051612
0.052299
0.098198
0.052461
0.052356
0.052271
0.052300
0.051959
0.052371
0.052374
0.051991
0.051878
0.052208
0.052533
0.052192
0.052051
0.052149
0.052482
0.052334
0.052277
0.052432
0.052590
0.098422
0.052637
0.052962
0.053034
0.053173
0.053178
0.052812
0.052866
0.052749
0.053015
0.053276
0.053572
0.053280
0.053504
0.053421
0.053185
0.053385
0.053381
0.053499
0.053785
0.100123
0.053542
0.053314
0.053710
0.053170
0.053364
0.053141
0.052989
0.053345
0.051380
0.051766
0.051337
0.051629
0.051463
0.051498
0.052340
0.052636
0.052572
0.052436
0.052257
0.098054
0.052475
0.052397
0.052147
0.051996
0.052188
0.052225
0.052758
0.052690
0.052156
0.052585
0.051703
0.052139
0.052316
0.052139
0.051983
0.052486
0.052313
0.052258
0.051807
0.096838
0.050788
0.050869
0.051294
0.051087
0.050755
0.051130
0.051131
0.050932
0.052567
0.051066
0.051452
0.051368
0.051421
0.051388
0.051415
0.051699
0.051642
0.052027
0.051814
0.097437
0.051547
0.051610
0.051677
0.051376
0.051800
0.051468
0.051060
0.051669
0.052633
0.052665
0.052696
0.052366
0.052790
0.052984
0.052670
0.052187
0.052853
0.052408
0.052440
0.097002
0.052320
0.052363
0.052157
0.052077
0.052523
0.051867
0.052322
0.052903
0.051966
0.052173
0.052089
0.052185
0.053204
0.050469
0.050839
0.050724
0.050554
0.050737
0.051114
0.095718
0.050565
0.050677
0.052226
0.050978
0.050968
0.051100
0.051194
0.051509
0.051782
0.051376
0.051003
0.051042
0.050733
0.051014
0.050686
0.050872
0.051220
0.051996
0.052003
0.097156
0.051295
0.051672
0.051445
0.052027
0.051554
0.051528
0.051151
0.051373
0.051564
0.050629
0.050898
0.051205
0.050983
0.051009
0.051344
0.051150
0.052117
0.052980
0.052942
0.098503
0.052838
0.053206
0.053314
0.053169
0.052968
0.053291
0.053159
0.052921
0.053054
0.053090
0.052812
0.052837
0.052473
0.052995
0.052531
0.052823
0.052728
0.052807
0.053223
0.098510
0.052971
0.052773
0.052985
0.052325
0.056882
0.052019
0.051894
0.051990
0.051947
0.051924
0.052080
0.051775
0.053000
0.052928
0.051446
0.051687
0.052888
