1.00
1.09
1.06
1.04
1.02
1.06
1.00
0.83
0.97
0.86
0.85
0.78
0.80
0.74
0.64
0.70
0.69
0.56
0.60
0.68
0.79
0.77
0.62
0.81
0.76
0.65
0.63
0.70
0.82
0.85
0.84
0.79
0.80
0.79
0.66
0.63
0.66
0.67
0.65
0.67
0.69
0.80
0.78
0.74
0.76
0.76
0.69
0.75
0.93
0.92
0.94
0.93
0.90
0.93
0.94
0.89
0.93
0.92
0.88
0.91
0.91
0.90
0.91
1.00
1.05
0.95
0.87
0.89
0.93
0.91
0.88
0.94
0.89
0.84
0.87
0.87
0.81
0.82
0.90
0.89
0.89
0.85
0.83
0.81
0.91
0.96
1.01
0.94
0.96
1.00
0.98
0.95
0.95
0.90
0.96
1.03
1.01
1.04
1.03
1.03
1.02
1.11
1.11
1.04
1.06
1.07
1.00
1.02
1.04
1.02
1.00
1.00
1.01
1.05
1.02
1.03
0.99
1.01
1.04
1.06
1.03
0.96
0.94
0.97
0.92
0.96
0.96
0.96
0.98
0.91
0.92
0.89
0.84
0.77
0.77
0.80
0.78
0.83
0.84
0.75
0.78
0.89
0.89
0.95
0.94
0.96
0.98
0.97
0.87
0.93
0.93
0.94
0.90
0.90
0.86
0.86
0.92
0.88
0.94
0.86
0.92
0.97
1.04
1.08
1.04
1.04
1.01
1.01
0.98
0.94
0.98
0.98
0.95
1.01
0.97
0.99
1.00
1.01
0.98
0.99
0.99
1.06
1.07
1.05
1.07
1.03
1.08
1.10
1.09
1.11
1.09
1.14
1.15
1.11
1.06
1.02
0.95
1.02
1.03
0.97
0.85
0.97
1.11
1.15
1.17
1.17
1.19
1.17
1.10
1.00
0.97
0.98
0.88
0.98
0.95
0.90
0.81
0.65
0.52
0.57
0.61
0.81
0.82
0.89
0.89
0.80
0.82
0.82
0.80
0.81
0.84
0.81
0.83
0.86
0.83
0.81
0.82
0.80
0.78
0.80
0.74
0.99
1.03
1.06
1.06
1.02
1.05
1.02
1.02
1.04
1.04
1.04
1.05
1.05
1.08
1.08
1.06
1.01
1.07
1.05
1.06
1.11
1.08
1.06
1.11
1.07
1.08
1.08
1.06
1.10
1.11
1.13
1.07
1.11
1.08
1.12
1.11
1.08
1.10
1.10
1.07
1.06
1.08
1.08
1.03
1.08
1.04
1.12
1.14
1.04
1.06
1.06
1.05
1.09
1.07
1.08
1.07
1.05
1.00
0.94
0.93
1.06
1.10
1.10
1.11
