2.311155
0.052411
0.051393
0.051279
0.051360
0.051083
0.051294
0.051119
0.050886
0.051222
0.051105
0.051067
0.051511
0.051904
0.051829
0.052269
0.051558
0.051600
0.050753
0.050826
0.097768
0.050905
0.052166
0.051136
0.050930
0.051511
0.053201
0.052787
0.051899
0.050990
0.050819
0.051054
0.052123
0.051358
0.051123
0.050923
0.050854
0.051114
0.051545
0.050916
0.096767
0.050905
0.051249
0.051456
0.051861
0.051514
0.050994
0.051343
0.050792
0.050883
0.050851
0.050936
0.051404
0.051292
0.050943
0.050628
0.050887
0.051622
0.051881
0.051542
0.096895
0.053154
0.054803
0.051646
0.051374
0.051545
0.052211
0.051704
0.051085
0.051797
0.051209
0.051973
0.050931
0.051063
0.050670
0.051225
0.051157
0.050695
0.051577
0.051971
0.096481
0.051740
0.051209
0.051214
0.051092
0.050939
0.051133
0.050781
0.051300
0.050974
0.052234
0.051637
0.051463
0.051346
0.052094
0.052120
0.051850
0.052061
0.052836
0.052927
0.099730
0.053489
0.055709
0.056250
0.051792
0.051408
0.051254
0.051575
0.051680
0.051920
0.051678
0.051562
0.051916
0.051827
0.052367
0.052271
0.051957
0.051988
0.052612
0.052923
0.098238
0.052577
0.051922
0.052182
0.052957
0.053750
0.053070
0.053455
0.052911
0.053154
0.053094
0.053193
0.053135
0.053051
0.049991
0.050407
0.050904
0.052361
0.052319
0.051995
0.098279
0.055537
0.051576
0.051608
0.052208
0.051444
0.057951
0.053429
0.050838
0.052347
0.052382
0.050696
0.051612
0.052247
0.050363
0.051332
0.050748
0.051699
0.052483
0.050139
0.099317
0.053550
0.053969
0.052510
0.051071
0.050910
