1.00
0.91
0.99
0.96
0.92
0.87
0.88
0.84
0.96
0.73
0.70
0.72
0.74
0.71
0.78
0.79
0.82
0.77
0.74
0.75
0.73
0.76
0.71
0.63
0.73
0.68
0.48
0.44
0.42
0.31
0.37
0.43
0.29
0.29
0.29
0.29
0.32
0.40
0.46
0.52
0.52
0.51
0.50
0.60
0.51
0.47
0.40
0.43
0.32
0.50
0.41
0.40
0.18
0.28
0.29
0.37
0.30
0.31
0.30
0.31
0.38
0.54
0.60
0.55
0.66
0.74
0.65
0.80
0.73
0.71
0.53
0.54
0.49
0.46
0.46
0.45
0.56
0.54
0.54
0.66
0.66
0.78
0.72
0.78
0.75
0.77
0.80
0.62
0.73
0.63
0.80
0.75
0.73
0.83
0.82
0.73
0.64
0.65
0.70
0.78
0.76
0.77
0.74
0.75
0.75
0.69
0.74
0.91
0.69
0.79
0.70
0.71
0.74
0.84
0.79
0.86
0.90
0.65
0.56
0.49
0.41
0.57
0.48
0.44
0.40
0.38
0.39
0.36
0.34
0.34
0.39
0.40
0.45
0.43
0.48
0.46
0.47
0.84
0.74
0.81
0.73
0.88
0.94
0.82
0.72
0.83
0.91
0.88
0.67
0.72
0.72
0.62
0.71
0.63
0.49
0.69
0.69
0.70
0.72
0.84
0.88
0.85
0.90
0.93
0.80
0.97
0.97
0.96
0.98
0.86
0.79
