2.423891
0.056662
0.052490
0.051809
0.051871
0.051981
0.051862
0.051822
0.051603
0.052330
0.051822
0.052517
0.051900
0.051888
0.052055
0.051672
0.051981
0.051876
0.051992
0.051488
0.096848
0.051529
0.051452
0.051666
0.051457
0.051390
0.051227
0.051446
0.050855
0.051317
0.074324
0.050838
0.050382
0.050499
0.051229
0.073696
0.050660
0.050012
0.050325
0.074057
0.095892
0.050682
0.050615
0.050904
0.051846
0.050970
0.050869
0.050869
0.074856
0.050725
0.051034
0.051040
0.050764
0.050735
0.050733
0.050669
0.050700
0.050910
0.050610
0.050745
0.095834
0.050249
0.050794
0.050418
0.051208
0.050820
0.050847
0.050630
0.051238
0.050605
0.050843
0.051136
0.051033
0.051311
0.051398
0.050683
0.051561
0.051066
0.051362
0.051438
0.098826
0.053071
0.051359
0.051333
0.051647
0.050851
0.051044
0.051014
0.051110
0.051657
0.050971
0.051143
0.051105
0.051641
0.051827
0.051226
0.051931
0.051585
0.051193
0.051661
0.096783
0.051345
0.050845
0.051434
0.051276
0.050937
0.051653
0.050715
0.051429
0.050812
0.051115
0.050893
0.050542
0.051174
0.051072
0.050870
0.051677
0.050988
0.051195
0.051149
0.097394
0.051551
0.051004
0.051236
0.051077
0.050922
0.050669
0.050909
0.050276
0.050299
0.050208
0.051582
0.049664
0.050232
0.050292
0.051085
0.050210
0.050656
0.051522
0.050944
0.096905
0.051951
0.051452
0.050940
0.050877
0.050470
0.050853
0.050433
0.050562
0.050376
0.050406
0.050660
0.050856
0.050898
0.050691
0.051378
0.050690
0.050981
0.050759
0.050478
0.096891
0.050802
0.052107
0.051490
0.051555
0.051628
0.051280
0.051135
0.051845
0.051348
0.051293
