2.462554
0.052402
0.052465
0.052362
0.052304
0.052484
0.052751
0.052783
0.052218
0.051747
0.052470
0.051713
0.051804
0.052180
0.052360
0.052197
0.051777
0.051799
0.051332
0.051963
0.097800
0.052307
0.052224
0.052430
0.052892
0.052341
0.052219
0.052295
0.052013
0.051821
0.051364
0.051366
0.051153
0.051908
0.051093
0.051417
0.051184
0.050763
0.051348
0.050671
0.095584
0.050965
0.051507
0.050994
0.051542
0.051487
0.051363
0.051832
0.052318
0.051126
0.051469
0.051449
0.051376
0.051633
0.051357
0.051033
0.052378
0.054871
0.050593
0.051959
0.096826
0.050329
0.050362
0.050347
0.050101
0.050123
0.050239
0.049542
0.050296
0.050348
0.050642
0.050809
0.050941
0.052362
0.053574
0.052109
0.052284
0.057781
0.052696
0.052680
0.097774
0.052339
0.052517
0.052184
0.052378
0.052620
0.052119
0.052590
0.049894
0.051754
0.051618
0.051586
0.052262
0.052131
0.050266
0.050486
0.050257
0.050379
0.052196
0.051778
0.097329
0.052394
0.052004
0.051737
0.051764
0.051487
0.051303
0.051570
0.051629
0.052083
0.051866
0.051614
0.052213
0.051962
0.051538
0.051438
0.051327
0.050888
0.053015
0.053509
0.097420
0.051553
0.052056
0.050450
0.052632
0.051585
0.054108
0.052702
0.051979
0.051750
0.051958
0.051687
0.051785
0.051721
0.051625
0.052034
0.051609
0.052351
0.052143
0.053435
0.095980
0.050828
0.050632
0.050545
0.050698
0.050139
0.050550
0.049785
0.052133
0.052208
0.051774
0.051908
0.051666
0.051924
0.052190
0.052116
0.052505
0.052336
0.052910
0.058587
0.098249
0.052492
0.052622
0.053749
0.050459
0.050915
0.050485
0.051031
0.055916
0.054847
0.054902
