2.273127
0.055929
0.050656
0.050628
0.050566
0.050661
0.050548
0.050452
0.050654
0.050965
0.050614
0.051092
0.053053
0.050617
0.050995
0.050739
0.051788
0.052512
0.052207
0.052184
0.097956
0.052001
0.052536
0.052328
0.051958
0.054021
0.054243
0.054029
0.053683
0.053572
0.053210
0.053083
0.053208
0.053084
0.053107
0.053068
0.052535
0.052825
0.052632
0.052592
0.098106
0.052220
0.052442
0.052120
0.052711
0.052570
0.051168
0.052552
0.051839
0.052242
0.052229
0.052818
0.052289
0.052263
0.052040
0.052007
0.052106
0.052341
0.052055
0.052200
0.100817
0.052011
0.052042
0.051961
0.052008
0.052816
0.052162
0.052466
0.052312
0.052539
0.052301
0.052876
0.052739
0.052651
0.052650
0.052910
0.053808
0.051963
0.053286
0.051588
0.097918
0.051977
0.052201
0.052558
0.053441
0.055168
0.054012
0.054110
0.054169
0.053918
0.054248
0.054765
0.054568
0.054794
0.054642
0.054507
0.051880
0.050763
0.050752
0.052980
0.097839
0.052100
0.052517
0.052346
0.052615
0.052628
0.052686
0.052417
0.052079
0.052001
0.052220
0.052479
0.052487
0.052365
0.052811
0.052997
0.052804
0.052704
0.054108
0.054068
0.100239
0.056084
0.052642
0.053094
0.053406
0.050443
0.050828
0.050808
0.053231
0.053078
0.050685
0.051164
0.051005
0.051490
0.051385
0.051147
0.050981
0.052360
0.052422
0.052276
0.097467
0.052471
0.052130
0.052053
0.052135
0.051814
0.053825
0.053528
0.053047
0.053409
0.053361
0.053235
0.053139
0.052955
0.052795
0.052665
0.052245
0.051109
0.052639
0.052235
0.098403
0.052701
0.052777
0.052446
0.052541
0.052752
0.052528
0.052267
0.052806
0.052629
0.052579
0.052501
0.053910
0.052363
0.052271
0.052842
0.053078
0.052993
0.052401
0.054498
0.101987
0.052069
0.052229
0.052440
0.052101
0.052137
0.051997
0.051805
0.051656
0.052750
0.051723
0.054588
0.052713
0.052032
0.051940
0.051946
0.051511
0.051646
0.051678
0.052223
0.100127
0.052019
0.052184
0.052157
0.051628
0.052034
0.052175
0.052405
0.051894
0.051873
0.052297
0.051785
0.054649
0.054626
0.051871
