1.00
1.01
0.80
0.83
0.93
0.92
0.79
0.73
0.80
0.78
0.75
0.73
0.78
0.74
0.67
0.49
0.68
0.67
0.61
0.56
0.62
0.66
0.69
0.59
0.69
0.59
0.67
0.67
0.62
0.59
0.42
0.52
0.48
0.50
0.48
0.47
0.34
0.52
0.54
0.52
0.54
0.70
0.63
0.61
0.42
0.47
0.38
0.45
0.38
0.60
0.55
0.59
0.59
0.59
0.58
0.59
0.61
0.51
0.59
0.59
0.58
0.77
0.80
0.75
0.73
0.72
0.68
0.74
0.26
0.33
0.44
0.61
0.58
0.55
0.49
0.65
0.61
0.64
0.45
0.44
0.36
0.39
0.43
0.51
0.48
0.45
0.32
0.22
0.21
0.41
0.38
0.31
0.25
0.24
0.25
0.30
0.30
0.28
0.35
0.26
0.31
0.71
0.62
0.44
0.37
0.38
0.38
0.55
0.50
0.55
0.68
0.56
0.63
0.58
0.51
0.44
0.55
0.48
0.44
0.37
0.36
0.62
0.59
0.62
0.60
0.61
0.64
0.58
0.61
0.60
0.67
0.70
0.72
0.62
0.49
0.58
0.64
0.60
0.76
0.74
0.75
0.79
0.73
0.84
0.94
