1.00
1.04
1.06
0.93
1.02
1.08
1.07
1.06
1.06
1.01
1.04
1.04
1.00
0.98
0.93
0.94
0.99
0.99
0.99
0.88
0.78
0.76
0.79
0.78
0.76
0.87
0.70
0.72
0.75
0.63
0.70
0.64
0.65
0.71
0.62
0.66
0.63
0.61
0.56
0.52
0.57
0.65
0.64
0.63
0.53
0.44
0.48
0.56
0.51
0.48
0.58
0.57
0.59
0.45
0.51
0.55
0.60
0.50
0.53
0.43
0.41
0.47
0.51
0.56
0.52
0.60
0.57
0.56
0.63
0.57
0.49
0.55
0.56
0.62
0.64
0.59
0.57
0.57
0.63
0.69
0.52
0.71
0.64
0.76
0.68
0.62
0.69
0.59
0.62
0.57
0.53
0.47
0.54
0.71
0.69
0.69
0.73
0.67
0.65
0.58
0.60
0.65
0.73
0.69
0.69
0.69
0.63
0.65
0.74
0.67
0.69
0.65
0.67
0.64
0.69
0.71
0.65
0.62
0.68
0.67
0.65
0.79
0.37
0.37
0.46
0.51
0.54
0.62
0.69
0.66
0.69
0.66
0.79
0.64
0.64
0.70
0.70
0.65
0.64
0.61
0.66
0.63
0.70
0.64
0.57
0.62
0.56
0.65
0.68
0.53
0.46
0.43
0.42
0.44
0.44
0.47
0.64
0.53
0.35
0.25
0.37
0.50
0.58
0.45
0.54
0.54
0.54
0.50
0.48
0.49
0.52
0.50
0.55
0.57
0.43
0.39
0.33
0.29
0.34
0.31
0.40
0.66
0.72
0.72
0.68
0.63
0.63
0.57
0.53
0.57
0.51
0.47
0.45
0.51
0.47
0.45
0.46
0.41
0.46
0.41
0.48
0.76
0.72
0.80
0.80
0.80
0.81
0.85
0.82
0.89
0.81
0.84
0.80
0.78
0.85
