2.256334
0.050267
0.050382
0.050045
0.050517
0.049898
0.050205
0.050354
0.050203
0.050053
0.049999
0.049997
0.050098
0.050525
0.050603
0.050144
0.050528
0.050570
0.051004
0.050353
0.095811
0.050189
0.050827
0.050008
0.050361
0.050587
0.050899
0.050832
0.052826
0.052735
0.052509
0.052155
0.075938
0.051897
0.075993
0.076585
0.075813
0.076355
0.052423
0.052638
0.098102
0.052194
0.052664
0.050981
0.051037
0.051102
0.050920
0.050708
0.051069
0.050699
0.050807
0.051000
0.050777
0.050615
0.052100
0.051119
0.051199
0.051070
0.051231
0.050949
0.097343
0.051015
0.051244
0.051750
0.051208
0.050667
0.050814
0.050959
0.051014
0.050997
0.051352
0.051028
0.050968
0.051271
0.050781
0.050594
0.051128
0.051737
0.052243
0.051657
0.098400
0.052309
0.050060
0.050203
0.049815
0.050181
0.050085
0.050168
0.050762
0.050210
0.050034
0.050119
0.049766
0.050193
0.050050
0.074347
0.050303
0.050691
0.050295
0.050341
0.095809
0.050836
0.050405
0.050361
0.050285
0.050406
0.050437
0.050642
0.050860
0.050796
0.050266
0.049973
0.050560
0.050381
0.074604
0.050649
0.050060
0.050336
0.050323
0.050455
0.095771
0.050405
0.050159
0.050689
0.050504
0.050917
0.050599
0.050530
0.050354
0.050503
0.050534
0.050621
0.051133
0.052019
0.052098
0.051953
0.051630
0.051756
0.051853
0.051753
0.097224
0.051892
0.051720
0.051668
0.051483
0.051894
0.051431
0.052039
0.051262
0.051610
0.051390
0.052056
0.051401
0.051577
0.051652
0.051637
0.051282
0.051991
0.054497
0.050402
0.095324
0.050573
0.050355
0.050691
0.050340
0.050097
0.050392
0.050321
0.049788
0.073992
0.074176
0.051782
0.075122
0.075271
0.051644
0.075415
0.051636
0.051367
0.051435
0.051830
0.097351
0.051504
0.051550
0.051521
0.051891
0.051946
0.051413
0.053203
0.050074
0.050332
0.050081
0.050427
0.050068
0.050520
0.050146
0.050424
0.050458
0.050647
0.050282
0.050145
0.095032
0.050307
0.050222
0.050561
0.050162
0.050621
0.050280
0.050543
0.049946
0.074104
0.050015
0.050301
0.073947
0.050303
0.050528
0.050983
0.050517
0.051291
0.050545
0.050432
0.096408
0.050750
0.050845
0.050692
0.050839
0.051759
0.052271
0.052348
0.052100
0.052194
