2.220237
0.050447
0.050458
0.050597
0.050367
0.050009
0.050267
0.050418
0.050138
0.050884
0.050258
0.050806
0.051401
0.051817
0.051601
0.051615
0.051668
0.052151
0.051997
0.052014
0.097455
0.052030
0.051755
0.051756
0.051877
0.054384
0.054392
0.054787
0.054862
0.051702
0.051923
0.051887
0.052115
0.051519
0.051774
0.075808
0.051790
0.055060
0.052569
0.054210
0.099276
0.051851
0.050233
0.050587
0.049766
0.050138
0.050054
0.049915
0.050164
0.050157
0.049917
0.050045
0.050173
0.051758
0.051802
0.051762
0.051620
0.051741
0.051790
0.051711
0.098312
0.051810
0.051726
0.051752
0.051793
0.052268
0.053320
0.051955
0.051593
0.051908
0.055399
0.052670
0.051819
0.052136
0.053074
0.051934
0.051837
0.052231
0.050434
0.050751
0.096021
0.050734
0.050361
0.050647
0.050272
0.050473
0.050315
0.050815
0.050333
0.050580
0.050694
0.050517
0.050668
0.050703
0.050798
0.050585
0.050313
0.050772
0.050210
0.050709
0.095383
0.050370
0.050320
0.050425
0.050380
0.050705
0.050149
0.050575
0.050609
0.050354
0.050216
0.050373
0.050300
0.050232
0.050592
0.050713
0.050135
0.050251
0.050293
0.049908
0.095717
0.050284
0.050370
0.050159
0.050315
0.050145
0.050987
0.051507
0.051284
0.051538
0.051460
0.051492
0.051698
0.051435
0.051275
0.051850
0.051295
0.051617
0.051407
0.051791
0.097610
0.051313
0.051863
0.051435
0.051399
0.051736
0.051044
0.050333
0.051096
0.049599
0.049595
0.049992
0.050072
0.049674
0.049804
0.050007
0.049855
0.049692
0.049714
0.049850
0.095686
0.049529
0.050035
0.049628
0.050344
0.050105
0.050165
0.051396
0.050426
0.053514
0.053516
0.056045
0.051515
0.051456
0.051642
0.051764
0.051244
0.051530
0.051855
0.051846
0.094679
0.049511
0.049582
0.049649
0.049840
0.050072
0.049611
0.049955
0.049852
0.049830
0.049831
0.050051
0.049963
0.050204
0.049727
0.050085
0.049607
0.050098
0.050016
0.049569
0.095004
0.049694
0.049524
0.049674
0.049649
0.049779
0.049457
0.050174
0.049553
0.049668
0.049694
0.049977
0.049756
0.049947
0.049581
0.049768
0.049794
0.049924
0.049440
0.049644
0.094903
0.049952
0.050011
0.050065
0.049698
0.049660
0.049864
0.050080
0.049768
0.049642
0.049797
0.049740
0.049699
0.049689
0.050050
0.049796
0.049664
0.049328
0.073447
0.073333
0.095961
0.050157
0.049905
0.050478
0.073160
0.073761
0.049876
0.049373
0.049769
0.049772
0.073494
0.073318
0.049581
0.049501
0.049519
0.049630
0.049634
0.049975
0.049804
0.049675
0.094826
0.049514
0.049836
0.049552
0.049899
0.050008
0.050143
0.050457
0.050380
0.050446
0.050609
0.051753
0.051794
0.051846
0.051858
0.052322
0.051941
0.051857
0.051804
0.052575
0.097572
0.051726
0.051308
0.052022
0.051853
0.052001
0.051995
0.051958
0.051694
0.051997
0.051828
0.052047
0.051940
0.052023
0.051865
0.051856
0.051970
0.051947
0.051927
0.052110
0.075687
0.050775
0.075357
0.075743
0.051915
0.052179
0.051744
0.052459
0.051931
0.052187
0.052176
0.052150
0.052825
0.051972
0.052362
0.052375
0.052457
0.052160
0.051745
0.051658
0.097067
0.051939
0.052082
0.051718
0.053150
0.050001
0.049995
0.050038
0.049825
0.049708
0.050111
0.050156
0.050106
0.050072
0.050320
0.050153
