97	242	45	49
105	242	40	48
111	241	43	51
124	244	42	52
137	246	43	52
154	247	35	49
178	242	37	51
194	243	33	51
199	244	34	51
201	242	43	51
200	242	42	50
200	241	41	50
201	241	43	51
207	241	43	52
207	242	43	49
209	239	46	50
218	240	52	50
222	241	57	51
228	240	54	50
233	242	48	48
251	244	43	50
248	241	44	51
242	231	42	50
234	223	43	49
229	222	42	46
220	228	39	48
200	237	41	47
177	245	40	46
162	253	39	46
152	260	40	48
145	266	40	52
141	275	39	54
147	283	31	57
153	287	24	55
157	287	23	56
158	289	32	57
170	289	29	54
170	288	37	53
177	286	43	53
187	286	42	54
198	291	41	49
200	287	43	50
207	281	40	55
208	279	42	56
221	281	42	53
231	280	41	53
239	281	41	54
249	280	37	54
257	277	40	53
261	273	40	54
264	276	39	53
267	273	41	54
276	270	41	54
283	273	41	54
287	276	40	53
296	271	40	53
300	266	42	54
310	260	40	55
306	264	41	55
310	266	38	54
312	262	40	53
315	264	39	53
318	261	39	54
326	259	39	53
335	257	40	53
337	256	41	54
339	256	43	54
343	258	40	57
344	258	40	56
341	256	43	55
336	255	45	56
333	255	43	58
335	251	42	58
336	246	42	59
333	242	39	57
327	233	41	56
324	233	40	56
325	237	41	54
325	234	43	54
328	224	42	55
329	214	44	56
333	210	42	57
328	208	43	54
331	203	43	53
335	198	43	54
339	197	41	54
342	206	41	55
344	210	43	55
347	215	39	54
344	218	41	55
345	220	42	55
347	224	41	56
351	226	41	55
354	226	42	56
353	231	46	54
358	236	45	56
364	238	43	55
366	237	45	53
364	237	46	48
366	228	47	37
365	219	44	27
357	205	45	33
349	198	43	36
344	187	42	42
342	182	41	43
341	182	40	42
339	179	40	46
338	182	38	47
341	184	36	46
343	192	35	41
346	200	35	40
351	202	35	38
355	203	34	39
358	208	33	36
355	210	32	38
356	215	32	37
357	217	32	35
360	216	30	35
360	216	30	34
360	219	26	32
356	220	29	31
352	224	30	28
354	221	28	27
356	220	28	28
361	220	29	28
370	217	27	29
378	216	30	30
388	217	25	31
398	218	24	31
407	215	23	31
413	212	22	31
425	207	20	31
430	206	22	28
436	200	23	29
431	192	26	32
423	191	28	32
421	191	29	31
422	190	28	32
416	191	29	29
404	190	31	31
400	188	32	30
395	187	31	30
392	185	32	30
386	187	33	26
383	190	35	25
374	189	37	24
374	183	34	21
375	179	30	26
385	176	24	27
392	173	20	30
394	172	21	32
393	178	24	32
393	178	25	32
393	178	25	34
394	182	26	31
394	185	27	30
387	190	26	28
375	216	32	33
379	193	30	30
375	187	31	28
366	181	27	29
364	180	30	32
363	178	30	34
364	178	31	34
364	182	28	35
360	183	29	35
354	182	29	34
353	183	27	34
353	184	26	34
353	185	20	33
342	185	25	33
333	184	28	31
327	184	25	31
324	182	24	31
315	181	25	31
310	182	25	29
303	183	25	30
299	180	25	30
293	179	25	30
282	179	24	31
274	183	21	29
267	182	22	31
259	186	22	31
249	188	19	30
246	189	19	31
244	190	18	31
243	189	20	31
242	190	18	32
243	189	15	33
241	191	15	32
239	192	14	33
240	192	19	33
242	191	16	34
241	194	14	33
238	193	13	32
236	192	13	31
233	187	18	31
235	187	22	30
235	196	28	24
237	199	30	22
241	195	30	25
233	197	30	26
231	196	28	27
228	196	28	24
225	200	29	22
221	203	28	24
220	202	27	23
212	198	28	23
204	194	28	19
204	192	26	20
201	190	27	24
198	192	28	23
191	191	29	25
189	186	28	24
180	185	27	22
174	188	28	25
162	193	29	26
160	190	28	30
157	184	29	31
154	180	30	26
147	179	31	27
139	183	31	25
132	188	31	25
128	193	31	21
135	198	33	20
136	200	33	21
142	203	33	22
147	206	31	22
151	207	30	20
153	205	30	21
162	202	28	24
170	198	29	25
176	200	29	26
178	202	28	26
177	205	26	23
179	209	24	21
185	215	20	17
192	221	15	13
199	242	13	12
219	238	10	13
228	224	9	15
244	197	9	16
241	193	12	18
254	191	16	20
287	201	17	16
307	206	19	15
306	208	20	16
303	217	22	15
330	218	23	17
353	228	28	17
365	237	34	17
374	247	36	15
371	252	39	17
372	258	39	17
377	260	36	16
380	259	34	17
382	261	35	16
387	261	39	17
391	269	43	17
395	269	45	16
400	265	51	20
400	262	52	25
405	255	45	25
412	251	42	32
415	248	42	43
419	236	42	51
422	234	43	50
431	232	42	49
429	229	44	50
433	226	44	50
435	218	46	53
436	202	45	54
439	182	49	50
442	163	46	53
443	154	42	56
435	156	46	52
435	159	48	48
440	164	47	48
445	165	53	51
449	167	52	50
451	174	48	46
451	175	47	42
445	177	39	42
429	179	50	37
422	187	54	34
410	189	60	34
410	179	55	40
402	186	58	38
393	186	56	38
387	187	56	36
376	192	56	38
368	196	56	36
361	200	56	36
355	199	56	36
345	199	58	36
327	202	62	38
323	197	67	45
312	162	54	44
243	165	45	34
285	172	47	45
331	181	48	37
319	247	45	42
319	249	44	41
316	251	44	43
312	202	49	47
295	201	56	45
290	198	60	50
293	249	68	45
281	196	81	48
275	198	89	44
274	196	89	47
270	194	91	51
268	194	86	51
267	191	84	56
263	194	81	55
262	189	76	60
272	189	57	58
268	192	51	51
263	196	38	50
255	201	32	43
249	203	27	37
249	198	24	34
244	198	23	40
236	200	22	37
225	204	16	36
218	207	12	32
203	203	15	30
182	196	21	29
171	197	26	32
174	204	33	36
179	203	43	35
186	199	51	38
211	197	53	36
227	194	54	38
248	193	52	37
261	188	46	39
