1.00
0.86
0.82
0.90
0.99
0.83
0.65
0.66
0.64
0.59
0.68
0.70
0.72
0.67
0.70
0.78
0.70
0.69
0.75
0.73
0.70
0.74
0.74
0.82
0.86
0.84
0.84
0.92
0.78
0.76
0.67
0.73
0.61
0.50
0.36
0.32
0.43
0.33
0.40
0.42
0.42
0.52
0.48
0.53
0.58
0.56
0.51
0.56
0.50
0.46
0.55
0.50
0.55
0.49
0.53
0.50
0.47
0.48
0.51
0.54
0.51
0.79
0.71
0.72
0.79
0.74
0.71
0.76
0.77
0.76
0.80
0.73
0.74
0.72
0.59
0.69
0.75
0.73
0.68
0.65
0.71
0.66
0.64
0.63
0.67
0.80
0.70
0.72
0.75
0.75
0.79
0.76
0.76
0.80
0.84
0.76
0.80
0.83
0.76
0.67
0.46
0.68
0.64
0.61
0.63
0.67
0.70
0.64
0.70
0.68
0.69
0.61
0.61
0.70
0.79
0.74
0.77
0.76
0.74
0.58
0.57
0.68
0.90
0.87
0.87
0.91
0.90
0.89
0.82
0.77
0.72
0.50
0.49
0.49
0.52
0.50
0.60
0.56
0.60
0.56
0.56
0.66
0.65
0.44
0.49
0.49
0.31
0.16
0.48
0.63
0.80
0.78
0.80
0.81
0.76
0.81
0.37
0.16
0.26
0.30
0.41
0.69
0.67
0.57
0.58
0.66
0.64
0.64
0.66
0.66
0.97
0.94
0.87
0.95
0.97
0.79
0.94
0.84
0.99
0.77
0.83
0.92
0.78
0.62
0.57
0.57
0.76
0.66
0.56
0.49
0.56
0.74
0.69
0.54
0.52
0.61
0.92
0.79
0.72
0.81
0.83
0.88
0.94
0.98
0.90
0.75
0.98
0.84
0.87
0.92
0.71
0.78
0.90
0.82
0.92
0.90
0.82
0.84
0.80
0.64
0.85
0.70
0.55
0.55
0.65
0.70
0.69
0.60
0.48
0.48
0.48
0.45
0.52
0.55
0.40
0.50
0.37
0.42
0.38
0.59
0.58
0.35
0.53
0.49
0.25
0.31
0.40
0.36
0.37
0.35
0.39
0.42
0.51
0.45
0.35
0.31
0.37
0.31
0.31
0.34
0.33
0.66
0.83
0.76
0.72
0.80
0.89
0.73
0.91
0.77
0.83
0.92
0.74
0.83
0.74
0.89
0.90
0.72
0.78
0.81
0.80
0.96
0.73
0.78
0.76
0.66
0.52
0.46
0.49
0.47
0.49
0.44
0.56
0.46
0.54
0.59
0.28
0.04
0.02
0.11
0.02
0.11
0.12
0.16
0.30
0.23
0.21
0.20
0.28
0.23
0.27
0.28
0.31
0.34
0.47
0.49
0.67
0.77
0.70
0.50
0.46
0.73
0.69
0.60
0.40
0.55
0.73
0.40
0.42
0.62
0.90
1.10
1.12
0.95
0.78
0.92
