1.00
1.09
1.10
1.02
0.88
0.97
1.00
0.84
0.99
0.90
0.88
0.88
0.85
0.84
0.83
0.91
0.81
0.87
0.87
0.89
0.83
0.83
0.85
0.72
0.86
0.79
0.82
0.91
0.86
0.96
0.96
0.94
0.85
0.82
0.90
0.81
0.86
0.82
0.74
0.57
0.45
0.49
0.53
0.52
0.46
0.55
0.59
0.64
0.70
0.70
0.75
0.80
0.79
0.81
0.87
0.89
0.92
0.88
0.90
0.92
0.83
0.88
0.82
0.68
0.66
0.59
0.62
0.66
0.70
0.56
0.56
0.62
0.56
0.63
0.64
0.59
0.61
0.67
0.69
0.60
0.57
0.71
0.63
0.73
0.73
0.69
0.67
0.65
0.64
0.58
0.63
0.55
0.60
0.68
0.68
0.65
0.61
0.67
0.62
0.63
0.65
0.77
0.74
0.70
0.75
0.75
0.70
0.79
0.76
0.69
0.65
0.59
0.65
0.58
0.66
0.67
0.67
0.69
0.74
0.32
0.37
0.54
0.50
0.44
0.45
0.66
0.67
0.66
0.63
