1.00
1.00
0.95
1.01
0.95
0.94
0.93
0.95
0.88
0.87
0.95
0.89
0.92
0.79
0.80
0.83
0.85
0.95
0.90
0.95
0.94
0.88
0.89
0.95
0.90
0.86
0.91
0.84
0.96
0.99
0.83
0.83
0.86
0.81
0.92
0.97
0.90
0.95
1.00
1.00
0.87
1.00
1.02
0.96
0.88
0.93
0.86
1.04
0.99
0.98
1.00
1.00
0.98
0.88
0.82
0.77
0.94
0.87
0.82
0.81
0.77
0.72
0.62
0.78
0.62
0.67
0.73
0.78
0.71
0.77
0.62
0.67
0.70
0.64
0.59
0.77
0.72
0.66
0.81
0.86
0.76
0.81
0.88
1.04
1.05
0.90
1.00
0.90
1.01
0.96
0.93
1.07
0.94
1.00
1.05
0.92
0.99
0.92
0.90
0.75
0.72
0.76
0.79
0.70
0.77
0.70
0.75
0.67
0.67
0.70
0.76
0.83
0.68
0.75
0.70
0.74
0.76
0.69
0.71
0.69
0.72
0.85
0.79
0.76
0.87
0.90
0.89
0.70
0.77
0.76
0.73
0.87
0.87
0.89
0.87
0.81
0.82
0.87
0.84
0.83
0.77
0.84
0.85
0.85
0.72
0.72
0.75
0.81
0.92
0.82
0.77
0.72
0.74
0.79
0.84
0.70
0.83
0.83
0.81
0.78
0.74
0.71
0.79
0.75
0.75
0.66
0.72
0.68
0.77
0.72
0.80
0.80
0.77
0.70
0.69
0.62
0.61
0.52
0.58
0.57
0.63
0.71
0.66
0.67
0.70
0.70
0.63
0.64
0.56
0.59
0.67
0.56
0.58
0.60
0.72
0.69
0.67
0.59
0.63
0.56
0.72
0.59
0.54
0.42
0.44
0.33
0.34
0.33
0.40
0.42
0.54
0.48
0.49
0.60
0.48
0.58
0.54
0.57
0.56
0.60
0.55
0.84
0.77
