2.382177
0.050684
0.050681
0.050190
0.050522
0.050564
0.050073
0.050381
0.050063
0.050484
0.050690
0.050607
0.050544
0.050038
0.051243
0.051641
0.051647
0.051418
0.052066
0.051357
0.097042
0.052599
0.051710
0.051636
0.051714
0.051668
0.051411
0.051706
0.051511
0.051640
0.051813
0.051849
0.051301
0.049650
0.050011
0.050641
0.050062
0.050005
0.050111
0.050107
0.095364
0.049793
0.050107
0.049891
0.049852
0.050443
0.049902
0.049940
0.049988
0.050452
0.050450
0.051538
0.051661
0.051283
0.052005
0.051757
0.050785
0.051302
0.051337
0.051316
0.097460
0.051334
0.051554
0.051504
0.051392
0.051891
0.051367
0.051204
0.051484
0.051162
0.051461
0.051609
0.051317
0.051004
0.051613
0.051504
0.051665
0.051585
0.051469
0.051611
0.097899
0.051532
0.051212
0.051361
0.051614
0.051736
0.051507
0.051692
0.052150
0.051567
0.051366
0.051234
0.051756
0.051487
0.049684
0.049866
0.050248
0.051570
0.053760
0.052139
0.097874
0.051288
0.051605
0.051435
0.050498
0.050151
0.050211
0.050446
0.051462
0.051922
0.051652
0.051351
0.052119
0.051714
0.053442
0.051854
0.052159
0.051037
0.051279
0.052327
0.098716
0.051646
0.051914
0.051553
0.075421
0.051753
0.052088
0.051818
0.051768
