1.00
0.99
0.93
0.88
1.02
0.88
0.85
0.83
0.93
0.93
0.91
0.83
0.81
0.88
0.73
0.66
0.84
0.85
0.85
0.83
0.89
0.92
0.92
0.76
0.71
0.63
0.85
0.84
0.78
0.79
0.68
0.70
0.75
0.67
0.68
0.73
0.67
0.69
0.62
0.59
0.58
0.82
0.72
0.68
0.70
0.58
0.53
0.47
0.40
0.42
0.50
0.52
0.44
0.44
0.51
0.42
0.53
0.61
0.65
0.61
0.65
0.69
0.72
0.71
0.66
0.56
0.46
0.51
0.51
0.48
0.48
0.43
0.56
0.51
0.51
0.57
0.54
0.64
0.65
0.53
0.51
0.63
0.55
0.49
0.40
0.37
0.36
0.33
0.25
0.25
0.20
0.22
0.20
0.21
0.21
0.24
0.26
0.32
0.26
0.21
0.26
0.52
0.48
0.55
0.52
0.57
0.55
0.63
0.62
0.61
0.60
0.67
0.69
0.69
0.73
0.66
0.59
0.68
0.64
0.62
0.49
0.48
0.52
0.55
0.65
0.60
0.61
0.64
0.62
0.61
0.60
0.61
0.59
0.64
0.65
0.71
0.72
0.71
0.67
0.69
0.65
0.81
0.72
0.74
0.76
0.81
0.82
0.70
0.63
0.63
0.60
0.40
0.37
0.40
0.38
0.40
0.36
0.40
0.45
0.44
0.45
0.58
0.64
0.63
0.57
0.50
0.48
0.54
0.56
0.52
0.54
0.55
0.52
0.54
0.44
0.51
0.44
0.50
0.48
0.46
0.42
0.42
0.47
0.61
0.52
0.44
0.33
0.39
0.38
0.45
0.53
0.54
0.57
0.57
0.55
0.54
0.55
0.54
0.49
0.61
0.63
0.67
0.78
0.68
0.66
0.68
0.65
0.77
0.76
0.87
0.87
0.98
1.03
0.95
0.93
1.02
1.01
1.07
1.01
1.08
0.89
0.89
0.82
0.67
0.73
0.78
0.79
0.73
0.74
0.74
0.63
0.68
0.67
0.62
0.70
0.59
0.75
0.67
0.66
0.63
0.52
0.68
0.56
0.62
0.39
0.27
0.36
0.41
0.47
0.53
0.54
0.51
0.52
0.57
0.56
0.57
0.45
0.58
0.54
0.62
0.71
0.83
0.80
0.67
0.62
0.71
0.71
0.67
0.60
0.48
0.65
0.71
0.64
0.66
0.78
0.93
0.84
