2.201377
0.057576
0.051835
0.051366
0.050872
0.051593
0.051432
0.051342
0.051571
0.054765
0.054089
0.051895
0.051439
0.051470
0.051861
0.051771
0.054655
0.054812
0.053878
0.055373
0.095696
0.050547
0.050668
0.050650
0.050743
0.050329
0.050714
0.050674
0.051622
0.054239
0.054694
0.050518
0.050340
0.050479
0.050071
0.050409
0.050254
0.050269
0.050476
0.050503
0.096037
0.050534
0.050792
0.050715
0.050693
0.050759
0.050862
0.050761
0.051166
0.050622
0.051279
0.050446
0.050272
0.050718
0.054598
0.051605
0.054953
0.053986
0.054131
0.054504
0.100168
0.051510
0.054014
0.054590
0.053976
0.055248
0.052423
0.055120
0.052163
0.054952
0.054616
0.054472
0.054158
0.054227
0.054046
0.052053
0.054482
0.052013
0.052333
0.055170
0.101222
0.052519
0.052030
0.054327
0.054415
0.052518
0.052261
0.052125
0.055233
0.054831
0.054301
0.052930
0.052091
0.052223
0.053985
0.054924
0.054241
0.055034
0.051120
0.051333
0.096725
0.051852
0.052227
0.054453
0.054370
0.054779
0.054803
0.054393
0.050762
0.051116
0.051958
0.052084
0.052378
0.052211
0.052215
0.054152
0.053511
0.052398
0.054481
0.054718
0.100623
0.050992
0.050889
0.051249
0.050813
0.051077
0.050090
0.050174
0.050361
0.050143
0.050322
0.050656
0.050387
0.050261
0.050237
0.050278
0.050165
0.050405
0.050681
0.050396
0.095351
0.050382
0.050474
0.050405
0.050280
0.050343
0.050258
0.050233
0.050473
0.050195
0.049955
0.050444
0.050251
0.050203
0.050061
0.050663
0.052377
0.054326
0.050066
0.050322
0.095468
0.050001
0.050241
0.050363
0.050387
0.050235
0.049989
0.050412
0.050639
0.050210
0.050361
0.050372
0.050398
0.050466
0.050241
0.050184
0.050526
0.050405
0.050270
0.050351
0.095856
0.050498
0.050385
0.050404
0.050730
0.055649
0.054489
0.051998
0.051553
0.053672
0.052062
0.054529
0.053667
0.050460
0.050838
0.050738
0.050535
0.050985
0.050659
0.050673
0.095908
0.049861
0.050197
0.050507
0.050652
0.050230
0.050694
0.050368
0.050543
0.050873
0.050907
0.051005
0.050952
0.051029
0.051165
0.051178
0.051628
0.050349
0.050843
0.050606
0.096129
0.050368
0.048757
0.050296
0.050327
0.050423
0.050213
0.050226
0.049954
0.050154
0.050282
0.050114
0.050329
0.050134
0.049878
0.050414
0.050183
0.051809
0.050173
0.050403
0.095447
0.050021
0.050027
0.050054
0.049813
0.049726
0.050219
0.049715
0.049810
0.049859
0.049999
0.049892
0.050025
0.050173
0.050188
0.049832
0.050019
0.049923
0.050165
0.049837
0.100117
0.053053
0.051793
0.054708
0.053436
0.056137
0.054670
0.054258
0.054167
0.054112
0.054649
0.054192
0.054240
0.054346
0.052244
0.054484
0.050444
0.051951
