2.150181
0.054684
0.049913
0.049973
0.050179
0.050430
0.050113
0.050205
0.050143
0.050172
0.050007
0.049950
0.050508
0.049902
0.050186
0.049880
0.051092
0.053786
0.052029
0.051763
0.096770
0.051759
0.051219
0.051374
0.051027
0.051347
0.051483
0.051263
0.051497
0.051782
0.051205
0.051330
0.051550
0.051732
0.050543
0.050283
0.050265
0.050170
0.050155
0.049944
0.094726
0.050228
0.049929
0.050135
0.050099
0.050271
0.050007
0.050267
0.050303
0.051627
0.051878
0.051341
0.051445
0.075988
0.075011
0.076012
0.075691
0.052006
0.051843
0.051545
0.097677
0.052275
0.075794
0.051885
0.052095
0.051758
0.051192
0.051244
0.051647
0.051119
0.051493
0.051264
0.051210
0.051703
0.051928
0.051297
0.053943
0.051549
0.051434
0.051638
0.097163
0.053898
0.053316
0.054054
0.054003
0.054097
0.051395
0.053654
0.054352
0.051562
0.051124
0.051704
0.051952
0.051284
0.051431
0.051654
0.051646
0.051475
0.051739
0.054141
0.100025
0.051277
0.051499
0.051152
0.051533
0.051597
0.051235
0.052612
0.053849
0.053624
0.051464
0.051348
0.051454
0.051490
0.051381
0.051404
0.054255
0.049882
0.049693
0.049625
0.095041
0.049809
0.049920
0.050041
0.049729
0.049860
0.050011
0.049913
0.049811
0.050274
0.049649
0.049762
0.049640
0.049923
0.049994
0.050048
0.049745
0.050423
0.049908
0.051766
0.097580
0.049857
0.049886
0.050200
0.050032
0.049658
0.049757
0.049843
0.049568
0.049704
0.049559
0.049956
0.049845
0.049768
0.049982
0.049655
0.049886
0.049713
0.049903
0.049715
0.095243
0.049931
0.049740
0.049932
0.049724
0.050000
0.049662
0.049562
0.049713
0.049743
0.049714
0.049866
0.050107
0.049782
0.049378
0.049925
0.050111
0.049774
0.049672
0.050404
0.095197
0.050398
0.049942
0.049939
0.050004
0.050589
0.050107
0.050501
0.050374
0.050328
0.050193
0.050221
0.050333
0.050233
0.050022
0.050050
0.050135
0.050226
0.050197
0.049940
0.095398
0.049974
0.050490
0.050492
0.050115
0.050188
0.050002
0.050360
0.050139
0.050253
0.050165
0.049995
0.050703
0.051464
0.051190
0.051356
0.051458
0.051446
0.051441
0.051109
0.096644
0.051315
0.051052
0.051641
0.053806
0.051185
0.051231
0.051556
0.051315
0.053501
0.051375
0.051084
0.051602
0.051327
0.052024
0.051702
0.051606
0.051345
0.051529
0.051376
0.097700
0.051692
0.051118
0.051747
0.051646
0.051439
0.051896
0.051484
0.051625
0.051913
0.051886
0.051822
0.051363
0.051702
0.051480
0.051747
0.051550
0.051346
0.051748
0.051820
0.097169
0.051590
0.051632
0.051484
0.051509
0.051700
0.051836
0.051294
0.051755
0.054286
0.054323
0.051543
0.051671
0.051522
0.051691
0.051328
0.051705
0.051950
0.051662
0.051729
0.097417
0.051502
0.052086
0.052170
0.051718
0.051857
0.052035
0.052042
0.051840
0.051874
0.051674
0.051709
0.051830
0.051582
0.051546
0.052038
0.051458
0.051220
