1.00
1.06
0.97
1.04
0.99
0.87
1.00
0.86
0.82
0.93
0.93
0.86
0.80
0.84
0.75
0.83
0.85
0.90
0.74
0.86
0.74
0.86
0.76
0.78
0.92
0.70
0.72
0.90
0.89
0.86
0.87
0.87
0.86
0.82
0.70
0.83
0.82
0.71
0.84
0.85
0.79
0.74
0.83
0.83
0.78
0.72
0.82
0.85
0.74
0.70
0.87
0.76
0.89
0.75
0.88
0.91
0.84
0.70
0.75
0.87
0.66
0.87
0.95
0.85
0.88
0.92
0.78
0.81
0.89
0.74
0.80
0.79
0.83
0.80
0.76
0.94
0.93
0.88
0.79
0.76
0.81
0.90
0.81
0.95
0.66
0.75
0.77
0.85
0.86
0.81
0.78
0.86
0.77
0.86
0.83
0.91
0.89
0.83
0.86
0.86
0.88
0.84
0.85
0.93
0.98
0.85
0.95
0.97
0.93
0.81
0.80
0.89
0.90
0.97
0.77
0.87
0.80
0.84
0.89
0.99
0.88
0.96
0.93
0.86
0.87
0.97
0.82
0.89
0.87
0.82
0.95
1.00
1.02
1.02
1.00
0.95
1.03
1.02
1.02
1.02
0.81
0.88
0.97
0.81
0.98
0.93
1.03
1.03
0.88
1.05
0.90
0.94
0.96
1.06
0.96
1.01
0.95
1.02
1.04
1.10
0.84
0.82
0.98
0.81
0.96
0.89
1.06
1.08
1.04
1.01
0.89
1.00
0.84
1.04
1.00
1.06
1.07
1.05
1.07
1.04
1.05
1.09
1.08
1.11
1.09
0.99
1.12
1.09
0.93
0.90
0.93
1.07
1.07
1.08
1.00
1.09
1.04
1.04
1.10
1.06
1.06
0.67
0.84
0.73
0.91
0.92
0.90
0.96
0.97
0.84
