2.173474
0.052913
0.050819
0.051019
0.050654
0.050591
0.050869
0.050932
0.051673
0.052292
0.052066
0.051999
0.052297
0.052487
0.052008
0.052065
0.052065
0.052191
0.051957
0.052040
0.097427
0.052108
0.052145
0.051850
0.051817
0.052148
0.052130
0.051704
0.054623
0.052197
0.054555
0.052235
0.054879
0.051830
0.052666
0.053635
0.054631
0.052159
0.052338
0.054075
0.097687
0.052029
0.052201
0.051135
0.052373
0.051827
0.051030
0.050809
0.050849
0.050965
0.051142
0.050918
0.050856
0.051155
0.051029
0.050891
0.051415
0.049541
0.051117
0.050993
0.096725
0.051210
0.051054
0.051154
0.050677
0.050950
0.050709
0.051324
0.050664
0.051175
0.051139
0.050595
0.051499
0.052586
0.052089
0.051779
0.052272
0.052325
0.052730
0.051789
0.098079
0.052067
0.052236
0.052562
0.052374
0.052067
0.052303
0.052269
0.052080
0.052215
0.051799
0.052049
0.052018
0.051918
0.051915
0.052321
0.051974
0.051989
0.052343
0.052768
0.097822
0.051913
0.051555
0.052014
0.051966
0.052301
0.052260
0.054869
0.051755
0.051854
0.052070
0.052280
0.052238
0.052137
0.052318
0.051807
0.052441
0.052008
0.052064
0.052033
0.098027
0.052379
0.051909
0.051924
0.052075
0.051875
0.052508
0.051984
0.051785
0.052399
0.051916
0.052036
0.052051
0.052290
0.051966
0.052116
0.051792
0.052343
0.052361
0.052101
0.098326
0.052124
0.050896
0.052079
0.052323
0.052211
0.052017
0.052238
0.052006
0.052206
0.051915
0.052486
0.051645
0.051986
0.052346
0.052012
0.052035
0.052042
0.052243
0.051940
0.097215
0.051849
0.052314
0.052355
0.052677
0.052134
0.052167
0.052299
0.051915
0.052490
0.051636
0.052172
0.051874
0.051809
0.052379
0.052320
0.052341
0.051897
0.051993
0.051829
0.097846
0.051944
0.052064
0.052243
0.051817
0.052182
0.052076
0.052034
0.052306
0.051979
0.051982
0.051965
0.051872
0.052098
0.052577
0.052150
0.051807
0.051824
0.051993
0.051901
0.099576
0.051030
0.050407
0.050348
0.050410
0.050216
0.051053
0.050567
0.050308
0.050338
