2.331927
0.051762
0.051168
0.051343
0.051149
0.051363
0.051116
0.050882
0.050834
0.050985
0.050644
0.051843
0.051090
0.051274
0.051308
0.050964
0.052036
0.051254
0.051764
0.056885
0.097059
0.051138
0.051350
0.056863
0.051161
0.051296
0.051309
0.051297
0.050997
0.051423
0.051321
0.051612
0.051344
0.051289
0.051144
0.051311
0.051361
0.051543
0.051500
0.051345
0.096799
0.051387
0.051180
0.051358
0.051471
0.051144
0.051297
0.051392
0.051439
0.051664
0.051447
0.051163
0.051331
0.051347
0.051198
0.051585
0.051128
0.051401
0.051238
0.051405
0.096682
0.051115
0.051478
0.050788
0.050979
0.051038
0.050839
0.051495
0.051625
0.052279
0.051999
0.052502
0.052315
0.052010
0.052370
0.052095
0.052531
0.051972
0.052042
0.054478
0.099176
0.052237
0.054972
0.052345
0.052144
0.052371
0.052395
0.052138
0.052373
0.052101
0.052323
0.052657
0.051883
0.053837
0.054510
0.052040
0.052681
0.052241
0.052099
0.051951
0.097872
0.052418
0.052147
0.052213
0.052130
0.051742
0.052023
0.051860
0.052193
0.051869
0.051936
0.052270
0.051929
0.051914
0.052076
0.052267
0.051938
0.052184
0.052070
0.052034
0.097619
0.052248
0.051999
0.052039
0.052085
0.052209
0.052100
0.051982
0.052114
0.050853
0.050858
0.050915
0.050744
0.050931
0.051186
0.051164
0.050843
0.050640
0.050946
0.050708
0.095829
0.050713
0.050812
0.050870
0.051039
0.052647
0.053894
0.053019
0.051054
0.049082
0.050606
0.050741
0.050729
0.049173
0.051003
0.052171
0.051887
0.053016
0.055293
0.054539
0.098075
0.052131
0.052032
0.052196
0.052409
0.051807
0.052089
0.051763
0.050675
0.050697
0.051114
0.050431
0.050689
0.050846
0.050875
0.050674
0.050501
0.052285
0.052280
0.052089
0.097603
0.051910
0.051708
0.052221
0.051735
0.052025
0.051749
0.055225
0.051833
0.050562
0.051880
0.051901
0.051908
0.052331
0.051652
0.052079
0.052003
0.051694
0.052198
0.052258
0.097715
0.051917
0.052254
0.052387
0.051950
0.052039
0.051920
0.052321
0.051958
