2.238949
0.050498
0.050284
0.052023
0.050949
0.050322
0.050193
0.050179
0.050229
0.050327
0.050283
0.050396
0.050093
0.050614
0.050373
0.050677
0.050281
0.050417
0.050416
0.074258
0.096078
0.050605
0.050574
0.050963
0.050594
0.050277
0.050582
0.050558
0.050654
0.050632
0.074210
0.073961
0.074113
0.075222
0.074554
0.051131
0.051016
0.050621
0.074252
0.050506
0.074114
0.051036
0.050488
0.050670
0.050973
0.051085
0.050666
0.050538
0.050869
0.051209
0.050669
0.050380
0.050459
0.050147
0.050592
0.050733
0.050540
0.050572
0.050261
0.050473
0.096017
0.050308
0.050714
0.050777
0.050316
0.050293
0.050214
0.050353
0.074374
0.050877
0.050882
0.050822
0.051845
0.050974
0.050822
0.050863
0.051076
0.051002
0.050718
0.051072
0.095953
0.050491
0.051024
0.050919
0.050728
0.051069
0.050672
0.050783
0.050757
0.050749
0.050876
0.051603
0.050542
0.050895
0.050577
0.050974
0.050955
0.051029
0.050738
0.074579
0.095814
0.050786
0.050847
0.050639
0.051254
0.050901
0.050680
0.050421
0.050731
0.050848
0.050909
0.050611
0.051072
0.055676
0.050954
0.051808
0.053908
0.054554
0.055794
0.053313
0.100539
0.052076
0.055488
0.052272
0.051539
0.052258
0.053450
0.050494
0.051243
0.051209
0.051023
0.050263
0.050462
0.050293
0.050324
0.050290
0.050157
0.050495
0.050664
0.050351
0.095963
0.050659
0.050497
0.050619
0.051012
0.051369
0.050832
0.050710
0.050642
0.049352
0.050587
0.050504
0.050758
0.048894
0.051019
0.051053
0.051073
0.050956
0.050650
0.051059
0.096335
0.050801
0.050537
0.050960
0.051033
0.051310
0.051072
0.051093
0.051142
0.051042
0.051653
0.051382
0.051413
0.051006
0.051315
0.051190
0.051079
0.052474
0.052568
0.052385
0.096547
0.052704
0.051149
0.050867
0.051122
0.051049
0.051064
0.050906
0.050980
0.051061
0.050825
0.051035
0.050979
0.051096
0.051166
0.050758
0.051227
0.051091
0.051192
0.051248
0.096967
0.050901
0.051395
0.051170
0.051033
0.051681
0.051522
0.051253
0.050940
0.051329
0.051154
0.051017
0.051986
0.053068
0.051575
0.051500
0.051331
0.051298
0.051385
0.050997
0.096375
0.051295
0.074096
0.074119
0.050729
0.050037
0.050566
0.074384
0.050928
0.051115
0.056565
0.051338
0.051112
0.051817
0.052072
0.051859
0.052505
0.051938
0.052696
0.053406
0.104242
0.054115
0.053303
0.057126
0.056609
0.055016
0.054325
0.052056
0.052205
0.052876
0.052682
0.052497
0.050665
0.051078
0.053342
0.054837
0.051234
0.051016
0.051111
0.074404
0.096387
0.051328
0.050925
0.051080
0.050883
0.050869
0.050900
0.050818
0.051265
0.050873
0.050870
0.050871
0.050637
0.053128
0.053143
0.053530
0.052969
0.053367
0.053231
0.052919
0.098381
0.053051
0.052971
0.052907
0.052996
0.052793
0.052756
0.052727
0.052518
0.052942
0.053101
0.053242
0.053125
0.053135
0.052798
0.054568
0.052908
0.051971
0.052682
0.052619
0.098404
0.051901
0.052028
0.052084
0.051899
0.052060
0.051633
0.051786
0.051525
0.052031
0.051876
0.051960
0.052058
0.052018
0.075351
0.075852
0.051828
