2.302724
0.051742
0.052266
0.051970
0.052129
0.051895
0.050656
0.050372
0.050488
0.050662
0.050769
0.050421
0.051701
0.050277
0.050588
0.050405
0.050942
0.050429
0.050650
0.051059
0.096246
0.051044
0.051684
0.051507
0.051605
0.050915
0.051022
0.050589
0.050783
0.050611
0.050778
0.050671
0.050683
0.050824
0.050808
0.050607
0.050626
0.050993
0.051043
0.050227
0.096453
0.050900
0.050625
0.050557
0.050812
0.050740
0.050779
0.050723
0.050779
0.050654
0.051136
0.051181
0.051000
0.051286
0.051214
0.051016
0.051542
0.051033
0.050893
0.051222
0.096809
0.050689
0.050762
0.050870
0.051001
0.051631
0.050768
0.050636
0.050855
0.050748
0.050731
0.050743
0.050701
0.050576
0.050723
0.050375
0.051176
0.050817
0.051463
0.051826
0.097250
0.051695
0.051687
0.051190
0.051626
0.052661
0.053389
0.053032
0.074721
0.050200
0.053137
0.052694
0.050248
0.050617
0.050962
0.050397
0.050555
0.051047
0.050478
0.050899
0.096119
0.050954
0.051214
0.050553
0.050878
0.050438
0.050924
0.050271
0.050490
0.050550
0.050889
0.050655
0.050624
0.052464
0.052550
0.052681
0.052187
0.052368
0.052610
0.052491
0.098548
0.052319
0.052217
0.052420
0.052385
0.052073
0.053715
0.050689
0.050340
0.050328
0.050941
0.050782
0.050697
0.050551
0.050638
0.050390
0.050886
0.050355
0.050733
0.050524
0.096156
0.053628
0.050455
0.050433
0.050623
0.050162
0.050444
0.050298
0.050144
0.050228
0.050469
0.050056
0.050084
0.050309
0.050167
0.052268
0.052645
0.050482
0.050552
0.052474
0.097748
0.052724
0.052603
0.052752
0.050467
0.050166
0.053019
0.049987
0.050375
0.052655
0.053063
0.052356
0.052745
0.075940
0.052414
0.052694
0.053322
0.051659
0.075310
0.052218
0.097267
0.051210
0.051288
0.050883
0.051026
0.051147
0.051378
0.050998
0.051153
0.051121
0.051990
0.051815
0.052347
0.052492
0.052595
0.052028
0.052059
0.052099
0.052254
0.052143
0.097629
0.051692
0.052294
0.051420
0.051919
0.051653
0.052433
0.051639
0.053305
0.052312
0.051986
0.051932
0.052093
0.052240
0.052199
0.052083
0.052209
0.051309
0.052005
0.051924
0.097260
0.051723
0.051875
0.052210
0.051751
0.051941
0.051915
0.051694
0.052008
0.052052
0.051987
0.075179
0.051585
0.052076
0.051870
0.051276
0.051799
0.051812
