1.00
1.07
1.09
1.07
1.05
1.13
1.11
1.13
1.09
1.06
0.94
1.03
1.07
1.00
0.99
0.97
0.99
1.07
1.05
1.00
1.03
0.94
0.97
0.80
0.95
0.89
0.87
0.75
0.79
0.67
0.66
0.59
0.55
0.61
0.59
0.52
0.51
0.52
0.49
0.58
0.56
0.62
0.64
0.49
0.62
0.59
0.60
0.62
0.66
0.65
0.64
0.69
0.69
0.74
0.77
0.87
0.86
0.89
0.92
0.99
1.00
0.99
1.04
0.98
0.98
0.90
0.82
0.86
0.79
0.61
0.50
0.46
0.46
0.44
0.45
0.42
0.39
0.41
0.46
0.45
0.45
0.67
0.69
0.58
0.64
0.61
0.63
0.52
0.53
0.56
0.58
0.56
0.53
0.61
0.52
0.45
0.47
0.35
0.28
0.31
0.36
0.44
0.51
0.43
0.42
0.46
0.46
0.48
0.53
0.55
0.54
0.57
0.56
0.61
0.55
0.59
0.56
0.49
0.54
0.57
0.59
0.68
0.63
0.64
0.74
0.71
0.64
0.68
0.63
0.66
0.66
0.66
0.74
0.67
0.68
0.70
0.79
0.70
0.76
0.73
0.61
0.70
0.86
0.80
0.78
0.66
0.66
0.67
0.68
0.70
0.70
0.72
0.80
0.79
0.73
0.71
0.74
0.64
0.60
0.65
0.58
0.62
0.65
0.72
0.70
0.85
0.79
0.86
0.78
0.76
0.68
0.80
0.77
0.79
0.76
0.73
0.73
0.66
0.68
0.61
0.72
0.82
0.73
0.70
0.66
0.68
0.61
0.68
0.74
0.64
0.51
0.60
0.63
0.70
0.71
0.64
0.59
0.63
0.62
0.57
0.57
0.67
0.56
0.57
0.49
0.47
0.38
0.48
0.54
0.46
0.38
0.35
0.44
0.55
0.47
0.42
0.55
0.54
0.56
0.50
0.59
0.64
0.43
0.27
0.34
0.39
0.32
0.32
0.37
0.37
0.42
0.33
0.40
0.39
0.43
0.40
0.41
0.37
0.34
0.38
0.37
0.70
0.79
0.76
0.82
0.78
0.78
0.74
0.74
0.81
0.84
0.79
0.76
0.82
0.84
0.81
0.78
0.78
0.75
0.81
0.79
0.89
0.91
0.89
0.90
0.96
0.89
0.87
0.92
0.87
0.74
0.68
0.75
0.56
0.36
0.59
0.50
0.43
0.48
0.53
0.46
0.72
0.74
0.62
0.76
0.64
0.52
0.62
0.60
0.55
