1.00
0.96
0.81
0.87
0.93
0.96
0.81
0.88
0.91
0.91
0.83
0.84
0.86
0.91
0.78
0.90
0.87
0.85
0.90
0.88
0.88
0.86
0.72
0.74
0.66
0.64
0.41
0.53
0.50
0.50
0.52
0.71
0.68
0.77
0.73
0.78
0.82
0.82
0.59
0.47
0.53
0.73
0.75
0.79
0.79
0.79
0.84
0.83
0.69
0.85
0.85
0.73
0.76
0.72
0.70
0.75
0.82
0.90
0.73
0.81
0.93
0.89
0.90
0.86
0.93
0.86
0.86
0.88
0.86
0.80
0.79
0.91
0.89
0.70
0.86
0.84
0.70
0.71
0.91
0.90
0.70
0.90
0.97
0.96
0.77
0.91
0.84
0.67
0.87
0.82
0.71
0.85
0.79
0.60
0.54
0.53
0.68
0.74
0.80
0.68
0.87
0.84
0.83
0.94
0.88
0.87
0.87
0.87
0.90
0.91
0.89
0.74
0.81
0.93
0.90
0.87
0.85
0.94
0.76
0.77
0.56
0.68
0.83
0.92
0.81
0.89
0.74
0.87
0.89
0.91
0.84
0.75
0.86
0.68
0.51
0.58
0.50
0.49
0.54
0.53
0.56
0.58
0.60
0.64
0.54
0.63
0.51
0.64
0.59
0.57
0.62
0.71
0.53
0.56
0.60
0.56
0.56
0.62
0.68
0.68
0.68
0.69
0.68
0.70
0.77
0.71
0.73
0.76
0.66
0.79
0.62
0.55
0.61
0.86
0.83
0.87
0.80
0.80
0.82
0.76
0.84
0.86
0.79
0.86
0.80
0.94
0.86
0.94
0.70
0.45
0.79
0.94
0.79
0.68
0.49
0.69
0.80
0.73
0.77
0.79
0.78
0.88
0.79
0.76
0.72
0.65
0.69
0.66
0.70
0.79
0.84
0.95
0.93
0.85
0.77
0.78
0.74
0.77
0.83
0.83
0.86
0.81
0.99
0.99
