449	293	74	64
445	281	75	59
439	275	68	58
437	282	67	58
437	281	69	56
436	285	68	50
424	287	69	51
421	290	67	48
429	306	73	48
432	308	72	48
432	311	69	51
428	305	69	52
427	298	71	50
426	296	71	52
424	299	72	52
424	298	72	52
422	295	73	53
422	298	70	52
424	296	67	53
420	293	67	54
419	286	62	62
419	282	59	66
409	278	59	69
396	266	52	76
372	257	60	80
342	257	59	75
315	264	63	66
321	275	65	54
332	279	63	54
341	279	62	56
346	290	62	46
346	290	60	48
344	289	65	48
348	286	64	49
354	289	61	46
352	292	61	48
352	295	63	49
357	295	58	50
356	279	60	60
337	267	71	66
339	259	74	72
365	253	65	74
364	254	67	65
355	257	61	53
339	257	64	48
330	265	61	53
334	274	61	55
330	285	62	54
328	292	64	56
328	296	61	58
325	296	63	59
323	302	64	57
328	317	68	50
332	324	64	50
328	333	65	50
332	335	70	49
340	331	65	48
336	324	66	50
329	326	65	50
332	330	64	51
336	333	63	50
341	331	62	53
345	334	62	51
349	336	64	49
351	337	65	49
349	341	65	49
353	338	66	54
356	342	65	49
356	346	62	47
352	349	62	48
349	353	59	47
346	354	63	47
343	353	63	49
338	351	62	52
333	351	65	53
331	353	62	53
324	358	64	54
321	361	63	60
324	360	61	61
325	359	60	59
335	348	61	58
336	342	64	56
336	345	62	54
340	343	61	50
338	344	58	47
337	341	57	44
334	340	58	46
328	345	58	46
315	355	61	45
326	358	59	49
334	350	59	49
336	335	60	54
349	332	52	58
367	337	44	59
374	350	44	65
386	365	40	66
399	403	45	57
407	403	49	51
396	402	52	46
391	404	50	49
389	408	50	48
383	405	51	47
374	407	51	48
375	410	52	48
373	413	53	47
368	410	55	49
364	398	52	49
367	395	52	46
369	391	53	49
364	396	53	45
362	396	53	49
363	389	48	50
367	393	51	48
368	396	51	46
366	369	50	48
370	341	51	48
361	323	53	46
360	324	52	47
362	329	57	43
377	334	60	48
420	343	55	49
435	349	58	48
418	346	60	51
402	344	64	49
394	343	62	47
390	342	62	46
383	334	62	47
381	328	60	48
376	330	60	48
368	331	58	48
369	323	59	50
365	317	61	52
365	308	55	53
366	293	46	62
368	289	37	60
369	296	35	54
375	308	29	52
369	316	29	47
367	311	27	52
365	306	26	51
331	265	36	51
316	266	44	52
351	303	32	54
352	315	26	46
350	323	25	41
347	320	25	42
345	319	25	43
344	313	26	50
346	314	27	51
341	320	33	50
339	319	38	59
346	330	39	61
366	341	34	61
380	349	31	62
396	352	29	65
410	359	29	64
422	364	28	61
372	334	33	55
370	340	40	48
367	344	42	46
364	348	46	46
355	352	46	47
348	353	46	52
342	356	37	53
345	355	26	53
345	355	28	51
345	356	26	47
404	392	27	53
347	359	27	49
345	371	26	44
410	357	25	49
404	346	24	49
401	345	24	51
338	346	30	45
354	327	31	36
352	314	37	33
350	310	39	33
346	310	43	38
343	310	41	38
338	306	41	38
335	298	45	36
333	296	48	38
340	308	48	34
341	309	48	37
320	309	48	42
306	311	45	43
308	308	40	47
311	308	41	49
316	319	42	43
322	358	38	52
299	359	46	54
294	358	46	55
274	359	53	56
262	362	53	52
259	353	50	58
265	352	50	54
275	354	50	55
283	362	50	54
294	367	50	54
303	368	53	51
306	369	52	54
303	366	52	63
298	361	51	68
297	353	49	75
282	362	54	82
302	405	61	70
302	406	56	65
313	407	53	60
341	397	50	61
360	389	47	65
358	397	48	63
358	400	45	59
360	385	48	56
360	380	48	53
366	377	50	59
373	380	47	56
374	377	49	56
378	369	45	55
378	364	49	56
376	353	48	60
385	340	48	61
389	333	47	56
386	333	47	54
384	326	43	50
