1.00
1.11
1.13
0.95
1.03
1.02
0.87
0.94
0.70
0.81
0.65
0.62
0.71
0.69
0.53
0.73
0.67
0.56
0.60
0.67
0.68
0.78
0.97
0.99
0.91
0.89
0.96
0.87
0.97
0.92
0.97
0.96
0.92
0.80
0.76
0.85
0.72
0.80
0.88
0.94
1.07
0.95
0.86
0.97
0.99
0.96
0.98
0.97
0.92
0.87
0.72
0.88
0.96
0.84
0.89
0.84
0.74
0.96
0.99
0.97
0.93
0.84
0.84
0.86
0.94
0.97
0.99
0.98
0.84
0.76
0.77
0.70
0.69
0.88
0.93
0.79
0.91
0.98
0.85
0.88
0.89
0.96
0.92
0.95
1.01
1.06
1.02
0.96
0.85
0.82
0.99
0.98
0.89
0.75
0.84
0.83
0.71
0.85
0.80
0.75
0.74
0.77
0.83
0.77
0.75
0.66
0.82
0.86
0.85
0.82
0.79
0.83
0.85
0.81
0.73
0.81
0.83
0.84
0.84
0.85
0.84
0.93
0.90
0.89
0.74
0.77
0.80
0.75
0.77
0.66
0.73
0.80
0.72
0.83
0.87
0.74
0.86
0.84
0.85
0.82
0.84
0.96
0.91
0.97
0.95
0.88
0.89
0.81
0.92
0.83
0.75
0.69
0.70
0.76
0.78
0.72
0.85
0.79
0.73
0.72
0.74
0.74
0.90
0.96
0.76
0.84
0.67
0.81
0.85
0.88
0.84
0.92
0.96
0.75
0.95
0.95
0.94
0.95
0.94
0.96
0.97
0.98
0.92
0.97
0.93
0.96
0.85
0.86
0.96
0.98
0.86
0.83
0.82
0.81
0.89
0.88
0.85
0.74
0.93
0.85
0.85
1.03
1.03
0.93
1.01
0.90
1.05
1.02
0.89
0.96
0.95
0.88
0.90
0.75
0.76
0.76
0.87
0.78
0.80
0.74
0.80
0.88
0.94
0.96
0.82
0.93
0.91
0.99
1.05
1.05
1.04
0.99
0.92
0.98
0.86
0.83
0.90
0.88
0.94
0.91
0.89
0.85
0.86
0.99
0.98
1.00
0.93
0.91
0.86
0.79
0.81
0.74
0.78
0.78
0.80
0.89
0.78
0.87
0.89
