1.00
1.15
1.09
1.03
0.96
0.87
0.85
0.78
0.80
0.77
0.83
0.81
0.80
0.81
0.79
0.75
0.76
0.72
0.65
0.59
0.55
0.67
0.67
0.67
0.68
0.73
0.76
0.76
0.80
0.84
0.86
0.85
0.83
0.84
0.85
0.84
0.86
0.91
0.93
0.93
0.95
0.98
1.06
1.06
1.09
1.10
1.08
1.06
1.06
1.00
1.03
1.03
1.05
1.07
1.07
1.07
1.07
1.08
1.05
1.03
1.03
1.07
1.10
1.07
1.08
1.06
1.04
0.99
0.95
0.97
0.88
0.92
0.87
0.82
0.70
0.68
0.66
0.80
0.84
0.83
0.79
0.90
0.97
0.93
0.83
0.79
0.84
0.79
0.92
0.76
0.83
0.83
0.88
0.83
0.79
0.87
0.89
0.91
0.91
0.86
0.85
0.92
0.86
0.87
0.93
0.92
0.94
0.94
0.92
0.90
0.99
0.97
1.00
0.96
0.81
0.75
0.91
0.82
0.77
0.88
0.95
0.93
0.93
0.87
0.83
0.82
0.84
0.86
0.82
0.84
0.83
0.75
0.86
0.82
0.79
0.73
0.65
0.70
0.73
0.68
0.71
0.71
0.76
0.77
0.70
0.75
0.75
0.79
0.82
0.75
0.84
0.78
0.75
0.78
0.89
0.93
0.91
0.91
0.88
0.94
0.94
0.95
0.99
1.01
1.00
1.01
1.01
1.04
0.88
1.01
0.99
0.90
0.91
1.02
1.07
1.03
0.96
1.00
1.00
1.03
0.95
1.06
1.03
0.92
0.90
0.99
0.89
1.00
0.97
0.98
1.04
1.04
1.04
1.01
1.00
