2.303068
0.051217
0.050627
0.050355
0.050733
0.051508
0.053232
0.052348
0.051758
0.051959
0.051868
0.052161
0.052003
0.052019
0.052433
0.051892
0.051815
0.051913
0.051874
0.052266
0.098014
0.050734
0.050402
0.050415
0.049881
0.049886
0.049691
0.050250
0.049916
0.050312
0.049778
0.053670
0.051475
0.052155
0.051430
0.051685
0.051708
0.051232
0.051311
0.051619
0.097078
0.052211
0.051507
0.052167
0.051545
0.052055
0.051970
0.051615
0.051999
0.050976
0.050398
0.050475
0.052105
0.050647
0.050385
0.050775
0.050207
0.051210
0.052539
0.051677
0.097860
0.051545
0.051357
0.052282
0.051787
0.049565
0.049576
0.049718
0.049954
0.049844
0.050422
0.050723
0.050586
0.049638
0.050617
0.050275
0.050470
0.050393
0.050753
0.049933
0.095692
0.049910
0.050949
0.054578
0.049962
0.050592
0.050425
0.050407
0.050472
0.051110
0.050356
0.050495
0.050445
0.051337
0.050792
0.051003
0.050082
0.049954
0.050256
0.050408
0.095255
0.050579
0.050213
0.050580
0.050175
0.050382
0.051123
0.051008
0.052570
0.051127
0.050970
0.050999
0.051058
0.050985
0.050805
0.050162
0.050997
0.050090
0.051412
0.051384
0.096541
0.050867
0.051504
0.050775
0.050215
0.050393
0.050210
0.050346
0.050252
0.050416
0.050357
0.050186
0.050229
0.050194
0.050649
0.050740
0.050799
0.050602
0.050690
0.051009
0.097502
0.051272
0.050738
0.051191
0.052065
0.050854
0.051033
0.051048
0.050793
0.051068
0.050712
0.052367
0.051332
0.050514
0.051035
0.051795
0.050869
0.050693
0.050774
0.051362
0.095996
0.050518
0.051136
0.050771
0.050730
0.050547
0.050731
0.050953
0.051353
0.050778
0.050743
0.050934
0.050781
0.050421
0.050742
0.050713
0.050626
0.051583
0.050629
0.050572
0.096017
0.050533
0.050637
0.052554
0.050481
0.050729
0.050589
0.050404
0.050573
0.050691
0.050632
0.050436
0.050316
0.050293
0.050560
0.050512
0.050544
0.050558
0.050673
0.050075
0.095868
0.050421
0.050621
0.050242
0.050655
0.050413
0.051011
0.051346
0.051539
0.050856
0.050485
0.050887
0.050915
0.051058
0.050708
0.050552
0.051970
0.051515
0.051520
0.050308
0.097599
0.052424
0.052273
0.052456
0.052700
0.052671
0.051410
0.052464
0.052418
0.052602
0.052726
0.052499
0.051904
0.052284
0.052225
0.052389
0.052494
0.052166
0.052019
0.052262
0.098053
0.052303
0.052079
0.052322
0.052719
0.050620
0.050134
0.050508
0.051122
0.050210
0.050099
0.050366
0.050643
0.050035
0.050083
0.050196
0.050065
0.050457
0.051002
0.050229
0.096501
0.050349
0.050490
0.050642
0.050414
0.050579
0.050460
0.051495
0.051657
0.050896
0.050666
0.050824
0.051186
0.050708
0.050837
0.051080
0.051550
0.051248
0.050605
0.051101
0.096800
0.050813
0.051042
0.051614
0.050679
0.050729
0.050999
0.050689
0.050804
0.051061
0.051191
0.050975
0.050994
0.051025
0.051286
0.050927
0.052080
0.050941
0.050709
0.050921
0.095925
0.051407
0.051123
0.051815
0.051029
0.050737
0.050848
0.050938
0.050880
0.050951
0.050624
0.051006
0.050533
0.050909
0.051053
0.050997
0.050747
0.050946
0.050645
0.051171
0.096328
0.050899
0.051015
0.050771
0.051238
0.051197
0.051250
0.050809
0.051760
0.051614
0.051853
0.053129
0.052561
0.050823
0.052665
0.052844
0.052473
0.052570
0.052478
0.051960
0.098844
0.052509
0.052352
0.052465
0.053329
0.050377
0.050246
0.051115
0.050015
0.050221
0.050295
0.050434
0.050339
0.050425
0.050402
0.050265
0.050231
0.050414
0.050578
0.050900
0.095999
0.050372
0.051494
0.050352
0.050370
0.050249
0.050415
0.050282
0.050246
0.050357
0.050154
0.050805
0.050392
0.050774
0.050537
0.050359
0.050712
0.050628
0.050510
0.050220
0.096353
0.050705
0.050723
0.051340
0.051349
0.050911
0.050518
0.050674
0.053828
0.051076
0.050716
0.050624
0.050156
0.049909
0.050209
0.052324
0.052436
0.052415
0.052657
0.053399
0.098073
0.052511
0.052746
0.050339
0.050305
0.050597
0.050676
0.050468
0.050149
0.050140
0.050317
0.050097
0.050256
0.050185
0.050635
0.050169
0.050267
0.050340
0.050437
0.050936
0.096327
0.050936
0.051172
0.051000
0.051108
0.050817
0.050785
0.050715
0.050915
0.050581
0.050236
0.050452
0.050314
0.051158
0.052920
0.051939
0.054434
0.051774
0.052048
0.052204
0.100081
0.054511
0.052432
0.054039
0.054320
0.053163
0.051898
0.054762
0.052103
0.052531
0.052158
0.052160
0.051951
0.051563
0.051972
0.052206
0.052007
0.051680
0.052551
0.051847
0.097837
0.051948
0.052000
0.051659
0.051449
0.051567
0.054581
0.052344
0.052316
0.050252
0.050017
0.052541
0.052853
0.050105
0.049973
0.049928
0.050005
0.050143
0.052546
0.050936
0.094973
0.050115
0.050059
0.049948
0.049961
0.049937
0.053052
0.050123
0.049935
0.052583
0.050424
0.050050
0.050294
0.050986
0.049835
0.052398
0.052509
0.052325
0.052146
0.052328
0.095696
0.052352
0.050077
0.050542
0.052511
0.052733
0.052982
0.052336
0.052425
0.053920
0.050461
0.050184
0.050100
0.052402
0.052493
0.050432
0.050329
0.050516
0.050439
0.050265
0.098810
0.050873
0.050505
0.051671
0.050717
0.050774
0.050310
0.050573
0.050749
0.052795
0.052730
0.052780
0.050432
0.050359
0.050812
0.050601
0.051584
0.051157
0.051193
0.055516
0.095860
0.050890
0.051336
0.050687
0.051036
0.051181
0.050922
0.050774
0.051403
0.050775
0.050960
0.050768
0.052942
0.050829
0.051055
0.050768
0.050910
0.050638
0.050980
0.051029
0.097122
0.050705
0.050881
0.050766
0.050736
0.050890
0.050938
0.050911
0.050550
0.051028
0.051034
0.050762
0.050899
0.050810
0.051335
0.051072
0.051106
0.050626
0.050974
0.050573
0.096700
0.050986
0.050940
0.051187
0.051364
0.051043
0.050853
0.051479
0.051377
0.050767
0.050703
0.050848
0.050842
0.050943
0.050839
0.050910
0.050819
0.051259
0.052364
0.051070
0.097118
0.050932
0.050662
0.050659
0.055265
0.050381
0.055789
0.055613
0.056921
0.055989
0.055794
0.055780
0.055631
0.055724
0.056204
0.057447
0.055570
0.054830
0.054659
0.055212
0.102637
0.054794
0.053627
0.057514
0.055130
0.056476
0.057947
0.057151
0.056958
0.056040
0.056935
0.056312
0.056487
0.056389
0.056546
0.054852
0.054939
0.056438
0.056408
0.054925
0.100828
0.057328
0.055054
0.058021
0.057765
0.056612
0.056412
0.055990
0.057629
0.055303
0.057296
0.055315
0.057843
0.056490
0.057263
0.056037
0.056692
0.057869
0.055372
0.056252
0.102679
0.057081
0.056401
0.057491
0.056741
0.056230
0.057521
0.055324
0.058066
0.055301
0.057494
0.057514
0.054446
0.053981
0.054413
0.057398
0.055754
0.057517
0.055505
0.058162
0.101307
0.054535
0.056499
0.056044
0.056652
0.057012
0.057019
0.057651
0.055140
0.057260
0.056929
0.055851
0.056306
0.055208
0.055297
0.056064
0.054596
0.056974
0.057437
0.056207
0.101434
0.056717
0.056490
0.055598
0.055508
0.056689
0.057226
0.056956
0.056309
0.056036
0.056221
0.056161
0.056325
0.055569
0.055630
0.057524
0.058867
0.054973
0.057261
0.053797
