2.331076
0.050810
0.050629
0.055750
0.055222
0.055166
0.056375
0.056765
0.052115
0.055918
0.050949
0.051317
0.050901
0.054365
0.056116
0.056811
0.050943
0.055027
0.051863
0.055457
0.097389
0.050958
0.050807
0.051704
0.052341
0.053305
0.052931
0.054934
0.055128
0.054811
0.052310
0.054802
0.055865
0.055403
0.055433
0.055385
0.055269
0.054031
0.055669
0.052245
0.098768
0.052577
0.053982
0.052515
0.056267
0.053615
0.054522
0.054890
0.052185
0.053613
0.056758
0.054991
0.053171
0.052224
0.052337
0.055223
0.055512
0.056498
0.056804
0.057270
0.101506
0.054797
0.054610
0.055456
0.055766
0.055398
0.053924
0.054151
0.054697
0.052752
0.056025
0.054592
0.054426
0.054754
0.054303
0.056853
0.053700
0.054831
0.054488
0.053261
0.097669
0.052099
0.051781
0.055665
0.054425
0.054088
0.054045
0.056001
0.052682
0.052492
0.051519
0.051785
0.051849
0.056067
0.052680
0.053873
0.054181
0.054738
0.054381
0.054291
0.096963
0.051620
0.050966
0.050981
0.053761
0.054217
0.053508
0.053926
0.053724
0.054108
0.051849
0.054694
0.055984
0.054255
0.053296
0.054272
0.056953
0.055695
0.054269
0.052568
0.099269
0.053716
0.054513
0.056296
0.054134
0.053189
0.053720
0.054864
0.054589
0.054538
0.054705
0.056765
0.054633
0.053941
0.053077
0.054600
0.054347
0.054495
0.057400
0.051684
0.097078
0.051605
0.051516
0.051478
0.051548
0.052755
0.053430
0.052838
0.054853
0.055382
0.052429
0.056096
0.053807
0.054472
0.052771
0.053102
0.052587
0.053516
0.054559
0.056093
0.100296
0.054230
0.055842
0.054367
0.052810
0.054762
0.055283
0.055168
0.055033
0.055221
0.055527
0.055244
0.053797
0.054669
0.052441
0.054042
0.059265
0.053697
0.056830
0.056816
0.100326
0.053534
0.054164
0.055983
0.053330
0.054813
0.053026
0.055023
0.055360
0.055587
0.055766
0.054698
0.055125
0.054753
0.052575
0.055084
0.055057
0.055128
0.051690
0.059335
0.104464
0.055262
0.059945
0.058519
0.058128
0.057668
0.057690
0.058703
0.056786
0.055586
0.057276
0.058135
0.057654
0.057826
0.058945
0.055624
0.058585
0.059910
0.058276
0.053889
0.099952
0.054245
0.052399
0.055421
0.053825
0.054202
0.052879
0.053872
0.053672
0.053042
0.054728
0.051704
0.056122
0.052503
0.059093
0.054405
0.054279
0.054307
0.051645
0.053595
0.098330
0.054150
0.054330
0.054472
0.051823
0.053716
0.053926
0.053888
0.053730
0.051685
0.051969
0.051831
0.054170
0.053458
0.051866
0.055058
0.053911
0.051637
0.051929
0.051881
0.097564
0.055720
0.054406
0.054321
0.054166
0.054634
0.055582
0.052292
0.053435
0.055712
0.054581
0.054601
0.054615
0.054430
0.054521
0.054111
0.051864
0.051428
0.051906
0.056153
0.098002
0.055364
0.054972
0.054833
0.053549
0.058234
0.055281
0.055809
0.056248
0.057255
0.056352
0.056710
0.056711
0.056509
0.053401
0.055087
0.054466
0.055529
0.055328
0.055445
0.097694
0.051726
0.054720
0.054040
0.054724
0.054895
0.054768
0.055180
0.055350
0.053574
0.054401
0.054997
0.053215
0.053144
0.056036
0.055630
0.055749
0.055969
0.055830
0.056103
0.102691
0.057275
0.055130
0.055184
0.054132
0.053545
0.056251
0.056586
0.054820
0.056730
0.054483
0.054754
0.053390
0.054544
0.055801
0.054029
0.056524
0.054198
0.052394
0.052192
0.099111
0.055813
0.055834
0.054203
0.055670
0.054996
0.055510
0.056138
0.056202
0.055514
0.056042
0.055623
0.055166
0.055397
0.057079
0.055623
0.056066
0.055995
0.055603
0.056417
0.100163
0.055485
0.055942
0.054567
0.054835
0.055259
0.057161
0.056563
0.055132
0.054577
0.057004
0.054663
0.054742
0.057169
0.052757
0.054396
0.056395
0.052217
0.055650
0.053981
0.096932
0.054089
0.054322
0.056747
0.056030
0.056264
0.056357
0.053780
0.052848
0.057422
0.053655
0.057517
0.057319
0.058121
0.055993
0.058468
0.054995
0.056943
0.057358
0.058421
0.104470
0.058439
0.058231
0.057887
0.058585
0.058974
0.058171
0.055091
0.055084
0.059777
0.058563
0.058756
0.055750
0.059342
0.052880
0.055491
0.057566
0.058848
0.059448
0.057212
0.099109
0.058260
0.058355
0.058955
0.054652
0.054534
0.054589
0.059221
0.054867
0.053556
0.055193
0.054724
0.056366
0.055199
0.055306
0.053914
0.055782
0.056389
0.053934
0.052731
0.099245
0.054811
0.056361
0.053022
0.055165
0.056818
0.052414
0.054863
0.055610
0.055290
0.056685
0.055202
0.055651
0.056567
0.053730
0.055012
0.054681
0.058789
0.058012
0.057271
0.102515
0.056040
0.057289
0.057787
0.059129
0.055184
0.057965
0.057142
0.059685
0.056601
0.057439
0.058139
0.057372
0.056449
0.057528
0.056454
0.056442
0.057598
0.057146
0.057517
0.104885
0.057482
0.057040
0.056856
0.053928
0.057307
0.056721
0.055657
0.058733
0.055520
0.057872
0.056074
0.056796
0.057125
0.059500
0.057641
0.058523
0.056717
0.056652
0.056628
0.102046
0.055878
0.055491
0.055713
0.056932
0.056172
0.058486
0.058659
0.056532
0.056675
0.058411
0.054058
0.054336
0.059841
0.056525
0.056834
0.055368
0.054485
0.054202
0.054252
0.100051
0.051908
0.051687
0.052319
0.051796
0.052096
0.053999
0.053866
0.054316
0.056181
0.053108
0.053696
0.052096
0.052001
0.052002
0.052710
0.052140
0.054052
0.051831
0.055475
0.100389
0.054366
0.053436
0.052022
0.052014
0.054082
0.054692
0.052391
0.050994
0.051249
0.051205
0.051285
0.051181
0.051090
0.051573
0.051067
0.051080
0.051194
0.051568
0.050983
0.096661
0.051200
0.051114
0.051011
0.051291
0.051607
0.051106
0.051143
0.051068
0.051310
0.051349
0.051328
0.051356
0.052878
0.053409
0.076690
