349	269	200	117
345	269	209	113
354	265	192	119
360	267	186	119
353	264	199	118
357	265	191	121
355	255	197	128
356	261	195	129
357	251	200	128
357	260	198	129
361	248	196	128
364	259	190	130
359	253	201	135
363	246	195	136
369	244	188	140
366	241	198	132
365	239	195	140
365	233	204	142
365	230	198	154
367	230	192	152
367	220	205	149
371	223	199	156
373	222	199	150
375	216	200	161
370	216	196	164
377	211	194	164
377	206	194	169
374	204	200	169
381	196	198	171
380	195	194	175
379	189	206	176
382	198	188	170
389	191	181	169
382	193	196	173
384	190	195	173
389	191	184	177
391	189	191	175
395	186	196	172
390	182	199	176
394	182	204	178
395	179	198	176
401	177	183	179
397	178	197	175
399	180	198	174
400	179	198	178
403	175	196	182
409	170	187	183
408	174	195	182
408	170	203	188
404	175	208	180
409	173	208	185
404	170	215	190
409	167	217	189
410	174	210	183
407	176	215	177
414	176	208	178
408	180	219	176
409	182	211	174
414	181	210	173
410	188	210	167
412	185	209	169
412	188	212	165
416	187	207	166
435	183	192	167
420	186	213	156
421	174	211	169
428	171	205	169
425	166	209	168
429	169	201	161
431	183	203	150
428	187	204	150
430	185	200	149
428	183	204	159
437	191	197	146
433	203	202	136
438	198	190	148
440	192	190	153
441	182	193	164
442	175	196	165
443	155	193	185
440	163	195	184
445	176	187	160
435	174	203	166
439	161	194	181
446	167	186	166
441	175	195	158
459	172	178	159
455	184	179	133
459	181	176	161
452	176	185	163
471	180	166	148
467	182	167	160
446	182	195	144
442	171	194	148
455	155	186	168
463	136	175	183
455	138	178	180
457	138	174	185
451	135	183	186
446	142	185	176
459	137	177	190
465	128	166	214
455	145	179	189
469	133	161	220
470	151	167	195
466	162	170	183
466	171	171	173
460	176	177	159
471	172	167	172
472	181	166	169
477	185	160	165
461	187	175	150
454	185	185	169
467	172	163	147
452	171	187	172
470	170	163	156
463	161	174	187
476	161	156	174
472	163	162	177
470	166	166	171
470	168	166	170
474	163	162	185
472	168	162	173
457	165	180	185
457	158	179	193
437	137	199	215
436	148	203	198
439	139	197	210
443	153	192	193
444	139	187	210
451	141	180	197
467	132	164	213
471	140	163	206
481	147	152	194
482	158	154	194
482	166	154	172
482	175	152	165
484	183	151	155
487	180	149	172
483	177	154	174
482	178	156	172
481	176	155	172
480	178	157	173
482	181	154	161
481	180	157	156
479	180	157	170
485	182	152	169
482	182	155	168
484	184	153	161
478	174	157	179
479	177	157	173
477	174	159	175
481	183	155	161
471	172	165	174
469	175	169	168
472	182	163	149
464	187	174	150
463	188	175	157
468	187	168	144
467	180	171	150
466	180	172	138
471	191	169	126
477	191	163	152
479	183	157	159
482	192	156	142
481	190	157	138
487	197	149	151
488	200	148	149
481	189	158	158
475	189	162	158
478	188	161	158
483	196	153	150
484	199	152	146
485	198	150	144
487	207	150	130
485	196	153	150
485	193	152	154
481	197	157	142
481	202	155	129
481	197	156	126
479	188	156	126
478	187	160	136
480	187	155	124
477	190	161	127
476	185	162	131
481	188	156	124
481	192	157	120
475	190	160	131
480	189	154	120
480	190	153	125
475	183	158	139
480	184	152	131
481	189	151	130
473	186	153	122
471	188	156	123
468	188	157	120
465	186	160	126
465	185	158	125
462	184	159	127
454	181	165	142
457	189	156	117
446	182	164	134
444	183	161	121
438	183	168	130
434	183	169	121
432	184	168	130
429	183	165	129
433	183	155	122
429	187	162	126
427	187	161	119
425	187	162	127
416	182	168	135
411	176	163	149
399	170	181	143
408	175	167	136
401	173	168	152
388	166	175	157
394	170	164	157
394	171	164	137
388	170	169	153
384	165	163	157
382	168	166	158
374	166	171	160
364	163	180	173
371	166	164	156
351	165	184	175
354	168	170	170
362	170	168	159
349	164	171	173
358	169	165	166
359	168	155	161
355	171	154	149
353	169	160	164
347	167	160	168
343	164	166	174
340	167	163	166
330	170	164	165
328	171	164	159
324	170	157	153
321	175	151	162
307	168	159	170
313	173	148	156
306	167	149	154
302	169	148	175
292	167	157	173
294	171	145	147
284	173	158	147
275	171	150	130
269	175	149	133
269	173	142	132
264	174	149	133
255	171	152	142
255	169	148	141
253	174	147	136
253	175	142	129
242	171	147	137
240	175	152	134
223	172	172	151
214	170	166	143
205	166	173	162
208	166	161	154
202	172	167	146
195	170	175	146
190	170	178	147
200	171	168	131
187	167	165	159
173	163	173	164
163	164	175	172
148	164	182	171
149	164	185	169
150	171	176	160
142	162	179	169
148	167	175	165
145	167	167	164
142	164	166	169
140	159	164	177
136	158	167	175
134	167	164	158
128	166	164	162
126	167	161	156
119	164	166	161
121	172	157	147
116	171	160	155
114	175	162	144
113	177	157	139
116	178	154	140
101	172	172	157
97	172	171	155
89	169	176	159
92	171	175	159
86	175	176	155
80	170	175	162
80	174	173	155
79	173	169	152
81	171	164	154
76	167	166	162
73	171	167	160
75	170	164	158
72	166	162	164
74	175	156	150
73	173	163	149
67	168	169	159
73	171	159	155
69	166	165	163
70	161	168	167
71	172	168	153
74	175	155	149
72	169	164	156
71	169	154	156
75	171	158	150
74	172	148	159
74	178	158	143
71	176	164	148
70	172	168	153
73	171	158	157
76	175	158	148
69	174	171	150
71	171	167	155
76	171	166	150
74	167	169	155
81	171	157	146
86	168	164	153
90	164	165	160
96	150	170	164
102	135	163	180
106	131	165	191
106	134	157	190
105	128	166	193
96	134	172	190
78	136	194	195
102	128	162	193
108	131	158	189
107	132	165	178
114	123	143	189
111	129	163	181
115	127	152	187
118	129	148	184
119	138	143	173
108	163	168	153
112	158	160	159
117	168	148	140
115	164	161	156
110	166	161	152
133	156	139	165
135	158	132	163
138	127	123	189
140	128	117	187
142	134	116	178
143	131	111	180
147	137	107	170
152	146	113	162
152	123	114	179
156	133	107	169
157	150	103	157
170	123	105	175
169	130	106	172
173	136	97	166
173	148	98	154
169	117	98	174
169	117	102	182
169	115	112	190
169	119	111	185
172	120	109	187
175	129	104	184
182	142	106	167
183	146	122	159
184	139	123	164
185	135	129	168
194	115	127	187
200	117	121	182
201	115	125	185
203	113	122	188
204	118	120	180
202	119	123	179
201	137	130	161
199	118	134	181
203	114	127	186
206	120	122	179
199	125	133	172
204	129	126	171
207	116	128	186
204	118	133	186
208	116	128	188
199	117	140	185
203	117	134	188
200	122	133	177
193	128	146	168
187	125	149	170
184	124	147	166
184	135	138	152
182	141	143	142
177	153	145	131
181	164	123	121
179	171	134	112
181	169	128	113
181	176	129	107
183	176	124	106
183	174	128	111
181	177	125	107
182	182	127	100
183	180	128	102
183	179	132	104
185	177	137	108
185	174	144	114
191	173	148	116
191	171	151	119
214	169	138	121
223	171	142	123
232	169	139	122
231	170	147	127
239	169	140	126
234	174	145	113
228	172	155	118
222	167	168	136
232	171	164	131
236	168	170	138
224	162	188	142
232	164	188	142
234	165	191	139
233	163	200	147
244	160	192	155
241	161	198	150
246	164	195	148
250	165	192	149
281	157	168	147
282	158	173	146
296	160	159	142
296	161	161	137
322	162	140	132
330	165	133	116
335	163	128	119
335	162	132	122
335	161	134	114
336	160	135	116
338	161	133	121
340	161	132	110
334	161	137	113
339	164	132	114
333	164	135	114
342	169	125	106
337	168	131	108
342	168	122	109
336	171	131	105
336	172	132	102
333	168	134	117
336	161	135	113
347	159	122	118
341	159	133	118
337	155	138	118
337	156	139	117
339	155	136	121
338	156	138	115
335	155	140	122
338	154	138	121
342	157	131	118
337	155	138	118
339	156	136	120
341	154	132	116
334	153	146	122
340	154	136	118
346	151	131	121
345	152	131	123
351	151	122	121
352	150	121	122
348	151	129	119
354	153	121	119
352	151	125	120
349	149	129	121
353	152	126	117
352	153	125	119
358	153	115	119
357	153	120	119
350	153	126	120
345	152	131	116
348	154	128	116
349	153	131	118
351	154	128	117
356	155	121	115
343	153	137	122
347	153	130	119
344	149	136	124
347	153	128	118
347	154	130	115
349	155	128	115
350	154	127	117
352	155	123	116
348	156	129	114
348	154	129	115
354	150	119	119
350	152	123	120
349	149	125	120
348	150	127	120
350	152	126	120
351	152	124	119
350	152	124	115
353	157	122	114
353	157	123	115
354	157	118	115
351	156	123	114
350	152	125	119
354	152	121	115
353	153	124	118
346	148	133	125
355	155	120	117
355	156	121	115
356	156	120	115
354	153	120	119
356	160	122	109
352	159	125	110
352	149	127	123
352	149	124	121
352	148	123	123
354	151	122	118
354	153	120	119
353	152	125	118
353	148	125	122
354	147	126	122
354	148	122	127
354	147	123	124
359	149	118	121
354	147	125	125
357	148	127	124
358	148	124	125
359	147	127	131
366	147	121	122
368	146	127	132
376	147	121	124
377	145	135	125
387	147	119	119
391	150	117	119
390	150	118	119
387	146	129	123
396	147	121	123
397	147	122	126
397	149	127	123
400	149	124	122
401	149	125	123
402	148	124	123
399	147	126	124
397	146	133	134
402	148	123	125
406	149	123	125
404	149	126	122
407	151	124	123
401	148	129	123
402	148	128	120
407	151	120	122
396	146	134	123
400	146	128	126
403	146	121	124
398	146	131	133
403	148	121	122
398	147	129	123
402	148	121	122
399	146	127	125
401	147	122	121
398	146	126	126
399	149	125	124
395	146	133	125
399	147	124	128
397	149	130	123
398	148	128	121
398	147	132	128
398	149	129	125
399	149	132	126
399	150	129	123
400	152	129	119
397	150	129	120
391	146	140	135
396	148	132	132
396	153	131	124
393	152	134	124
398	152	129	125
396	150	135	128
397	150	135	128
401	151	131	126
397	150	134	126
400	151	131	123
402	151	129	129
398	150	132	128
397	150	130	127
399	151	128	131
397	151	131	127
399	152	126	124
402	152	121	131
405	153	117	130
402	154	118	130
401	151	121	134
405	154	117	140
403	152	116	136
408	155	110	133
407	152	110	137
400	152	118	139
400	157	114	135
396	156	117	136
398	158	115	135
393	158	119	131
394	155	115	140
398	157	110	135
389	157	120	133
389	154	120	137
390	155	118	137
385	156	124	132
384	156	127	136
391	156	123	135
387	157	128	133
393	157	130	125
395	156	137	123
395	156	134	130
394	157	137	134
394	155	135	136
390	156	138	133
394	158	136	133
385	157	149	135
387	161	152	128
386	159	155	137
391	159	146	132
391	159	147	135
393	161	143	137
387	159	155	144
392	160	148	140
388	162	153	138
386	158	156	148
387	161	155	157
385	163	161	141
387	162	152	138
382	162	164	149
378	163	171	162
389	167	155	146
390	167	156	146
386	168	165	139
395	168	152	139
391	167	159	148
389	164	158	154
390	167	159	155
390	170	164	157
387	169	165	163
385	170	168	162
390	175	162	151
394	173	157	152
389	173	165	156
394	176	162	156
399	182	159	142
390	178	167	147
398	182	156	150
388	172	164	160
389	177	161	156
387	178	168	159
387	181	170	151
384	180	171	157
381	180	174	157
384	183	171	153
384	187	177	147
387	187	176	147
377	180	179	158
380	183	179	156
384	186	177	151
379	185	180	155
382	186	180	153
382	186	176	155
374	183	187	157
372	183	192	159
370	185	193	161
373	186	186	159
378	185	179	159
372	184	183	163
372	186	182	161
379	185	172	161
370	184	186	163
368	183	194	166
376	184	178	162
369	182	194	167
366	185	198	160
364	182	199	170
370	187	185	159
374	187	185	158
371	184	191	164
362	182	204	169
371	188	194	162
371	187	186	161
360	183	204	166
371	187	199	158
374	187	189	165
376	186	183	165
375	185	183	169
377	189	184	164
376	188	190	162
375	187	193	165
376	184	188	168
369	189	187	167
370	192	197	165
366	192	207	163
363	192	215	157
363	192	206	174
359	191	205	157
360	196	203	166
350	194	218	159
346	193	224	163
355	195	218	160
358	195	213	165
345	194	228	164
343	193	231	158
335	189	237	174
355	192	219	158
349	192	228	161
352	192	218	166
350	192	222	165
346	190	225	181
352	193	218	152
346	191	216	154
343	193	223	161
333	198	229	154
347	205	218	149
346	237	219	139
351	246	208	131
339	249	213	148
343	253	197	167
311	259	200	188
276	297	215	158
282	298	198	150
