1.00
0.94
0.87
0.95
0.87
0.75
0.77
0.84
0.72
0.74
0.70
0.76
0.79
0.79
0.77
0.74
0.54
0.61
0.61
0.50
0.55
0.55
0.56
0.54
0.55
0.65
0.65
0.66
0.56
0.59
0.57
0.60
0.63
0.49
0.58
0.65
0.65
0.52
0.58
0.61
0.56
0.63
0.56
0.53
0.47
0.49
0.47
0.45
0.43
0.41
0.35
0.26
0.30
0.30
0.26
0.35
0.28
0.33
0.26
0.27
0.24
0.36
0.35
0.26
0.32
0.50
0.47
0.47
0.53
0.51
0.45
0.42
0.43
0.40
0.37
0.37
0.39
0.26
0.31
0.33
0.23
0.32
0.32
0.26
0.34
0.33
0.35
0.36
0.35
0.35
0.35
0.33
0.34
0.34
0.39
0.33
0.40
0.36
0.41
0.40
0.40
0.39
0.47
0.43
0.48
0.50
0.49
0.53
0.51
0.51
0.44
0.37
0.29
0.23
0.30
0.29
0.39
0.26
0.26
0.26
0.14
0.10
0.12
0.11
0.13
0.23
0.23
0.18
0.17
0.37
0.39
0.54
0.67
0.66
0.60
0.42
0.38
0.59
0.53
0.39
0.39
0.43
0.37
0.28
0.42
0.36
0.30
0.30
0.50
0.50
0.51
0.41
0.47
0.46
0.43
0.33
0.36
0.41
0.34
0.37
0.58
0.11
0.17
0.52
0.45
0.56
0.62
0.55
0.44
0.28
0.29
0.34
0.22
0.29
0.15
0.21
0.02
0.01
0.04
0.09
0.09
0.12
0.15
0.13
0.20
0.18
0.24
0.07
0.11
0.15
0.06
0.20
0.10
0.15
0.13
0.21
0.20
0.19
0.30
0.25
0.26
0.57
0.59
0.49
0.43
0.51
0.51
0.34
0.54
0.37
0.47
0.14
0.22
0.32
0.19
0.11
0.21
0.10
0.39
0.31
0.31
0.44
0.41
0.39
0.30
0.28
0.47
0.45
0.20
0.18
0.38
0.44
0.55
0.42
0.44
0.34
0.15
0.11
0.24
0.22
0.58
0.79
0.82
0.84
0.83
0.96
0.92
0.86
0.85
0.79
0.74
0.91
0.81
0.89
0.83
0.76
0.79
0.77
0.71
0.68
0.75
0.73
0.66
0.75
0.70
0.69
0.68
0.66
