1.00
1.00
0.87
0.78
0.93
0.97
0.90
0.89
0.85
0.84
0.72
0.83
0.73
0.74
0.69
0.83
0.84
0.66
0.74
0.76
0.71
0.71
0.65
0.64
0.61
0.53
0.47
0.41
0.41
0.36
0.30
0.32
0.35
0.30
0.22
0.26
0.27
0.28
0.28
0.28
0.25
0.32
0.29
0.28
0.27
0.25
0.17
0.18
0.19
0.18
0.17
0.17
0.22
0.17
0.32
0.18
0.16
0.16
0.20
0.27
0.23
0.41
0.30
0.40
0.47
0.41
0.33
0.34
0.34
0.30
0.37
0.19
0.28
0.39
0.32
0.41
0.36
0.31
0.28
0.15
0.12
0.07
0.07
0.07
0.17
0.16
0.11
0.19
0.45
0.46
0.48
0.52
0.55
0.48
0.33
0.32
0.41
0.40
0.33
0.35
0.30
0.36
0.28
0.25
0.21
0.34
0.43
0.40
0.33
0.30
0.29
0.31
0.35
0.30
0.31
0.29
0.55
0.34
0.26
0.30
0.24
0.15
0.33
0.31
0.39
0.32
0.33
0.28
0.25
0.22
0.27
0.28
0.45
0.34
0.32
0.43
0.39
0.42
0.39
0.38
0.33
0.37
0.44
0.45
0.45
0.35
0.33
0.33
0.30
0.18
0.23
0.25
0.23
0.13
0.16
0.24
0.21
0.38
0.44
0.32
0.41
0.21
0.44
0.36
0.32
0.36
0.29
0.31
0.28
0.25
0.31
0.42
0.15
0.25
0.11
0.21
0.12
0.14
0.10
0.14
0.10
0.13
0.25
0.20
0.12
0.07
0.05
0.05
0.16
