2.226223
0.050660
0.054401
0.054307
0.051296
0.056158
0.054107
0.053775
0.053812
0.053896
0.052397
0.054832
0.054415
0.053741
0.054870
0.053942
0.055296
0.055920
0.056066
0.054004
0.099785
0.055347
0.052940
0.053927
0.054390
0.053699
0.052164
0.054607
0.054675
0.053349
0.053722
0.053770
0.052678
0.054256
0.054482
0.053334
0.055804
0.053773
0.053392
0.053553
0.099098
0.053530
0.053213
0.053230
0.053377
0.053369
0.053266
0.053037
0.053212
0.053126
0.053487
0.053475
0.053070
0.077090
0.053243
0.078935
0.077441
0.078108
0.077744
0.076508
0.097846
0.054498
0.054989
0.054155
0.054949
0.053903
0.053825
0.055058
0.054153
0.054617
0.054520
0.052540
0.053418
0.053623
0.077440
0.052107
0.054499
0.053513
0.054451
0.054118
0.078109
0.080194
0.078553
0.053994
0.053979
0.054356
0.054242
0.054361
0.054079
0.054228
0.054327
0.053981
0.054294
0.053212
0.055357
0.077756
0.053952
0.054365
0.077821
0.054238
0.100376
0.054272
0.054439
0.053849
0.077809
0.055375
0.054929
0.053878
0.053422
0.054401
0.053965
0.054762
0.054273
0.054838
0.054247
0.054457
0.053568
0.053284
0.049434
0.053488
0.076630
0.077110
0.051430
0.051630
0.051479
0.050636
0.052671
0.053698
0.055268
0.054709
0.053674
0.078381
0.054888
0.054120
0.053843
0.053920
0.054032
0.054669
0.054119
0.054070
0.100782
0.054811
0.055192
0.053873
0.054806
0.055188
0.052326
0.054089
0.053247
0.076686
0.076905
0.051367
0.077985
0.053247
0.077218
0.053664
0.077158
0.053141
0.078130
0.078532
0.078026
0.053647
0.077582
0.076500
0.077049
0.053870
0.077202
0.053660
0.054405
0.077705
0.054399
0.053325
0.075397
0.052762
0.076948
0.055393
0.076839
0.078877
0.053596
0.055106
0.099946
0.051930
0.052321
0.053000
0.054999
0.052064
0.053338
0.077247
0.078231
