2.381511
0.052884
0.053009
0.052786
0.052716
0.052923
0.051457
0.051214
0.051197
0.051563
0.050924
0.051523
0.051198
0.051150
0.051368
0.050875
0.051047
0.051009
0.051440
0.051187
0.096549
0.051164
0.050842
0.051717
0.051127
0.051008
0.050983
0.051177
0.051059
0.051354
0.051442
0.052136
0.051475
0.051773
0.051524
0.051456
0.051478
0.051836
0.051366
0.051428
0.097435
0.051761
0.051438
0.051602
0.051503
0.051613
0.051644
0.051616
0.055732
0.051583
0.052365
0.051749
0.051708
0.051218
0.051781
0.051760
0.051630
0.052050
0.051858
0.051917
0.097456
0.051659
0.051999
0.052476
0.075233
0.055058
0.056353
0.052295
0.052524
0.052891
0.052442
0.052902
0.052663
0.074833
0.052479
0.050632
0.050803
0.050667
0.050654
0.050501
0.096576
0.051165
0.050528
0.050901
0.050809
0.050689
0.050579
0.050761
0.050527
0.050657
0.052885
0.052438
0.053165
0.052779
0.053226
0.052840
0.053126
0.053023
0.053103
0.052927
0.098860
0.053490
0.052778
0.052953
0.051623
0.051435
0.051636
0.051837
0.051578
0.051392
0.051637
0.051603
0.051651
0.051211
0.051450
0.051319
0.051174
0.051365
0.051332
0.051661
0.075341
0.051632
0.051846
0.051825
0.051813
0.051990
0.052165
0.051827
0.052137
0.052117
0.053315
0.052788
0.052668
0.052051
0.052440
0.052168
0.051848
0.051857
0.052340
0.051815
0.097643
0.051671
0.051810
0.051724
0.051966
0.051989
0.052203
0.052375
0.052115
0.052378
0.052755
0.053175
0.052440
0.052414
0.052526
0.052356
0.052098
0.051740
0.051221
0.051587
0.096388
0.050966
0.050859
0.049470
0.050775
0.050504
0.050478
0.050803
0.050623
0.049280
0.051404
0.050706
0.050519
0.050608
0.050814
0.050845
0.050680
0.050700
0.050563
0.050432
