1.00
1.04
1.07
1.08
1.07
1.10
1.10
1.06
1.08
1.09
1.06
1.07
1.02
1.06
1.00
1.01
1.01
0.99
1.01
1.00
0.98
1.02
1.02
1.01
0.98
1.00
1.00
0.99
1.00
0.91
0.96
0.97
0.96
0.96
0.99
0.87
0.78
0.75
0.66
0.61
0.58
0.69
0.67
0.69
0.71
0.65
0.65
0.67
0.70
0.65
0.67
0.66
0.63
0.63
0.60
0.57
0.59
0.58
0.49
0.63
0.56
0.68
0.71
0.58
0.56
0.59
0.62
0.69
0.64
0.62
0.60
0.66
0.63
0.68
0.63
0.60
0.60
0.66
0.74
0.69
0.73
0.39
0.15
0.23
0.22
0.29
0.39
0.61
0.54
0.48
0.46
0.46
0.49
0.69
0.78
0.75
0.68
0.68
0.72
0.72
0.59
0.74
0.78
0.79
0.78
0.63
0.61
0.65
0.64
0.68
0.57
0.47
0.52
0.52
0.46
0.50
0.60
0.51
0.44
0.39
0.36
0.48
0.43
0.56
0.51
0.48
0.48
0.38
0.35
0.29
0.38
0.42
0.51
0.44
0.49
0.40
0.39
0.46
0.44
0.31
0.43
0.67
0.66
0.67
0.60
0.67
0.67
0.61
0.63
0.79
0.71
0.69
0.63
0.65
0.60
0.68
0.67
0.60
0.65
0.64
0.51
0.65
0.66
0.74
0.77
0.72
0.57
0.61
0.64
0.57
0.54
0.54
0.55
0.56
0.60
0.51
0.49
0.46
0.50
0.43
0.47
0.60
0.54
0.56
0.61
0.45
0.45
0.41
0.41
0.41
0.39
0.47
0.46
0.44
0.55
0.47
0.43
0.46
